4.201408027293032
4.0273277137254855
4.340611099142709
4.149144734678777
3.260522344993584
2.471005295879013
2.342365553685124
3.539935042609849
4.596123480450836
5.062709429490442
4.963510845732304
4.892324375283507
4.996236731328145
5.159467200127431
4.923414035342049
4.571752132378994
4.860885389444893
4.753203644025147
4.501086963271386
5.0076603317403325
4.811949042028343
4.593120457100052
4.473882888043172
4.635287079119632
4.834146317373924
5.113918736072343
5.092291488149293
5.225740192907278
5.361766152116918
5.016741237862181
4.769201221396292
3.1511791325051646
1.164492099665697
1.2512589460023595
1.709263147945589
2.534261984987741
5.61716886035797
7.744800091515478
8.595807166649474
8.975648580462137
9.484229563818653
9.49237631738842
9.63208617414788
9.914627943588012
10.00026185921533
10.166354460229192
10.20008267118447
9.99452875662466
9.869049436376239
9.800433925699004
9.552067447664925
9.137114921215664
8.293316765717284
6.586322837860521
5.123655751120982
4.97112046518922
5.627552458052734
7.037447406474977
8.151282789565643
8.834575198200364
9.111180346570242
9.408834494096663
9.62728075807114
9.653069165624355
9.398136776593223
9.446424666968321
9.289011089831423
9.279054711453835
9.199805729343758
9.128183552149588
9.317706257109231
8.677156118790672
8.392577182119384
8.17935827953783
7.052210507338943
5.216739029460491
3.577164143715767
3.9488285408267783
4.784791471700099
5.955330468888231
4.535354309570746
4.64616232782104
4.965248645037615
5.149956061910587
4.053708486271204
3.6783789584827358
2.3005241207932694
1.8536045845552729
3.311717510187918
4.134288858589143
4.734213547825038
4.646574238201312
4.6890709528242684
4.209850280066188
4.203672257803507
4.536505535605746
4.19259798317139
3.867932947122905
4.3528365998098275
4.069244386288254
3.9635490164783818
3.1805629595505724
2.7522416771199345
1.65722718425121
0.8880534813814904
0.7538290126887394
0.9826107046272828
1.0643804083288553
1.4132592693143426
1.5674424061881467
1.431355925225138
0.3758345169824328
0.8143081201286039
0.9119039093729099
1.2783427350853462
1.3961837927794045
0.485082540586928
6.21162285646528
7.797036276017139
8.257608372578737
8.518243234625626
8.793357283643688
9.129268654891604
9.143227245551882
9.226511011758424
9.670789348609594
9.583863646219555
9.6795151297208
9.425503960610143
8.93304289371321
8.207324823754027
6.877958621842519
2.3016445707988655
0.0
0.0
0.0
0.0
0.0
0.5979058213737833
1.4729324180703185
3.3880585864633423
5.33949112324703
7.147392536457381
8.711250482824433
8.971430024909248
8.90104159700586
8.887847423145546
9.074879253845573
8.783128726985868
8.68222949597001
8.423748247605564
8.56921411315318
8.081313430108594
6.546404002172681
4.548820042469188
3.946951035511959
4.338994347109359
5.658993580871224
6.588258040544954
6.70649635065808
4.987026192810024
5.414000738870868
5.483484277576852
5.527762725583674
5.099809257855866
4.589402481135213
4.194450632973565
3.517471558161474
1.877649807639747
2.902444739943967
4.032359366532954
4.265221653226776
4.23854785308493
3.4441884833846177
3.7459805257315826
3.9043643233169796
3.633503900226195
3.101468275078361
3.0586555494879026
3.2113914074461904
2.6048149555282225
1.16895255111694
0.0
0.0
0.0
0.0
0.0
0.0
0.0
0.0
0.0
0.0
0.0
0.0
0.0
0.0
0.8448869088463781
5.790556897817384
7.363045892752601
7.88399085379827
8.265613479739935
8.471279490452963
8.838757521260396
8.965944590733795
8.85743492139532
8.96757932580457
8.858481133365377
8.461180534865868
8.28766416433127
7.712461429122524
6.411555423218233
3.177066269155604
0.0
0.0
0.0
0.0
0.0
0.0
0.0
0.0
0.0
0.0
0.5543560842036531
4.590342405703526
8.155952791154256
8.39055741236656
8.46586427919322
8.366389775648793
8.430473474545343
7.806828718900167
7.966795006380798
7.653451935106236
5.29954556616664
3.2503490788000597
3.6896567100721267
5.082413170926489
6.414461713115082
7.184061393957288
6.859968809985926
6.751721207611436
5.28333504432721
5.267802225023
5.626554112276173
5.60203515168389
5.770471249002209
5.660347283347715
5.443841391924789
4.360258170406229
3.5239572482563055
1.5275184628317973
1.9142025569939847
3.4296877189282977
4.048329893534506
3.5920553317938597
3.659615630498481
2.7760069069299527
0.3794716769811307
0.0
0.0
0.0
0.0
0.0
0.0
0.0
0.0
0.0
0.0
0.4071540600643022
0.0
0.0
0.3758345169824328
0.0
0.0
0.0
0.0
0.0
0.469793146228041
4.661289999121112
6.6494051351437635
7.044572931196575
7.244881947644216
7.359313564872332
7.802074534271455
7.844649452746641
7.547742986013735
7.6234639044494985
7.7031090604743095
7.357830149354392
6.973873473420919
6.021036706984413
3.596318419572276
1.3452382095200799
0.0
0.0
0.0
0.0
0.0
0.0
0.0
0.0
0.0
0.0
0.0
1.6238716133109226
7.234246523017205
7.779188171767008
7.663507916706841
7.783489013640964
7.615442054290598
7.528575797323887
6.74249124280494
4.347040843419605
3.0231300018348213
4.103088048967055
5.621459364334833
6.786983263948698
6.952482359245392
7.161292076078175
6.879039125050639
6.95772489708607
5.640466970879934
5.676216227526989
5.812771944776033
5.763970951329049
5.923213379904482
5.530773566127359
5.614320202706836
5.2528827664563025
4.4263328167071085
3.675571696930826
1.4289159532268094
0.7822478226826391
2.5183140751881448
3.317912858783655
3.2981642761081518
0.9075259950101168
0.0
0.0
0.0
0.0
0.0
0.0
0.0
0.2818758877368246
0.0
0.0
0.0
0.0
0.0
0.0
0.469793146228041
0.0
0.0
0.0
0.0
0.0
1.1284001114010986
4.928302496532395
6.650914730243927
7.422199396666752
7.688054809605768
8.050441065934061
8.43237154127751
8.606316682585952
8.401024540846276
8.51564864766371
8.482745668938689
7.812652337435325
7.195623196284963
5.884960211571582
3.1981497338065727
1.2243585858275083
0.0
0.0
0.0
0.0
0.0
0.0
0.0
0.0
0.0
0.0
0.0
1.971102783086554
6.915269114064373
7.168480013466786
7.069889964314269
7.0907835882515435
6.869442827809791
5.471392456237615
2.9245763292018236
3.217446887210821
4.15455906919179
5.870761066667937
6.882728668968843
7.167496757299506
6.98344398346703
7.177859553563876
7.246392597575118
7.240454454063519
5.946865351364192
5.854590938194329
6.135814908315019
6.110989223130441
5.818987259027737
5.620678008669268
5.598596836008026
4.815991213124297
5.016996807067138
4.076656465061423
3.34665644476022
1.9256713624460386
0.4384736031461716
1.4945822392041432
2.053956100314999
0.0
0.0
0.0
0.0
0.0
0.0
0.0
0.0
0.0
0.0
0.0
0.0
0.0
0.0
0.0
0.0
0.0
0.0
0.4384736031461716
0.1879172584912164
0.0
1.4201669601159053
5.788871314024582
7.003334426196894
7.6027714484148605
8.359807964589278
8.505277022114605
8.927451472575024
8.951988194636783
8.95464476115639
8.88987648351533
9.050861498592775
8.395601339920955
7.835070986389452
7.064725008729774
4.514310568197131
1.7239278635928899
0.0
0.0
0.0
0.0
0.0
0.0
0.0
0.0
0.0
0.0
0.0
0.9741815881596659
6.433646089596603
6.7971868273695994
6.521350868380825
5.891217126848248
4.5074667038264
2.2624760640534083
3.0331217789436855
4.528887532326473
6.159104768934779
6.392306900054783
6.808693765726137
7.20138419640844
7.035154784591584
7.060109614526268
7.263943331228104
7.160800447994536
6.192407882140914
6.011416330233751
6.212843581596047
6.12216936750742
5.989198533190519
5.665128423182941
5.521835480523158
5.000999229695995
4.779356142825809
4.46333888849742
3.157299759374418
3.6562716777627258
2.0066064085101467
0.5950713185555184
0.9002516750127207
0.09395862924560819
0.0
0.0
0.0
0.0
0.0
0.0
0.0
0.0
0.0
0.0
0.0
0.2505563446549552
0.0
0.0
0.1879172584912164
0.5950713185555184
0.8769472062923426
0.5950713185555184
1.396965815687725
2.056769968861152
2.679726426187644
6.135117061692825
7.549932453595981
7.9685252778359095
8.59547827040088
8.861514633471185
9.09710192333067
9.313514911178427
9.15926518096851
9.507787501956631
9.46722416881399
9.182474585743423
8.51146608776351
7.645723817226002
6.335108046834004
2.5046695981401563
0.0
0.0
0.0
0.0
0.0
0.0
0.0
0.0
0.0
0.0
0.0
0.156597715409347
5.883025493942517
6.179035976237284
5.703753875543324
3.3919152856066974
1.852182699102544
3.207708066780955
4.30049969525913
5.782352128149625
6.1299111962085355
6.5872872882471185
7.014609585275947
7.270145171621511
7.113333906409645
7.3981831257385515
7.400449100634907
7.376293641076813
6.117656912239075
5.829094982811253
6.1150223325897946
5.846656466104694
6.065262999753123
5.761105688265829
5.42241989976441
5.133524898447414
4.985721979596742
4.442540591198897
3.3550369608717205
3.6119745792342566
2.7848203110185064
2.4472150286547114
1.8252227156522305
0.0
0.0
0.0
0.0
0.0
0.0
0.0
0.0
0.0
0.0
0.0
0.0
0.0
0.0
0.0
0.156597715409347
0.8565185089344546
1.3712946439702738
1.211903694286886
1.926474019626471
3.0019870183704565
4.489801479924691
7.088049596302076
7.965826086373892
8.618088668042956
9.106571854340539
9.369978292453625
9.362038367351618
9.578007320534676
9.575191410060384
9.816903583587626
9.752400585325665
9.54415783034746
9.151605487794432
8.468185576523608
7.124457162976784
4.589861728829347
0.0
0.0
0.0
0.0
0.0
0.0
0.0
0.0
0.0
0.0
0.0
0.0
5.079936222176954
6.722268708923921
5.984536352111991
4.335286418739114
2.8624756338813615
4.107745548317052
5.067783360885755
5.57201950693301
5.645339460972275
6.4225274454149
7.0930227289487435
7.128159961934692
7.258268884598317
7.482492556590065
7.41766460604612
7.479057236915162
5.970642148909336
5.923780565188389
5.969496043684049
6.1947108374731465
5.882846226527954
5.480732031428235
4.951094136327374
4.6746608749090734
4.337845323282163
4.013451088109739
3.5068682534236393
3.3040519568717412
3.3179128587836546
3.236491658167118
1.5665068567309974
0.0
0.0
0.0
0.0
0.0
0.0
0.0
0.0
0.0
0.0
0.0
1.083791019141144
1.4456478673105388
2.2645400630799086
3.001861197225502
3.8693658411580154
3.79924227380253
4.2645067006127215
5.052037049804422
5.551191291409163
6.559144560481816
7.400391844933071
8.016784020258944
8.562313159199705
9.124310067396552
9.46615236363848
9.69720235323903
10.062244471007961
10.172236381308299
10.16440000637145
10.38663092433619
10.142156379126611
10.144015835978632
10.020482076866562
9.722523318382418
8.704662088542683
7.534421497061891
3.9777281925379295
2.455226762948424
1.543061524162139
1.0423648439051474
0.36781944262094163
0.0
0.0
0.0
0.0
0.0
0.0
1.0845082816958256
5.60349099218635
6.70145088124565
6.335457778326848
4.8690495514474526
3.0724520689336785
3.83404911587586
4.476979913059376
3.8993388442124193
4.422517661863767
5.6569864981518485
6.726405711180333
7.2854260288034896
7.295164750756898
7.760887547774587
7.9098989289841475
7.632561714832738
6.059337546475792
5.8823143724946325
6.102901514448417
6.107637380158772
5.92099485408573
4.927323220044697
4.303471273350809
4.167511682485493
4.004032795006036
4.340783074703823
4.009231566794832
3.848992950156394
3.178333657726735
3.33065910978365
3.2851029204384736
2.3086380390619543
0.8637102918434002
0.2505563446549552
0.5011126893099104
0.8689321319308515
1.6664693489723765
1.4588847817594806
1.5644956453652776
1.7487757438577958
1.5994523484458452
1.3103021407116253
1.3355352837092722
1.2589733928172828
3.5263036730297728
4.360430145967344
4.648358076259053
4.798356743547738
4.984939919049541
5.948952229675239
6.611437092412662
7.3221336310148715
8.076153957383756
8.639883094936868
9.100309363072514
9.674763578989864
9.652606495392309
10.073845976787387
10.388329955903922
10.462131307926633
10.588320027803643
10.729422692990521
10.97217353665894
10.72998698928725
10.646203689634238
10.409976306298809
10.250086513500861
9.635850149673155
8.94541117710212
8.376016790088489
7.884574784718552
7.466229009848326
6.631910812681327
5.71634181232949
4.383422483378263
3.2890958637414816
2.4656949522226057
1.596813025466159
3.018708339837993
6.394940749028685
7.221165139277801
6.988890498894987
6.624753552837545
4.985064701322843
3.201039532446929
3.4580828018198257
1.5424865953720037
0.0
0.8151840463102924
4.4106625376592214
6.5132988770893805
7.250364228752149
7.454348254642954
7.750764522262098
7.799021835715255
7.844678116129489
6.20569654667842
6.094705591891357
6.233636157321274
5.911756964632867
5.511361036916624
4.352965497231628
3.7130140421420874
2.674370158779819
1.6552686076146337
2.144320936203858
3.6457547285865672
3.7571902008017313
3.3156216541434804
3.3505783572240473
3.260312183799231
3.38654653985597
3.495289516685145
3.3088032588022167
2.8779762830836817
2.857669111817593
1.6909617376059296
1.0902833162302192
0.47343030622673893
0.0
0.0
0.0
0.0
0.0
3.0356700479796546
4.509223486481839
4.124193834430914
3.917428817440169
3.8529065757539196
3.843858369790261
4.185198815626754
6.621331491749379
8.592919433498908
9.032462362217192
9.434431334932363
10.024272004409761
10.330955126684112
10.638487604369406
10.788937248169365
11.100516899550719
11.339214871032535
11.581931895273064
11.510668823125803
11.563356262157942
11.498401777982322
11.470907567508705
11.343069394710179
10.976623032536882
11.002390653713084
10.60248406833488
10.263674200166141
9.913542573188236
9.572091116946233
9.267322569034048
8.717668105235036
7.915808590558669
7.437602186430598
6.836948252891758
7.340722445049593
7.547853272559553
7.359305033605318
6.991496745681599
6.832721210712414
4.948346620851107
1.8241377856564676
0.1682499497695361
0.0
0.0
0.0
3.6380617833221245
6.425915816072926
7.426323539853317
7.547512672655851
7.738617674761191
7.807337908340129
7.913073213269666
6.191715870771571
6.102306720664928
6.339642053151277
6.071026011932066
5.133289658834356
3.602897588313925
0.37143596834752696
0.0
0.0
0.0
1.0374594138818916
2.607736322888304
3.017720558317501
3.1783130234546233
3.525052358545196
3.4862562800892505
4.023968037285898
3.711356526343416
3.857551398384779
3.5964801240627007
0.0
0.0
0.0
0.0
0.0
0.0
0.0
0.1252781723274776
2.2843767734318563
4.159355954292233
3.9064899432460845
2.1425550565626126
1.0648644647835588
0.7516690339648652
1.2082252657439634
4.260688401186238
8.785050280389743
9.483834869702724
9.956973621694617
10.666733793126523
10.722138228773524
11.257434083885272
11.776824410856085
12.003607867406583
12.09632543193882
12.450163988806727
12.669518287913117
12.754074748369877
12.513753349656637
12.610952080872233
12.61918489603485
12.442613619421577
12.211448352244275
11.754083204427188
11.480151783395423
11.19442054008572
10.724883185872063
10.690368142371366
10.095195949665746
9.619804804688641
9.345625386014612
8.67579586713131
8.43726975628571
8.41007382382176
8.009879128524146
7.244413212428389
6.236831074294999
2.429882045476077
0.0
0.0
0.0
0.0
0.0
3.617705666316417
6.700830835509116
7.435251105379084
7.796319654747358
8.126495783262136
8.067303417406585
8.200255354300518
6.137555807323797
6.23975604577031
5.922126138883807
5.652412811258079
4.624618211851558
1.44201070731184
0.0
0.0
0.0
0.0
0.0
0.0
0.9111425207367023
2.834846038458969
3.3306591097836495
3.8575513983847785
4.012169318216492
3.93706154030067
3.703355403570992
2.8861352598583045
0.0
0.0
0.0
0.0
0.0
0.0
0.0
0.09395862924560819
3.5427010356175304
4.42370079484815
3.3998913848561494
0.8135673657645086
0.7006821821613156
0.9781801555353465
1.9040042085435573
4.275363140716231
8.801991080454025
9.914447655680775
10.67201393171865
11.229907186081226
11.397496607073462
11.891757517463223
12.367369325416936
12.874453008959879
13.091411070866208
13.344110453313775
13.645422274102623
13.795616584978088
13.67209119422687
13.859195743846103
13.724472020092284
13.746559070433602
13.653322815725314
13.363018711475144
13.097046220404332
12.39086147200362
11.81224534854387
11.785541771279162
11.083674204558024
10.552840812843412
10.067320436539356
9.831577037866168
9.389457469497723
8.824544946197038
8.378744638329286
7.763097386173898
6.535765093636029
2.761746233543097
0.0
0.0
0.0
0.6721971418977112
2.992588155033227
6.333806513204716
7.2817577617629
7.877866047992851
8.035041890728516
8.145713567067471
8.361076986734577
8.456586972930703
6.157634630508835
6.322785648743676
6.109118620483308
5.771470886292578
3.6012582748140636
0.47343030622673893
0.0
0.0
0.0
0.0
0.4384736031461716
0.0
0.0
0.0
1.1412288994895436
3.609839409304227
3.958621045565648
4.10016777985186
4.103868385676422
2.563124137798092
0.0
0.0
0.0
0.0
0.1252781723274776
0.7778286397756209
1.0311575844325032
0.8551172577538373
3.2930158354920693
5.640412842977947
4.842269016716233
1.846330264557877
1.7989393042088002
2.345101059664558
3.3330192371174623
5.1108339726591465
9.378147727476463
10.589902919268175
11.16649723294465
11.761820674214347
12.255558181821273
12.835719626729503
13.290018518748251
13.71972589005418
13.64093610908028
14.090055175926384
14.623017755673219
14.788222810437334
15.011174198228654
15.21426294485521
15.31141504923869
15.156951268712588
15.027652217574067
14.671640314407597
14.178408996039977
13.82137922063962
13.247724236804617
12.96403323613169
12.369082782484236
11.758687266468833
11.377473756578302
10.704541004680252
10.175819489788902
9.554624327013025
8.959732367553695
8.199908559465555
6.8431751236434115
2.213617732563436
0.0
0.0
0.0
2.6987323162296035
4.884387606039934
6.858932696100139
7.58010555348566
7.979700407054261
8.301199312557843
8.4010900263325
8.545627146910107
8.530519931093854
6.2623112616751575
6.301538979162502
6.100587562826998
5.403430941211526
2.780948753742948
0.0
0.0
0.0
0.0
0.0
0.0
0.0
0.0
0.0
0.5360693923904777
3.452971553376562
4.051570164375528
4.4453445886189735
4.435249564460743
3.755946562959827
1.4372218023787309
0.46177807186654984
2.406242914950304
3.0541538294924324
3.0387338223977047
2.9246677576128866
3.675904400623227
4.208921376315493
5.153783021825941
6.600015178689538
6.7554012926334455
5.798347485022444
4.70808383021092
5.067178460113368
6.2294939829262805
8.031019672575592
10.194562042816402
11.227589819370067
12.000172947182383
12.579842397902228
13.060058710027134
13.543476384477485
13.864435196862757
14.656932472586501
14.849489521449264
15.397717659769116
16.007129555026548
16.04041953559809
16.29495964845734
16.602782296535917
16.702945443365778
16.725302969346117
16.749879108017357
16.40561838308207
16.038324669122723
15.56745444402693
15.00660665169553
14.221060778179096
13.703303920230224
13.01958621413723
12.52429273955583
11.624957916764814
11.023450441709242
10.217381564411705
9.491849194673492
8.54780390027528
7.3640908166638015
3.132510276343991
0.0
0.0
0.0
2.5283052676280677
5.358708742486602
7.030542220949677
7.876939642807554
8.470782686372614
8.549403526807728
8.773363360375264
9.028208088731729
8.803174908942859
6.622264022230382
6.316092707681995
6.123337213903552
5.615104409799363
3.0018266870531245
0.1252781723274776
0.0
0.0
0.0
0.0
0.0
0.0
0.0
0.0
1.00222537861982
3.064246958669807
3.8856916459475603
4.539508558956531
4.755011845123563
4.536573494863789
4.3454415567685984
3.777860626519664
3.8488686339895466
4.0841847392898165
4.045981186112099
4.612268698536311
5.172699889363377
6.060682711518774
6.6573097909899275
7.2434428290732695
7.400413334954927
7.896071837339718
7.986817347522726
8.555790663361677
9.215071937192965
10.383674838669185
11.266036404833526
12.039547688787245
12.627087040972869
13.322502674899066
13.704050215257043
14.285190814521142
15.172982419098105
15.81133006762604
16.142483787532676
16.463333359761428
16.705128895120254
17.120480195430446
17.313495099224937
17.646214492609072
17.851678484166758
17.84775078433555
17.741197995401134
17.74514713293485
17.48629360455689
17.110679567061407
16.736828352616588
16.084293714010894
15.29678397891651
14.264270187792768
13.57215242247686
12.746577883271314
12.009747913974808
11.163345742040303
10.241439061024582
9.206013496232716
7.712478539010518
4.135559014005167
0.0
0.0
0.0
2.138683234189227
5.652729990666845
7.0652774109386876
8.092958028904414
8.810176808043988
9.089024116735683
9.0980566873781
8.967912009381628
9.041518668608983
6.382776899776875
6.480003634443766
6.241042850923142
5.807640860288624
2.9453516422708543
0.0
0.0
0.0
0.0
0.0
0.0
0.0
0.0
0.0
1.3307102037974006
2.9792135597800566
3.714899045468168
4.77003017202082
4.825267791179822
4.989316706081815
5.156606659433106
4.880593125587978
4.794783692774419
4.596322506381546
5.61829136219184
5.5408144623836035
6.285958104174418
6.917944011626339
7.3140100289467
7.4985987370460805
8.133301604931916
8.666403140114953
9.201147902115132
9.8631340897569
10.528452530299585
11.353709748457353
12.046088933049665
12.911698893781933
13.482283863561848
13.97175661735334
14.536993533236421
15.487358306787987
16.152576112765654
16.670795132071692
17.070565366690037
17.446830747606032
17.96533874765592
18.41070807325456
18.71354076520644
19.202787255230135
19.318255033091255
19.584496552749403
19.632697061588054
19.600417968986072
19.19947612538698
18.832120124326856
18.16692771776242
17.510028132667294
16.96240302496288
16.16030249520543
15.041198442706767
13.951448765633655
13.113995783219407
12.230334502922293
11.184930303069569
10.152197381144658
8.356612712853094
4.775022650172529
0.0
0.0
0.0
1.8296716194754044
5.462627490127693
7.328095048906732
8.613748729044689
9.166651656130528
9.248877895038827
9.444396480789349
9.504291246032016
9.394968212212254
6.575608149414452
6.330048131635799
6.323142525013768
5.773488946650445
3.886717402209885
0.5513175182051395
0.0
0.0
0.0
0.0
0.0
0.0
0.0
0.0
1.0524302075150493
3.0409631242215407
3.8927644417722043
4.555348019285416
5.001569257118526
5.3588527727902
5.60232322087508
5.5492708456322735
5.686239458157942
5.863415041916112
6.335598478254392
6.63147174585227
6.928670065904469
7.495253720479111
7.824199545327714
8.261546614941548
8.843249600154522
9.476265236993227
9.870862217753041
10.846526702760883
11.397632772617053
12.089928149601787
13.053306970991436
13.409430542779676
14.179008597294574
15.119167932286041
15.867889272355285
16.538235572384266
17.138460019956277
17.632802092175407
17.960413035371932
18.897362855743758
19.29916364307457
19.830847752383647
20.550111795051464
21.17556079945627
21.71080347365572
22.19857713534983
21.951716745020242
21.892984279337853
21.75908282525719
21.44194437620355
20.570856159140124
19.690479877256028
18.74817841106043
17.77639346602032
16.831963411317062
15.734631367104175
14.26089273036897
13.160209287362903
12.214242797450598
10.887462851379999
9.08425815554105
6.329786822655587
0.156597715409347
0.0
0.0
1.5173201143813686
5.337259737785908
7.681147627126955
8.670924297148973
9.160008692574477
9.510654011626336
9.543647712059473
9.589054172451249
9.542236230342938
6.6264262764398385
6.5489246134234325
6.310232477917198
6.742203321399218
4.751216183072497
3.099905226813718
1.3386879555159603
0.8465242236642745
0.3758345169824328
0.3445149739005634
0.0
0.0
0.0
0.0
1.3299694494333054
3.236491658167119
4.406244615442855
5.310654306751981
5.053093021918004
5.757284867371923
5.884422892655159
5.838437010593602
6.223721076926281
6.611609378453905
6.686060651202946
6.8910657610194885
7.546741634050317
7.777455871311341
8.283267133750227
9.032695755535174
9.417777832923488
9.915022674423406
10.584695244769481
11.45971512043088
12.084304874450856
12.869241213766161
13.412387364149431
14.293371024274407
15.103728107048918
15.989579660827953
16.767869431249764
17.214768060314636
17.954428313910995
18.67715740167065
19.31599266896793
20.013549098285427
21.144202105955024
21.81934530298601
22.523485591079165
23.481264526834536
24.00764534293849
24.369267898955105
24.496907271855758
24.67141846431796
24.33123358779377
24.20424511447393
23.62451015977485
22.795226589446187
21.58277666108629
20.141915853092783
18.476226804618328
17.445021400876424
16.060689591349455
14.455907533414116
13.23861561430799
11.945937905039925
10.062828271218988
6.686498830466762
0.156597715409347
0.0
0.0
0.8487188639381299
5.364852501612146
7.768652050580777
8.95079180177836
9.53399181793896
9.982371269640261
9.88600568348908
10.205062520170095
9.995021815761918
6.640525911103386
6.807384252554592
6.694018935690738
6.602711537978222
6.028179872045178
5.250116661788833
4.430702637871379
4.219337055242359
3.616684027951564
2.361326003480594
1.077704619056922
0.1252781723274776
0.0
0.4071540600643022
1.5396271308282594
4.179565207591501
4.737388546736937
5.346790829727713
5.663839826246927
5.829786994180595
6.245638016705951
6.320543662755062
6.594778505443474
6.841443751646482
6.757474592685225
7.532864102274683
7.752380870163845
8.211213795734311
8.595388417351128
9.20218490549288
9.874658948365516
10.553228345943333
10.97158858404867
11.982709696922637
12.724500117961675
13.578158088666564
14.073410976550928
15.05627265560364
16.121958825483567
16.803002509200283
17.36536711705914
18.18031744251243
19.04370990414221
19.96094847534344
20.822869511266926
21.94400193600444
22.928320396909694
24.07585767125716
25.016359184671508
25.860852349784516
26.616904634434807
26.8685184610367
27.308484564383903
27.343332063007466
27.35308952639218
27.366980411028774
26.691117243370723
25.841500519752184
24.712975069217087
23.048085831832594
21.664644918478487
19.23755440879787
17.74275078739561
16.38778331710884
14.733655753717844
13.172641841530952
11.055158133369702
7.552446988370977
0.5360693923904777
0.0
0.0
0.875424429019927
5.543049122999828
8.260207704396715
9.3966168203491
9.90234116031966
10.127369974006918
10.152264427680421
10.290445134051016
10.06999123603155
6.804653483773751
6.762757979611051
6.620744968234025
6.726787839403471
6.545472987018624
6.417600934759166
5.877180431934865
5.583615402658974
4.598518254819557
4.303163897351663
3.757325601239763
2.800616062464627
3.3077481554769586
3.5907908198747016
4.198172337706964
4.793594245179892
5.276309749725283
5.544398355539932
5.9007233875121665
6.198073676734003
6.484216392559314
6.7851915815897055
6.911297482887342
7.146942626503045
7.274308968320397
7.629561500272934
8.091365841556353
8.615132572243455
9.14280025853819
9.629301593455459
10.40410054109105
11.189506927667038
11.643380989609009
12.535684747118978
13.251061653770794
13.94424111484265
14.907170516357933
15.846948096268745
16.963909076604324
17.59484605766952
18.249716437426358
19.661331984168555
20.761130762196416
21.667842461689887
22.64785262879928
23.881714555787095
25.40088394307059
26.27535359193221
27.18162540218134
28.13217932224709
28.682833067683834
29.42957982764973
29.934055201047123
30.18197467751698
29.902893988352062
29.965440427771437
29.771630313993274
29.035987673495573
28.088850267112562
26.60819417454242
24.90781990729802
22.696890835292194
20.21779651557752
17.976700189850604
16.378045431143597
14.239953690962405
12.50152522439425
9.172670692392387
0.940948963409924
0.0
0.0
0.6489133074494456
5.786897614234325
8.843623646935939
10.039108132296917
10.216983955446194
10.415717299215556
10.343277221968684
10.288573930482837
10.308779525594781
6.707880652840889
6.689737722724583
6.7789902686116665
6.88404988361383
6.289796778462066
6.6696841514925875
6.154149321709084
5.643694977541985
5.500404890954559
5.381889503282128
4.2047167802065175
3.734484326081538
3.6821668997978363
4.701770948471867
4.778338670792392
5.192388416066395
5.755775028771988
5.987423356346055
6.178903041260854
6.107089300055047
6.5273048049492735
6.7462213648989335
6.898328439836359
7.068926633187109
7.598846389205752
7.748479209810776
8.172815914149066
8.693802220063139
9.523504106960205
10.132915630423698
10.594261150279298
11.389140543486965
12.276011586773935
13.133617294651161
13.64470599838967
14.867765430344662
15.715435217020222
16.821840679104223
17.615558024612014
18.49883957789997
19.35994197342212
20.46007553250269
21.96561761966366
23.488996476125905
24.579555079139467
25.98937960095977
27.43943390860521
28.566042203264622
29.48428798711575
30.85250573902521
31.61884156255433
32.43748698741054
32.96137455840618
33.3759066362853
33.46951396376498
33.208096363825206
32.69779233025485
32.09390510870923
30.937301329320693
29.86151435814546
28.299594656552788
25.956301935149188
23.071478128749035
20.31537884202203
18.143628160230016
16.058349220562157
13.866797091048035
11.277889056502975
2.531443881026526
0.3714566026196394
0.399138985702811
1.4314124028095532
7.3837841547361
9.315026356469126
10.384695865195512
10.71093371939569
10.784366449987239
10.53941411710988
10.48719928675705
10.49391340745888
7.029435640800993
6.644729321557904
6.936960698049426
6.747605667081744
6.547477334937968
6.522115124827101
6.30246890804524
5.993997338651037
6.064475562581112
5.36070667477985
5.114488763494877
4.1637793581176386
4.479202711866982
4.825837818602356
4.720572523263087
5.508455465728538
5.793776287066113
5.986850303733412
6.0569263772685185
6.288964067165181
6.2962518020103495
6.317044377735576
6.739181006463355
7.014828584996953
7.421108843459532
7.870450876775506
8.378979301181332
9.011962654235889
9.419347469414026
10.374048356637639
11.162180875208136
11.89561121381761
12.719798993772006
13.550496648156518
14.215461654704402
15.538161148595405
16.64385244211429
17.333756000836985
18.383137664488487
19.313186958813837
20.537369135874822
22.03117279208722
23.787066286090948
25.066371482348707
26.430409183924624
27.66439052618119
29.039694327558287
30.601229245286792
31.529193239384583
33.02239091777119
34.2361598093404
35.09896082563678
35.8916592148425
36.068736281461405
36.39046916556029
36.6240566687434
36.02822813632854
35.55863543717163
34.76160629316878
33.426661509133176
31.486937354371918
29.302208863864138
26.500650660489768
23.194741856507857
19.93568486799303
17.514382988888862
15.62501452742993
13.244935909169904
10.759435040416164
8.522042231283493
5.8229686267739424
7.735922512585263
9.361451700252449
10.325971836848812
10.618506290114258
10.939060067645539
11.011278018877075
11.053958728860355
10.77902657223426
10.705237120186142
6.701604550851585
6.644729321557904
6.958489153532346
6.735128252114401
6.847109266795446
6.6704484079388635
6.532350274361705
6.053217658026756
6.20500453530908
5.680709298171026
4.996750215476429
4.07290493571076
4.969451620504748
5.078301137807271
5.206392624927276
5.264627226111103
5.6252349203922005
6.136625878441061
5.916038736487272
6.371182700012508
6.372253328822787
6.562485436757533
7.094373091205435
7.189235281022607
7.810965780008381
8.043467420960003
8.524564186948593
9.184086863493286
9.71467522527236
10.533565650828049
11.373868078559777
12.241334573446384
13.106239574163157
13.816276952390398
15.066956058848023
16.316715581365585
17.096921010918123
17.917119476595275
19.253490200366947
20.56964453743866
21.87863995160686
23.590361798976392
25.427613490013215
26.92343399785993
28.020298678737134
29.713095168600052
31.02900874383251
32.50042345973929
34.08276764584797
35.42036826935791
36.753444314920586
37.53973699093851
38.08788048424075
38.54110438468852
38.94512111415933
39.079360065193804
38.94347218493999
38.558663777253805
38.068781570853844
37.10651348058423
35.199882091249286
32.49283173224868
30.07763548209584
26.514593172674115
22.915649263564333
19.17558218184412
17.116084050141403
14.949244192482798
12.77263602571025
10.903159953004991
7.551340128225115
9.240926237523817
10.336983084124638
10.468738514808825
11.099693452566209
11.344841933409844
11.340866930428934
11.349895208794685
11.163291688062221
11.021466262007435
6.769187751206291
6.786347425155313
6.810309540026521
6.7535438105933405
6.561746432264302
6.6265799460457755
6.344173018252391
6.108044480890827
5.841623818676331
5.15855195042161
4.776715965912757
4.2713614539299325
5.193413696238444
5.506970149858448
5.538314699670209
5.728743605841028
5.5848097932655145
5.425519104116835
5.98455988506602
6.6029747074446625
6.2040746064263415
6.459448976231935
6.528162768199203
7.052587086903239
7.605048229599165
8.02686909081633
8.671346157260064
9.430056499370743
10.209506093883506
10.777954237605224
11.765818516397612
12.92247459294409
13.448693076306993
14.443961388887184
15.711531659315199
17.00399101574079
17.782907082687384
18.707038926971464
20.065850548303207
21.67561033275233
23.503107514004498
25.001261772895727
26.804948262825185
28.283590291544616
29.70216481210676
31.46133351013601
33.57449351545685
35.02166377723571
36.26833461385428
37.468465808574905
38.52774958526349
39.11123887384234
39.80360824152526
40.52711532430655
41.01433899432967
41.47659704280433
41.50738788745285
26.78366468377727
40.75434309372578
39.7166459482343
38.41300837729638
36.384719032428336
33.51632740740164
30.016905084335995
26.261429351724466
21.894479013727256
18.471362949818747
16.508225833503175
14.249160326964944
12.496890997467464
8.556220747590727
9.85615707245055
10.964804998051472
11.25963124562344
11.417038191709961
11.651493276180881
11.744496742441171
11.321817187965426
11.230241823545084
11.063704283416683
6.919637895598271
6.884644393489702
6.779917653560073
7.160308819910891
6.599927140555753
6.391831065027992
6.382373589271143
6.000928197226115
5.698802635497788
5.197906766882483
4.417068940618159
3.7531377984681513
4.875532714850328
5.232918812548679
5.464852253920217
5.545923880213525
5.499743474533174
4.633503241061894
4.787209379793597
5.450823391953475
6.350649782971521
6.3165685427087865
6.640169034833293
7.081786176377593
7.4412607802506425
8.06846870147241
8.524721800655255
9.453494897908593
10.325560746712412
11.028334184216323
11.989390778092863
13.08508676104165
13.94684844629169
15.114904537236749
16.334529980926295
17.44281949675376
18.413852793267154
19.801365966284802
20.997921351582942
22.71418657699632
24.651970449032763
26.260630758044748
28.11858432118047
29.974737781019833
31.752856645219868
33.52988047901204
35.40359703852371
36.45011216487077
37.913075687170576
38.8472381149736
39.82517664738554
40.71360232637337
41.323889624352226
42.35474953762203
43.11689304508737
32.15413949886827
15.153825769387437
14.40055417189004
43.731653837038
42.80953573008597
41.94052654027486
39.481690967212415
37.224509199502045
33.58699553568549
29.15872024617454
25.00190700139354
20.782625559745604
17.54563307611148
15.507442267205262
13.470373212277996
9.186799466198423
10.392715900793835
11.239624955163432
11.629884346654926
11.759011905917188
11.811719012937454
11.770894150823992
11.625592901719015
11.35020376665924
11.192490162128879
6.976795212150782
6.721122324254507
6.5750818104815725
6.695403237873547
6.641553337016102
6.327878111279996
6.541692861032306
6.033863332263559
5.3077595688926404
4.359014622072508
3.814790875786155
3.9385471927044136
3.9572515886171313
4.262111926243999
4.494817955479127
4.9156190207187604
4.772400583348867
4.894891125213345
4.691503948752518
3.9863153575403696
4.518849719124358
5.312551270888384
6.000497636324198
6.606473215738195
7.386414135755293
7.865189378751965
8.421133464266907
9.47627101733368
10.354684958669983
10.960572714705423
12.148548930791105
13.248682468906571
14.081007036347271
15.624867372197299
16.862515492201958
17.571766553313495
18.908278132828542
20.236115636186877
22.168198089603614
24.1773759972269
26.07327419225733
27.72262416271989
29.988502008949112
31.852981564534968
33.59607826470139
35.48252616854033
36.89243760428703
38.060204039492774
39.05075770159983
39.652750090119056
40.946651747394775
42.00178254053485
42.621944798300895
43.776225094676974
32.50707939129431
12.57463351573934
26.869345480886714
25.667826639764822
44.24170499054116
45.80532199069692
45.196414821442225
43.17647204984564
40.40601372399066
36.789104567808934
32.50847579862056
27.730204244858108
19.987801485736767
19.05816476855964
16.56639789480206
14.568295750103632
10.077717480139471
10.917079348979374
11.245303326562684
11.856009626809515
11.936626310049373
12.07243010418104
11.893819300644328
11.802329174459569
11.570038460275853
11.345575517366692
7.0603822428889025
6.634359308974586
6.507251233717278
6.486934493018842
6.654676049673022
6.224488285266504
6.198289853076555
5.813060013967224
4.968003916376343
4.347940347440392
4.24914744433049
2.649122988504304
0.5870562441940274
1.9531399825244598
2.8365879106381424
2.389489197256577
2.437212861298052
4.333148096843435
3.9333993444417206
2.7058894375885685
1.7177930033012567
3.0031107395953134
3.4111078162598067
3.599620485615811
6.542044191117301
7.625237429642158
8.384340613794578
9.49912684163859
10.454261164089711
11.415762637251966
12.529588410504891
13.810856283540584
14.560669776085382
16.174577604233914
17.21142427602436
18.326201919293162
19.987726728846454
21.400438300888514
23.228227515239347
25.39128111991986
27.115560220258402
29.013974742563235
31.13036407498019
33.3631555191099
35.25389799070356
36.86579440057949
38.28331415335433
39.085395742842536
40.02488473493874
40.84788361664335
41.93481435625199
42.82525044249733
43.77473047039393
33.80515440443097
17.358483204253595
27.170920822407595
33.799100463354385
22.650546977543517
39.15905827695322
48.37830110333454
48.12256914702813
46.20528291078856
43.402611903943686
39.998662568958764
35.81418396389396
30.469932491615772
16.472435709706545
18.624997606434047
17.63504262040451
15.2237470949115
10.364638965450283
10.968911058964192
11.714684593561932
11.893527315153216
12.110868496619164
12.20407165441348
12.105855455635288
11.744880462985297
11.493655888223271
11.487444475485367
6.846727138572308
6.5411665220994255
6.556174623918991
6.444585085122113
6.2737432997852665
5.915465683874629
5.923088553819047
5.379193120956019
4.449288640884112
4.1896602317497305
3.3324685495019266
0.2505563446549552
1.6065409599942284
0.39112391134131974
0.0
0.0
0.1879172584912164
2.6305800305190408
3.316199613871552
3.098027108022117
3.3246639302061296
0.6496953303577659
0.0
0.7236653890630136
4.542108668922112
6.645553140339356
8.03200124460072
9.253259325599743
10.399882858455928
11.507320299972013
12.710222864089465
13.831541370178195
14.973746784167039
16.38867633037074
17.367191287121074
18.85176437905303
20.592410233020694
22.55259238131383
24.394607134202438
26.48886202371098
28.252580486614878
30.53305047739893
32.9349229381422
34.78088503176516
36.88035838508872
38.20411212256398
39.201817078209395
40.236888754184235
41.177537826613104
42.0354583421319
43.24242155437343
43.8896483044313
44.540992716397035
39.56953276312795
22.467233673743884
31.111932034679576
13.675488033050604
7.2159718148310406
16.815401358162504
50.62443848917891
50.37814281372203
49.33675608187286
46.81616172743303
41.27954030351904
38.50246530539778
33.02815833020721
17.05410810506408
12.92039602960204
18.131108344890883
16.183426765011784
10.708061577403583
11.330410709100793
11.791580277820723
11.820122112058334
12.044008691011639
12.21253921908715
11.974922245164576
11.75444629256955
11.801406287067653
11.855860510258657
6.753152223474009
6.621618724540804
6.563541128123667
6.474312867341758
6.377875641074188
6.2337551160779725
5.940535153901342
5.626554112276171
5.134723842305102
4.929480746923182
1.8619481152180963
1.5187007312898726
1.6845313433331917
0.0
0.0
0.0
0.0
0.3911239113413198
2.4553471202114823
3.285247360343262
2.5458652323550175
0.0
0.0
0.0
0.16824994976953608
2.1483010704366476
6.950462594541877
9.058904547879575
10.394696183319205
11.555370113156703
12.794490003052575
13.821302540513864
15.133425651398795
16.663473752777655
17.73495719853497
19.35951158887866
21.392103929293782
23.323220670438523
25.525867613338487
27.546000349031072
29.50834302454878
31.853132909596
33.722050331886564
36.02403780961526
37.86492232553009
39.08925456037838
40.244336523923906
41.47020005368016
42.32377422971651
43.31018289893585
43.977830628222634
44.57170151615521
45.36655406988197
46.25196008510291
45.06906901791332
19.8641472687468
6.848336294804416
5.735378745258082
4.078134259153836
16.0383959410177
23.497473828869694
18.5775312050556
20.536061760648025
34.938958575514675
40.76291331407482
33.43679321373795
15.617893369789144
14.653494768065613
17.17237688091165
16.773659929317546
10.854326468937824
11.551060853476988
11.884967447173544
11.944525074077546
12.087256464161579
12.194257048208474
12.015706590784223
11.85263979237689
12.018572815375062
11.825746083308172
6.692728340311581
6.5554103674727155
6.583422223192502
6.655177136652858
6.3294785898053565
6.04774858236774
5.877729951593481
5.345163022146899
5.178548365573734
3.8345668160874364
1.7433261134877271
1.915591447257151
2.5064864049147775
1.3883841477830805
0.0
0.0
0.0
0.0
1.5744600282761516
3.291863031327706
1.2469016659116783
0.0
0.0
0.0
1.2520409689106797
4.362135746536417
7.613874444593308
8.987144153330247
10.27458747166398
11.430964707644202
12.848095211147811
14.101963749214255
15.45820670469802
16.871339753749037
18.10403396733421
20.121366436869522
21.595611599661176
23.749171217470455
26.274127171336346
28.31374929843241
30.809213178593883
33.17631540343675
35.270554315684905
37.441357249702094
38.77804843838228
40.15053717351774
41.37905195837147
42.64941733942725
43.525571109437045
44.34488584466245
44.95420765280154
46.36725570994657
46.92984750502643
48.05870822692012
48.36815909751882
40.94682043820175
5.928538466164184
3.7819042556499043
7.481114523879126
9.857964237669545
9.01614839004556
30.524502822873323
52.34047878774823
48.651744916744214
39.77235892571221
13.515773138402379
6.88849234959932
16.214114354226922
14.5365218339599
16.17148454859654
9.323178953796852
11.27172695396779
11.84370630800893
11.956885236554912
12.051382138476264
12.179622507757928
12.003519043955333
11.870921222690066
12.01394968603258
11.879265832186881
6.978761724485349
6.56638452150055
6.687444953385755
6.4537582091299255
6.377280847290698
6.054991043088036
5.610542676386171
5.5411938818319095
5.114338463645518
4.907552899301409
4.372047397652402
4.018347340479178
4.123214583957026
4.114974378851835
1.2896184874935643
0.0
0.0
0.0
0.399138985702811
0.6875484390729358
0.7633212683250543
0.7866257370454326
0.0
0.0
1.8442933829359396
6.281943282224962
7.679485000335972
8.8919270747223
10.189367208338844
11.457164646324122
13.03453709672399
14.09690397111821
15.71881162673101
16.988233719538435
18.0845815597658
19.86573773300617
22.0823264586673
24.410800429217158
26.496031977477738
28.783201260801896
31.31012794564939
34.13152067513467
36.45614860867914
38.50129617068046
39.75803211720439
41.224743173116636
42.82455214326786
43.64364241302725
44.76920472091271
45.70243755750989
46.69654252569982
48.15573638017829
48.923249033747474
50.173948003269906
50.303820000879924
50.90621000285
27.825214550304338
4.632848913887419
8.924801910168641
8.771043913588706
14.173489496170927
23.990173171723328
37.78428949886719
49.92159297484586
14.990332501654125
4.094349667830013
3.260874134836128
6.9096361094221255
6.113059643401254
8.461272317549561
6.51371975829581
10.510004673418571
12.109697699566293
12.035562528751562
11.977780480705992
11.891354720402678
11.810140964313002
11.964625953203422
12.036790247991997
12.046362576729248
6.774089009908979
6.5599294979522655
6.56074425830463
6.328667619679316
6.210670329902169
5.744897533441755
5.900838270723312
5.462282807607193
5.239268810372475
4.985438693354075
3.9223903417387254
3.3627672827680843
4.33669409724716
3.9861037670567088
3.2339800835279515
0.469793146228041
0.0
0.0
0.0
0.0
0.3168325908173919
2.280790581801885
1.4938414848400479
2.0083486367378254
3.8230412941661225
6.597102833180219
7.686736325196716
8.90346920663778
10.191773883252065
11.311747907226437
12.877366254910257
14.107579031347186
15.764145740504453
16.806185258475804
18.23008162778051
20.459011894190777
22.616655842235264
24.93809300061784
27.09942931778723
29.47512831888365
31.91638266330031
34.90200274372027
37.523032655151646
39.444529788099395
40.91025543183303
42.387513708146656
43.618441148290124
44.92436666567674
46.403684497542784
47.47378722709262
48.55105829659752
49.96049872987056
50.51494168559622
51.26815746154405
52.35982892949617
53.16820557704014
50.14861856836559
12.11753079490149
14.622332341958458
9.700435683683972
13.702460247590176
9.659803745471637
6.95545584503718
16.866733469002583
8.570204637878538
2.957206910743504
8.37742053620943
8.673873408324702
5.554853229827892
10.25659528477944
7.071041969747581
7.533536331937333
12.23173142817477
12.038165056592932
11.731678237198132
11.777851731543164
11.503481780424806
11.721449430890658
11.917437853865053
11.854737237931646
6.608020176857093
6.6546760496730215
6.814525422877603
6.614687865965728
6.266981903872977
6.015481925745605
5.767704193300658
5.3263512844244065
5.342442947177589
5.184884504878679
4.331379158197026
3.5203072303176266
4.265221653226779
4.108708857939967
2.0871191194927374
0.0
0.0
0.0
0.0
0.0
0.0
0.6802328505313149
3.0956946348377192
3.8936927687199843
5.256907045584628
6.717561667555237
7.724508796365566
8.816815714689909
9.812028382282154
11.271149773133432
12.6975774850547
13.86591117098383
15.702794015628323
17.063316837251048
18.53480205366853
20.576851352867063
22.528729820469927
25.124589051327252
27.15625956613112
29.84936391445016
32.62102510734723
35.64550072536648
38.29296462714186
40.218785011795504
41.9996300865739
43.58883538368634
44.94853809323149
46.51905500811287
48.24480323680269
49.9325204458976
51.18928730855413
52.353180407173284
53.69957306965753
54.838644104586834
55.979212525648
56.81552003910217
56.79777808104633
26.014233664649645
7.030261807976759
12.539396203729813
7.215642586882493
5.151477582822876
4.3622737572612635
5.969190121569568
17.849843334351092
6.002519257821493
9.395028381635896
8.310459647832413
6.36258066201294
8.535830457018168
6.970197884568749
5.557065373827803
12.66153928487679
12.304183255098213
11.832728767406167
11.71622745701819
11.71521511330601
11.931953017341067
12.131446929524126
12.144180899787424
6.719593811361955
6.567649864926661
6.4740496978753175
6.5015604666152695
6.081297968597153
6.137436848567099
5.771457196891476
5.48478370784161
5.320760164238958
5.174086786657266
4.270791426507398
3.599228328234263
4.195535734593052
4.1219788810100955
0.9881858069904447
0.0
0.0
0.0
0.0
0.0
0.0
0.0
1.6908585662453675
3.464779822446895
5.250119358172019
6.667153464640363
7.433692850218146
8.636921083862603
9.806646031380396
11.099408881502669
12.702126471768537
14.005110329689428
15.590559387904028
17.014557615013302
18.63782434235653
20.495726681945015
22.962008091818912
25.422734542690076
27.915870007236723
28.87580085500478
33.33061253999602
36.29823689661346
38.91185278289234
41.30412413339298
42.916067453464244
44.7632844430304
46.63397036541105
48.18889170083715
49.6064037956284
51.90542568123958
53.360689531633994
56.18161391759078
58.094448036929364
59.33000471992845
59.79576074580318
60.4227402681698
49.341904049163475
6.560562980129156
5.358126395138085
4.9842310139032175
4.566580410959793
4.297223122579218
3.9633022181891984
8.89491142873927
12.680736120730215
12.070512666577944
9.765489771716071
9.200330432282735
18.14842697002528
17.178669868240938
10.383045761619586
9.096491613455571
10.09912270214913
12.714785408050616
12.316436194619612
11.770980030356311
11.77744893448263
12.123857629769367
12.031821837583815
12.204297605669073
6.651525317084265
6.392451110764525
6.486433406039007
6.309875601647106
5.982211655608911
6.07126392944546
5.9060264385064265
5.493710960117064
5.172957245388283
5.1669782400020425
4.637046554136698
3.8634076962452952
4.2737291779290585
3.9884841930224124
0.7806012397775483
0.0
0.0
0.0
0.0
0.0
0.0
0.0
1.0990597792279184
0.469793146228041
3.2847162135770267
5.316503490623977
6.67382343255874
8.410663591764603
9.536108681863965
10.814422806192265
12.166064734173553
13.585629418470905
15.36194929949881
16.971596953215027
18.430034700027946
20.660761641057725
23.072861112261904
25.686182097265217
28.33494027562795
22.630170560332072
20.549004004649056
34.49524761379254
39.06017134901255
41.50137579461192
44.01792514410863
46.07741465074922
47.894764611610846
49.11045254452554
50.828539085784605
53.287979910951485
55.931488457453646
58.725819617227714
61.095461005035794
62.520011429742496
63.2369376030812
63.36249839080653
26.80702261517297
6.145057468660847
4.004335314425397
3.66957525421868
3.7887204140580937
5.262186988723996
14.435234132270473
17.88309034733521
18.21009073452685
19.195526883694832
16.326934683329544
19.764336851677058
22.212589661981298
16.483878607225577
11.935186789007375
13.37978240208405
13.490423879327597
13.139907878762639
12.38436650617081
11.931160152531993
12.026431419101675
12.133040812401514
12.108970859643822
12.532533237649263
6.405548571468401
6.460213232678211
6.411264590523454
6.3586295291860315
6.280962579779826
6.039355940876606
5.824575293443452
5.750733428245153
5.301468460081461
4.8911217358382375
4.519318510640069
3.9859683666186796
4.13233035764137
4.758385869966171
1.3981713527315562
0.0
0.0
0.0
0.0
0.0
0.0
0.0
0.156597715409347
1.2629318146346613
3.2072510469217095
3.778470784479026
4.001105326743171
6.70202918751919
8.558393711655834
10.372597696114163
11.63973938211411
13.131513833875227
14.625432691779478
16.777805066662438
17.988016666345974
20.064944265428302
22.87585625534595
25.37221140883895
28.027463066388425
30.836699417901205
30.446693195043082
19.31900145159283
28.05460621206996
40.78951443711173
43.23504825843676
45.935307643567214
48.77671989530424
49.99589950967204
51.52229889779445
53.82028916798991
57.64758320605856
59.779797474427575
61.72286724214584
64.03150692780444
64.52564256424206
64.09889425272165
10.732089235875947
5.5470617305335965
4.057445667218849
3.7133150272911903
4.61334293812968
16.248963247314048
19.545240977588637
17.926263401714657
19.86143298294366
18.870799216358698
17.51012536465799
18.0260825469068
21.259185352783355
15.53694639159976
12.099583763273644
13.247611352442279
13.423267818831343
13.13678554715346
12.39818966419994
12.2398086618676
11.968528607279433
12.121767953124357
12.486158382883263
12.829220989402844
6.397691294792787
6.517533376375771
6.385877128459542
6.344054059495694
6.316449583952088
6.157872548022234
5.6576245119952215
5.7015018738962535
5.884606582945209
5.159197772403619
4.862843890392667
4.182502959013162
4.050455513463608
4.129543730361574
2.0210122749605683
0.0
0.0
0.0
0.0
0.0
0.0
0.0
0.0
0.9002516750127207
0.9082667493742119
2.727865134789742
5.477142052120065
6.373777090264598
6.8372829762742935
7.123224404125245
9.112851265522046
11.34417178729535
13.58248575137102
15.41638635193051
17.538981881062846
19.556793766105915
22.069709579302657
25.025551535944896
27.809065662375218
30.819206775461456
33.946829935777025
35.57914844190853
17.130337351463723
11.79395550550142
20.793770278576925
27.130558425765294
46.92946596407593
50.1925020736738
52.324323117597324
54.32282031520632
57.29911333692953
59.1298772835282
61.28684027733216
62.6181944633252
63.17576458809302
61.74626192887466
6.382959925972404
5.1705172668110375
2.35405411595571
2.782730737086072
13.553245195248852
22.85602588055093
20.992671953361675
19.19682262815551
20.08338295490943
17.56523327209358
18.198416351819322
16.994621491684214
20.601601863506325
14.542873704186889
12.428612249289143
13.522179830280121
13.459467917619467
12.96659979949699
12.565092677181884
12.204155611207833
12.325526810713447
12.498766608806768
12.612911420582186
13.005763853631922
6.452756035170254
6.370775319836325
6.39109206053476
6.371063741255809
6.405480116617792
6.312585657711397
5.810713576293299
5.5831573325788355
5.436738566842865
5.493969554512132
4.17186495780199
3.677576376991105
3.687671401149335
3.848992950156393
3.350047347094072
0.313195430818694
0.0
0.0
0.0
0.0
0.0
0.0
0.0
0.0
0.0
0.8575778640242793
4.788927930122988
6.531309163171938
6.905120942029984
6.277856361138108
5.044001611274333
4.844860763909737
7.131353891935953
6.800723208844202
11.794774671596567
18.145252040997683
20.947177974357842
24.247007116548875
26.936292405613294
30.004624961426206
33.22783747710104
33.10794051770586
13.47452835290725
5.586316532161982
5.355587138369873
4.3832840365873365
32.76347296782712
48.91431185426425
52.18037405762317
54.69898892187713
56.855544987247754
58.9013887583091
60.65133389099497
61.84195784026556
62.789105506105166
62.83419294951844
8.033650120637567
5.002800984961145
4.117017356711538
3.6807451657674055
22.30001761706184
22.21264220474332
22.26850334632566
20.140741571633665
19.84458940659186
18.191335232418727
18.532271525654142
17.069968749691256
19.557044826331886
13.567980303287005
12.572755519589856
13.312492394160431
13.349506834002312
12.584015987777077
12.298539866375581
12.453654013485918
12.652446798816497
12.941350264003193
13.194867642246871
13.22414649717226
6.3294533378523115
6.336384196427387
6.24773579198482
6.206864393074554
6.2619543854050645
6.178675589184992
5.87044221674831
5.5390441630920595
5.447589443449333
5.072699184293075
3.702376153097105
3.6241635047782927
4.048329893534506
4.3649553968449535
3.388619222300721
0.22287396157178369
0.0
0.0
0.0
0.0
0.0
0.0
0.0
0.0
0.0
0.4107912200630001
1.3492645264135479
4.612188781891249
6.462234561919772
4.453162620163078
3.8802889916482686
3.9148812724931394
2.9918197461582117
3.029276607492027
4.952834195586282
13.32023568660631
19.308379567782584
22.63899653976685
25.732418363934823
28.78564359726437
31.90510180959064
13.350784811935434
5.945563237132607
4.217630597994251
1.9279043298114658
2.378454300775695
4.225413344480366
22.113103719809818
47.135122002316045
55.11824197076798
57.12979747100786
58.872047604132746
60.87142484719548
61.69023989115229
62.99905238799706
30.765940444361107
4.800245171025507
2.814192211911412
3.8194323221189905
5.147827594346039
20.706208382267143
21.740617739614848
21.559691668316173
20.844352458513246
19.758320806754963
17.829824576480462
17.802380523607116
17.835349384740333
18.432550971956964
12.432761478182114
12.65534250131187
13.180255452010682
12.98379935034292
12.595655065161274
12.53128839977311
12.760852532154955
12.805014299436491
13.169993666527494
13.305673660031086
13.308141325775336
6.377875641074188
6.472189560665718
6.444729295831855
6.436078999974722
6.383303238709757
6.276329446755768
5.976722278333942
5.690650997289785
5.6589131089312374
5.025409566935643
3.7473659775195634
3.5699067825296242
3.050943382213852
3.8888691292821216
1.2308661432635306
0.0
0.0
0.0
0.0
0.0
0.0
0.6955016106180893
0.16824994976953608
0.0
0.0
0.0
2.4519179897970576
5.937364473035609
7.437489511121336
5.697415904230488
4.199755255907961
3.5430811074222928
0.7858230798649994
2.007337894787048
3.233422746328758
3.718895208695599
9.619447752886273
19.01262965830246
24.027359468698222
27.46022669847365
31.000347277484096
28.644794463073325
9.208941996322507
2.8044365428897415
6.01402325309523
8.431320444560875
3.3930741969079525
6.754767791318968
33.93853958451955
56.045954509660895
55.34179645212878
39.921869797649286
52.701000166059785
60.83028111068965
28.91955722631559
4.664223907052036
1.9596391152282178
6.349539783215428
7.153273483494361
6.699463530526658
20.020301025121874
21.770031839464345
21.32829234820713
20.71273869121878
18.86428470685656
17.95041637385712
16.247914080336372
18.47237031979711
17.536610529125937
11.693658492081534
12.596062136496109
13.082700315585198
12.800415404238551
12.340867745306253
12.353568620664701
12.731239475646458
12.978885048308307
13.304356408735705
13.447907069311178
13.621787474505211
6.494629608040194
6.493245305857385
6.567148777946826
6.316211666438693
6.1302680724786285
6.120403216545598
6.122980337633459
5.937004570976714
5.6762162275269885
5.4941631876764685
4.946056581433304
2.811944169242287
0.921393503916274
1.8810870789799274
2.406314085853835
0.27386081337533336
0.0
0.0626390861637388
1.6069876938060008
2.370021386968358
3.0978692543162447
4.537221006297855
3.694487014186749
0.0
0.0
1.0936592933581364
6.047508567343053
7.026144065745784
7.948899067137305
8.25478434712312
5.251930994802657
0.6023456385529142
0.2505563446549552
0.8769472062923426
1.9651161397962789
2.387653497492838
3.0869528333900016
4.523407451984443
9.196886069131576
13.860304705971448
18.803412905677973
32.40639871498187
31.366733309496542
11.729049763295922
9.733760159145696
10.14021825023945
9.753470353854784
8.905614916760914
18.89120453588471
44.074167819479946
58.608465618100205
41.242273465706944
21.468337818342945
19.38083775581723
4.95297151315509
2.4283401073970965
7.757548006177469
19.299639837471243
15.828493215915914
6.912867561365147
18.119495501941977
20.76972711881713
19.96657111375112
19.15368598038109
17.585517826325155
17.195433268399132
14.18777160168296
18.573240130475778
16.53239540273679
10.87158824025011
12.300111295976073
12.791877419760896
12.613026457265502
12.308105137055751
12.276043525114973
12.906278117907062
13.27118210571965
13.391063580230153
13.64924411301638
13.628586953625481
6.19900360561674
6.082108938723191
6.48757979070842
6.288726149651786
6.226824257502896
6.466880921786847
6.433203550918095
5.767982319617558
5.799771349429715
5.951073438586774
5.653752549647706
5.151173749060805
1.5123104510005492
2.2913804439307928
2.6342306331266663
1.1893606142027158
0.5735668063574242
3.1071626537693944
4.53731272359977
4.363367897389006
5.111327623101831
5.661648679230378
5.615035747030207
1.3927873266121555
1.6580970733501974
5.933004170220564
6.822430078723769
7.294848076983128
7.781807890840028
7.857033170297727
2.106856540107122
2.4447389708713816
0.8286982929407392
0.7203494908829958
1.3780598956022523
2.0888921691234534
2.808227951099446
3.0293108898613514
3.417003370744639
4.8393277490993425
9.558551596910556
28.973963466912725
34.28344439536182
37.21755419507572
35.29882927460403
14.716199731786247
10.451960850299471
36.32936616404164
53.4246801623423
30.942191346859836
51.39583130038162
57.51868505615999
20.13333746088323
34.680911447947636
10.203875824994231
5.916949996327219
13.83200594401314
18.497993212982966
21.420692601513135
26.188184373470783
17.97625820059409
19.615860146322277
19.381949417564613
17.92575689293336
17.625076764539354
13.587923365205489
6.973798395838672
13.47485248960005
14.917098078255616
10.442896144686012
12.167319054460345
12.966570854449653
12.591666994107314
12.435012617156405
12.367239302834093
12.529609239870073
13.020735791644576
13.328773553864117
13.751048163191859
13.852832829062931
6.225584166029829
6.363083995041299
6.171853223929081
6.157872548022232
6.321639264074262
6.343243089369654
6.309756642890409
6.069459531798266
5.822526867835007
5.868201147751345
5.803741519138902
5.551993616984767
3.4502437752942616
0.7467932644899379
1.1295766651293546
1.3130058916703764
4.323714946216007
5.071335073808508
5.241590495619174
5.334384953651529
5.568917316132213
5.832652257243815
3.823294032524035
0.9976716378418925
5.784080794089771
6.539493798497131
6.822905913750559
7.262557189549118
7.676802951483915
5.083003369728699
4.815831957241089
4.72945104945719
3.534392753993098
1.5832224639959813
1.552020119552544
2.8421137514621195
3.177776332270777
2.4768673545593782
2.00779432842332
2.011369585605681
3.116418462529957
16.312514262749694
27.04249591372749
35.313097165256536
39.40817094504421
39.81985184559943
35.3766119180771
49.758738072546045
52.15881047161583
54.27923921510345
39.23318918767122
60.77921866194901
54.65432612561408
26.53050498445644
24.08612965715134
36.01703258939057
10.861804999102345
17.829304803122447
27.37341661122432
55.654398726355424
47.150678203282844
23.82773317729997
20.119211225172528
15.55187864677046
10.93996393288053
8.053829696807991
5.860410252927777
8.641614560653741
8.487650269625027
8.157257489228343
11.954416480097585
12.968676685397881
12.649505579990956
12.543671942213388
12.331424517508413
12.582908939957257
12.870760848414786
13.322179791735463
13.670989783230269
13.712937252296015
6.274626514988239
6.322309813716884
6.275102350015031
6.287579764982373
6.364464506997782
6.275578185041821
6.308015743881631
6.020931543996146
5.847737839796631
5.716027993916164
5.647994415021682
5.575275122094643
4.163524552081038
3.7975490784935966
1.35375956372597
4.001187374657228
5.189797303095884
5.190972883117296
5.331497634544269
5.602228784848228
5.822856135605519
4.700559242431008
2.111421057221001
5.308930467623279
6.34317084429272
6.680523553706873
7.030949131559816
7.306715432525504
7.569227203007725
6.780664644537815
6.764210075583807
4.345252545475544
3.9904426939701856
3.690609152570996
2.796472545378696
2.3532563994091045
0.9818173155340447
0.1879172584912164
1.889313408184854
3.3775055269279477
4.582417183959761
5.181559206117416
6.487907651128379
14.431251453922625
32.947954178239534
40.49897561703297
43.939985503665845
47.82998089694942
50.11967678556624
53.01310450001527
56.69260489132949
59.05133071320017
60.894276221900654
60.714495400821086
54.01867425009741
64.21941773941033
49.93319575021365
12.705536304432263
52.99030673944907
52.17275051430108
46.12112604044952
39.86283463993209
33.6783996789717
19.375155877182817
16.34080876976298
6.471746679450525
9.760067593186
10.260376321360882
6.589205348411825
5.574670784652801
10.427523909050393
12.681363127983598
12.722694819824284
12.548724824495586
12.439967014453282
12.66401841625454
13.038813596743566
13.481300858416846
13.702291522853645
13.981666645564687
6.109475496753401
6.293559232947991
6.302112031775146
6.5277121851254565
6.323499401283862
6.274983391258333
6.046308540622527
5.907554744739023
5.87307363784369
5.908039532864286
5.863868234443329
5.592812082658238
4.333911803732729
4.00853884090084
4.375588541476339
5.027406289442946
5.30632539447616
5.653558916483366
5.770146129561417
5.731120433573532
5.584447049666684
4.78459833412685
5.944941899138708
6.43136866566154
6.440134409493171
6.348147858854543
6.8546854230601
7.022380260231683
7.431194605720139
7.471635291414126
6.626934450963713
4.4539858673228405
4.272076406543987
3.4707956362965273
2.6770032595107858
0.3758345169824328
0.1879172584912164
2.0627119290405855
2.5262212189984017
3.3860304829442365
4.06068593805987
4.5822181580290495
5.544540847250657
7.4726482613800265
16.99549736185855
33.452262028571326
40.781941932769236
43.85006225025191
47.18244508321544
49.84275420415047
52.26084755631007
55.14987788046268
57.07012642536128
58.38714221322945
59.07403858840531
58.57207248357633
57.11393841121628
33.68460546984358
25.14361594646846
44.31096309150451
39.428123946434184
33.894969815763886
28.362636437181926
23.217367321416887
19.204191452624787
13.379044428664129
9.545300686087291
7.494799860208648
3.1066400061162187
9.852087325152558
11.859149675702717
12.39104503518589
12.53097748075698
12.454660337829852
12.490025976225711
12.632295538967666
12.969880017368308
13.367943981250688
13.416473114181674
13.580623606324053
5.992007777247209
6.0430864012892105
6.301636196748356
6.314232849916521
6.206864393074554
6.322904607500372
6.327665445719644
5.9663928631074326
5.787628790117497
5.9521960108580325
5.8485723428767
5.177832821250361
4.359380766984547
3.3268932320299673
4.224841556593854
4.8852080114353855
5.181395047749202
5.465293648150879
5.676552352402054
5.812771944776032
6.070809835589514
6.0566129833401146
6.434672956621067
6.480292055863252
6.433203550918095
6.520730822644292
6.6647828927898995
6.835778236497517
7.16677719801403
7.3275600944029256
7.144215358881258
4.8319183887023405
3.9952195407410533
3.0490650631248526
1.1797814940245839
0.156597715409347
1.00222537861982
2.0044507572396393
2.0860163977609636
2.7585228722972093
3.366668560959798
4.612331254942627
5.317843759722126
6.021418196688764
7.431513351883744
16.280472024019623
36.99030672916484
39.89813430541064
42.604767085006806
45.082849786944564
47.74316922181899
49.19771414304429
50.747267707957484
51.53857302266054
51.5644541367978
50.48756135125536
48.33183572461116
44.81157270849526
26.472752600746414
27.482157444255808
32.91914970007179
28.146426530596067
23.48640307136749
19.70470398364477
17.34383766533275
15.48720906357493
8.64251644006799
6.3686772254923625
8.266655039463995
10.48508089489759
11.390227280848222
12.104736347215189
12.428413588114639
12.53023179387571
12.55262366937039
12.849280578911909
13.082114079131898
13.292584617280111
13.553737457973453
13.69742286946161
5.895273769261628
6.227538010043084
6.371539576282601
6.053693493053547
6.1907389487649445
6.079340893245823
6.210363398649912
5.834425642305094
5.828664421909336
5.940493038330373
4.974623341923949
4.383121672284519
3.7603987530994556
2.729173272036835
3.3531258280363088
3.8932900486848636
4.553149583518487
5.172631953841963
5.743893919927194
5.673256528436917
6.042156472406475
5.907338568396471
6.134837986308393
6.301585692842266
6.459675618012017
6.283905603020424
6.425057852822998
6.465675429927855
6.751033987206926
6.8940451247861265
6.5813824211094785
4.9091403987573585
4.0948880124301095
1.9547044600784071
0.156597715409347
0.2192368015730858
1.00222537861982
2.0044507572396393
2.237495444443423
2.715010076217933
3.1107733590221125
3.5029038092809612
4.4038132659510465
5.2311052186838936
6.335513219266296
8.103188266691628
27.537629153023786
35.3249462740595
38.118657538873606
40.00191092471872
41.55978292752237
43.003563689272795
43.70589503152557
44.0572251630853
43.63942557847932
42.84864447088589
40.81586406097041
37.939660754153955
34.698178117836136
24.238566552117526
26.787396244261533
22.625903954454955
19.532961060344526
17.375389288397184
15.872327819805601
14.4596340479394
12.833503111135924
9.339278664321187
7.227673017756107
9.439861638595223
10.67176944888322
11.407715353225283
12.079770004378426
12.300588139978206
12.463727101670171
12.887463406427846
13.02834221808618
13.06367214293104
13.392848873039343
13.458296910683593
5.562674492702287
5.832662200118104
5.907507678830963
5.973658856781758
5.957742846694425
6.098630487475669
6.114568238733846
5.895029984419497
5.663121196153819
5.57630512463559
4.698025922137431
3.8705841739646707
2.4310817085711696
1.2157036489216082
2.734503042675522
3.2968789604313384
3.96591371874025
3.505196277055762
4.150334700351359
4.761199366048682
5.357778316782441
5.7171840420157425
5.737393622254035
6.135339073288228
6.350984918070768
6.113360633313283
5.614696635706768
6.308159675147248
6.244228742014222
6.084887729082217
5.651510490874924
4.510030761394612
3.7971483724167263
0.5244171580302885
0.0
0.0
0.0
0.6890299478011265
2.0656083346751877
2.3226569764192178
2.842482888819269
3.1451108338303837
4.005379836828404
4.5234727600258555
4.8474163404440525
5.924759010408349
12.08703046753855
28.852685564919234
32.89845088222901
35.18295938514512
36.34959522230588
37.29209414693156
37.79189652510368
37.88769152122767
37.263091101383445
35.92829773888347
33.69382506566224
30.960983316076796
27.900806453245337
24.662962346867342
21.375769264990772
18.860951890793835
16.65443696431555
13.61579996129849
11.163750760643063
9.126835524464159
7.236752768591876
5.360991330726928
4.9274321550086215
7.003083794099441
9.171464293178898
10.795860011491945
11.640860395924227
12.070218036540378
12.52305696680464
12.76968920577688
12.697608310415
13.028643051078777
13.370117899260661
13.467993738541518
5.610973237288087
5.659563921721259
5.75904423401336
6.098295352376421
5.850525342682475
5.735101411803458
5.844794816556035
5.842448378882111
5.3761558913859515
4.581476155045401
3.655983611727336
2.0238451114184155
2.388891954037429
3.5631776085138895
3.5276156271960595
4.229061077908764
4.342741575651597
3.8811328416841238
3.8733289099998816
3.8012482169974353
3.67622264374642
4.446957575724687
4.8289278686962875
5.3641918174496235
5.8271730217074165
6.206031681777668
5.663103530528529
5.238598296542869
5.7139864254122745
6.020790844068603
5.788116359801763
5.154558834213931
2.783420294461002
0.0
0.0
0.0
0.156597715409347
0.4384736031461716
0.1252781723274776
1.8551273618276884
2.5403916349920013
3.1194738919256073
3.362209957312124
3.9297531434222357
4.368432915176213
5.159149659127895
6.460575862923872
21.329779164767988
27.35013360347442
29.307562576169264
30.508757091026098
31.10857764329991
31.326934195976193
31.24349799003691
30.23428549812627
28.98865832155904
27.08362090174301
23.756665091587905
19.607351550507758
15.59783767413581
12.730796468201653
10.746401671244376
9.329496074110759
10.09103843115533
10.54508745412913
10.922495051856826
11.046282889221153
9.629717313499679
7.199180470925764
5.440600080440288
6.57977281443896
8.948422027865744
10.461369739059636
11.482201539746702
12.034313397748619
12.38959767481691
12.613951709616334
12.734239104390566
13.049762512489846
13.443957611730866
5.229754646965524
5.466633386540506
5.738108276122951
6.072410034670749
6.011654247747148
5.761821232589199
5.6345908672730305
4.967035170424272
3.954282118652172
3.310605725039849
2.043179792136498
2.863888404178531
3.6429681013067725
4.101909884728647
4.217429477820688
4.335278573352325
4.48903343816538
4.564539079536537
4.624185754117921
4.460944114128701
4.488796190675141
4.444492589130442
4.096405383377149
4.102460707168375
4.4763987144469075
3.8519624201213523
4.329044770983753
4.054624111252414
4.1354479300109315
4.512686563002388
4.908892925500506
4.761345484930293
1.50318509802313
0.8252196001246976
0.0
0.0
0.565409724563658
0.156597715409347
1.1275035509472975
2.0976686321211524
2.3656287538612775
2.4937620632791315
2.9820620898761865
3.438594594552914
3.143156584647177
2.9119377051541466
3.1702318066713318
11.892124153483797
22.13494570201236
22.712679348341858
22.671510226843584
21.942115018441815
20.865835481303264
19.70491799203831
17.971045408675327
16.42882728335369
14.521357046926514
13.955578011605652
14.318590876233456
14.587546813820943
14.443858508850678
14.254558505155613
13.900591470677709
13.506172060696537
13.300093283010154
12.790714357538288
12.190171501432769
11.405987325224121
10.500110652304421
8.48719458388143
6.635592127149329
6.350279909514624
8.468547230313316
10.117424850492071
11.436022068522162
12.050230396329672
12.417698103484364
12.70106287907129
12.835385490662043
13.04787643358175
4.9509750084529225
4.929631046772541
5.437333286112997
5.471651454113309
5.551708633563312
5.009223468155605
4.890200707708851
3.6552924272888387
2.8344515076390357
1.608187542899319
2.9380484987861584
3.893692768719985
4.497540962867662
4.5685771334670955
4.40753124191589
4.617265728871589
4.671485875997176
4.851769615760551
4.790021194406572
4.930904088010914
4.788971542139582
4.86244852586017
4.781680515401429
4.932058001374837
5.500469852185289
4.854336365690388
4.957444134151172
4.56740154439142
4.464517164902016
3.89387909268412
3.6655083913158935
0.9074847264658916
1.009499698617216
1.0685016247822567
0.5637517754736491
0.8324526515778685
3.4098085706942376
1.896889588797896
0.6103400786422929
1.9104921279940312
2.0044507572396393
2.086016397760963
2.353976519501087
3.934789186065298
1.6054135366906865
1.3070772238752668
5.1200101738712185
6.127268777862174
12.067551355009034
14.393642112217831
15.834321869098213
16.914679867647695
17.786159531239097
18.44403881927786
18.666067941409818
18.792254549323694
18.4279380347054
18.393136782574622
17.896540335314032
17.571196936118362
16.94364847737694
16.345869152886774
15.528819057349715
14.32400083910415
13.971040300426719
13.4771290336158
12.817483544532472
12.224898516821732
11.609992442920056
11.101056904230388
9.479451121985468
7.457434976206944
5.55045102324342
7.507971164993337
9.623412728797646
11.205015745117558
11.985043710408458
12.403139256046886
12.611189672761029
12.848868636238134
4.810211242723033
4.737388546736939
5.126020987259696
5.080773122903328
4.459964863654815
4.16788268397732
4.001372018163344
2.4936078463070106
1.5833190283623004
3.355150048719614
4.052549414849415
4.518339260166184
4.541096058412481
4.580657708942697
4.84326209105827
4.846762052709564
4.864431389848616
5.037921041174349
4.675230902331608
4.836516728701974
4.931487973952304
5.1452074220615955
5.372798092638458
5.447942473871253
5.46194668273213
5.303311528742368
5.276085352495237
5.180880884149177
5.300666287869872
4.822560237663777
4.81973623945873
3.5264184391956914
0.3364998995390722
1.087407544867729
0.6416802559962749
2.517270413736606
3.813811625312268
4.098805014325658
4.218598775560525
3.489627409962613
4.051030382769511
4.552084789418714
6.0395479706128326
6.8978368117527165
4.710850020173449
6.259981193561523
8.260741974538401
8.264210085085375
7.4773999405377145
17.320287493560883
18.071894747849136
18.972704793787592
19.803920069344677
19.9989137460881
20.10664180435029
20.23906313168051
20.131391513914487
19.297897798855367
18.967274370898426
17.91312021252132
17.319444170401404
16.646954639077535
15.588110069256818
14.76558128276542
14.224304237646459
13.799086161188649
13.347721541193115
12.735144039037847
12.348892376825566
11.939371323623746
11.45983035194515
10.292068778359301
7.932537520429679
5.477466689728716
6.868727701365168
9.1605317480248
10.779585620607792
11.914724599316942
12.181533246220297
12.344936427174959
3.888258395877399
4.148300884642922
4.602037204853684
4.149280135116809
3.543856955073675
3.077941617066938
1.9186630084452285
2.0670622205849476
3.256803156886577
4.212853303416973
4.599841456415676
4.650752850627774
4.2561058795424325
4.647340604225636
4.646361353751751
4.665572151594324
4.872384276423858
4.860080801861042
5.04381797463912
4.989617305780534
5.037186855383599
5.2183307177464116
5.5229815857484486
5.542913039669841
5.423617146443308
5.5573478094326365
5.741913311621836
5.427916583923006
5.4589358421884455
5.085057004685385
4.479336465868568
4.004199913987364
2.686233063314499
0.469031757591833
0.313195430818694
3.1671465119095554
4.389299694547203
4.860715611328532
4.855269577411845
5.647540321165736
6.26038266961495
6.813595024428825
7.108980147009476
7.095915618983982
4.161668268665579
5.133819420512836
3.2083358664081096
4.131060319781426
13.411713033846123
17.566171103301258
18.488799804071615
19.351751338776385
19.84868044018274
19.93512411546324
19.832225929173447
19.8797810989007
19.35894610757199
18.80660033757735
18.22262422922434
17.503815949840337
17.01710241736293
16.28949391760867
15.566294112421739
14.666678855173558
14.030698901317859
13.816542532612557
13.517471251432251
13.039938258078266
12.822701058242767
12.412215329923802
12.214357271140248
11.9336082877653
10.814194578895421
8.827535418540387
6.153012915819521
5.84104154295693
8.338124921929095
9.9509719436282
11.566810522059983
11.842678670444172
3.8578379229646735
3.946702920897675
3.777109448242129
3.372169581032323
2.637542356784952
1.1733304654797334
2.708283381851998
3.4519188052809824
4.112426833904806
4.740563545648836
4.850182116304602
5.006331755486376
4.8739452153943805
5.128342672506393
4.405845435223042
4.681580900155404
4.880641851669329
4.904576926320222
5.0305812883548455
5.169317159602522
5.298821483288442
5.58162984228734
5.744806183184639
5.781844036767709
5.508977376887571
5.573789806224555
5.475140911242785
5.6270358146317
5.746043638667043
5.273729470083515
4.773614393984072
4.38312167228452
3.549987535089227
3.6911664780269553
2.2512292949607677
3.8291316445653685
4.693639799919249
5.089714233697637
5.7390214298348505
5.765241882639773
6.282152167346803
6.751805229460605
7.092406578870871
7.258760512681955
3.187714772042733
4.143790531455407
7.650378702332771
13.257706417547658
15.855864491949788
17.04418220155254
17.698994074762556
18.104060637600302
18.68621281658258
19.017954416904555
18.695018454381792
18.58495045625862
18.475405954948144
18.170012580739794
17.735192412068397
17.15413039652103
16.565116275656624
15.943698590194757
15.281887754724236
14.535128001599865
14.035507909546192
13.771998241949172
13.474084267472566
13.225507284425024
13.19354841164282
12.97154072492038
12.734107750843997
12.578340551489232
12.11226887375763
11.236359492447948
9.433112832865897
6.5931902967527725
5.296139610817273
7.543247183287402
9.234132406375872
10.422433169130212
3.2614268347111497
2.8547749857238656
2.5985702697044966
1.6861366576940573
1.185764722748243
2.796328105473909
3.8135408244362052
4.082648163359972
4.4069229929338265
4.994079204449662
4.732056020946555
5.094732301270443
4.984508168961535
5.401915393230373
5.065884428402341
4.888366464499509
4.934641297152446
5.218600145470221
5.138329402118918
5.338417659790601
5.634865017365742
5.650171742261114
5.63668944455927
5.7543684628550915
5.583933861908746
5.780124878929777
5.9037577610098815
5.691990735679411
5.516101868626983
5.5476941795050685
5.061447221580812
4.7397450995461305
4.500543986218444
4.127434105271932
3.7077260490277633
4.5541288339923724
5.1403609921887154
4.942467483750643
5.081895864292342
5.849026436732645
6.203479812642852
6.879969523499418
7.259252140765598
7.247342928890342
7.314030408991922
8.670186126818722
10.561034206187887
12.768322647242059
14.74816890563512
16.1367842603348
16.938092118300176
17.540229345588976
17.797296731194518
17.797452546231213
17.941740662500184
17.82093785840011
17.60523502153374
17.243193147514248
17.03308876501523
16.68096421687082
16.17436086062875
15.619410991210511
14.944066034424472
14.508220758899386
14.143262051703452
13.986970125981474
13.81466665177612
13.632697634959845
13.41832189548212
13.202060203711481
13.210252866606385
13.118910085254027
12.787869013543057
12.56522481986213
11.673574424850424
10.077163495322303
7.083088979454844
5.178620604234576
5.979053519315565
8.162455563414925
2.761536476570241
2.080897729034074
0.9235561437330989
1.3363585751618183
3.0892483654835434
3.5949368435679165
4.1837847289064065
4.379269942318095
4.334299322878441
4.86031536202236
4.947349109992943
5.030021765454129
5.3548846990749315
5.376228660755315
5.1165098490428536
5.345279124831238
5.203067326166012
5.349177476205141
5.385798687984777
4.999222200572492
5.422734357981986
5.572880628736844
5.3924926188222715
5.953915168695966
5.949903800407457
6.037874700552067
5.737427098082355
5.553478932854856
5.4427819145877185
5.720287222592358
5.518802973321988
5.467042280784933
4.949656936720789
4.914486783066596
4.508455963905238
4.653453354559197
4.685935573365187
5.185888118393237
5.308852962758122
6.076023328109843
6.29437020307403
6.923446398273173
7.1682561108393825
7.2802471118319945
7.8362671518217075
8.957394262783245
10.516535001218253
12.319724545823739
13.705504408850615
15.171993524964858
16.027532096152704
16.68307829707859
17.002484160623677
17.051704090433056
17.041136092371815
17.091760931723055
17.01031526787969
16.655623168286443
16.214467501059392
15.99453582202796
15.56855957336876
15.292144944103356
14.83643623958102
14.579675996484685
14.426467998898662
14.046396237297756
13.814931082788386
13.643843149970138
13.6554092926428
13.53924662741887
13.277388651612801
13.343512807268914
13.136689436024426
12.97414449303828
12.85332527086996
12.134832115671607
10.681201578891184
7.863706819045549
5.416531680870749
4.800502558172687
1.2957535007168333
1.1275035509472975
1.702980829782391
3.1560819371019386
3.558832507897506
3.803023875260049
4.106941537536114
4.301382228544789
4.292939975771632
4.965682231129642
4.76171116872743
4.867172802668488
5.013835666674096
5.262305540864406
4.985708121077885
5.29116424706125
5.449855264873521
5.693424910095889
5.408310421547935
5.568763991092741
5.930865724645021
5.509838498691405
5.794180229244265
5.827064222828101
5.964284342946905
6.067101116347751
5.825418749621992
5.823429188218162
5.90024168515664
5.7912638247274355
5.599363521785008
5.733196467681559
5.375294769582116
5.330680196700226
5.493969554512131
5.499926274368769
5.3485177957042795
5.3498059428859355
5.757862797537488
6.561364304041163
6.826946195702947
7.205811689989134
7.540212955879763
7.830223107965192
8.841863287866556
9.2943593668728
10.259434459091686
11.844020369668739
13.148695040026258
13.993589859977645
14.74861364978296
15.41930859773227
15.80249692575918
16.138344210158056
16.08316163933576
16.187749421229068
16.212237276491116
15.992824040278112
15.795735266618292
15.46786946210419
15.214208108640142
14.809845340931453
14.765439213192867
14.611335103533209
14.40009713757582
14.209464047119479
14.051822241068468
14.086525473062558
13.836652033776977
14.014423338404377
13.681000063968906
13.836203157368718
13.421928194408993
13.372258970611409
13.085719343096134
13.090168685511289
12.230237988321447
10.721156123602652
8.215036399698937
5.4013310878972955
0.3758345169824328
1.63151264589181
3.246368744798869
3.689072576641151
4.004032795006035
3.6701325796746396
4.353881122212838
4.179867727010858
4.848433812477474
4.904811486481539
4.921826535886101
4.831555204403417
5.048687986275783
5.524741051711247
4.995288652829167
5.310837106587575
5.22626821502616
5.323684376894421
5.512897394918962
5.661402038315887
5.840352887365608
5.829268168791297
5.857510428480897
5.939008639451932
5.956931876568386
6.045735488009883
6.005017325691999
6.072647952184144
6.149222531609225
6.204669400209831
6.184330918340549
6.2577335828942795
6.247854750741518
6.095408348142356
6.220641429303694
6.040437314568541
6.222625196162956
6.487936666978514
6.697313878989237
6.896571468326606
7.243634994595123
7.531564109369539
8.396646178355555
9.162482451076226
9.696759484775116
10.31503619186164
11.02481289868671
11.731142203125787
12.896839778299928
13.395750996247601
14.057044415138789
14.525472011749414
14.914120574995806
15.255737686693182
15.307326440279121
15.281368520193228
15.310440215007988
15.171047791019221
14.99610423977368
14.847036855683461
14.754247678843022
14.749205131494818
14.54717421871162
14.436805745094622
14.42207787710936
14.21606579698388
14.143954847151099
14.323064378947112
14.046770634530937
14.138271046477783
14.326392226122472
14.219708751270721
14.121578132011319
13.639373441516286
13.51849480371208
13.215653001284753
12.98001970396926
12.239666565889872
10.689903367856711
8.438874747223698
1.1464301053048822
2.5156240122746683
3.3133304495033062
3.658500979586564
3.8489929501563935
3.842560121857113
4.1766274561698395
4.235915831225973
4.4186055165480065
4.954488828623075
4.971609147383233
4.747620012225674
5.197570642007418
5.535982181094766
5.304318167447038
5.5303430052254425
5.382225628157192
5.75646704014133
5.577709824255945
5.643332233943153
6.009935089909215
6.1268080156319185
5.9243536178010325
6.037658524209516
6.036609636570082
6.270067066596005
6.102187761908231
6.169896148577754
5.963138237721617
6.226229463719405
6.260764797838087
6.328260239503134
6.65053904741661
6.459975315164816
6.3650845527343165
6.309637684133711
6.63576886311044
6.660986862511565
6.882957127586044
7.2472244975490145
7.584440430404382
7.996246351783135
8.80946305509727
9.35600672442769
10.10765743803223
10.746832394910173
11.210696627663735
11.997783518353542
12.777227519794788
13.361592078338612
13.457062960717321
13.745772021919333
14.062863946117078
14.382953220877933
14.606548453861054
14.508074493737888
14.453626180696206
14.715883456283947
14.66132722313022
14.529657774682846
14.600545732020914
14.415453430568009
14.257522557089144
14.48015420017448
14.475317800898193
14.431296443335096
14.404055184681795
14.749113035961825
14.629300742982645
14.52447237757898
14.464999914469692
14.529554838059623
14.289208582623312
14.035768154847446
13.628529388814718
13.5708042551122
13.116948544709345
12.425536755632072
11.345250998931537
10.29626525154838
