4.771009422494708
4.538292060992406
4.751395442926735
5.230174374538697
4.044742219033336
2.876062869153361
2.74804719166528
4.256667209450432
5.03005024104585
5.545256391574029
5.758759250591906
5.833230286730739
5.347380787887213
5.752452586083085
5.274302522696161
5.487469256838971
5.6668987224744845
5.584067630218379
5.554000844013889
5.648034723146551
5.625459148504494
5.758186197979261
5.772287723747357
5.513995444460375
5.572450067834928
5.7034146648985224
5.95767502939134
5.613747150094193
5.870744865795057
5.89273777396892
5.645205692662644
4.152917298677871
1.9947849731134144
1.536730725193657
1.6926726595227348
3.278296508277719
5.939124025071498
8.318566562357836
8.915061205358045
9.058325123137344
9.450197559496141
9.572027563133396
10.12081152115147
10.178941126642993
10.10235831118408
10.29456942990191
10.288948171196475
10.230209542138848
10.080961344352596
9.995396056475554
9.840171753987294
9.320641712299198
8.648689297470348
7.129609169800441
5.1904876358245575
5.085770603786473
6.468206482817269
7.8025758448822735
8.765378109993213
9.453694062820524
9.871137208268312
9.870090086315443
10.101984070470452
10.185750104430246
10.41652586643287
10.425526452279355
10.343843029399828
10.315467298869528
10.202840569320603
10.21617161844642
10.323513492925343
9.69923390748241
9.694073580756093
9.538308172002797
8.058908803842161
4.88203262857274
3.3145689060478993
4.0297398582344846
5.053982011986
6.03260202568266
5.0044609697877585
5.238790193786684
5.628375553021326
5.59037031850301
5.17460027080555
4.501773186149143
3.2487112101593993
2.539091275631071
3.655053344956073
5.083969788472716
5.5064717716534455
5.409087940653661
5.581140392372803
5.7524014446294744
5.129930171962344
5.157624131466521
4.905531813753432
5.010391240038384
4.782320944617064
4.9055456722722885
4.8145645180395285
4.382777721162288
3.942685949045639
2.515681774234919
1.5942844633187165
0.872825989838941
1.1128860195898505
1.2137286125346498
1.4863230661872566
1.9057674917924299
1.4085672498727015
0.2505563446549552
0.2935281220970137
1.0627018249667337
1.2162403401054542
1.698045589963638
0.9737816069004408
6.767452263505424
8.581981817207685
9.01152909257883
9.071990572436444
9.42381710287026
9.659974642466429
9.895000552650401
9.934341328901928
9.993811814771309
10.10629767966054
10.04060921569508
9.835047060048039
9.500302939132823
8.949135231160236
7.534276122954053
2.475721706256014
0.0
0.0
0.0
0.0
0.1879172584912164
0.7472304946974357
2.06329000468708
3.9784428525535804
6.058249878412394
8.09432535656586
9.579893475363365
9.904525786752012
10.023214872296096
10.256396035958936
10.138844420275493
10.023844535299743
9.86935570097375
9.416833710334686
9.750349047948081
9.364540683062435
7.4296363621516965
4.3569477950720366
3.6781337024470635
4.428645189333684
5.885438473218624
6.888657353584246
6.6773355663345475
5.4421144259482235
5.906765515783828
5.80182971791245
6.238707158130875
5.7281705532283835
5.58462984950228
4.554432394304207
3.237219816096683
2.214129072906707
2.789825522337363
4.3000907454919695
5.330365738482651
5.093892846124098
5.10556151121942
4.735391824229633
4.5585473812379895
4.094134813009086
3.81929764672488
4.314192494666177
4.2014875936366805
3.5438480633921534
1.3780778687814141
0.3758345169824328
0.0
0.0
0.0
0.0
0.156597715409347
0.0626390861637388
0.0
0.0
0.0
0.2818758877368246
0.3758345169824328
0.5011126893099104
0.09395862924560819
0.8545392980257656
6.719118806665623
8.235038755972107
8.841863145630127
8.998499653825549
9.247037598045715
9.771299049845851
9.858315230447703
9.951057280715675
10.011571894405648
9.861210231414258
9.578087670262745
9.149402403098673
8.445782591746664
6.9665804492913415
3.082816795077465
0.0
0.0
0.0
0.0
0.0
0.0
0.0
0.0
0.0
0.0
0.6127061176743486
5.726334463712074
9.35903647929784
9.669018189426238
9.674570352475515
9.550897222744297
9.425332917813124
8.94574923539877
9.246516699290853
8.833769343295295
6.410930379517904
3.520624645695463
4.060160331147206
5.372762072507552
6.662393095987135
6.85016629258055
7.076434138676408
7.031932387727099
5.696539825329978
5.880476255900002
6.3307871361290315
6.350628041800676
6.1225262437775125
6.032728044704098
5.712862863365199
5.105410203111398
3.7447841823515784
1.5715495953636807
2.3630139306187146
4.0664949493245155
4.6080072274404795
4.863626802264765
4.390157892986077
3.2118170736945104
0.9468399781813646
0.0
0.0
0.0
0.1879172584912164
0.0
0.0
0.0
0.0
0.0
0.0626390861637388
1.3816970556009505
0.2505563446549552
0.0
0.5324322323917797
0.0626390861637388
0.0
0.0
0.0
0.0
0.9781801555353465
5.200431461207591
6.909312052760387
7.484974623138198
7.680950507268828
8.01167673280215
8.149835221111648
8.291780049881893
8.343036686108224
8.50446487656004
8.477687153437062
8.285403830196934
7.7440172667896165
7.175158387407959
4.062711966917858
1.4849205819375613
0.0
0.0
0.0
0.0
0.0
0.0
0.0
0.0
0.0
0.0
0.0
2.745620802598417
8.92523052203398
9.159773387939227
9.229429095818775
9.289630009691175
8.708212408021534
8.739246915372437
7.9118150268507375
4.8738971474349215
3.271907147590494
4.404403350842782
5.768300719782824
6.962249106507295
7.040710799880043
6.978379596262211
7.0022416701691075
7.108215890563199
6.044791052055756
6.1215963148947745
6.06765242778955
6.205458629165025
6.203241895129457
6.235582236383414
6.243727655034386
6.142983684403491
5.308797379572219
4.2290090007768315
2.2578389436199098
1.0695609798720813
3.2986264216444754
4.082834487324105
3.873553643929627
1.023945167251445
0.0
0.0
0.0
0.0
0.0
0.0
0.0
0.2192368015730858
0.0
0.0
0.0
0.0
0.0
0.2505563446549552
0.4617780718665498
0.0
0.0
0.0
0.0
0.0
0.8872600922882521
5.438057150284912
7.060943867669398
7.621740215336783
7.852035007394969
8.1385759441707
8.380977089355218
8.479754318803971
8.475444602204558
8.651582675492728
8.535578767728742
8.106109000562693
7.545599137213246
6.621566314475387
3.8192579091178276
0.8922366006512298
0.0
0.0
0.0
0.0
0.0
0.0
0.0
0.0
0.0
0.0
0.0
3.1600394566452654
8.505285211063581
8.72159858190058
8.591356815640108
8.378321508684136
8.166958650607029
6.715312856627316
3.0135443797175623
2.92925823713103
4.737963458933145
6.187998998278604
6.924811782663594
7.1009273847949075
7.2376968510835225
7.3950383508869315
7.164772079171566
7.138635098887489
6.075999795155813
6.176372913296883
6.261597509134972
6.471569514929183
6.4041680595119175
6.426510609856415
6.1924078821409125
6.129911196208535
5.87663091227625
5.472224506725954
4.242848370032796
2.8819608240068177
1.3263322894346075
2.588217857213583
2.5518994294474027
0.5557367011121579
0.0
0.0
0.0
0.0
0.0
0.0
0.0
0.3758345169824328
0.0
0.0
0.0
0.0
0.0
0.0626390861637388
0.6263908616373878
0.0
0.313195430818694
0.9745429955366487
0.0626390861637388
0.0
1.9450309276467668
5.976863359540321
7.100912362661181
7.5604133531882365
7.8565637804707515
8.241417141311723
8.406497048643267
8.601446625125277
8.729367135338713
8.787535421004414
8.631304369751808
8.370365350356625
7.6268872682029505
6.846016510767659
4.8218195953252625
1.488599010480484
0.0
0.0
0.0
0.0
0.0
0.0
0.0
0.0
0.0
0.0
0.0
1.7136710506893753
8.316386763666928
8.524306697164826
8.226012674263316
7.427378655394003
5.352670281331743
2.0912096134008094
3.026972010276434
4.77331814637648
6.204273117143599
6.819915296163562
7.123205074590377
7.006977557792416
7.081021919931316
7.30823501393723
7.196920937147763
7.228954204610554
6.129792237451836
6.308588796494276
6.541956030498746
6.376779760310862
6.379821161248076
6.377994599830886
6.280746403437275
5.799483280238526
5.411905148033005
5.10282009839955
5.04760717108815
4.058727437112095
2.581572389624179
0.5637517754736491
1.2753454376310573
0.4071540600643022
0.0
0.0
0.0
0.0
0.0
0.0
0.0
0.0
0.0
0.0
0.1879172584912164
0.469793146228041
0.0
0.0
0.2818758877368246
0.5950713185555184
0.4071540600643022
1.3022664320780215
1.0641237104194634
1.5251403936498054
2.6351133949230343
6.033733335001419
7.381837488801776
7.642984202907014
7.973703983590796
8.265687200375021
8.541358343278924
8.741783923779002
8.734437963051194
8.7064258805981
8.76364356506139
8.386261130359113
7.923229014956259
7.376384509991728
6.024565332046298
2.4763684221292683
0.0
0.0
0.0
0.0
0.0
0.0
0.0
0.0
0.0
0.0
0.0
0.3911239113413198
6.901962337007323
7.234793968820727
6.9457262532059465
4.223416454255283
2.131014616069509
3.307803374056217
4.531088777697296
6.174650740956013
6.533590365834772
6.836420213526811
7.057050346163913
6.977505839955431
7.212996786549824
7.346322015425026
7.399394313107664
7.045988096152966
6.19205100587082
6.123218255146854
6.27510235001503
6.261240632864878
6.487817708221816
6.185001188539046
5.977054182095117
5.689359314584033
5.4869473456799405
4.865015275790005
4.989886733504347
3.988062268004483
4.086310359218919
3.3278724825038535
2.1097886663025327
0.0
0.0
0.0
0.0
0.0
0.0
0.0
0.156597715409347
0.0
0.0
0.0
0.0
0.0
0.0
0.0
0.0
0.7589433539622611
0.5987084785542163
0.9302318697303109
2.273706297706868
3.1606785594768056
3.9571511129630896
6.749855371670695
7.281757761762897
7.815125158231508
8.174404787544217
8.304649297827268
8.5951562935672
8.800505081811602
8.872751807737878
8.713207053974568
8.708239339923495
8.61620407335048
8.344279834628837
7.865336429984236
6.943945835330942
3.798945874037649
0.0
0.0
0.0
0.0
0.0
0.0
0.0
0.0
0.0
0.0
0.0
0.0
5.552345460799711
7.273734674575406
6.541047563342728
4.649142112740244
3.6711386381235442
4.360680095424158
5.07930475132183
5.882511091428706
6.4837622987033665
6.800835522202655
6.874356866068958
7.166996197735038
7.104620296956403
7.429120796345634
7.623917447661202
7.506374682536861
6.205674805507575
6.370133812373072
6.515303225008724
6.315854790168601
6.051520241359669
6.19149969442902
5.497703786259557
5.116674007411067
5.34469523888985
5.128926558447782
4.688699951332446
4.2620466543148785
3.9799257447940275
3.645754728586568
2.0241267710532878
0.0626390861637388
0.0
0.0
0.0
0.0
0.0
0.0
0.0
0.0
0.1252781723274776
0.4071540600643022
0.7035785877959183
1.0910653391385399
2.278499377161709
2.37510680077657
3.241616349219308
3.35991875267195
3.3749562083121196
3.6845982492896447
4.766018405291497
5.714148766930519
6.410943431643938
7.393827163517814
7.5902997193805755
7.931934007199809
8.321107604127464
8.481080637486514
8.64657130445084
8.839511451920572
9.016858920538768
8.926751292621073
9.085533267203223
8.68721903851649
8.651165195728431
8.369160339209024
7.616256293616918
6.473930434665309
3.532429966612204
2.232854207785139
1.4703565722490994
0.9172032686721504
0.42242282015107663
0.0
0.0
0.0
0.0
0.0
0.0
0.9530761540519824
5.938189660665837
7.27877222758107
7.122713446506734
5.534417252612812
3.747072490381721
4.969696685187886
5.069793613104989
4.649228976664501
5.468728820676972
6.240707715823892
6.843723741428831
7.110837159483538
7.082573379190684
7.379877067120113
7.352979718222103
7.246697103785393
6.546619371688039
6.439301698196286
6.494391690526799
6.508253407676949
6.294251244317333
5.709500187064785
4.831296281201423
4.124193834430912
4.204159454750558
4.816439087482266
5.101502026667415
4.261726576349155
3.7603987530994556
3.7919496006279303
3.7138723527471496
3.0480214016733114
0.733700942877419
0.3758345169824328
0.3874867513426219
0.9395862924560813
0.7436539596033741
0.9432234524547793
1.7981366470283677
1.8920540077297507
1.4187681414077997
1.4885371076641472
1.5189714564771326
0.9520731844537338
3.68695745631429
4.220924554698308
4.364890124915833
4.231019578856539
3.9841452661089365
4.719966961609943
5.871657129052502
6.539756967963571
7.100828122580041
7.726848577642802
7.6725465381230595
8.140607051132964
8.350896367046701
8.56625052751417
8.864426734185285
8.880766402077676
8.943324353831448
8.964613450044608
8.948148527614293
8.909011233076903
8.785090106926285
8.738378827586734
8.338087240826136
7.895919136324351
7.68758248462458
7.008053889939137
6.499223678280269
6.385496194751809
6.102573869580401
5.271071939876603
4.230126493918724
3.0182055580519656
2.3763646312215423
1.5831523493932045
3.135419426547405
7.09344133938587
7.3314931190720625
7.312168038606362
6.956960640639794
5.439687607697499
3.7563937930130074
3.6829227468001706
1.4821770409400117
0.0
1.3224746065052795
5.059119035102841
6.7637537081749
7.206830711836396
7.438855616724393
7.454875648406571
7.6102310481453115
7.440241758403379
6.726472119378439
6.4663113799564025
6.116763231598569
6.528332230861991
6.051617458945521
4.926291191932155
3.6522326423492704
2.692732780687201
1.7546918232680189
1.9891244719751282
4.21217978250579
4.362017645423297
3.7669107421891654
3.4680090090167313
3.5338973313534767
3.658500979586562
3.524495033089236
3.2679806028792564
2.966779302511544
3.464665056280976
1.7419692236815916
1.1135465164063725
0.5083870093073062
0.0
0.0
0.0
0.0
0.0
2.8815388233000863
3.8791426221930543
3.8923107982109757
4.237568602611044
3.6914265302720577
3.780604540592514
3.3691004317980884
5.882409290481105
7.393983563359686
7.627776347172272
7.950067340709002
8.1253328015333
8.637666793829922
8.97025482282632
8.926271213629574
9.12771676551362
9.108311931602195
9.116776196820092
9.298621479819818
9.132575074239213
9.084669875134061
9.14527656201382
9.09500042370709
8.70258908687693
8.602259443777347
8.549886287103785
8.42303836049686
8.261954017784042
8.35475812385506
8.105450801315175
7.671123286931878
7.788288238030479
7.180862536549445
6.923800498553421
7.34855758256102
7.8998428462566475
8.081029525294504
7.630842658466017
7.008774850971948
5.220959274585692
2.215338784472269
0.1682499497695361
0.0
0.0
0.0
4.0469980859820485
6.365386391485281
7.193479540562274
7.274764830724057
7.358126771088263
7.548567460183101
7.5359000825144715
6.288369273381693
6.406573621655747
6.30246890804524
6.1651960002579775
5.750784569698766
3.9759534105990006
0.47704683195332426
0.0
0.0
0.0
1.1133674149516035
2.936890146857504
3.203826159726727
3.8030238752600463
3.475182005457133
3.9708099711096843
3.557160531529629
3.871141499420628
3.7422146479778995
3.78117049707686
0.0
0.0
0.0
0.0
0.0
0.0
0.0
0.0
1.75984075040272
3.626950132058088
3.7743070972584993
1.2226501001060794
0.0
0.8798436119269453
1.071336127600522
3.3760553117484644
7.201078643193745
7.922766288956697
8.356084905119976
8.56977295513246
8.798929515722254
8.985543898401865
8.958263661815945
8.964380056726627
9.185419871299262
9.36834956434638
9.455603944087008
9.134964080754202
9.586213813273021
9.411433134642568
9.329075021204831
9.283753630698754
9.293912730209033
9.2660044061892
9.303233474597867
9.093685394847721
9.080600954640326
9.153777507148348
8.835243917823453
8.69120387242395
8.656865109311143
8.489741188608035
8.489318058962885
8.355709607857978
8.308402374740961
7.7017068724115605
6.901685636097395
2.8395243672037385
0.0
0.0
0.0
0.0
0.0
3.8236923463960544
6.869170199447157
7.197980768323491
7.2866768834272335
7.50895512838642
7.763330752001746
7.422288139238691
6.5273048049492735
6.726472119378438
6.344173018252391
6.370133812373073
5.437185142237546
1.843016464475583
0.0
0.0
0.0
0.0
0.0
0.0
0.5477216267506667
2.996763824682502
3.8302357958750455
4.031380116059067
3.953148262757448
3.977967243846254
4.071202887236028
3.132421113275594
0.0
0.0
0.0
0.0
0.0
0.0
0.0
0.4071540600643022
3.5000965477290533
4.480154911971274
3.8411746700691314
1.3828643412420116
0.4384736031461716
0.5637517754736491
1.7618199613114087
2.8231834053352745
7.322272819644763
7.7132844113579075
8.285295343606377
8.485889902188864
8.676497957757443
9.01735672831611
9.128927063755553
9.222165670970705
9.487282704027573
9.605913788997492
9.579385991357773
9.282338700006862
9.580093456703716
9.854191892236942
9.584504178664528
9.548855179138174
9.608288247692624
9.560361550147313
9.444940100363477
9.477639096880006
9.706599520160601
9.70541641135665
9.380348960849767
9.295124939768234
9.30030047601498
9.062618021822908
8.978619153013295
8.849622205775425
8.606853130100472
7.673827696316147
6.611465579460876
2.859473821394195
0.0
0.0
0.0
0.6408775988158417
2.735233510992142
5.797601797594501
6.9669799151889285
7.270594943372269
7.5645360125452195
7.580804027469132
7.731136882593619
7.610391322077209
6.330668177372332
6.239637087013612
6.370468947472321
6.141145567808862
4.173382795785041
0.6963042677985223
0.0
0.0
0.0
0.0
0.5637517754736491
0.0
0.0
0.0
1.438180418580505
3.8713037078336785
4.225987926049072
4.477588162041438
4.397315165722647
3.220296538209846
0.0
0.0
0.0
0.0
0.09395862924560819
0.8163193314943233
0.8906106520182512
0.6256294730011799
3.3465709662191196
4.791608693862521
4.170188124854326
1.7090027416461266
1.4238868101346889
1.7042399205990975
2.051671934406375
3.9060002915649634
7.158078610694516
7.912041110113526
8.380772443947563
8.560353620537962
8.846023185719032
9.201790211376942
9.403904354013868
9.493186919933464
9.268752060560088
9.619808482220286
9.67892877954473
9.725465120344058
9.88057472495231
10.223031563721612
9.937268837072912
10.079710911066677
9.97226448994228
10.08121676664261
9.971822273112522
10.028752287625636
9.948622078828981
10.027637806571958
9.818201390271579
9.672561893406789
9.772862905995934
9.674691556988027
9.304094582855988
9.23444078629371
8.832740728989892
8.246152731578873
6.880905763177355
2.465910022797615
0.0
0.0
0.0626390861637388
2.5089482862774566
4.50643872223846
6.203739471327093
7.13114833694444
7.4298045899511305
7.68169412425034
7.4715146572522375
7.746243697534495
7.884926636301625
6.648484195591177
6.527924850685808
6.467144091253287
5.919600086465389
3.140951734014647
0.156597715409347
0.0
0.0
0.0
0.0
0.0
0.0
0.0
0.0
0.4304585287846804
3.1445122398302
3.548784925986407
4.666153350206794
4.610743755486676
3.719373500458627
1.2700312833878216
0.7974959484973012
2.1569202676492663
2.534181429275102
3.249237909167114
3.270829132975389
3.640452274903038
3.6885152511851915
4.127722240361982
5.40949683489809
5.83841934496831
4.950484489146234
2.979854565109244
3.9003539527171642
4.489500742671332
6.077228387868869
7.738700726894031
8.157993035340949
8.625307946288347
8.964380056726629
9.110462454851442
9.304268543120665
9.52240194749833
9.444396480789353
9.456624180662958
9.714986336705541
9.709185257998746
9.754221598220497
10.178866665722744
10.167156295233287
10.237185451842889
10.07292656808015
10.261643053950735
10.388475780477284
10.00158026861736
10.070061598236553
10.115210901883577
10.197155455042656
10.103672600042502
10.13715589070344
10.376136888352587
10.205692183173745
10.001193014638725
9.498259318981116
9.30123187680681
8.351787506661998
7.159509576534079
3.127951892091853
0.0
0.0
0.0
3.1350785895090656
5.104784439138948
6.45139698494049
7.344237071749135
7.797304339884519
7.814430388238855
7.961451913902754
7.934636188167705
7.984184751616942
6.617243804770996
6.740183180423026
6.351103876827467
5.867852994882347
3.331655035116717
0.0
0.0
0.0
0.0
0.0
0.0
0.0
0.0
0.0
0.6380430959975769
3.4852770296153643
3.7680589464869074
4.616248256838175
4.5507818595193585
4.778338670792392
4.585990234733078
3.9072986984406195
3.4852770296153643
3.952880943160357
3.7217174408094307
3.9611685905126794
4.18513498087212
4.923717322369691
5.458047211206393
6.01708212482684
6.234054002934989
6.408891811156579
6.299030592369375
6.405242199104396
7.0525720647695165
7.639994794635157
8.097457814150314
8.226296285949047
8.50562901639267
9.055268837383169
9.288139778713655
9.389677251793445
9.500087897255222
9.668641562623717
9.470110316251303
9.799985817151438
10.059207922250241
9.943076422412204
10.204042889113344
10.430773470271161
10.490398793896745
10.390006738759816
10.45311619323697
10.470934032211165
10.316946148295715
10.543957042662093
10.488928178469289
10.65207115369503
10.513624004279277
10.327870046566725
10.55232990465922
10.426158969277779
10.293072467047367
10.13056757770348
9.79286094624557
8.897123798755912
7.565021172740732
4.220159748776284
0.0
0.0
0.0
3.0968623642080164
5.680473346275532
6.627093784866302
7.45389239223929
8.076050924471748
8.171249704970073
8.270444619137578
7.879782572941332
8.14539159023379
6.813049767703556
6.761229466718499
6.558952575945638
6.32152058476169
3.5922665594851386
0.0
0.0
0.0
0.0
0.5950713185555184
0.09395862924560819
0.0
0.0
0.0
0.91190390937291
3.242446832335041
3.952323617704399
4.416751549981358
5.022913218798909
5.321752944424772
5.223782371411246
5.047012451818018
4.4258264147772515
4.838862776989346
4.930042957152815
5.0528097356753365
5.602776194579193
6.313875973646426
6.5250372875634906
6.621261848270711
6.79299619647156
6.9814774711324645
6.971185568220695
7.202423270295602
7.605513337754779
8.218348475325094
8.129929231879018
8.481158692268515
8.710504947902118
8.926051112667125
9.298734359017994
9.466714050526013
9.612947885310946
9.567131296830516
9.88051152101396
10.23172875370522
10.256770276672565
10.166407813806014
10.244251564546522
10.60362466758216
10.801769554408004
10.709798005908276
10.496510257744667
10.763087913761934
10.413071595725812
10.658350866502495
10.551074678224253
10.752137996996627
10.854468371730048
10.813113805339484
10.780509385571245
10.777945276560157
10.746358472567866
10.432446740409627
10.040609215695076
9.23449203699433
8.386190066910581
5.0650318400117476
0.0
0.0
0.0
2.448973948072675
5.529618363493849
6.77614999997032
7.715306026927411
8.220826484726913
8.236820710966008
8.091671281737487
8.23631591722008
8.390557412366558
6.667535592863501
6.65905096944283
6.534787254410275
6.273480409762951
4.405340234689342
0.6292253644556528
0.0
0.0
0.0
0.0
0.0
0.0
0.0
0.0
1.5025147764771847
3.4430531982005883
4.217359349311779
4.9875190095052195
4.9205883622102204
5.023077377167122
5.397521519723822
5.195335992558137
5.277667121323622
5.596707447583769
5.731948079549048
5.950125844078745
6.2461138517327415
6.735009293357703
7.047522699698423
6.89882006792
7.065565061435048
7.295677136129106
7.507725058535859
7.72460368804846
8.001957620516299
8.445538507859304
8.47514445386629
8.52044972341708
8.736677049806502
9.116776196820096
9.284230247700593
9.647331942490068
9.87552928593945
10.050331276819094
10.062188856522688
10.138782825611436
10.229206883142039
10.360680458089053
10.487903460587319
10.714108966801515
10.55818309222236
10.652363754340593
10.911367489160797
10.793004410136643
10.899454066308147
10.960846416659113
10.869370570323756
10.927103767690372
11.014881122267782
11.039388751433709
11.316619766751703
11.244428247755211
10.971722670290047
10.737743617086135
10.488971981459155
9.87878548098951
8.932537010699155
5.902484439306192
0.2505563446549552
0.0
0.0
2.0702925645350616
5.486932443130799
6.93900277031838
7.7470061247970845
8.185382801336308
8.174340975829919
8.345632885004157
8.241695461154585
8.440123495882963
6.772450997155923
6.811947552779575
6.965902181294869
6.739265254370813
5.397825223075492
3.5262050875199664
1.7150979997539524
1.1031825847989027
0.5557367011121579
0.6183757872758967
0.09395862924560819
0.0
0.0
0.0
1.920621585081805
3.74765250209946
4.016810764549329
4.622797280592681
5.20649789428287
5.436424108625287
5.798052191591784
5.8875260732317765
5.8960394652627945
6.1882558139248625
6.275102350015029
6.485813360302473
6.612758776623691
7.005161394403504
7.373060123653251
7.140036248957888
7.4786801660828175
7.823964511828747
7.869492409901043
8.29403706653575
8.275993340437896
8.426427168708305
8.640812287862005
8.817041483733988
9.151195609866543
9.29316667362919
9.388690516503615
9.72229319633037
10.055821970384752
10.167030970177171
10.171770796226665
10.396832688607015
10.618922832122367
10.507984704013241
10.685584408307077
10.87006711384952
10.883988902158256
10.877684848226227
11.15906199229018
11.196601330653378
10.979886659402888
10.872594418588013
10.953133293915162
11.087204626672074
11.244748056192291
11.436294812142116
11.621202246865145
11.487956932727116
11.259715541709163
11.115333219220016
11.056969692726797
10.377438267165056
9.286646325273951
6.15320496752257
0.2505563446549552
0.0
0.0
1.4785015538497415
5.158658626890804
7.099340938605004
7.821056913930913
8.411044172117313
8.370774641171934
8.380910334334935
8.53242724488103
8.59659719965318
6.689850236085459
6.761611594941637
7.10265987527474
6.978761724485349
6.344211687536916
5.561318968917641
5.139227746277881
5.041827200686887
3.993581565565411
2.849274615605508
1.1840076238877668
0.0313195430818694
0.0
0.4304585287846804
1.627166731986048
4.004199913987364
4.796325153477942
5.507152949694043
5.761708141161239
5.742174762089262
5.9094647541822924
6.05890519379069
6.232132896381766
6.433084592161397
6.615571081168703
6.804380855411116
6.70057712493887
7.161292076078175
7.272111683956078
7.134589733529931
7.408688984722841
7.6497134370640465
8.084967721457431
8.215515323384748
8.300920992714984
8.57496968215472
8.866257834469131
9.151953026856015
9.216188728888168
9.685552747769517
9.76724927346304
9.98872117128537
10.107648545310843
10.567912106913477
10.566977510640406
10.653466856638243
10.949011960585148
11.01530396383985
11.075820086212088
11.220929497061594
11.250270121341579
11.250354639122563
11.421854919394479
11.234938250061756
11.177871830294382
11.125445565754767
11.230265889901384
11.560936874006682
11.723560745813497
11.980567844372532
12.139623082236794
11.851120087645343
11.733534731555224
11.632760195032061
11.272898195058762
10.823197224356736
9.760411368700048
7.132707024687419
0.5003306664015899
0.0
0.0
1.2816792675374769
5.497813429476299
7.35441274614014
7.978516692799346
8.615825870230209
8.641007449516307
8.709222220067103
8.773596753693248
8.999827921213408
6.911842739612611
7.08038218547927
6.959472409699629
6.952551010020747
6.804098768152287
6.493796896743309
6.279816474554537
5.842957601290133
5.3791603309046
5.089546370687573
4.624379650184651
3.326138603319639
2.619040054163457
3.5760860679269335
4.584150126685284
5.053198291273601
5.192269288191945
5.858083481093541
5.822645826591706
5.968804032314707
6.2202502751979125
6.095040726990605
6.460187980725166
6.813049767703556
6.621499765784106
6.857948669009732
7.132851152397195
7.43430361489178
7.531544120293731
7.396057372734188
7.61247050311364
7.989149312017906
8.147768804862137
8.471162159026946
8.410282887023936
8.728473988673597
8.792126201469275
9.194122619782897
9.4497209424943
9.892189895630898
9.92730017172237
9.97749976121792
10.418460925573546
10.584151600030097
10.792250914296556
10.778603812052879
11.120408376440933
11.192161559752792
11.273868662233475
11.626879446025624
11.572731446281603
11.683085172621784
11.653653442543245
11.616758897510314
11.387877274950462
11.215978344963188
11.364493496117655
11.700465480333724
12.00397803074063
12.36347979112073
12.418369447083153
12.27867730655872
12.285486362445015
12.126051416142728
11.988340107260738
11.368821736721875
10.236103274249317
8.460015982205515
0.8522289452080295
0.0
0.0
0.9127592012824859
5.605847974978638
7.504638874537709
8.095789992475671
8.688987883698108
9.108275885342179
8.932509039675848
8.869717694604091
9.153382179375809
6.850044013163568
7.032696644173376
6.86945560736627
7.11480879066057
6.581129453853674
6.260382669614951
6.385758169702845
6.128884049739945
6.1307329112162305
5.609708173306103
5.395893712143006
4.023139910953877
4.197559507469948
4.801812863891359
4.774743944307321
5.0772975242927085
5.566858947649478
5.575366472351761
5.803782717718224
5.934356923810935
6.137317889810401
6.322021392297399
6.554145024046603
6.725531954873554
6.734517665274062
7.043536046387663
7.026868000522282
7.201840058812102
7.589079677237041
7.571528943584054
7.729155689881079
8.213825719414581
8.31840017751659
8.585341307703823
8.913768339458354
9.200303821821626
9.106355576780421
9.40597832845194
9.834868506595532
10.116580153593109
10.120756558300354
10.25478310867554
10.815518425973568
10.825532285640316
11.077388899276059
10.972333990254088
11.307463206932805
11.335617861452608
11.483787626283611
11.938268534283926
11.921127393693963
12.15961824973508
11.855029223422758
11.758322211132908
11.473242398871676
11.344980283473653
11.52115073938572
11.989394122173898
12.35843483676661
12.694892644962763
12.853219089533182
12.866265755889605
12.610110387328762
12.568306442242763
12.589304264954205
11.998392834545792
11.043488312277018
9.439736772727356
2.0995426215900657
0.43409568878337823
0.5047498493086082
1.739992331778791
6.507254278652603
8.048643461656054
8.67794451372428
9.088519688966832
9.30171795168075
9.29187445250135
9.284543018930615
9.297642029921995
6.743082688526538
7.005502673541489
6.944974853756094
6.860623566571698
6.71966021956006
6.6742032819721375
6.4943916905267995
6.417863824781481
6.106945368789429
5.996862601714258
5.588837936724861
4.10498303658834
4.495953463411712
5.044071004808773
4.962356932368381
5.785909632279564
5.616663554611023
5.795807047049265
6.066863198834357
6.232014217069195
6.708262781064027
6.559691580438869
6.667654551620201
6.748369923528019
6.874629494431591
6.869455607366269
7.131017086289951
7.615802071825185
7.454156089121102
7.641199049806355
7.938939440526596
8.276972910485362
8.315449740350104
8.469713063991989
8.705864860565582
9.062843811082168
9.340759101504322
9.749039555341241
9.668641562623721
10.012178522313658
10.281598020778798
10.46035005029301
10.520029241535369
10.86280322569413
11.056825949951703
11.264493858096086
11.573975842545346
11.661625274783995
12.000265809392465
12.299407421653633
12.344723541170216
12.379647038835282
12.22118629547357
11.9855708337461
11.749452423537344
11.966964115865059
11.898943443801766
11.90027496371898
12.636425578747547
12.9639642448493
13.295945028763317
13.273413954256279
13.145424277790557
13.135867073653056
13.013845463851109
12.524943405559311
11.837027944154263
10.758122052353986
9.226722719336637
8.010448732232822
5.9457115459149
6.929210277183239
8.146759917853899
8.692743392253282
9.07482489011137
9.415819282657473
9.309537386200642
9.383481478970722
9.601797770953294
9.494914621855367
7.018471716592475
7.0965027320421346
7.0292166410799855
7.062114733368731
6.633739263238053
6.65835312119466
6.609141309573463
6.288012397111598
5.724874729263245
5.724732237552519
5.313829305663883
4.548387085150636
5.003935972858987
5.432909998389949
5.605239625391911
5.652985863870722
5.597162661591548
5.813633066579868
6.057283253538612
6.00300423133414
6.491716792964833
6.810441278339695
6.63359505252831
6.9429547127799
6.974665571314084
6.917289255040567
7.098081025500657
7.262805878039512
7.61322582807909
8.014017171526993
8.238827046126866
8.270766595971255
8.420968300457735
8.87780434972006
9.041280218428481
9.172833523569736
9.5481977058462
9.647371224116664
9.761139544069849
10.199695439034198
10.539672393394664
10.707225965552908
10.911850338767035
11.044157124710372
11.292449836627801
11.435821398851367
11.994544983392393
12.036562836552804
12.099823433130693
12.44188052605165
12.758334684675738
12.5834636817019
12.548913291309086
12.357248208286368
12.203780938679119
12.039871567439354
12.03961660782401
12.121629755604209
12.908189468215832
13.302204175180837
13.574013907520678
13.526611358227617
13.415334432280336
13.410770688826712
13.455205007158453
13.161088284971676
12.36035065211692
11.401262272229092
10.86358736768618
10.132092029353508
7.538890491210412
8.249847327828613
8.875475441658867
8.944383181641312
9.257808946892693
9.462740575573653
9.449884788266123
9.55669179481859
9.829931258830168
9.569540916608625
7.08908970427961
7.159325563743608
7.082168304600731
6.9864323584767805
6.8225365650839
6.698547525066482
6.619708083425114
6.203382595057
5.5042365451772115
5.395072898464039
4.891880284669657
3.8413100705071628
4.697207476034727
5.156456359583747
5.733575887129865
5.480732031428236
5.547263618603152
5.867306550119194
5.815925277030444
5.707951030115799
6.281557373563317
6.227300092529687
6.609022350816764
6.400995585752317
6.692030492063411
6.900621209175187
7.328175197476382
7.274572665202205
7.632757754444615
7.778967950212121
8.316254682434298
8.395893299310245
8.416451194428083
8.684769344091558
8.78163851402821
9.322487099240062
9.36737548852329
9.914743293102172
10.12966628242459
10.397472853606345
10.612793326713845
10.814495759983531
11.08620613470054
11.468835054598962
11.640007461343043
11.810055611367588
12.11347322520963
12.235747395518203
12.600546395839888
12.7779847671805
12.945291445109614
13.007936362676618
12.978370190274058
12.89516393303708
12.641845614950673
12.305445740801337
11.838390440503908
11.201201997060151
12.664471842140683
13.29279556042741
13.718855086794793
13.633974776889833
13.830767461445811
13.708011034093223
13.602266069279741
13.65487928140838
13.025488910246454
12.155148040562581
11.808555498575537
11.467818159827642
8.727406337529933
9.153291124609748
9.320842224205542
9.528503510462183
9.689955392643615
9.57171479190338
9.463058152624445
9.702128973828271
9.958348297216075
10.237069487414038
7.016952135180745
7.082168304600728
7.066429886261003
7.013134701025021
7.083261060628516
6.898929567780503
6.725203455292043
6.222769127428572
5.724298590880866
5.0059120279132
4.571143883396934
4.1148725317996275
4.162429106151927
5.147095521216265
5.305577350166556
5.386438437748671
5.574362858837199
5.471557018086455
5.350075820364104
5.4797842817361815
5.595349067726764
6.003004231334138
6.485957571012215
6.655321347362601
6.715074680882405
6.815615165405018
7.008179813680707
7.245109878846046
7.613329251029004
7.9841110309818575
8.302047911632856
8.554600253829987
8.810401040459885
9.021164736477322
9.149077954246819
9.575713815321317
9.665718554267537
9.778230008960204
10.017167264020673
10.45063882009746
10.763406532901797
10.898524308773542
11.16804220134758
11.592613635424248
11.710830556834647
12.14881147963916
12.59204097125057
12.578898138223646
12.789115382905583
13.03614856037289
13.132543311537626
13.17398666006519
13.2299276501684
13.209015751917441
12.67829530990028
11.04392885207599
10.027713408860622
10.148970735970618
12.576224739709453
13.60114855020882
13.836675603792386
13.691910224423538
13.9655464515906
13.852549013746263
13.852605429347134
13.944169500648393
13.196481450920338
12.69927748082603
12.569650660926717
12.49938721038702
9.38296625414507
9.604014288483205
9.788453370308705
9.89754398533016
9.834989711108037
10.141702415580701
10.18024242406477
10.013054714885932
10.085018930636217
9.994841527854676
6.851663108124234
6.805364111578399
6.958216525169711
7.115394896470986
6.840078367256061
6.75441756690012
6.625755726797217
6.333807075339525
5.3034756871105815
5.200476213195503
4.031380116059066
3.4203679577525072
4.1188548056242995
4.598452982890435
4.505534758331348
4.620577169113993
4.718985023807134
4.644203826873268
4.2046515082773945
3.9071263553577
4.9142765859459505
4.851573277158762
5.3856644604922
6.017812489577423
6.473026062188927
6.795288965810388
6.8808811153909755
7.3022521732648284
7.412553318859934
7.853978159406593
8.37569304835133
8.610790131624789
8.560404196943699
9.01249650827325
9.30621697889383
9.51124605280023
9.78378217200948
10.209247817598722
10.369085376359884
10.554780930371647
10.740516598981502
11.24488070668588
11.488273470876967
11.796120315498944
12.175336662912526
12.550125495458744
12.973553425399729
13.062532052064432
13.15164447853446
13.280355995233544
13.431938475147627
13.606784867810722
13.486768558532273
13.643806118673671
12.160918086100683
10.502262009722127
10.26364072394344
10.089499865486246
11.632828730028319
13.208747243959369
13.777169506859822
13.777463014328694
13.815345376298836
14.10105658920969
14.05847448351039
13.91738725097006
12.73821204438535
12.938160202445594
13.260119701656496
13.215456053351385
9.971174719222626
10.27145121935909
10.168599904511003
10.171332699940534
10.160853264667852
10.303348588886376
10.41269735501218
10.121258510158999
10.306095985026829
10.249472235111234
6.7786745485866335
6.6749675384184135
7.136431723870267
7.008179813680705
6.8800223812179215
6.845743882405025
6.752159508410532
6.045021735469694
5.326351284424406
4.8495738673225395
4.0986138337817355
2.464708149931498
0.4537423632329461
2.041935808735104
2.767013306183512
2.117248157257284
2.39291151255905
3.800086123838385
3.837361350068317
2.7292254750286697
2.1595397703165293
2.902710906534277
3.6365057470538558
2.955097444077185
5.49812591738723
6.549362724100613
6.922941990633054
7.37899826716485
7.575884905804786
7.687453370760018
8.228190535326869
8.734321588778126
8.783968066861249
9.04465910577855
9.312102525460405
9.623107391086943
9.914883365878028
10.184304109063644
10.38786961090595
10.608871685573963
10.99415181423321
11.158775537956958
11.756185727746592
12.025048795010054
12.468748916024346
12.8484624690864
13.132653476872763
13.249731260962616
13.554001888985717
13.66684772701951
13.864141934455747
13.97706619231377
13.933870829294934
13.19398476815181
12.000046345142966
11.086394134970867
9.764355034428005
8.883603591244118
10.08542119333215
12.299874086003014
13.236074286226215
13.45817323811977
13.815696448578468
14.024644472540217
14.121911728819185
13.666377017908191
11.756904849571612
12.611745260104737
13.522704506593644
14.03070930455637
10.634256748468129
10.629421332322238
10.437435482116644
10.268641212366612
10.467824142073233
10.573407593628191
10.383255109912568
10.61805838626625
10.562006810493996
10.65568595349297
6.743355316889172
7.038634787684975
7.115901546688355
6.747496167221239
6.812066511536273
6.507871279453812
6.416479522598672
5.858083481093541
5.163443081981331
5.0292632166227085
3.4817100207835803
0.4501258375063607
1.723783423688103
0.5673889354723469
0.0
0.0
0.1879172584912164
2.857490010362826
3.496351304247482
3.317355533327695
3.758726776731578
0.5557367011121579
0.0
0.3598043682594504
3.3224665125959603
5.232620867387979
6.368868468946961
7.194740508497362
7.655626621183609
7.672938617346824
8.168588878656005
8.727589722273336
8.650465015774484
9.096334359530916
9.31840900500119
9.74992052009129
9.988963580310381
10.280542008205167
10.446514524246565
10.903575399638164
11.067958045545025
11.601336860246217
12.117315469140637
12.457420809514334
12.905002786645442
13.07309753718948
13.34236296316345
13.543867935683261
13.826983283144633
14.344229159401056
14.364832719635476
14.376210013134294
14.45294358606077
14.055033889116741
12.867300743986043
11.228779804300283
7.64950548896595
6.838224368282369
7.101834317668694
10.905937203876142
12.441884343829628
12.703792542228166
12.749794511651334
12.653331494192335
13.475626292099914
13.03224979786549
11.351609154774074
11.568873410297957
14.385226974437181
15.07142344337848
11.341118567692341
10.925019533956366
10.737943309276263
10.617175898849524
10.80339889147167
10.780657541078252
10.72248479131952
10.724382013381994
10.726511164302169
10.806779674718697
6.780409281643715
6.727442595989244
6.802482993851904
6.903611826762185
6.946612866509149
6.5743428059883415
6.640905384157028
6.164327571570518
5.774129816566177
5.285295891013355
1.8436187240173587
1.2908502613551116
2.3158336404441275
0.4384736031461716
0.0
0.0
0.0
0.27386081337533336
2.108944740577875
3.6158758574259715
2.889598183347259
0.0626390861637388
0.0
0.0
0.485082540586928
2.0714831455411846
5.6886911249058745
6.991282829365757
7.5248148861366975
7.797831733648143
8.224323070293151
8.65294260879381
8.929291453123732
8.996359212557461
9.399912900114899
9.588428629991212
10.163416742091703
10.410204028005277
10.490282829467896
10.82609410202524
11.37005837439559
11.773975810644243
12.181567114713596
12.630211408905417
12.91552191986928
13.292172731611785
13.630032083725823
13.804606199959139
13.992386437599981
14.589266247336985
14.928452832764979
15.004022878760729
14.901668475365291
15.000713325715463
14.207713527920166
11.425881934895418
6.837517244809438
5.031079100446971
2.504319590576221
2.558434637512972
4.968858634164325
4.423789948594558
4.983464714878228
9.279231716861105
11.888395323444078
11.130053180177804
10.509276876822359
11.818742186547217
14.921398511279545
16.014673284211813
11.720578318833663
11.62121637011119
11.392686465740208
11.211630628738366
11.19209534535363
11.172904813820226
11.12064273962103
11.07279263322085
11.08235987419073
11.402992864736747
6.87397473784582
6.852937910446541
6.978379596262211
6.768805622983153
6.706036419923305
6.4608080264617
6.404953777684912
6.190093930519492
5.97033949986259
4.346540593505481
2.0316464227751583
1.7763771789701015
2.5987623996274234
1.4308315977782091
0.0
0.0
0.0
1.1588230940291668
2.192340392912425
3.36555391004788
1.827713042838828
0.0
0.0
0.0
0.3445149739005634
3.3177227598507844
5.952638306417424
7.081417535625076
7.369547195707798
7.549104882785632
8.396054287727083
8.62559466003465
8.890181356325378
9.051335570620736
9.407562796889309
9.685917087599085
9.980855587838164
10.412839666868116
10.875430096270176
11.010292211748828
11.326318993129384
11.72239152929599
12.03111131452459
12.763283764285186
13.309233605070045
13.740393890807178
14.068431400789814
14.436740734375885
14.710308724660718
15.174234861562335
15.55086602504186
15.683787888799218
15.855539442930727
15.701813900816004
15.024482757322284
13.159883603720727
4.852652624168218
2.8234197346202192
0.5427038498434641
2.1616607123749647
2.095301929124078
6.9817590788912804
11.90512013000068
11.310203074047012
10.239826008493468
7.700147424458184
7.035339589021142
12.519155288240453
15.321839283626732
15.79783664524717
9.83231953674323
11.774258713856423
11.62796429399024
11.718243477551669
11.556940768985305
11.573102185971322
11.663998031142125
11.62556534338023
11.526995360145198
11.649601554870971
6.957943896807077
6.920051414010363
6.962516655928254
6.869073479143131
6.73211539607473
6.508109196967208
6.656060351855832
6.058764493863148
5.836883877420427
5.445286399670013
3.7520231475562325
3.0937567681620575
3.8396380941392847
3.9835417615404713
1.1305947516749544
0.0
0.0
0.0
0.1879172584912164
0.6875484390729358
0.8762064519282476
0.922815389369004
0.0
0.0
1.2564921522747288
4.922349789581734
6.250063719825973
6.786363218212164
7.127176705767408
7.647903324571352
8.277996732292767
8.53956671244894
8.813290043144509
9.054531016296343
9.309977584448696
9.82911653574151
10.13584160184502
10.337847529980763
10.73317141738723
10.976856686373882
10.961006870254264
11.449293373767611
12.285422016635458
12.890924297602071
13.272277251663608
13.750763198665295
14.376976160088546
14.935528621910814
15.597935582992289
16.17536501328339
16.2596091598931
16.37767767009599
16.548467716339896
16.598348438790016
15.681134142100126
14.420218159262536
8.701742492934379
1.2229367003747789
0.6292459987277652
1.52953894228471
3.3043283483357975
6.028568871556749
9.72394357032512
10.106390257109839
6.956849073324324
4.471103126511663
3.9500130103754474
3.5861801512457125
4.326111513142243
7.729723734391725
6.036862726301547
10.780489172394638
12.312711820315108
12.002181956848256
11.994564194405806
11.975605798620355
12.063053065479624
12.176325107206768
12.085112212836318
12.112760729643671
7.003607054559529
6.821193111986238
6.737421021453228
6.741439064952942
6.663636508120486
6.5754639387047105
6.377612471607748
6.155461378814959
5.962565185108973
5.444358580714926
4.222175458534651
3.327315157047896
4.511790236411676
4.298509749052252
3.596595378880899
0.8019151314043195
0.0
0.0
0.0
0.0
0.3794716769811307
1.926373127806785
1.5826195425424299
1.7511858134968197
3.010392252809924
4.647861905566822
6.148499859882262
6.883721384032319
7.146960489464687
7.789721792438149
8.22004861678111
8.500827940639299
8.765380431948687
9.0167286408822
9.371681974499174
9.926670583376614
10.235082319417012
10.387921719762298
10.679316180431215
10.870897235344858
11.02455391641042
11.574924188561285
12.418572430754335
13.07813600178817
13.58245415252999
14.052026070768862
14.584886910319812
15.439034202884802
16.05905194558135
16.474807636889484
16.685546981030146
16.81477680186635
16.924907529953735
16.897766058864033
16.516081264580055
14.738223410146203
11.902296779667825
4.449916389472943
2.9916131554985848
2.068484106037677
3.126266231892306
6.060781376618633
7.369267785185911
7.19192685076292
3.3725047129430514
2.0780166762511314
3.967252652714066
3.1173064929181065
2.7164023910010835
10.453824291436556
7.829940408387891
7.105722633866273
12.856049695622168
12.587536233206649
12.64242639291545
12.5726160907735
12.390321091397963
12.545178616684028
12.678661970400778
12.797958436050894
6.708644909287165
6.866398581581166
6.619351207155021
6.737051365626656
6.587822394915354
6.521138202820474
6.671672595119914
6.335263343155143
5.981433171535374
5.373890069961761
4.177606706643726
3.5425876987409186
4.346961096966507
4.163965682081772
2.6280337943298915
0.0
0.0
0.0
0.0
0.0
0.0
0.47343030622673893
2.9466305984281114
3.168931359462496
3.671247230586558
4.76450130762865
5.982895027235604
6.887489037622072
7.3495383216366035
7.752975921197395
7.961052902481082
8.475349099273943
8.610978598417894
9.010708707897539
9.446239606883312
9.788829997111227
10.018909021989113
10.612523560777937
10.887909293948278
11.259348749730746
11.299861010925978
11.659531776940534
11.934180485478665
12.715908294722633
13.619085521290842
14.313303729453454
15.004736624797223
15.772514712284192
16.45316955530092
16.88254212773958
17.30202653954232
17.563346865141035
17.403416563472042
17.22911608511083
16.999716284402
15.676471725828483
12.891308283511593
6.94590093922369
2.5340968417510172
3.0761525625920516
4.890353074728248
5.572806204897575
5.133053137451727
6.280344283272264
6.241575743066824
3.0161602400946017
3.580581029550553
3.967314894232065
3.3615828324050474
8.297132506712925
7.665576927777163
5.5806995014489695
13.327004597055454
13.252108988142847
13.205053674449028
13.36207007176001
12.922159226242057
13.078897045358941
13.312620251693872
13.357894431882468
6.7153378503488454
6.8580022976513595
6.902728611559211
6.722268708923921
6.481124767160136
6.452373906947117
6.424174637620024
5.997219477984351
5.940053451545813
5.476475888521777
4.440516818322002
3.9004473214214332
4.106264806481586
4.186419960908708
1.6872457060603725
0.0
0.0
0.0
0.0
0.0
0.0
0.0
0.9038888350114187
2.733379305119561
3.926512872581215
5.117244034833602
5.600509627010296
6.429292352109389
7.059111336225257
7.519140439506912
7.988669096179625
8.123474614966437
8.803198006972329
9.003531890304135
9.4467497251713
9.925854125833228
10.188608224915901
10.581595842474906
10.971872959079679
10.820362877415139
11.786982841193053
11.62072235187299
11.686708570518695
12.295908281762264
13.380462795710429
14.183352536489869
15.680735898510756
16.421453998684715
16.913399487954006
17.210517210710503
17.531243260593726
18.052496152202096
18.10283261121225
18.087479270268226
17.398193569268766
16.636409646177817
12.210301150833997
7.145709248369448
5.735894716304206
5.343680792046545
5.352352475117041
5.102575033716412
3.0299893835409573
2.549607261735243
3.866946412527281
3.8588493849657306
3.707320998733503
4.76656237993636
16.45906292787881
18.787203156117222
12.230764377561108
9.892512929209513
11.102557719639666
13.961974079371105
13.756371027913042
13.607486424267522
13.412107693987245
13.8044546001486
13.93926398748019
13.855033175662474
6.734363995668125
7.025120487908722
7.113825534493288
6.710555550402855
6.7896234506614235
6.659076221395874
6.547069954761785
6.012227300359791
6.125640169235786
5.71644088919279
4.845828840988107
4.064602939955419
4.0880332591129
4.638833079523358
1.2426081836181904
0.0
0.0
0.0
0.0
0.0
0.0
0.4384736031461716
0.7123344165215046
1.080153859142446
2.6327231177552273
4.063623689481531
4.986606465236851
6.168155249568977
6.686680696939479
7.0405862778858115
7.718665544536869
7.713518491670698
8.404447451977306
8.896778443255533
9.159659875084438
9.591969103720718
10.044172476292594
10.617942421837396
10.956078043382451
10.874466727225908
10.683146250375154
11.176008646016154
10.975528428391774
11.182678438604809
12.59267046558163
14.232229409011302
15.880718877964338
16.809410404077585
17.215203349511977
17.580440321263815
17.845531241632834
18.436295374026646
18.712234424694184
18.987509810630996
18.282283207371577
17.140837382754107
11.013982668941862
7.038904053348686
5.6329119182386025
5.387911184369494
5.282982013905292
3.278858672767511
4.242842821987766
5.8660926275908185
6.289199888397332
6.562711519649364
6.084768676040097
14.4469963885395
21.29247881642563
19.13647409603045
14.568763823181659
15.394769793695234
15.159941200406202
14.901084652582687
14.487312296780093
14.372147042177144
14.51894013178971
14.273762185740491
14.458618699200418
14.579279380600427
6.993682257737171
6.6712126643851395
6.970803439997557
6.795288965810388
6.702096178935227
6.471187386706045
6.566622439013945
6.2049827941382345
6.149914542978566
5.8968916339681545
5.111911509043221
4.337673347721048
4.496125438972826
4.999981757662577
1.3527802375632811
0.0
0.0
0.0
0.0
0.0
0.0
0.0
0.3445149739005634
1.2556781289093777
3.0165233703171332
3.489042907369048
4.39108621993386
5.10791839283554
5.981620937370977
6.592510988057692
7.067288620434054
7.450730470271677
7.941925422163248
8.239951662707748
8.840454518485332
9.346019707636765
9.846157892779093
10.316267889153146
10.732661966923684
11.0209013094406
11.211516922526062
9.980289143417552
9.079367880650581
9.9093956857005
10.821818474114623
13.23491075595656
15.584212611698337
16.727606255302906
17.36156902465125
17.969480290298492
18.45778512333762
18.868293699986967
19.55915825142985
19.4201178014212
18.84539629967837
17.389042442220873
10.073882451076338
6.998662109550162
5.446884732454707
5.443928019813009
4.088649680157684
5.324185487898908
7.0588537299963505
6.551783799857167
7.14669395175496
6.825417682810395
6.767659238313739
11.644337322340654
22.336168721649923
18.783635569500795
15.57046238879727
16.219050222120195
16.157692828643683
15.764310717956098
15.246734196147672
15.37190904478452
15.185823638665552
15.04562817391004
15.263735510370948
15.32440274019033
6.648756823953812
6.746512911053956
6.823300821530176
6.894410437300953
6.93565118487788
6.804525066120857
6.754035438676983
6.30234994928854
6.16318146634523
5.724013607459411
4.828813791583542
3.5655835793199824
4.021285091900835
4.689109174383797
2.392816301793234
0.0
0.0
0.0
0.0
0.0
0.0
0.2505563446549552
0.0626390861637388
0.4071540600643022
0.4071540600643022
3.287755410414867
4.421524062986863
5.10831678255815
5.310826273258831
5.393302599172494
6.037874807247935
6.513814074679541
6.569253578547191
7.026373822701476
7.783713716635687
8.511622695833548
9.059233758943591
9.842280163216289
10.529871217264564
10.765849581680529
10.77179151141777
9.924971426628447
7.783460221181856
6.9280525791875345
7.293565207586765
7.946357890859888
14.076527195463338
16.809080256937566
17.774795943725668
18.30187829910596
19.297615724033427
19.568915608241795
19.98256132055984
20.163650562313926
18.79978419251509
16.405678156834423
9.443496332123969
7.268588752592333
3.302104422438543
3.167582195073878
4.683122764906809
7.65941753541131
7.470047675497245
7.134207605306794
7.265190284277196
6.8804045094410595
7.3463381796325855
9.8798320749968
23.781651258226223
19.057320512475975
16.55184788662917
17.02227068465423
16.73054070536204
16.4084961568252
16.26107642225397
16.377810933083982
16.381448368595176
16.225712970136367
16.308776026858602
16.472477899393365
6.760355710411719
6.999893029611404
6.958489153532345
6.917454626119947
6.9555416276077455
6.741175895486503
6.694638981427271
6.356845147835565
6.153936656148734
5.8230999204476515
5.353191930263387
3.9406920176163234
3.8024665498040875
4.6386340535926465
4.026556476621205
0.2264698530262565
0.0
0.0
0.0
0.0
0.0
0.0
0.0
0.0
0.0
0.878958417658062
3.632475155515512
4.947919137415477
5.625964383814051
5.361034662709355
4.63900774241339
4.380382946793567
4.215841978364737
3.4964486683915417
4.130153876483881
7.225132882622491
7.892821491577328
8.90461972287032
9.876293101631923
10.473853636920303
10.59614226993545
9.575892308504251
6.679879633331314
5.61905020108845
5.458830893543243
2.080787560847619
8.554249048568987
16.007325813627723
18.486941370275225
19.640001177024004
20.15371462936949
20.114628118018913
19.848471646618403
19.959573712307623
18.070231069288074
14.454874361270061
7.37213996487525
7.969461332356501
7.9327484943902595
4.778121113783886
6.801313434357215
8.132901497540912
8.028051215826789
7.433829198020119
7.483511578437324
7.293526751746156
7.75197642411615
10.617088449403115
24.841520877295366
19.346260874035224
17.38036192500026
17.37631342745498
17.266850919560326
17.06877514401962
16.943276120310678
17.090040942806827
16.99951230421144
16.931276434249945
17.037547534177385
17.215059642806853
6.584587414419139
6.704366709821382
6.964755796625455
6.6768781795341035
6.629351563911767
6.636269950090276
6.5011783383921316
6.178189288720668
5.832652257243815
5.0641778010719385
4.322551527335136
4.285411701543237
3.8654171207191723
4.489404439657204
3.780574340846711
0.6513532794477748
0.0
0.0
0.0
0.0
0.0
0.0
0.0
0.0
0.0
0.5637517754736491
1.1324428123561454
4.070543856911681
5.054865688785807
4.520496787044665
4.369611191580811
3.776265598206273
2.3344074415061447
0.7545448053273552
0.4107912200630001
4.000434719963668
6.672318641819659
7.5235453558516285
8.685114314953317
9.869609169242963
10.53908393645115
9.116033655986913
6.60459293317834
4.705912882026173
2.3637436118963246
1.5556366452791284
1.0635251164192794
5.814540060216985
16.85378771537307
20.700551580165083
21.8497700549017
22.344120310665506
21.843092555677412
20.054573217939776
16.916588742649537
9.90621836170331
4.2299979976799404
6.028566924655345
11.553518249416141
7.203120231559688
7.656613747993633
8.356546041875083
8.292372085690904
7.988945159885371
7.821774912680396
7.685516474994475
8.057837482515277
15.606906452447948
26.402804289306957
19.460563049715653
18.62520123229799
18.52953802430622
18.03022885532951
17.781983553790663
17.63499498253808
17.676357647157264
17.766163862770856
18.13206297573063
17.59733278098265
17.712091620215663
6.622289274183427
6.680395136053982
6.725641454734057
6.7820472943967705
6.606501122860735
6.5758460669278485
6.57307746256223
6.4567993306230145
6.090910399945398
5.7803008464688235
4.973455570041175
4.564422884081311
4.314334860978119
4.161292676326352
1.3340164005988855
0.0
0.0
0.0
0.0
0.0
0.0
0.783307177772464
0.0313195430818694
0.0
0.0
0.0
1.8163166311179664
5.082082602274849
6.409842321099398
5.253658006541339
4.357134095020434
3.1309258058899725
0.3598043682594504
0.0
0.4814453805882301
0.5950713185555184
2.5104181114306003
6.3424607759099265
7.518866701175773
8.60386319893043
10.161518235472974
10.831876304600243
8.846807725631953
3.3524810187815395
1.9656871109780334
2.8778112089067833
2.32625286787369
2.174033066827138
11.644264493578646
22.788960814525915
23.77615848392858
21.803338361766286
22.9574567532906
22.5846644153187
11.88150243132103
6.006952518358082
4.220721665430351
3.7434505695295877
12.07945828835457
9.965253767325954
8.061311674474934
8.76184409894689
8.657520128647015
8.361808254383567
8.13235534914116
8.041863495527135
7.68924471886263
24.682115658487113
27.945969447212356
19.51891759871792
20.082315854823847
20.136976518977555
19.221916132524612
18.692460925436876
18.719915756464143
18.915031635121657
18.96461846245586
18.95933414168916
19.062541206334622
18.75414371465897
6.582657966746226
6.513154666379638
6.616335337614977
6.663636508120486
6.721504452477644
6.620879720047573
6.876909484213941
6.65288436731403
6.318896191105813
6.2053396704083275
5.839469133936475
3.355536945897639
1.3797704794214045
2.7902406117406042
2.611026903294337
0.1879172584912164
0.0
0.0
1.2012901807444096
2.3356628346773687
3.1063755586881805
4.877606561166219
3.709663573238908
0.1879172584912164
0.0
1.0513811985966202
5.541679919636036
6.52137612033387
6.710436591646157
6.614785362995707
4.203050260912408
0.242541270293464
0.0
0.0
0.0
0.1879172584912164
1.9305513064426978
3.6369571980254185
5.049617674889501
5.6316514056478395
6.855763479138547
10.92755006588005
12.154663007154888
9.809841401735047
4.543205059340531
3.733234274731587
3.5710214334415427
3.9668523171961625
7.292083572292421
16.719891541175485
26.712822541127228
25.374980939596497
22.03416107078375
21.229461316397803
8.26722990603827
4.343826553277692
8.486038344845623
9.66116365418367
8.90266279086795
12.419709035841917
8.540223198069413
9.420223782112748
9.285778669877942
9.071975388624487
8.548322645948744
8.742080617179553
12.565409406633304
32.18243199204557
29.451162285421074
19.916199833395794
21.842573484645044
21.827913435114166
20.845666893754025
20.243657051158518
19.83383459517095
19.842206878867934
19.715656325085675
19.79439572197973
19.91971157037218
20.068772140569518
6.627284239689768
6.5189643922383445
6.806237867885179
6.748369923528019
6.760847338495361
6.84372374142883
6.82896633667914
6.780299781783212
6.537276785017438
6.43960807056029
6.260451403909683
6.047369964926801
1.6762903063463714
2.540349167044341
3.1998072496052443
2.020709981053584
0.6474808226901173
3.8596679878502065
5.079796060819931
4.8856389101984945
5.439628582333309
5.5937724015995585
5.879018548529495
1.7424753929138341
1.5046113142270616
5.707091688099733
6.548097380674501
6.696549622542961
6.971185568220695
6.59236710412551
1.3284708354331611
1.6644602357043823
0.8256597269422256
0.3445149739005634
0.0
0.6292459987277652
3.075238696213476
3.4801979345607688
3.459919928053406
4.454682188554873
3.4517060943245035
9.573733404341569
12.668108583156942
14.395921226452714
13.707807108395512
5.972395906698527
4.453168411635006
16.260369347334553
24.498819145636386
14.187670820036333
25.296662283536925
31.349471268556492
24.767404749288705
26.980147789991953
20.794546291864663
9.56933119229622
8.941679088018937
12.207797145061956
12.439931920608617
19.439927862050077
13.37759853427028
10.420680022428275
10.103066305290724
9.858076179836447
10.107626064496555
9.363968541221281
6.635992111990355
25.840949942965135
30.31498351072045
21.099673100833584
23.579773583378053
23.927397646978783
22.753378215050656
22.19709271483913
21.093250506624496
20.926769813260634
21.071188171855383
21.096223707181437
20.975027331535706
20.77121534671838
6.34826681761124
6.337242159677316
6.588968779584769
6.725522495977359
6.963265890240802
6.785091540625396
6.83539610827438
6.392570069521223
6.440134409493171
6.587822394915355
6.229675013494729
6.336181716860443
4.2160888552476825
0.7919208461341394
1.362885038788846
1.4869746272381321
4.706100573675814
5.419409059220724
5.442964714423313
5.601513240524856
5.969496043684049
6.307085814998895
4.061294296072877
0.882012033161492
6.081359295434888
6.65644248007897
6.702782024352873
6.858221297372367
7.186519534375492
4.5643727430397405
3.5826822559484794
4.568776159397808
4.2550712967690645
0.921909560828008
0.5200186093953827
2.7324322080343393
2.703419744674083
2.4607959372921706
2.332120996056644
1.794081660844671
0.7697722968699044
5.446951054733136
10.361357340176781
14.712095116274545
16.919337462634534
17.517887023612186
17.011148641473596
24.812025745316884
27.778463192572975
29.910033939023503
22.564672260690692
36.785647491655865
37.8392336661367
31.870131336023707
29.146227985385845
34.42085075734287
7.9789882704907145
13.889722295311538
23.092869840139496
52.65176236368149
50.39322740852608
26.669226049054792
18.127342333737676
14.572453511524602
10.744315613463229
9.117419475176089
9.0559834794082
19.43468665580929
18.967823897357633
17.200325556538996
25.43881295453904
25.809072840727712
24.57356609342422
23.825160166143682
22.925801462640052
22.43097083739633
22.009449934868012
22.546252104563525
22.438974878982197
21.987843693449925
6.647719939144901
6.5754639387047105
6.733217610998711
6.708143822307329
6.745958195432493
6.989601126699635
6.702597265915063
6.419554499328295
6.36484663522092
6.446326263575014
6.186323711082454
6.030608706877744
5.290358666598157
4.7844672215614334
1.6905146954077412
4.308804099267627
5.4185990788705
5.650981722611337
5.650314233971841
6.059772182923262
6.101517491709736
5.006470178332809
2.457783414143539
6.093279869398891
6.735009293357703
6.878638079035112
6.786948553099458
7.0318787590854726
6.926872772724935
6.32045656783351
6.134814613655567
4.697853946576318
3.5942846336176952
3.4646650562809755
2.9243995120754303
2.819705411458237
0.9388455380919858
0.0
0.2192368015730858
1.2841012663566442
1.00222537861982
1.3780598956022523
2.338787864030252
6.35506878628033
15.417778028802184
20.420468798416707
24.076743422758888
27.294039220063386
30.89349514727468
34.44593752913846
37.690107482145756
40.9123470678482
44.24410361379663
47.18013298825167
49.75794920561362
55.671602885180505
47.15073621122146
9.911074082002779
57.60748041145234
63.95035451178033
64.43837201833637
63.36164186584805
61.60573736585884
49.0383123969839
40.11623243486928
13.056620943495894
25.57537853555942
26.45941448522487
16.639441369316774
12.593400455169952
23.129661514103447
27.316459059461618
26.316085512839972
25.388577326011912
24.408760041560196
24.00896600591375
23.58638263423794
23.41866500772366
23.492488365774896
23.30168438417135
6.23227710709151
6.364608717707524
6.7478782954443774
6.561840139067955
6.8417163800091165
6.7740890099089786
6.773324753462703
6.807384252554592
6.3654414290044095
6.5204929051308955
6.485312273322638
6.233301022222026
5.433984581670301
4.8033182678462945
4.660414288693977
5.5710158934184495
5.708524082728443
5.52933939171088
6.033019876085018
6.205815505435119
6.185358064809138
5.050824896207886
6.425085166215536
6.653028578023773
6.700185537819538
6.936415441324156
7.017171134901754
6.968345299579349
7.010910582461548
7.037870531238698
6.227986595530364
4.986305865538128
3.981884245741802
3.4923868601048027
2.9110133985310234
0.9825580698981398
0.2818758877368246
0.0626390861637388
0.5950713185555184
2.1209731008415305
2.0044507572396393
2.0510596946803963
2.284001210523616
2.794697397650256
5.8307759731345445
19.32359047234727
26.25476042946273
30.090045108284848
34.5485933590917
37.88341248190809
41.406259279681215
45.44489344597138
49.47361957038475
53.70281361028256
58.61125652242714
62.53965071790983
65.71975816968747
39.05293507103211
32.478160921408616
71.86552502906916
72.34123963408743
70.82629121262302
68.52045139198269
65.19683330221446
60.24140989132263
43.91722882700433
29.61684352551103
21.71145675783358
6.9395281007673395
25.31023920801807
28.799674044463384
28.449319259576825
27.520688756609886
26.696531408256003
25.945893789992272
25.233918930289114
24.709665870092138
24.63593782600686
24.54555556668472
24.348267250743646
6.301993073018448
6.383995529523224
6.3027068255586345
6.3213293809280575
6.3990250930695085
6.426153733586322
6.764602212528636
6.622765109210218
6.545948822045416
6.440253368249868
6.181277962225898
6.097149247151134
5.140414159628039
4.081246987868155
4.79637119223037
5.392882871599323
5.590567927891538
5.686585401777928
5.76468649565242
6.093678445422767
6.202715556196576
6.453401332859833
6.555460871378804
6.766274936130929
6.837622469415103
6.8860700245900235
7.054935727460944
6.975485698979238
7.044519302554944
6.920129523681913
6.513748722651515
4.643323124977283
3.833173547296706
3.2458939564313587
1.9075291105376497
0.29352812209701373
0.4071540600643022
0.3758345169824328
1.5659771540934684
1.549947005370486
2.1326253352017197
2.400626725486067
2.505476200455658
2.736498128665649
3.462706555333201
11.688489937832708
28.763944289329174
33.315472679269185
37.59584750564818
41.24066328139471
45.326886257052756
50.14445246978977
54.88481321947482
60.10786860202209
64.24619970196264
68.70664997197677
71.8734334058208
74.08794173771237
40.91369468032467
53.477582085405636
78.03127295744181
77.00957800171433
74.686956007554
70.73242492939806
64.84865423938425
58.73938103063689
30.838304773308252
20.536627567203848
24.232656448966516
28.87332591330882
28.638369368101653
28.848672703541602
27.7896842038874
27.011950120087832
26.642384015537743
26.28195324997626
25.912973428453643
25.771232737966077
25.830860203158938
25.656187765316897
6.020217791455959
6.102328461835773
6.588849820828071
6.7260899911553
6.512415661886407
6.546976247958132
6.413005768976356
6.501679425371967
6.473216986578434
6.425295770336394
5.954808849336471
5.361137235681768
4.502938760587163
2.88263585708135
3.719848049020997
4.837929565267887
5.0499180230061045
5.295332026158968
5.573216753611911
5.9065316738159845
6.295657008226861
6.506249059757606
6.444585085122112
6.5556987888922
6.655296095409556
6.272822117341046
6.35314661458721
6.626454541893256
6.692854102794978
6.32084254961208
5.8163070621703765
4.40908051981231
3.976430667916407
1.694761692240651
0.1252781723274776
0.0
0.313195430818694
0.2505563446549552
1.440698981765991
1.628616240257207
1.7538944125846845
2.0073471628742423
2.190886507002665
2.4354183543897374
3.4220399341203853
6.550723808919002
26.19225413773595
36.21691902315636
40.523978122703895
45.03228563925492
49.66232234920418
55.13705908897685
60.28318595361467
64.78390606803929
69.76523636629815
73.826017113117
76.59801454682594
78.52091770597032
80.92440936744767
63.73417501483118
82.52046457099942
81.11450065609938
78.48340534095988
75.2850499725519
68.21113967362257
60.79851191570309
51.693061798821496
33.298941063686954
21.84703676736067
26.55097341510612
27.349989478415477
27.575114659274856
27.63423830712175
27.577180073264802
26.994927077908844
27.062663478485195
26.616993409949856
26.973864300800404
26.941694135276713
26.94220772405818
5.881741319881988
6.418509122471059
6.240804933409745
6.493890603546963
6.735128252114401
6.726678339542968
6.328197453322394
6.423792509396886
6.561746432264301
6.150703771933763
5.315176852192141
4.041742459814387
2.4141913273047844
2.0893116616688694
3.267686810947371
3.900765564544624
3.8752908922266265
4.427566901411479
4.690932029803233
4.728113719004475
5.799247328343032
6.2466869043453865
6.192645799654308
6.540045389383057
6.735510380337539
6.565144430027483
5.856937375868252
6.420761015008952
6.67243685156619
6.562986523737369
5.978813205653346
5.081790594936744
3.924555224119833
0.2855130477355225
0.0
0.0
0.0
0.1879172584912164
0.0626390861637388
1.2527817232747749
1.698529646418342
2.097668632121152
2.330672050780709
2.435500891478186
2.7580068153854755
5.189315565594669
13.419489007304216
36.56921070171882
43.51926153820418
48.7927148472876
54.118126690287504
59.580332693982285
63.9524238679558
69.08893879387252
72.69269160350119
75.46748413311998
77.94902970992463
79.8270832165474
80.92073802329116
81.98261781566201
82.43633786769942
82.41490766935623
79.56093647996875
66.82684720761041
53.09318573893155
39.319514920900744
26.6536092551437
19.733022600721316
16.726011552360205
19.92728867679339
23.67636455194592
26.419899686141665
26.821853668754535
26.87001803937046
27.211202037766874
27.4622004133316
27.315143717809278
27.552611617831875
27.241717922996237
27.50251180932196
5.728221694681994
6.09458663313466
6.16953927230766
6.329096461582218
6.102901514448419
6.240329098382954
6.254309774289804
6.052190511558165
5.62674774544051
4.924664392610004
3.8481552738234455
2.3737767204994866
1.988695355294015
3.907423014607466
4.146342383695147
4.4787664384460335
4.426332816707109
4.519689512131896
4.388320444073314
4.025369212777711
3.8726962979771433
4.4117754231352055
4.984498498561416
5.475976140467341
6.1911190737563
6.526421589746301
5.967203833233472
5.927824419529399
6.365505629686106
6.520875033354034
6.693874724980995
5.8477889812502415
3.6351824631347904
0.0
0.0
0.0
0.0
0.1252781723274776
0.8769472062923426
2.0044507572396393
2.0044507572396393
2.155929803922097
2.5054142976393203
2.342303650868785
3.376070859224037
4.769913731475291
7.149454068667498
33.84479330828404
46.46613074064843
51.774860602293195
58.085059034311975
62.592848810074955
67.3413334167157
71.03777107223152
73.14929191266954
75.06077028531031
76.56668843517937
74.89797739036113
68.93863574285999
61.17372986207124
53.76183157481548
44.60451565282349
36.81276048424341
36.73945203871328
37.43254527695166
36.99103390987971
34.232362935077354
27.92401476813448
20.829064821373876
16.64964123359995
17.020958224634352
21.24566569154294
24.496523355058525
26.35764503300978
26.859741540544228
27.41290708754111
27.568888046987823
28.024687042052562
28.267483467670363
28.739047194823172
5.645390602425888
5.808994418455367
6.095278644504002
5.988785637913894
6.234587827374855
6.0359176252007405
6.07159906454471
5.74513381561458
4.613950689541842
3.402766139812392
2.337822565145431
2.6245344672417374
3.669920305316891
4.402819667074143
4.958461606184589
4.5742972065970795
4.755361170903632
4.5499529088948325
4.438149094322875
4.536505535605749
4.935666586378764
4.8432238694987415
4.718376774825072
4.627438726925518
4.6002609388985425
4.443323503070997
4.6663139094876644
4.434856887257164
4.396635715396012
5.0524849886077305
5.342271383018609
5.179681976748846
1.6342265424282314
1.4178344869315052
0.0
0.0
1.0898024641923285
0.825960354488793
1.8791725849121619
2.0510596946803954
2.051059694680396
2.0277552259600173
2.5112231840988866
2.84293704291467
3.4081171293921337
3.796900112656413
4.460950685453604
22.960669986486472
47.31630563578151
50.44283128656623
52.723242526507875
53.03679181324198
52.7162046627106
50.99962442567314
47.46586568483282
43.593265817966106
38.942086601065576
37.05873288456072
38.53337371169056
40.707485190357055
42.39491961043318
42.98795112144345
42.79375780066525
41.533778038333715
39.61768917492772
37.65208015534591
34.69170629251686
31.58669387227798
27.8422894139268
21.55712711094628
16.39922845750746
14.422399633968656
18.763404344207423
23.30211641565074
25.655168724021358
26.78203209708825
27.437396124097294
27.86186306048701
28.76985626279548
28.97556315363047
5.561935316103526
5.739736974158222
5.594246257074716
5.815352224417798
5.869652987793116
5.5368433028986015
5.0221536617088205
4.483070987681181
3.1831482484742666
2.1587230381961375
3.281567762462452
4.053509460340495
4.705515974806299
5.00372678399701
4.997589670622777
5.072115298351687
4.820456566730623
4.999562030089407
4.75042400964575
4.986829854208235
4.854920251631777
4.661218876277828
4.836317702771264
5.046617087285519
5.0654647008291676
5.408846251805448
5.159467200127429
4.871281013301845
4.774967333278704
4.459964863654815
4.296361573089758
1.0547073848773552
1.1427929453061842
1.5761478797254669
0.7516690339648652
1.6739427142733614
4.12607357962104
2.5808695512191115
1.7874704987567474
2.0044507572396393
2.0044507572396393
2.3190404506926336
2.705788254128914
5.877274043381689
3.2072072073802027
3.2872682990774633
9.646478963845095
10.366668244552628
22.06239484407761
27.357368243916806
30.8185471439858
33.782381872452916
36.02186928665411
37.55657003324373
38.34801311564584
39.191614059145756
39.66412836343268
40.0268404545835
40.249452247320335
40.57038762333128
40.88409859333946
40.45972641838656
40.024218668979906
39.10898419913604
38.47268595722161
37.37761074096728
35.45248088707722
33.43894247094854
31.991654822392533
28.7921566480075
22.913257020195253
16.414091573607138
12.057539616948878
16.46219942191602
20.95901315577268
24.77438303253397
26.469922439961596
27.054199993923717
28.093573373765974
29.278269739553732
5.008489282364858
5.1736355673565235
5.232345759936031
5.381769424373597
5.335447127371785
4.5380984097195345
3.8905145056762525
2.5268198129985864
2.2714703888887877
3.5958820187147964
4.498547263711142
4.703465396353666
4.832362479316186
5.095466487061192
4.829012817514255
4.969451620504749
4.915476538062302
5.076468573668183
4.982966708258016
4.664236799039941
5.035913814145226
4.9605487312699665
5.169456954930065
5.034476614538637
5.0320046294425795
5.165952959829993
5.227900744975869
5.283155677590926
5.485459043361476
4.956426662117758
4.716181026387062
3.7732412730403944
0.4027555114293963
1.790245378299551
1.6431442459798864
2.7017109814124187
4.471846413199704
5.170960522880979
5.417234401732698
5.0791120541035575
5.018819151431684
6.237927269764734
8.833135626801331
11.121294363251574
8.234686682644089
10.313647743262639
13.346750711091948
12.96395390426576
10.891026662019465
28.270935237193044
30.46269127804718
32.61763026676874
34.40335141317405
35.73861023496539
37.05930210049587
37.64754225409034
38.007918510570505
38.19451287381048
38.222207970186666
38.25337397034469
38.368232025076
38.17748400542326
37.81736554382957
37.59620804619918
37.65272581597593
37.55077187007518
36.92991135401328
36.067311790214525
35.03886121101513
33.86983351632067
30.615205729118927
24.818853400979147
17.83590272150641
11.28256020099706
13.886168039332466
19.026030323020528
22.876476889188723
25.91620683755477
27.65947255793675
28.114359457755363
4.463709889989247
4.430858067584719
4.832908143698044
4.637199541314978
4.360745367353278
3.5077505062398715
1.8857862551614
1.9648887812509683
3.9000411201073377
4.4738319645170685
4.546191336712626
4.666352376137501
4.789216606822722
4.948516881875721
5.023497104740297
5.009073168306246
4.8102112427230335
5.052614405332213
5.005314283452959
4.836751288863293
5.198468986166382
5.216637948934866
4.8462762855989885
5.181020350669791
5.2491996761624895
5.058859133800412
5.411398792571615
5.19239924939514
5.510459606987924
4.999128443997377
4.621818030118795
4.15937515927504
3.1843180438306717
0.4457066545993423
0.41880629442449135
3.210308325253993
4.273050800438088
5.049113435422254
5.6633649809959525
6.446589433041455
7.107395762898047
7.65766633254925
8.64370266466749
9.791802444865379
6.696883980743854
7.844664609314859
4.665984700612709
6.466929800118125
18.753123844295356
25.615388617160697
28.08149777684812
29.902755272522192
31.56472620932411
33.25112392522852
34.05654035871371
34.76207890334999
35.28049283944308
35.96701618062617
36.03999904408444
36.37477759358118
36.27119888580878
36.32693401011988
36.32100111468516
36.687935487796494
37.01964539189284
37.64527008676473
38.19028777643374
38.40053195827097
38.61085567414884
37.01564088418244
35.99171126544735
33.45251407167575
27.4464106721232
19.45656696417825
11.700201059239468
11.244621939795545
16.96105495776278
21.38335454023354
24.69189241335375
27.294855617019678
4.111837789905549
4.104983036588338
3.8651305961392746
3.834574722788521
2.692160994662035
1.1777496483867518
2.6737765054134606
3.6878068015873664
4.519318510640072
4.498520213341547
4.745685874318577
4.825638792671647
4.898859540519158
5.133115675396062
4.748661847299763
4.7033584479278145
4.939995498654583
4.959031633607126
4.837321316285824
5.142452150722871
5.057527203549421
5.162267501959921
5.212264006165283
5.427227428626019
5.590414602852066
5.434416881596165
5.510489081784046
5.415230446794267
5.397664011434549
5.287255062358602
4.95110799484623
4.976654931993747
3.892732723228904
3.4912722091928843
2.0851904452154684
4.05289107668856
4.813490502731864
5.573542045158231
5.940421072697565
6.588586651361631
6.907269980491433
7.4195505882985975
8.363561041502969
9.226114436534989
4.737638587146189
6.390289784990058
11.356715245692037
17.493461214862045
20.40982821342311
23.00186503066299
25.24523200672296
27.3098287206057
29.365933647177638
30.896867569622387
31.85787622007491
33.107963226905014
33.7608347830756
34.10799686047132
34.351081846468354
34.80153069148132
35.27092404784687
35.56538550703505
35.77497364228423
36.48005934803498
37.33669642315889
38.38857897089598
39.25509737037706
40.47198842571896
41.53043549809549
41.731979052296246
40.24569474566044
39.15024458819399
36.43490459102843
29.749622799928712
21.942408493049122
13.28375687134053
9.528898221980777
14.843317229514923
19.934408004096635
23.5713272870653
3.729603797415936
3.8489929501563935
3.408117129392134
1.5162607592915431
1.0167121157982744
2.6379412150582535
3.7039127290269507
4.125895882905643
4.358234397529332
4.198473486014712
4.985067691862251
4.8650014172711495
5.089399775480063
5.009247831196283
4.831988790495445
4.843101286687089
4.484442915358647
5.237786580272124
5.145217926583415
4.840062729105699
5.237202694330734
5.175209208293618
4.955003321030022
5.214900149629555
5.390875644570202
5.526664676042262
5.570388712903821
5.525744665225809
5.475950891593009
5.142497181216632
4.960769432912431
4.631125012540946
4.504261962183284
4.344792398898089
3.9699369014533685
4.9065492857868485
5.0950575928167625
5.367532263999329
6.068139007698
6.700210789772582
7.0664298862610035
7.443035127063357
8.036841219714981
8.857663296646601
9.485790297624952
11.706310971337246
14.237318687221268
16.660372425739144
18.514865835668715
21.023785350251725
23.237799298888035
25.31001071287926
27.40689698987728
29.16730392388941
30.87099412126852
31.792903321109407
32.9689873146849
33.8627171959922
34.26326326752681
34.59642631505656
35.42049342048583
35.62715323537539
36.06222999879446
37.10246692692674
38.39822577267736
39.32489567326826
40.499156988609215
42.717555297009056
44.4541702445683
45.79561668303818
46.62261651110329
44.68586366516719
42.479926373108626
39.30056529692986
32.390219343097485
23.92484588733008
14.714082832856084
9.424712583750502
12.208766474341465
17.914829979985335
3.238143000262884
2.6800327388652585
0.7982779714056216
0.7589433539622612
3.0595388959532137
3.3284298079598122
4.36850139724868
4.501081833407405
4.442712566760014
4.813994490616994
4.7417418220534335
4.920809063852686
4.811798742178984
4.87135141509495
5.032612878424641
4.683168399611353
4.970280571129277
5.221191258440733
5.036183241869038
4.935271221846266
5.098396421289952
5.313829305663881
5.274205061479196
5.395673315945153
5.490269558671461
5.311343462048967
5.356366929175282
5.296098711935946
5.394941240082052
5.072384726075499
5.349866631502126
5.470348938078816
5.532923284867208
5.505966536343888
5.080622823053968
5.758901742302633
5.496638197962638
5.6192438342527895
6.0055903783046425
6.562867564980671
7.128159961934691
7.363416886674353
7.933706976532825
8.81741150744476
10.043674570319677
11.60658225562613
13.514150974881522
15.605785052139517
17.34831250890977
19.194881465366688
21.387188534939497
23.393734247397354
25.72668984309098
27.674532274244292
29.400664277944973
31.05689498407934
32.801808943602744
34.08167235729434
35.008496014445655
35.57122887193407
36.018609639173825
36.621832143237555
37.59993225629904
38.30039436066691
39.325306213295285
40.856726687854206
42.874487074537385
45.00792052422558
47.54389492524927
50.27374395866686
52.46367196221356
53.150647706846115
50.220507984599706
45.93557261972465
41.92758740379828
34.94238527933795
25.531770463320214
16.05834644363555
9.876845841601453
10.088491684640202
1.626311440076471
0.45012583750636076
1.3953811355989718
3.2569792411998897
4.011779111741862
3.605358908249813
4.042825392183008
4.168490932959382
4.4805259134631
4.6105447295559685
4.746070734329255
4.695248975086952
4.6817826134150335
5.25252497492375
5.056523590034859
5.050187450729918
5.168873068988676
5.099914527211463
5.115072649436266
5.03892465468891
5.223932671260606
5.42992381095213
5.292799802201072
5.353670546849176
5.34299163674956
5.486465643324411
5.334858809126688
5.48698456803507
5.531854710121918
5.409029051641041
5.545065844179427
5.659343669833155
5.632532498790297
5.582870383539479
5.714881888690876
5.76220750914206
5.747580095990743
5.949903800407457
6.230630194330512
6.554646111026439
7.066320386400499
7.41429474082059
7.953757605120381
8.491811543518752
9.722350545270366
11.054546148093833
12.67750646585827
14.399584110076162
16.135722496106442
17.82985336600416
19.41720983647579
21.260861599012536
23.809069176407977
26.240119616055864
28.17624889523176
30.283905208315815
32.52545915419065
34.60380008848654
35.60310176414953
36.618993935747206
37.72460819504972
38.37038945263905
39.104350371823585
40.07054975819149
41.22890876077833
43.09761644854381
45.394297234195534
47.81600669610717
51.05173634562605
54.98819904219314
58.54777759631211
61.505727700713805
61.296946069066244
56.709143803865096
50.1090439406458
44.2902321791016
35.90763581938239
26.23831839891385
17.410348541680143
10.837173642293939
0.1252781723274776
1.7094411264144351
2.8663653172677175
3.2437794207734405
3.490714883736926
3.935493245827527
4.187144405345998
4.5137757877290445
4.710278473174146
4.681580900155402
4.594470709065765
4.496932713885596
4.768691091245046
4.872519186977726
5.077717251865882
5.2347757397284385
4.803291217476701
5.202752867948439
4.899629260540516
4.685342472337611
5.0527785637004285
5.212264006165283
5.3018323238321265
5.519492128618973
5.377875049223884
5.559355036461758
5.604236011877352
5.711728556436466
5.580341245351325
5.752883146985003
5.544011089211255
5.609396571160883
5.771928956372714
5.90846114066773
6.035231481160135
6.192883717167704
6.17623221336934
6.370490688643166
6.734363995668125
6.871462968785985
7.296586658115865
7.630456013868282
8.279959456662688
8.637528903442552
9.565623219166227
10.778751138321631
12.020781747877413
13.447906074397498
15.026890454961691
16.68734949123908
17.795963864830917
19.664823001430634
22.073843084784563
24.70427605355488
27.08728055532728
29.63912810472139
32.09054587497262
34.989065787527714
36.85179913069695
38.296044714851476
39.48352180289092
40.3680343565503
41.54391428087353
42.84546227159027
44.362311024896066
45.94498599373057
48.740490205201695
51.967463212283505
55.5112120292209
59.359959958622156
63.76632334966072
68.47239393808282
71.36212819708754
70.37524536481727
62.749861402798565
53.412976654439944
45.442859737691414
35.90911802291697
26.221106353571475
18.5579749716119
1.3700448212407612
2.7260430823058295
3.493501511016721
3.6457547285865677
3.915438597949097
4.16947018343327
4.315696774017929
4.251209627172997
4.28485437608728
4.5862004318537215
4.681580900155403
4.8272262921275955
4.65943235089117
4.718215970453895
4.988299234048397
4.964702980655758
5.2816981393381734
5.239733568439412
5.330386115870551
5.123698293754333
5.17092404667056
5.215753463294756
5.635112778432063
5.33999162953462
5.574144572566999
5.655423651801762
5.590804855629115
5.610905419985001
5.66340926534501
5.770143420786586
5.798337175013238
6.029587427737891
6.09965763394426
6.201594702924333
6.294582868634382
6.492863177634247
6.436605338907602
6.647363062874809
6.887902556034164
6.95685114077929
7.059398986721618
7.583902230352821
8.198674846607513
8.801659100170967
9.48582692125488
10.60727679985117
11.453713890742856
12.508136675079255
13.702941669176925
15.458121172055376
16.9199299715953
18.296941533509354
20.431861606149788
23.115037376529834
25.73372597697377
28.400903724980296
31.274785048929942
34.70613613945016
37.712228701577956
39.97911264307617
41.772638523650336
43.270920353256294
44.88693263052245
46.65860433875393
48.120476028106644
49.9837388766498
52.80121114910135
57.74334078221761
60.76039472760026
64.97539166944821
70.70930264277898
76.0588849153996
81.12980691615843
83.34023488577466
79.88581393867581
68.8169890761305
55.25511664295954
44.26553174240751
33.710595352309475
25.32398892776478
