4.92046923433577
4.815371792952298
5.100484554633999
4.491018989482749
3.699554430975987
1.8749298423669618
2.5163441323666533
4.054850162305279
5.22827544205528
5.547500546340729
5.50506520573655
5.266798611508439
5.1645441567128545
5.193720346317384
5.499323746960002
5.441442176198094
5.3258262874956355
5.160215244437033
5.257812470220368
5.277733090813015
5.336866036155809
5.161218857951594
5.226268215026157
5.310339848534408
5.147214649090719
5.524069586847561
5.507930468799768
5.613028520001085
5.558975617013452
5.451431931000728
5.45782695931829
4.0911267695047
1.7190316127774854
0.9657458982668372
1.9102919314780995
3.4237828550692893
5.622393164530103
7.592386275666092
8.253612285109439
8.435614379518881
8.440920249018179
8.640533968019142
8.979858243867127
9.198150119941884
9.22401325335581
9.28152592498171
9.389282557677513
9.33420213585182
9.285250484276553
9.085497220943209
8.836257819108432
8.659973287549139
8.11694689355098
6.420505758720819
4.918737304692387
4.9257123381398324
5.886123667266838
7.31415714640036
8.358019368460154
8.706302051592445
9.078587334027802
9.231240949156069
9.627721240446167
9.333576593391783
9.568688646348095
9.536645546577967
9.668769273768728
9.583999840716997
9.680058659952294
9.523027489958364
9.612322342850915
9.141903700608804
8.929154528783714
8.668788589892149
7.536476366389371
4.864236850655787
3.1423242065505876
3.581585824864831
4.611130466026656
5.9343523257021396
4.575922589751365
5.346691632590227
5.477958118622129
5.314354302592649
5.076059350616828
4.454483107101434
2.7924973077624338
1.7997625956613457
3.536183401092996
5.058894001362906
5.206767322006683
5.405404850359849
5.475472275007216
5.517484901589851
5.409419304418092
5.242115492547943
5.066468314343729
5.257812470220369
5.131517671418294
5.138707124388437
5.281642275515664
4.5949452040462395
4.195151832049713
2.0069391150220133
1.2000583311940594
1.1559719785288847
1.4219069003376263
1.5370852962272468
1.227350432113797
2.007923845956046
0.8587544177525352
0.156597715409347
1.45235121612618
0.1252781723274776
1.5098097307466927
2.2434486178761386
1.8376545404482285
6.25181204575965
7.73997515305733
8.16606951460036
8.495722702991007
8.552203674878914
8.734004345955706
8.748273688420262
8.888394826069135
8.883623060263236
9.047614201071616
9.136184209362005
8.862681600061103
8.287255078470425
7.8127518862952146
6.663804831115699
1.8914215640299326
0.0
0.0
0.0
0.0
0.1879172584912164
0.7742369985316814
2.1715782337429337
4.033264908893735
5.622517620614736
7.7087822388104295
9.090140840380286
9.230649224426575
9.480966701212013
9.412637210378975
9.352361258917902
9.394063399808337
9.352791999293851
8.83359244059301
8.866071562619167
8.631064152711305
6.928964953304427
4.09459326989724
3.5543739042498332
4.316885911945157
5.630370826569871
6.205815505435118
6.22718113377299
5.232289896113524
5.422613532928746
5.441950267580008
5.634160306371113
5.433413268081605
5.367360297492481
4.642868964203051
3.405077469744536
2.2485078162592016
3.0395795309370324
4.506921034411836
5.299825096803004
5.3914006414989695
5.281327817298086
5.091407002509184
4.830401291039495
4.3319325484806255
3.7325518338044246
4.039533897243612
4.035750761515839
2.61013502634241
1.2883896550846696
0.09395862924560819
0.0
0.0
0.0
0.0
0.0313195430818694
0.4071540600643022
0.0
0.1879172584912164
0.6263908616373878
0.6263908616373878
0.313195430818694
0.5011126893099104
0.313195430818694
1.2922515125357288
6.117275222554759
7.4169753778146115
7.916441500847364
8.33097430856579
8.491253267508815
8.675028032663382
8.842254783342359
8.897927124115151
8.789331432181202
8.864582894128956
8.425733908169272
7.9874668673822145
7.457720960696407
6.011545510183988
2.5411560654710192
0.0
0.0
0.0
0.0
0.0
0.0
0.0
0.0
0.0
0.0
0.5764137949980632
5.476773721845138
8.610633252456996
9.020071450228366
9.234128015063693
8.87901624283485
9.214556855235678
8.631995028504683
8.70773577826391
8.292945141474593
6.072286585625716
3.378478116344872
4.012117412334252
5.382322555677856
6.250849717443094
6.514351554955141
6.722412919633664
6.402091466515641
5.51232434230632
5.777975160189928
5.535503564508974
5.60323239836279
5.96264294528635
5.939696575275721
5.938334293707881
5.134304114731927
3.660671071017995
1.973204483159026
2.006039814966994
4.112243473500232
5.096169500877032
4.975043069497122
4.475392413603425
2.655629312871247
0.567388935472347
0.4384736031461716
0.0
0.0
0.0
0.0
0.0
0.0
0.0
0.0
0.313195430818694
0.4384736031461716
0.0
0.0
0.6263908616373878
0.0
0.0
0.0
0.0
0.0
0.6336445473626711
5.128453950995402
6.424084223760868
7.18122112531594
7.33716756570185
7.224114907779651
7.461342683253697
7.355245693118454
7.4367975209899715
7.698470909867855
7.79997582114987
7.720735586956468
7.224116036111171
5.858197268566908
3.695038835080258
0.8689321319308515
0.0
0.0
0.0
0.0
0.0
0.0
0.0
0.0
0.0
0.0
0.0
2.181631731641508
8.272734519784285
8.499887814742596
8.705074827561875
8.335745494239626
8.395396657065573
8.449939713832675
7.555489296685556
4.638417849123426
3.3250858552240565
4.152142901449773
5.708213237602207
6.571383277233217
6.398022919109836
6.62690211146663
6.689355594501445
6.398999841116463
5.752974497242118
5.739594482447495
6.024250900915312
5.897399955047448
5.823429188218164
6.248449544525006
6.027664071333997
5.28080282036932
5.262784157450194
4.433720833917684
2.132294805295846
1.0094790643451033
3.2023177020838123
3.9074691937199697
3.279093789271889
0.7786106626839413
0.0
0.0
0.0
0.0
0.0
0.0
0.1252781723274776
0.5950713185555184
0.0
0.0
0.0
0.5011126893099104
0.0
0.0
0.5637517754736491
0.313195430818694
0.0
0.3758345169824328
0.5011126893099104
0.0
1.5291764119218056
4.89147386662519
6.7850631639368135
7.299272729735902
7.354718299354832
7.383090532503775
7.699851616920813
7.7525769097757165
7.865268772714301
7.983267723749711
7.515782350867342
7.183306068991833
6.975322570477107
5.801418198551632
3.460862894201809
0.399138985702811
0.0
0.0
0.0
0.0
0.0
0.0
0.0
0.0
0.0
0.0
0.0
3.0443965635351065
8.132042749625548
8.311562749157968
8.145710577561598
7.802193130494897
7.676243589423934
6.252038347945243
3.197296853789063
3.2232398514116625
4.63744762213396
5.838871803483685
6.391737358224338
6.64358293688849
6.636269950090275
6.890370155348567
6.7756175228015305
6.4401344094931705
5.859175359095483
5.7781954120780314
6.151298565717249
6.199576658229383
6.198787429274189
6.150822730690459
5.885568997880449
5.4929659409975695
5.772620967742057
5.1556030459185465
4.124325753589971
2.1911339368248632
0.5440844667519689
2.1232203758445305
1.4968387822943365
0.0
0.09395862924560819
0.0
0.0
0.0
0.0
0.0
0.156597715409347
0.0626390861637388
0.0
0.0
0.0
0.0
0.0
0.0
0.5870562441940274
0.313195430818694
0.469793146228041
1.6322534002559048
0.0
0.4071540600643022
2.4670564981973353
5.384406975325785
6.837622469415102
6.995758269932241
7.240195787087882
7.59772394440858
7.903670461527593
7.862756243546091
7.841251548599928
7.870933842026026
7.774445564948532
7.7057275377885
7.3332367438532815
6.478200676351462
4.6625423226678055
0.8010918399517739
0.0
0.0
0.0
0.0
0.0
0.0
0.0
0.0
0.0
0.0
0.0
1.5925203700904527
7.711503820113792
8.166514114702922
7.8642776997649495
7.01667590225021
4.828791262634495
2.3088076693126607
3.360700512036478
5.137046436101284
6.243027076706563
6.8966904270833025
6.594396377220337
6.642818680442214
6.810810627006355
7.12418833075766
7.095738475595856
6.541930778545701
5.961181162370289
5.788201842730141
6.057521171052007
6.156369566526851
6.148076426383938
5.828000019039576
5.884087757555911
5.544395269770193
5.6461061467492595
5.403922620259494
5.0907178472122006
4.271399675489459
1.5913547369959047
0.7516690339648652
0.8456276632104732
0.1252781723274776
0.0
0.0
0.0
0.0
0.5950713185555184
0.0
0.0
0.1252781723274776
0.0
0.0
0.0
0.5011126893099104
0.0626390861637388
0.0
0.09395862924560819
0.2818758877368246
1.1275035509472975
1.7181969551400218
1.9607382254334857
1.6271140972569038
2.441236127384421
5.770362602294315
6.967282878909774
7.283496342895637
7.377416085873987
7.440362392565271
8.07465241596882
7.839466395499264
7.729879123256574
7.796612968198189
7.899505104292716
7.593699336339587
7.64067709066875
6.8588811373633085
5.532948103987399
2.011273021239363
0.0
0.0
0.0
0.0
0.0
0.0
0.0
0.0
0.0
0.0
0.0
0.24252063602135146
6.700915251263428
7.0422242906388695
6.450167493295549
3.80993701108202
1.7232880010484815
3.402502606288317
5.016942951121809
5.579001506961697
6.100468604070301
6.613804650762755
6.859095053679146
6.8815508941104735
7.06386224598229
6.66287225167421
6.808170440293628
6.733981867444987
6.089526377206715
5.9962483505222925
6.128429955883997
6.206864393074553
6.274648256159085
5.686636543231541
5.685920998908169
5.362867226848444
5.238790193786684
5.423318243923375
5.247776335074756
4.983984180291432
3.4526248980950953
2.240309312989573
0.9271933037317971
0.0
0.0
0.0
0.0
0.0
0.4384736031461716
0.0
0.0
0.7516690339648652
0.0313195430818694
0.0
0.0
0.0
0.4384736031461716
0.09395862924560819
0.0626390861637388
0.44211076314486947
1.1653153911182428
0.8434856576657609
2.524806016228715
3.108279013064887
4.131693681606294
6.58337989117376
7.106373900222865
7.224606535863293
7.475592242213185
7.720505988083519
7.921012788744761
7.970679825789228
7.791371630998942
7.983431701672424
8.12468585836007
8.12544488731634
7.644302687316065
7.22411490777965
6.314470767429915
3.423752332093653
0.0
0.0
0.0
0.0
0.0
0.0
0.0
0.0
0.0
0.0
0.0
0.0
5.477675352857792
7.178351181647516
6.543969726079117
4.507296920677335
3.555535997408883
4.686978697874911
5.394411482042653
5.275306136210721
5.881741319881988
6.3220213922974
6.419460792524641
6.65001270848373
6.6689198950463116
6.6283369175555285
6.8016311688378845
6.806883165574757
6.0323278647156755
6.1927647584110055
6.301322802819951
6.281914249833409
5.909464754182291
5.864776422155221
5.408178763165952
5.189752272602121
5.2963356396735275
5.103673412064753
4.925481682160429
4.82824376416101
3.902015615894575
3.1456681592863425
1.9536517119828272
0.0313195430818694
0.0
0.0
0.0
0.0
0.0
0.0
0.0
0.0
0.1252781723274776
0.3445149739005634
0.6882891934370313
1.0073164245282784
2.1066122673934764
2.340652127329868
3.2873218905915813
3.5350751482163583
4.2979015000701875
4.821438504533432
4.9924795255451135
5.511974397654136
6.278169282349413
6.808148509000868
7.18848604671006
7.289662417609061
7.6704300308706586
8.07097152887551
7.8660534755475435
7.924236253911246
7.984457825816819
8.289116208343284
8.160951753856171
7.963111129781614
8.046166612422022
7.805487372990468
7.491756834187184
6.304890680425689
3.3865604038393293
1.8805771590714049
1.1561773967539386
0.7934823065466315
0.0313195430818694
0.0
0.0
0.0
0.0
0.0
0.0
1.0999027621686805
5.699603956369958
7.216438183135314
6.787631575138648
5.480978672342725
3.9688831887052074
4.862213965698851
4.875295796167016
4.904407727406057
5.307583897743938
6.141599661664807
6.233993033591367
6.720740196031369
6.827697672592744
7.053952471293661
6.802100865628766
6.813125327637945
6.224413088295622
6.040523787272736
6.205198970480785
6.192288923384216
6.054655907988787
5.6266052537297835
4.8337127312818975
4.520867788536489
4.89234873832418
5.138857424237798
4.864431389848616
4.686343398523253
4.288349452964898
4.181221189119913
3.386587808400196
2.793871673725198
0.5782178783799905
0.26220857901514427
0.1252781723274776
0.3445149739005634
1.232353025916887
1.38169705560095
1.3479282724335577
1.0167533843424996
1.1886611283828457
0.9563295727247286
0.8128266114004132
0.8071689719488012
3.51138090786672
4.239832833121522
4.439774815338353
4.407531241915889
4.425724567725045
5.352877472045809
5.687971315621159
6.5079902382105095
6.766894981867463
7.31731509147253
7.322654309860546
7.305438804449333
7.90993696968506
7.915016365281295
8.155116318809549
8.146196532317989
8.081602747832644
8.389943476143587
8.285087754892723
8.378799228291669
8.162390112121875
7.829542637805758
7.719978594319899
7.609405859491009
7.37816472036901
7.047592309721993
6.637566888466794
6.500509371459423
6.185852341375129
5.252971184167874
3.963620755029293
3.3386955085308525
2.3853206323729133
1.6735496176845748
3.142360199456892
6.972004125121694
7.366067192614412
7.2542972534212815
7.060914720057694
5.370147867283107
3.837918675524277
3.432703553822409
1.4953864855021592
0.0
1.0234679464114231
5.045330601099546
6.130624948748721
6.466999880543543
6.832861816854255
7.159325563743606
7.1746432473522965
7.249821812854802
6.220726110224704
6.233398239807879
6.310351436673897
6.171161212559741
5.92911122468223
5.102834808243303
3.6176378997397403
2.4393279059361124
1.674940166546848
2.601695854441897
4.150561905010056
4.817578712580247
4.015831514075441
4.027327713725486
3.6701325796746387
4.036276368428501
3.6442181526567214
3.2824607330634654
3.179365771550204
3.0956946348377197
1.7258771721422719
1.0938585734125796
0.3481521338992613
0.0
0.0
0.0
0.0
0.0
2.975526153947537
4.669898376541226
4.367522146774793
4.193187027170648
4.136007822763596
3.616138741765718
3.5645240199973935
5.531646480679126
7.034500028005811
7.3107103655674175
7.242420966398088
7.477309738043915
7.642057797721722
7.7346948219709954
7.986130893134443
7.97656715297553
8.156999277177812
8.139905206159238
8.227144885024057
8.430952463686937
8.505416182036036
8.316276510929708
8.240129233977015
8.264344298840058
8.169052317748108
8.21867045215877
7.761000643781141
7.721725706719643
7.620949124691346
7.46648823854796
7.69284541736204
7.177753668119892
7.077192964800923
6.764608066856929
7.174299725637061
7.376189499135923
7.489977115712546
7.301275007750446
7.104578440623518
5.080195938834582
2.0142496844215394
0.156597715409347
0.0
0.0
0.0
3.385085921274139
5.9006279617095
6.73176797870083
6.541786567835959
6.685600720468171
7.097589397417017
7.117266931078778
6.226467381232803
6.122883120047606
6.150822730690459
5.653416424772641
5.517247973852272
3.4913106751054004
0.3445149739005634
0.0
0.0
0.0
0.9734190765375357
2.9975922109659447
3.493608729955752
3.903818082132206
3.643509703058897
3.700974977605289
3.716101654570986
4.111837789905548
3.5767932543901306
3.5896089280096377
0.0
0.0
0.0
0.0
0.0
0.0
0.0
0.0
1.9277281698093505
4.23983283312152
4.43065904165401
1.4221642971353914
0.5011126893099104
1.1275035509472975
1.0211519329774053
3.6144717181746593
6.733981867444987
7.282213624166561
7.605048229599163
7.5768720360621
7.7879662559064995
7.975280730255642
7.991435944911574
8.073210679551746
8.156355323510457
8.221260547343629
8.585969082756629
8.316642144754203
8.455536310634933
8.66188189614069
8.516223102288196
8.682394864733645
8.38066330147052
8.43577536793572
8.485259588067938
8.485281416563348
8.390126293055834
8.415867076366094
8.340890375322092
8.38543435977951
8.238389863451
7.693165250740898
7.7856240924732
7.7376024198688285
7.77836746455255
7.568338061074303
6.827531662862828
2.4395419634920645
0.0
0.0
0.0
0.0
0.0
3.4586510407932596
6.197262706607963
6.679915980366907
6.644729321557904
6.818987911215154
7.442771430181546
7.240190757181709
6.206388558047762
6.302112031775146
6.116190178985925
5.765117056554336
5.026663436372187
1.2583747988170986
0.0
0.0
0.0
0.0
0.0
0.0
0.7115523936131843
3.198832759876062
3.613646555602134
3.75550250073002
4.621619004188085
4.634280778276151
4.263939883333528
2.984280522537637
0.0
0.0
0.0
0.0
0.0
0.0
0.0
0.156597715409347
3.646792431443999
4.178702152572837
3.6252781556902107
1.5002099762964485
0.0
1.2680711176336619
1.6555578689762833
3.0587737176009866
6.593394203260666
7.2025953837775525
7.411006903249054
7.873513075277993
7.987320995201552
8.146196532317989
8.380567798539905
8.370591824259687
8.224918121326702
8.475166282361695
8.460900945488946
8.768889598955328
8.65041570890281
8.855963113739232
8.656406849275568
8.836329911628471
8.6887225120858
8.863749952907671
8.922299672077642
8.876651288513644
8.880066222123729
8.85682018240046
8.774620180014937
8.697055852875282
8.754995858169032
8.72558341580804
8.581744135399676
8.551267562538863
8.290864623868048
7.683754682216757
7.046550624772354
2.6713127378006223
0.0
0.0
0.0
0.1995694928514055
2.3617080135548005
5.561413701334838
6.730490162878152
6.868309222696856
7.230310657520156
7.285693627259948
7.495915259224143
7.384796188784451
6.3423633849488805
6.1082823984042225
6.164803406597308
6.069352128219008
3.6739210503126425
0.3364998995390722
0.0
0.0
0.0
0.0
0.469793146228041
0.1879172584912164
0.0
0.0
1.1214237578573196
3.866054117499732
3.9129880434744875
5.012398467067507
4.282844951613401
2.4405076919146196
0.0
0.0
0.0
0.0
0.3248476651788831
0.7071538449782784
0.9199509841914315
0.5549546782038374
3.5476752592932295
4.471039138286931
4.563855543987699
1.5936525486303226
1.4166537586815175
2.369204011043636
2.5688880414405215
3.6267048835167137
6.623156585094385
7.246884225658758
7.518613045743294
7.623126357015767
7.915019354787166
7.966408361783063
8.260498662301744
8.415823419375277
8.306966318812249
8.385499845265732
8.62315384587458
8.757840891481736
8.963518575974733
9.107144965012276
9.029486404476067
9.084994388047223
9.094866932221624
9.198508767797795
9.351497582721768
9.168483421814862
9.119322047841882
9.392812314888271
9.003001226012497
9.015745084222864
9.06010124665902
9.035405452328785
9.147929918159054
8.804817542433598
8.519452300983133
7.683072687848486
7.063518377350454
2.3800650591610135
0.0
0.0
0.0
2.6400169903332613
4.663417312044761
6.128866384114652
6.650786312591035
7.166842000713731
7.148471139395591
7.195484659404743
7.198434427906591
7.4076341971956
6.246211069318594
6.106253357420086
5.960018831074599
5.428347144824925
3.1120966898112163
0.0
0.0
0.0
0.0
0.0
0.0
0.0
0.0
0.0
0.2192368015730858
3.701662792931001
4.278254428806669
4.826086237282529
4.716418273877302
3.454043128155533
1.5795979131705487
0.6408569645437292
2.204668817727422
3.025473994135774
3.500653873185011
3.5903833554259803
3.891060746861026
4.069323952631902
4.247564707350338
5.1792375208707195
5.575560105516098
4.340665176943764
3.387926453295201
3.7165855274443564
4.328503993774852
5.668556585059273
7.156822726164598
7.489645761560799
7.704180407692678
7.708107741922717
8.00493938612447
8.049685026483667
8.272679929821903
8.550612309109788
8.420815500989875
8.519614763888498
8.85501177993758
8.878012134266108
9.028158137088205
9.025412394034579
9.18266938782751
9.470735858711341
9.309985153967666
9.450905024842085
9.492948720794699
9.567164798116657
9.682189983330364
9.404529896473901
9.504488593089981
9.295360878060093
9.646126645829098
9.429200710592506
9.499625828073242
9.42417095280417
8.94763271474388
8.063757883006662
7.213527161883455
3.0241544866110153
0.0
0.0
0.0
2.7209790962205744
4.875309325878944
6.268778821888286
6.910518204307337
7.300187295371148
7.368465888252533
7.569683065411382
7.53616377939628
7.476782344280296
6.329954424832147
6.115022332589793
5.877675724370134
5.909034193280374
3.244019454261554
0.0
0.0
0.0
0.0
0.0
0.0
0.0
0.0
0.0
0.7946408114069237
3.8932900486848636
4.546600559763979
5.110593437311082
4.98730947905269
4.914336483217235
4.976046683011684
3.9960201752239666
3.946610323274125
4.209850280066191
3.5006745074571244
3.8489929501563926
4.272815199384293
5.028409902957507
5.1942453432461555
5.642429913559998
6.109118620483307
6.168966219695016
5.900826472426758
6.245756975462648
6.458947889252099
7.076957117192322
7.3423146185680155
7.978143899640374
8.114578959307277
7.96322321556465
8.257094636360126
8.455675470556363
8.455631813565546
8.546482665400037
8.773924380407788
8.932275646357866
8.94461657495929
8.932042253039882
9.227764005007113
9.20411249944662
9.344802124002843
9.483752946816814
9.805799257489074
9.776544948297609
9.880328195383683
9.693931412569851
9.845528229775445
9.990276134714069
9.89791237104545
9.795001847622192
9.72033869195007
9.776723501750118
9.696332015665101
9.669534088054675
9.276569276098053
8.44559158588544
7.691846766331851
3.9933559768898856
0.0
0.0
0.0
2.3831697506765295
5.3584300200269155
6.542538710216545
7.1009152034891
7.396285303936025
7.601747054905675
7.647406324825782
7.454611951524766
7.471898988295942
6.315234744432065
6.412410975192868
6.186071817349326
5.745650385507887
2.7471310013880026
0.2505563446549552
0.0
0.0
0.0
0.0
0.0
0.0
0.0
0.0
1.5186274622886167
3.8884095200192608
4.583434655993176
4.969126657765352
5.104138170131689
5.356891926104055
5.350391628430896
4.779926170248343
4.985571679747382
5.138707124388437
5.088232003597285
5.4019153932303725
5.356366929175287
5.532150526872115
5.808183448329327
5.960727068514343
6.654293921449884
6.685058477243275
6.57358800843826
7.00409868264317
7.1320929866038245
7.36012904910281
7.628991408631417
7.700715799462207
7.904262523055268
8.329926642045425
8.46644147784029
8.505724519323284
8.866755642246476
8.877791089108403
8.813056649826526
8.96297969681873
9.218452480865231
9.312610098774513
9.410643746410711
9.533314706879372
9.691967081963385
9.52825459480467
9.610832332500035
9.709057546853744
9.812532143253414
10.149068433258154
10.170894603654391
10.03869764998671
10.07996633335669
10.319875632434469
10.249034138825099
10.188297839774766
9.932095035280888
10.187421647202484
9.78634674483802
9.064331467950701
8.028688321997782
5.060944801018644
0.0
0.0
0.0
1.936151802268646
5.017243051882101
6.320590655878952
7.323475075533055
7.242420966398085
7.620126142455963
7.735197256342585
7.422883190272246
7.654105164964764
6.481243725916833
6.192764758411008
6.1787840825041584
6.126972248513491
4.237588146982336
0.27386081337533336
0.0
0.0
0.0
0.156597715409347
0.0
0.0
0.0
0.0
1.8704167561865757
4.026181344270269
4.009820610794088
5.141612695576523
5.348863017987567
5.164229698495279
5.335242989685628
5.28716062633175
5.527332164681759
5.277649488114909
5.440438562683532
5.618813273350874
5.9250791049986935
6.025397006140602
6.56829516261624
6.826172480360476
7.152365557556827
7.126646471175867
7.168062119563668
7.125281086785447
7.212730248840096
7.488658631303488
7.6093918249959565
7.786650216617601
7.827921462627815
8.246452879917141
8.51669156269609
8.643236074091595
8.887466602669242
8.88281794744896
8.984610325129932
9.449228891519724
9.480774159974837
9.511309908372738
9.311195168082623
9.610658744729133
9.83485787941941
9.789138647797628
10.10871630460063
10.239666820345576
9.846272590659096
10.024538053875895
10.321126065720383
10.419441335858522
10.460574002217015
10.447842827818086
10.585772504247183
10.617602505484541
10.357454603522271
10.220232058724811
9.8403438008073
9.289949776015247
8.319379614528142
5.921316412447269
0.0
0.0
0.0
1.8000653213056372
5.274829255545454
6.535382048193763
7.411507449071203
7.542365619789687
7.895615810763587
8.08076582841269
7.921331776072564
7.671356436055949
6.38392328444629
6.439013276776802
6.316449583952087
6.377493512851049
5.45478272833392
3.550531250424028
1.702873343707195
1.0964721972517102
0.5011126893099104
0.1252781723274776
0.0
0.0
0.0
0.0
2.4559615892931053
3.9552930876693564
4.817344152418928
5.35779027026302
5.382414500210897
5.455209457321391
5.408894307489323
5.635118645760801
5.556252845660958
5.627514431217492
6.132735260692433
6.241193711790155
6.500107709581852
6.592266736383641
6.933371195095531
6.828584208456002
7.158795329152068
7.197708139960856
7.142494389376097
7.54968675415557
7.2839879709792745
7.772434755666972
7.621936254948659
7.82990265534035
7.983106735332872
8.405934759076692
8.601325870505413
8.650231622456504
8.92216051215621
9.090788181362013
9.355496322012732
9.46020550647327
9.650421217325803
9.708751282256227
9.553373242092954
9.91331430636375
9.984368599214504
9.74274064531942
9.845525843686557
10.143705450837505
10.188118019773404
10.346728638680966
10.488812214040442
10.607590697709728
10.801018110459852
10.694602860039817
10.822581974269859
10.857781791406662
10.544170929959193
10.549852531519708
10.528951149834665
10.018980378553723
9.203720317987145
6.653623326624348
0.2192368015730858
0.0
0.0
1.6015686261529827
4.978197640121695
6.50286068909958
7.26564898750878
7.651234893282894
7.736075529023959
7.920829524757264
7.900695206359822
8.014670502512413
6.481243725916833
6.589087738341466
6.700686624799373
6.644450247799448
6.2088824377695015
5.524945518204329
5.4467963686459635
5.068789999590428
4.243000686170549
3.108576665500881
1.444530783926108
0.13693040668766668
0.0
0.4734303062267389
1.883409852339826
4.636925502101685
5.1127509641895665
5.282271191950818
5.28946064492096
5.740598095962057
5.975280797033836
5.872230181665147
6.114568238733846
6.265572629181248
6.274388597474843
6.426748527369811
6.452017030677024
6.9908570112295525
7.074225042246665
7.138031130115422
7.399255124477774
7.394966819526973
7.600955964260238
7.488131237539868
7.690747613255592
7.930576528903671
7.835577101970136
7.983862774783267
8.251575932504192
8.390448269889514
8.828696137764968
8.830666397970248
9.046773582767775
9.10647100095248
9.489356678465638
9.661954713346098
9.623235102231956
9.926047427005468
10.156102833270607
10.109090545314267
9.909848554041282
9.921424684924853
10.126183396293504
10.387121129478675
10.525446343834401
10.698964053571816
10.764718882605926
10.879333777240138
10.995784829930361
11.191790809333847
11.350566821892402
11.306843305001937
11.03928434743221
10.78012799716217
10.807962658323996
10.3138607530382
9.621310585606679
7.0432528992185475
0.2818758877368246
0.0
0.0
1.218019662355626
4.799840193909721
6.710414353193485
7.369967292431486
7.725394778693894
8.154409181992959
8.23206329220345
8.168681438280625
8.060153343332468
6.668537766823174
6.551783799857167
6.549362724100612
6.535356796240719
6.432226628911469
6.274053462375595
5.759240952947434
5.112180936767031
5.3728569816510765
5.483454802780729
5.09624939893329
3.3222901884775053
3.1671349927930015
3.6868749933606093
4.497568013237255
5.084486977262853
5.458935842188448
5.371374751550724
5.478436735207923
5.8530242149414144
6.115930520301685
6.301895855432596
6.0197312115475095
6.451804365116674
6.726472119378438
6.849402036134273
6.548598467654337
6.637535293516388
7.048505955865704
7.126006327726755
7.244881947644215
7.347197974552373
7.815259519585202
7.989106148302212
7.5580704752699965
7.9247410938570475
7.984779802650496
8.160978827994567
8.284083413043861
8.702813599930053
8.986208032095794
9.20896543409749
9.13202099064261
9.346548177365134
9.426713974725102
9.615870167375075
9.998753617550516
9.903536630754463
10.279719169209713
10.303682467459824
10.435646247549325
10.507120258157123
10.49287616703626
10.59761288536291
10.543474814453306
10.665022942974888
10.707526543132166
11.039241050218086
11.350105569022729
11.67176003140805
11.69222634076101
11.64944965045205
11.392715884471059
11.47486017346511
11.369202083055411
11.06017139020588
10.123686500949514
8.081835854516683
1.0260924703038115
0.0
0.0
1.0311575844325032
5.081565488553983
7.02165320854597
7.826608412844777
8.180352308373875
8.32606966829768
8.249171597537579
8.376839447227738
8.210618790900643
6.612896183606737
6.541022311389683
6.413005768976356
6.3301923423455415
6.453877167886624
6.246903080687937
6.164230353984665
6.164208612813819
5.874151925765889
5.617331043250519
5.2988214832884415
3.905646093210229
4.701770948471865
4.984554207713967
5.367301408479861
5.5239851992630085
5.472224506725954
5.607962396744406
5.6944285236104495
5.875938900906909
5.9504226257967545
5.950357894263402
6.294348461903185
6.337123200920618
6.560956923864981
6.970803439997557
7.060983370833046
7.1989260559902295
7.131601358520183
7.224114907779651
7.248095413027874
7.460813791918175
7.366594586378032
7.548303763301283
7.942034518440408
8.083502242853456
7.964896282882279
8.321560551933597
8.471162159026948
8.800483253316195
8.882161736866932
9.032156876379172
9.218057786749302
9.66081238708059
9.702694781259419
9.766066164659087
10.102979081466342
10.40867376415655
10.353098378813677
10.384411827481465
10.519635457565741
10.603250426868522
10.578022094621572
10.78345854777044
10.768143672410183
10.825682574429942
11.087853914543187
11.565974250497511
11.878335303250326
11.976517233588893
12.153054677343848
12.140276794876726
12.044110243774897
11.95048888618102
11.867074191915536
11.753522262785989
10.711582271652189
9.404709653112969
2.2866698173517688
0.42463809469704467
0.313195430818694
1.665178530752302
6.765886810847622
7.964015973881196
8.355975762642931
8.454744803142702
8.47013054375628
8.559029774780255
8.696077353078467
8.551540232500862
6.636388908846973
6.412360471286778
6.804525066120858
6.748369923528018
6.580747325630536
6.432201376958424
6.540164348139754
6.232922404781086
5.776018084838601
5.887677518040976
5.563990598816521
4.44210431777795
5.1201045755279235
5.370896134964932
5.144203808547034
5.40086848514257
5.36888890793581
5.497889572543524
5.783044369216344
5.952201878186771
6.005806554647192
6.247497874471425
6.38118372226004
6.723415093593335
6.83539610827438
6.959090281476491
6.948019099984719
7.084353816656303
7.3650481707671505
7.312203804286347
7.539329639549905
7.54751267265585
7.861305434103048
7.977162204009083
8.172559440800194
8.381042574841446
8.270927584388094
8.380933432364403
8.615151899118457
8.80401424881824
9.24683233193915
9.273253632747046
9.45803911135486
9.845834494372959
10.101664792607929
10.195530781043109
10.28932241191011
10.528706193829178
10.51063838443668
10.772532890739008
10.801129060475887
10.947469733915254
10.966960843027916
10.818498995602074
11.067845946357734
11.053696340883432
11.344511397514353
11.825208158445813
12.211772459138743
12.259250399732469
12.537054292556432
12.457101633309298
12.474915166144328
12.497372718412292
12.638395917633327
12.290029358305942
11.544561149081314
10.841772483380527
9.921923522129767
8.7269063376971
6.2525700236391835
7.182400805000618
7.923502089156134
8.358721554401763
8.630185440499508
8.981939853226828
9.023603402883367
8.877344848476087
8.949782280840177
8.719592888463252
6.547834211208062
6.696167494319823
6.636771037070112
6.700686624799373
6.768686664226454
6.351817629367653
6.365322470247712
6.099679375115104
5.586742345886997
6.068852760238187
5.497652644805944
4.4692143913407465
5.239209921359859
5.4068870804602005
5.340261057258432
5.237786580272121
5.5214049196212445
5.626055734071167
5.697866839286314
5.913746526036697
5.907842813930212
6.288369273381693
6.664400764566762
6.472189560665718
6.581129453853674
6.9707347892222025
6.8913534115158495
6.975103570756101
7.3015387046322555
7.3611838366300475
7.598846389205753
7.536226002040191
7.8139084291012635
7.7633954197658115
7.900988519810652
8.078267150683248
8.318678497359452
8.610817610001055
8.646767381974744
8.98986523928872
9.348198389728141
9.398844241939175
9.645877730171579
9.743053416549438
10.265497326800686
10.337963494409609
10.485096154331174
10.679430643164679
10.884410111949997
11.154363570157939
11.182001957563395
11.235571673557132
11.044457702289634
11.183313779493721
11.144531693286673
11.220580565074481
11.544979685017193
11.801099783636243
12.343847239409127
12.513220548865748
12.863358518606038
12.903334463431124
13.137988448144101
12.918656903019318
13.05204034091176
12.944983966153526
12.34545457132714
11.877871231885484
11.293807511726941
10.707117632603998
7.747451258039552
8.125637073674369
8.665830971477298
8.891665562319497
9.073031037803853
8.890648142961346
9.225627703585769
9.202184905492873
8.925998584305853
8.953600788831048
6.684072207575619
6.440372327006566
6.549362724100613
6.521996166070404
6.4126488927062635
6.681660479480094
6.553380767600327
6.266452333602022
5.810140523680656
5.610668492247422
5.481878136653521
4.202084758347558
5.185384459315031
5.32883712803932
5.374291156067557
5.365878067392125
5.267543630627936
5.499466238670728
5.264312767893526
5.589801242114556
5.95750492918103
6.177951371207274
6.534787254410274
6.748250964771321
6.547834211208061
6.774894115440402
6.950039240960911
7.145935785961587
7.165225100747308
7.436797520989971
7.66258378654247
7.714708593737798
7.953934034220438
7.9473425597234195
8.119947965755932
8.296215419892226
8.631114633424643
8.676870510996853
8.80303574902143
8.952505914761169
9.198742161115776
9.490616088700039
9.885567587202946
10.289322411910113
10.226523342574088
10.487225634184131
10.99095139142579
10.869956163833484
11.037881095575168
11.36018039104093
11.331351780612174
11.503806424360361
11.392978937533758
11.452923574479149
11.273694307087545
11.330853003225949
11.206541348271415
10.91170827392754
12.492768456024317
13.060691292081613
13.280730957296832
13.473952051966434
13.538404312513633
13.399115104715193
13.412664415049806
13.320294086829993
13.002564716713088
12.690308492468985
12.597610243034339
12.403965156812344
8.758131135458695
9.18082340031527
9.298736903991871
8.899771485010655
9.205250388724114
9.339493468764397
9.326496904579416
9.418224095638962
9.396498567076197
9.252871893911676
6.4522549481904194
6.526515296549953
6.535356796240719
6.531730228625172
6.588586651361631
6.440372327006567
6.431368665661538
5.9408969077243565
5.241276037401599
5.134692670330194
4.903306572410765
3.74121967380018
4.925001534798
5.3028359373466865
5.4149159885766895
5.352783036018955
5.488472870353533
5.340355493285285
5.193241729731596
5.321333216851599
5.360911141272933
5.5913779082417605
6.094586633134659
6.301729903552009
6.525920502766464
6.556055665162293
6.951567753853463
7.113786927985387
7.235691732241056
7.300220220223208
7.4181243425398105
7.494001723781537
7.993587503359019
8.1515979047479
8.119543966783485
8.49022165223815
8.616594074738506
8.896917603176965
8.990368072184708
9.307631909585714
9.317819136307406
9.684793713824023
10.095991425046147
10.138470179561855
10.378640279986397
10.747038305273575
10.862203702315938
11.10024874859933
11.202025198166146
11.455336796015589
11.61260523374728
11.725615941011096
11.767362997115406
11.619849592809233
11.263572017442534
10.106643699864925
9.364045339217398
9.962824603269032
12.317472555722906
13.140017009135136
13.47934102444069
13.538990739348916
13.761504112317342
13.709137725422577
13.821264360007513
13.681132279475035
13.265287977744586
13.36110031581924
13.409032876346714
13.265526082971322
9.64475463462211
9.729676198500647
9.582624405260477
9.433619757867648
9.490499690008312
9.678015890054114
9.538669522870686
9.492689088618434
9.648652663323096
9.759888459149778
6.5004393338989
6.528043809442505
6.670830536162001
7.131367336665446
6.950749868765561
6.818486824235319
6.2405670158963495
5.85636432325561
5.631908304724043
5.39393286545686
4.5636453468670535
3.9153601315814277
4.388096968183181
5.249304945518086
4.983117008107375
5.086074476718802
5.020755691920427
5.016996807067138
4.955286607272691
4.124167646743882
4.829596703455642
5.00671258204828
5.507726002306685
5.8361448001430265
6.377136636580957
6.4051232403477
6.512415661886407
6.9518276026596215
7.158795329152068
7.244917713324194
7.587497495946179
7.749546364161965
7.827522451206126
8.062874363289897
8.075406970804389
8.510708411988903
8.585596529517213
9.03791462343395
9.125520365638478
9.39045426468555
9.631313282775228
9.926357812146597
10.154495271251303
10.368475694071122
10.812645808038937
10.985398781441916
11.178150146051287
11.33105756768892
11.928666409069693
11.890221478416832
11.948699002415124
11.998961363143776
11.963509045532415
12.108330698936843
10.436523919083415
9.152654573126528
10.037163102021886
10.003721293041172
11.979071250096315
13.043503879410265
13.354249195568704
13.579468987747996
13.697147597087252
13.814968114084843
13.858147150841805
13.981713369013345
12.990839983478487
13.772186873056167
14.154254229590864
13.944314466349253
10.448340595611842
10.135287541130033
10.172519277653937
10.126416912597128
9.817900906014517
9.927300171722376
9.87863489363386
9.777351430299037
10.10475244877389
9.835186983508109
6.42674852736981
6.426034774829623
6.378946269884468
6.45299395268365
6.446419970378668
6.351103876827466
6.316449583952089
5.882887425107278
5.513995444460376
5.236782966757562
4.422942274210614
1.9442494137185875
0.7312197023348647
2.0715851274175825
2.7608990436866048
2.5275701943178444
2.3150491850632946
4.209242031084129
4.524830857378356
3.241921315403946
1.334704800593541
2.3431534174755937
3.34110087533564
2.953193153219081
5.4339134724398415
5.903249439930587
6.463025895554098
6.794296250746911
7.2483591099096865
7.198126033863974
7.406843106550164
7.78154419395822
7.762144592626682
7.996398780604074
8.14939821518894
8.455536310634933
8.624921958456964
9.170475189240037
9.128344852947533
9.462112488139736
9.823953211809814
10.030202528716295
10.490773034610381
10.636667007962187
10.824974716927409
11.272042568804371
11.460353940817898
11.636841725466013
12.064467053540998
12.271081269972939
12.254504698316401
12.355157905497643
12.326123628053077
11.376380748852014
9.923314907697415
9.834558013265685
9.139149870776823
8.96961665179327
10.729697873734658
12.593581241674766
13.243169823868486
13.55894519307312
13.956952474804204
14.19729745323314
13.98179886107082
13.720426817194866
11.918886714017985
13.69123705260966
14.829087040813091
14.78966492658966
10.842070046145086
10.829875519002398
10.702313849501143
10.504376631799131
10.441809820253592
10.465222827571177
10.455099262518749
10.181429001778184
10.115019335166066
10.05034016954048
6.478738291017655
6.508491325190345
6.522115124827101
6.734627165134564
6.628430624359182
6.623651337913564
6.356153136466223
5.5436797254468235
5.3538810855603725
5.286824501456684
3.3589666531801217
0.26220857901514427
1.5673301481835422
0.7705955883224501
0.0
0.156597715409347
0.313195430818694
2.594139539169408
3.294649658607501
3.490714883736925
3.7448452405475523
0.5164020836687974
0.0
0.5943099299193104
3.7586050571535816
5.126195650149729
5.997495748878987
6.646216678205395
6.971567696443833
7.229069795123967
7.617715607267784
7.9071903602040585
7.736479975071664
7.997913849010732
8.256333351266749
8.560771100302256
8.68554035876573
8.94540501309014
9.277558230369813
9.499428481015281
9.829069087685577
10.23780622212515
10.54145013831086
10.78242873408497
11.23957355216361
11.367798711936
11.738801609155916
12.067556881880115
12.465415001920555
12.405012623345735
12.695066904430202
12.845762769151797
12.788764302671604
12.293916336865705
10.600225888529963
9.405451868918833
7.482209332913384
6.993388215230821
7.689072876040235
11.690123753869647
12.818640009267774
13.422250190232011
13.331900221745286
13.26674064637017
13.688121538912196
13.339417825622492
11.901104636297037
12.466017481653834
16.163111282696935
16.072597161972375
11.458711767282468
10.999114231367374
11.019058505191445
10.928867411783266
10.712865265818944
10.7184522001636
10.654687501647395
10.566458031351235
10.564961068496693
10.664664985061428
6.331262971155822
6.377468260898004
6.664018636343624
6.76591172570018
6.687971292318636
6.391117312487805
6.2263231705230595
5.831845362663328
5.184734205029312
5.288831728485806
2.0599314622140565
1.1000985000456305
1.4715344683931564
0.1252781723274776
0.0
0.0
0.0
0.2308890359332749
1.7777285839425918
3.742350048415931
2.693911182219025
0.0
0.0
0.0
0.47343030622673893
2.2339497552455794
5.260268106630258
6.51946547921818
7.139849127084521
7.337590503253453
7.714309582316133
7.771121705883942
7.600428570496612
7.887834234199459
8.356150390606201
8.4998974781801
8.8547783866196
9.183800308157409
9.499249201270718
9.841097054412343
9.794316570133272
10.403468353025417
10.648573075278597
10.890238055667897
11.206535363601677
11.69395699433735
12.067230290155775
12.385957659107854
12.609447842071068
12.936981058194489
13.350509223451718
13.143647850879637
13.310937550976254
13.100643908803411
12.344209658502313
9.017910629101788
6.517212351886848
5.1075351181104764
3.0760204107353797
3.2370083119455306
5.65924931299346
4.7791575932180095
6.162697751972649
10.195875717738332
13.031139636517649
12.347625962846788
11.547573300376783
13.47362368817919
16.370622964074414
16.76599615926737
11.895029272540137
11.676557326383897
11.809294054014927
11.27874143951164
11.239531404120745
11.335726002199376
11.16390351330154
11.025333385155392
11.153832366143844
10.919860080649721
6.330906094885728
6.507752320697113
6.687444953385755
6.485669149592731
6.412173057679472
6.248211627011613
6.295393838760422
6.045382687285342
5.7555647197581745
4.261573157457463
1.640446732717236
1.6015340402918037
2.4788757901428147
1.4123255375952148
0.0
0.0
0.0
0.2505563446549552
1.723907229320777
3.4141548406485063
1.2406454324598821
0.0
0.0
0.0
0.1879172584912164
3.2820667588053367
5.6564852638744885
6.211866659589421
6.935760684738384
7.1009273847949075
7.374818756825886
7.641929415379775
7.738388075888243
7.843036701700587
8.14387951133301
8.530689108459677
8.620209466219292
9.098210702784048
9.518003512510475
9.729887402985772
10.050521109081878
10.412955631296967
10.615331042708434
11.009934213709403
11.449816693691268
11.82817230166773
12.424799325939711
12.649990483125425
12.92583595725523
13.298197152789772
13.502415156872813
13.761504112317336
13.632697634959847
13.601709348217183
12.811244316491456
10.716712617695787
4.5185151755012045
3.1830568253354983
1.698509012146229
2.314559364969277
2.3559891617101436
7.502297336207787
13.116053205810884
12.588750045808428
11.351136504161182
8.084719282928967
7.878660736519022
14.190326681212913
16.049721251251338
16.420442270843342
10.017112816758013
12.154957135308571
12.385169715639298
12.0528676025395
12.010978438172643
11.94806388009407
11.805302693533056
11.558709625228778
11.410886164474153
11.582711205727021
6.406193869157979
6.528544896422341
6.655678223632693
6.606629540513627
6.54178656783596
6.330430259858937
6.040523787272739
5.8995496737872966
5.4543002798336815
5.263309154378963
4.561141181537419
3.6711592723956574
4.449628776319033
4.613065137214653
0.8666729277477075
0.0
0.0
0.0
0.1879172584912164
0.2505563446549552
0.6810148734396354
0.5011126893099104
0.0
0.0
1.320435925252766
4.736807348124468
5.487805381714037
6.363130708721062
6.6802509253442395
7.023100346932527
7.310393691793647
7.360656442866432
7.577928321161244
7.988514495574979
8.160951753856173
8.540379843482112
8.835126898778535
9.136636140513456
9.297247335806068
9.556437098820627
9.869913267317669
10.2961823571853
10.541633213964603
11.142490195421987
11.696594766583132
12.167294400434358
12.80201467069239
13.178340347712084
13.455168605178107
13.718617994926788
13.836665911640178
13.831527492314983
14.080112016893565
14.01507964212158
13.459789913442492
11.990602106836592
6.990383097922762
1.2863990779910628
2.088089511943021
2.0450764659567366
3.275615866941439
7.108470142443436
11.389216283730477
12.05317332469997
8.09606346236729
5.717764298133573
4.648434756429214
4.75984558401291
5.5962740867686085
8.783641599550371
7.539435362466731
11.437391852697466
13.066359478385554
12.841468942621509
12.65338681969244
12.532754512674812
12.291273786861801
12.258604274340863
12.08850928173824
12.024899561413799
6.418170197145485
6.494867525553589
6.42674852736981
6.511651405440131
6.5585704477225
6.412410975192867
6.107183286302825
5.999399963777688
5.79284049085464
5.289835342000368
4.164096225940017
3.164472755814823
4.517122762202058
4.834754566355989
3.6401834431426026
0.1879172584912164
0.0
0.0
0.0
0.0
0.2818758877368246
1.2287365001903012
1.609437365628831
1.4632740623071927
3.069114261389312
4.851398614268728
5.725732765297344
6.3158547901686
7.01439058555494
7.018089588369335
7.416560715716944
7.726848577642815
7.894425708696479
8.21077977931748
8.370774641171934
8.495579367677246
8.677944513724277
9.084707832711352
9.394655440982229
9.720289584097303
10.056515488960901
10.474844111832175
10.936554141510724
11.35982287708698
11.953962292464583
12.461333191609636
12.814199382807253
13.354116980062575
13.52238669648163
13.949465026225315
14.365524163718785
14.695044527201523
14.732415506761432
14.486463285274343
14.092911589815419
12.727786165560829
10.433994777269662
4.278678271780468
2.998885118712269
2.098136431942344
3.473285227329847
6.629856175806363
8.376226590007583
8.816060526020813
5.147206378732396
3.9263315923101145
5.050846398501417
4.401431193548904
3.938913429185341
12.13359295870542
8.86397656394088
8.4732871413375
14.03207431077738
13.734848460317238
13.333394862128502
13.445543370984325
12.969542566660666
12.81623083580026
12.679899524589521
12.8454416922938
6.426510609856415
6.426510609856415
6.406193869157979
6.669302023269449
6.406312827914677
6.303182660585425
6.177450284227437
6.192764758411006
5.968451231590167
5.365878067392126
3.983587940652976
3.2993068286441707
4.642987328909143
4.986141707169914
2.750212296066225
0.0
0.0
0.0
0.0
0.0
0.0
0.469793146228041
2.4877375660112464
3.445860459752497
4.027463114163518
4.929914333015209
5.568392319203442
6.391261523197548
6.920129523681913
6.759003105577776
7.290912211486078
7.811965277089632
7.613624839500772
7.78807738850337
8.025044087952889
8.545956043158702
8.620816682310744
8.98836237874738
9.151867028952465
9.47693163153405
9.745248595500012
10.205883749891257
10.738135899360373
11.382956332169092
12.105658675703033
12.632224109365701
13.190779025565377
13.590948489153295
13.714384790238489
14.501855512528664
14.890677841086331
15.217211769419851
15.469716111991263
15.189171877589239
14.555108125152003
13.536878051225552
12.042312055174532
6.811421117099121
2.957944634040258
3.6164227334435974
5.979258247023123
6.668246690234193
6.333519411130494
8.13301405180911
9.53051384168359
5.448638827698134
5.119661237233087
5.031175678818053
4.945380714502883
10.774015762794384
9.058287280175268
6.980242282249369
15.43837037942308
15.000434195346525
14.32574422308025
14.042808672385748
13.708170588743615
13.37921306113338
13.437327447621877
13.356838554568112
6.351817629367653
6.447184226824945
6.446946309311548
6.426629568613113
6.3447678120358795
6.317758130275764
6.383613401300086
5.7560364792394125
5.405740975234913
5.206242325077914
4.6356963021709845
3.7625400967323914
4.73695496064491
4.985694262559033
1.1586097627617238
0.0
0.0
0.0
0.0
0.0
0.0
0.0
1.4588847817594808
3.175340687725817
4.179867727010858
5.003740642515866
5.1837834301471535
6.203479812642854
6.431487624418238
6.575608149414452
7.375941201623061
7.703623397360036
7.833472961541674
7.863940910987183
7.968193514883721
8.336572264819235
8.45131370306269
9.000591345166413
9.148214562177658
9.196083715022793
9.790134310427684
10.148319951830876
10.540125018523979
11.183966661568817
11.910476579312533
12.639746584531409
13.156701701946824
13.708125014504843
14.220705812739627
14.851911036544744
15.297886943322235
15.772144283600536
16.08971095206545
16.143605113914735
15.700379148486627
14.41014984386451
11.460933673440913
6.865453492488091
6.005631576883965
6.150584813177064
6.546356202221598
6.686233238601271
4.650425231620933
3.3513212372235737
4.952026421503257
5.266708743043772
5.583707752317054
6.754278533997834
23.101812606102165
25.95827562240574
15.10816831053211
12.609174866218284
13.419267165025227
16.643346764978254
15.85673175551467
14.947504746518266
14.584830442815246
14.154119565686072
13.884882848591767
13.842332776407748
6.4608080264617
6.440372327006567
6.2968465957938395
6.943718969226176
6.803629378521318
6.399500928096299
6.460332191434909
6.094705591891357
5.654949796326604
5.240797420815807
4.82933778025365
3.7462513266076467
4.417522772585466
4.525431260973631
1.2128045821940545
0.0
0.0
0.1879172584912164
0.0
0.0
0.1252781723274776
0.3758345169824328
1.3154208094385136
0.5557367011121579
2.5998081130686286
4.704945947383762
4.969696685187885
5.868333696587784
6.451804365116673
6.951131996988699
7.193177237172563
7.385479982389943
7.46543345102072
7.790250139387942
7.788795387252852
8.355211534243562
8.460293729397488
8.69320579854245
9.110099415533503
8.851579486006276
8.725983772332945
9.588963785516027
9.925666679659331
10.464397580525464
11.553585025616016
12.393138902065347
13.119517509890448
13.874303226902471
14.269125684783594
15.11723280786121
15.77893698434457
16.533051469839158
16.986895958394065
17.023840246541422
16.813196233238777
15.89779594862443
9.602886976634114
6.584812795883808
6.109832373023495
5.957353484371829
6.472452730132158
4.499369896635947
5.4313882084477365
7.214401965194655
7.490737812339921
7.897842898907977
7.318037264656095
22.994030252570766
33.60048864103772
29.3327521964884
18.93036142142205
19.626946108262473
18.74151902102058
17.721911303900992
16.791089191648304
16.363239073813038
15.794051082692393
15.26613835558077
14.790222075044415
14.763476268785958
6.501679425371967
6.614806824722426
6.419341833767944
6.814578280596108
6.42674852736981
6.419053412348458
6.43344146843149
5.997825016649498
5.804603630718554
5.381889503282128
5.141028809635134
4.1391851109585795
5.052194677759037
5.1270246007742575
1.4486118876615286
0.0
0.0
0.0
0.2505563446549552
0.2505563446549552
0.4071540600643022
0.0
0.9395862924560813
1.001484624255725
2.572463298622883
3.40873635766443
4.51155298892144
5.268956138386923
5.526260733864111
6.396855072713704
6.94737327487977
7.049489212032989
7.230544679374889
7.449728595540408
7.707040587571544
7.924419117023371
8.143991550916162
8.46625866092804
8.560865333698807
8.87593717143231
8.902325895021798
8.103248812811556
8.482095268763329
9.387218506924832
10.307345336871071
11.596840138615917
13.096180081174085
13.698017251136752
14.487253635206878
15.439188490869725
16.36425155099706
16.92422716542168
17.179711502911115
17.439795072058107
17.437211725945655
16.334416024956337
8.241331432359496
6.812811839923839
6.260025793344855
6.432846674648002
5.194336081057011
6.010234274399496
7.979866965561126
7.963545192398329
8.446934113447828
8.672849630829372
8.861240494493213
19.17868373287242
39.93591519966774
32.88224520924594
22.630729486639098
22.398979045656088
21.03453293202562
19.12563939503091
17.64845883327165
17.073006153444855
16.656317239573394
16.365074838731463
16.0855331549033
15.565693694653548
6.487554538755375
6.549362724100613
6.345005729549276
6.445562007128739
6.5193717724145275
6.323499401283862
6.47502747549465
6.1384747399173465
5.913123321746259
5.441778301073159
5.222879652212958
3.9792490137395014
5.061691957457026
4.984554207713965
2.4246513464100428
0.0
0.0
0.1879172584912164
0.0
0.0
0.0
0.0
0.0
0.4071540600643022
0.5011126893099104
2.6010921656108157
4.500478714289323
5.212250147646427
5.248779948589318
5.396025080459799
5.601849365399923
5.965405059795901
6.65478674619678
7.075283858348337
7.206300477244856
7.6282734098819365
7.752840606657543
8.163328968484514
8.581031386149942
8.850708199580446
8.698269015524133
8.447379150689365
7.221174667021109
6.520576452075
7.013095443737204
7.618272044443656
11.868951290879627
13.625838838069894
14.63894325194686
15.685458643257212
16.59131093584035
17.19163897095435
17.559280444310726
17.57630169716228
17.487329937735137
16.256437184843595
7.792198726025588
7.380117661671494
4.039552002424506
4.235379901641078
5.532668202842907
9.0062630770413
8.95236394950497
8.7247128276288
9.702958618206395
9.62054476537085
10.834551387107368
16.63881666744661
47.95059368290231
37.31140116552358
26.97945147767551
25.976340674734818
23.775784478724482
21.28275282125204
19.20372696600247
18.366546529456667
17.515053048012053
17.09884206562088
16.84259263808049
16.544382555218007
6.440253368249868
6.601565153308808
6.6794866688979635
6.521350868380825
6.296608678280444
6.295300131956769
6.218797518164495
6.109118620483308
5.860829785400064
5.58091429796397
5.01540560296934
3.949334942756634
4.416267040363226
5.257812470220371
4.338832904107425
0.4930976149484192
0.0
0.0
0.0
0.0
0.313195430818694
0.0
0.0
0.0
0.0
0.808549588857306
3.738266429333957
4.822044066186573
5.0536318773656275
5.234775739728439
5.026682608174021
5.073269211715609
4.289995721333739
3.4840431792493867
4.224181725471979
6.83991523875393
7.214471670800749
7.724658978494458
8.158983783843263
8.405737033083952
8.450808909316763
7.659453629104734
5.990210219651723
5.423902129864764
5.4486527746796005
2.411521909298279
7.585807295307456
12.877133726960022
15.05209209169035
16.446159101906616
16.982480269248086
17.37916422441467
17.52452681460909
17.747312421564903
17.451862222779237
16.853829557841546
7.3321869728872455
7.904134996589018
8.362741328055817
5.7554533419883045
8.149433351089861
10.048538061628465
10.58487373403028
10.444338379145378
10.876943113884794
11.301280524984737
12.852110084115454
21.278165211473922
57.337520560505176
41.95434174144973
31.806910370930737
29.577018967270778
26.792358386331884
23.631874841221393
21.59730922368238
20.004361033762798
18.712449142516434
17.941948951342376
17.700456836838395
17.318400047129604
6.440372327006566
6.589469866564604
6.7153378503488454
6.594634294733733
6.5963322702890705
6.758620977354638
6.431487624418238
6.1287271237419985
5.562128949267863
5.330001874731985
5.223782371411242
4.083487156816039
4.365694189685262
5.057376903700059
4.388828853327274
0.1799021841297252
0.0
0.0
0.313195430818694
0.0
0.0
0.0
0.0
0.0
0.0
0.0
1.1567059729671
4.075545945008613
5.085654749145628
4.742151045104785
4.593357704590291
4.8452588135655725
3.344857721307017
0.8288567601233955
0.8368305659406615
3.984555856097743
6.476999245398487
6.975758327341872
7.5470156099461905
8.335510831387586
8.236272260229262
6.835546819901239
5.394671812358244
4.514088059865436
2.32244310269258
1.5061932050201072
0.5280336837568739
5.15769999071427
13.824713028288931
16.972022115692774
17.36094008295907
17.953217440074887
18.260233805029753
18.14452978366848
17.53582689265041
11.167398637869319
4.7700506451178315
7.012111582756414
10.942159174667358
7.402034420818501
9.181565883783751
10.725421094615752
11.530263061568307
12.148496035187891
12.700116205756265
13.231844196636064
14.682430764278607
35.6343772533752
66.42614514286754
45.614118354754645
36.71148077382009
33.652147430824186
29.775727205814015
26.212846629764904
23.957699647756534
22.1724729661059
20.528301272560302
19.569061940110945
18.883352317893916
18.382820737773017
6.493101095147642
6.453996126643322
6.385877128459542
6.398787175556112
6.858603425595504
6.47419390858506
6.444585085122113
5.967744713149438
5.501361364047708
5.377875049223883
5.100498413152852
4.865647887812743
4.315651587751889
4.274435575718797
1.4568891111004105
0.0
0.0
0.0
0.0
0.0
0.0
0.49533352376649975
0.0313195430818694
0.0
0.0
0.0
2.051488812626945
4.497026314045385
5.502766884326126
5.291392246508362
4.933509059500281
3.3962155282057354
0.3168325908173919
0.313195430818694
0.7203494908829958
0.21120109293948205
2.787796377232128
6.039466958214076
7.117103802576648
7.401696053683997
8.13920215481785
8.20054468359295
6.5478642102374565
2.0560683816766048
1.4756556848465583
2.027014471595922
2.0044507572396393
2.1362005923840806
9.23092730548327
17.232294696990976
17.73232442634653
16.785960461937943
18.37270425703041
19.200060619959192
11.6559536426649
6.68393955825259
4.965186490264288
4.573703238259678
11.617492770646953
9.291536601178155
9.915777796610499
11.962960370915356
12.86554819773166
13.8719914988308
14.355954301789426
15.387743942872621
15.581467287162791
63.54662112970721
74.97785044178559
47.09506452380475
40.31982800572526
37.324992366719734
32.84131764297217
29.16149890942581
26.629968550084712
24.881430724844673
23.352201507010037
21.767415314462912
20.666542373747173
19.73120441427887
6.816871049934936
6.581010495096977
6.413124727733055
6.535738924463857
6.628211513403009
6.6063474532547986
6.5815368340298575
6.320806832221504
5.876583846368192
5.924790046031687
5.52250773027329
3.6025559454450855
1.3316868688671397
2.7103815334483388
2.2262601172245002
0.3168325908173919
0.0
0.0
1.2554369717066354
2.0333277905811205
3.324820419830211
4.778060542607595
3.484651430561593
0.0742913205239279
0.0
1.1573231487505207
4.926918881767017
5.291653696975785
5.884253782220669
5.967043675897453
4.334184576168392
0.3794716769811307
0.0
0.313195430818694
0.0
0.1879172584912164
2.230084880653065
4.424039889390592
5.094765547401381
5.7856008456050425
6.12296173935293
8.243657951657685
8.70116798648255
6.768441635410467
3.1353573911885513
2.7266210420338988
2.853474626362935
2.831406486059418
5.594002136449246
12.813688640708717
19.385746704343557
18.0315670224047
16.70781304676246
15.930661831703459
7.149773845484519
4.8707699869101
8.954581692130443
10.235498447024838
9.65913418106027
12.21014429283625
10.413292649493547
13.059524429980716
13.880249549755394
15.021962100213248
15.707177413225486
17.409201162235888
28.63630337589722
84.76157484447344
82.94063492115191
46.4522746510059
43.74056244597273
40.20970724207339
36.317563123592706
32.87873052928553
30.029057757652236
27.65526004236482
25.702618643813604
24.0301807311228
22.58670476599241
21.476925130695093
6.31633062519539
6.282509043616897
6.492481049411109
6.634766689150769
6.573697508298763
6.643200808665352
6.5072259817642335
6.302299445382452
6.050136218620986
6.218487635018293
6.196808612752017
5.614123583094125
1.4028778235486163
2.4388060866504957
3.4082552222541
1.991695085220815
0.7121792243784825
3.8473686863648187
4.9586029322887715
4.781666656882572
5.500469852185291
5.447848037844401
5.520974358719327
1.2071507288154588
1.6851297817688653
4.954477467269185
5.744857324638249
5.953181958747302
5.929630050071528
5.818437817831961
1.1566051030293045
2.190842665793026
0.897511075467824
0.0
0.0
0.836871834484887
3.633008477586573
4.1502593855906955
3.978420887407478
4.960385230515603
3.7557178549313806
7.394849897637469
8.97048442881584
10.021600946419225
9.46173439276624
4.522422083981173
3.463297245190042
11.35145521547519
16.812406953361513
10.421857803787358
17.727744497841964
22.3836707280453
18.26787427701342
21.529728049317054
16.140940332041566
8.02883266486549
8.478704583334782
12.05257360474198
13.835715960231411
25.2761650225151
16.53686320011501
13.959789156706401
15.042823398966348
15.97026290727789
17.860743852401463
18.397314306221165
15.262190763841732
67.42188769678435
85.95504595984804
46.6704140518036
47.10146695947459
43.22585393900868
39.42547037340871
36.41601916396774
33.57218695425521
31.003852901016828
29.196712147468446
27.047086775893092
25.402501762211
23.892974545163483
6.433203550918095
6.316806460222182
6.527780639976066
6.622765109210218
6.711579655655288
6.863395184437689
6.64384610635493
6.613447774492661
6.315519655069351
6.492531553317198
5.962359474203955
5.5139954444603765
4.297839286164512
0.7991965969748728
1.78418393994081
1.8150321226264408
4.828321476136082
5.1657119285956306
5.402394009816165
5.3923098189866785
5.725302204395426
5.6346822175301465
3.4062410346795446
0.9703099298552168
5.517417643149166
6.054385504422889
6.108999661726609
6.171496347658988
6.3292406722919585
3.930290858718505
3.884449960041092
5.081920227333015
4.5721872611584
1.1576852234409876
0.8071483376766887
3.617071367108313
3.3976620830323134
3.1683984110630767
1.8258510305685693
1.7150038678601454
0.6256088387290673
4.263322640529705
7.461552568412563
9.98866969228814
11.414600350279512
11.994627522171008
11.707196157133508
16.535878363863635
17.95533338119419
19.106339045337155
15.751745180144313
26.047764495680333
28.1627248435697
24.545221967900474
24.714033772904987
31.370823548709264
7.2088877182621705
12.879327568295256
25.503909450890536
68.65789459060456
69.53666367421545
36.673905804602825
25.891352246268113
21.044687667721416
17.08732608878973
18.17609758942677
19.54394773748266
46.46329486709299
50.657918548122986
36.65343354996928
48.76347192107476
45.74035251813079
42.09091601467698
39.26837300997461
37.4862133031724
35.02861332875781
32.74715702808845
30.078817713574598
28.319784784550514
26.338837215574
6.439276446243241
6.302086779822102
6.621117637560968
6.5678877824400566
6.608759181350324
6.862903556354047
6.929757211111715
6.351817629367654
6.1855959823225355
6.308091220296641
6.100014510214354
6.051050273661614
5.196567028492857
5.013869990614651
2.315625679024674
4.286060054621805
5.377875049223882
5.404926233774056
5.493732626774552
5.76468649565242
5.760125607705296
4.6629514150802365
2.2086483064188873
5.431187936028004
6.15703983672535
6.644347193334766
6.608759181350324
6.525785750952918
6.555028239249577
5.906307008493591
5.816636329940886
5.384316457884422
4.849003839900003
4.044158085602358
3.341733384415767
3.4658957364934415
1.39102385550829
0.0313195430818694
0.1879172584912164
0.9701650811738555
1.784473201302458
2.319061084964746
2.24836565589529
4.504150144234689
10.252883219295162
13.189999527554358
15.068047574921094
16.95890455121546
18.805942575167503
21.276845181081516
24.76133304643498
28.651414316321183
33.80542409611015
37.73603419753877
43.019486635554514
51.30877112865254
46.85900810250036
9.830489756498153
66.99615632445175
78.38456789823901
82.84014527849052
84.53972854197002
85.91609805765266
69.29055138303441
62.193065919457275
22.398094770506226
51.287079029930624
63.17830447270829
41.10934750088853
24.878604546274577
42.70391369484391
47.73191362696901
44.69524498724354
42.665214488605514
40.638514782726254
38.73573970795073
36.64075127780062
34.144824845643484
31.816943721379747
29.371149841832846
6.440372327006567
6.2816763323200115
6.5655950131012295
6.282390084860199
6.447184226824944
6.446802098601807
6.419698710038037
6.554026065289905
6.68560072046817
6.2405670158963495
6.005869494397357
6.144367707142174
5.606250096011025
5.0839481218152285
5.247202953655188
5.23815992750232
5.47795811862213
5.765025706297221
5.514474061046167
5.386907570854933
5.850579569905822
4.91594770132658
5.781658836939277
5.984839001158737
6.095970655873342
6.528927024645479
6.647745191097947
6.912911014610476
6.711823907329339
6.363487584991155
5.820844417163468
5.50046985218529
4.8937372118494205
3.855218414666208
3.1328806397421234
1.2745840489948503
0.469793146228041
0.3445149739005634
2.0044507572396393
2.1908865070026664
2.077260569035377
2.089653557759661
1.9454488310745985
2.2374748101713107
4.615591220603946
11.826486489252858
15.143690213705804
17.378866477558475
19.666281748279125
22.60517498995266
26.657668229924184
31.523595460417006
36.63471049669735
42.219407684745356
49.13797016742452
56.929146769679726
63.94230456491412
39.49661290385994
36.64569247302151
82.6112837022864
84.57916704056261
85.0094034246505
85.56061159250712
85.74096593302284
86.20070349855303
69.86726697513379
55.295402724667355
47.028100968168175
14.394883374350192
49.447280251512225
51.36370287116938
49.058614516281445
46.43131795525803
44.89073938460427
43.436633908509485
41.86129285070084
39.9999727473215
38.35690909457776
35.642512646088406
32.75610979247888
6.3434592657122035
6.275816102555217
6.479239377997491
6.487291369288935
6.4846669756330595
6.534354622281048
6.777910292140358
6.698842391881788
6.282746961130291
6.390259349237877
5.917303800469259
5.763069620721709
5.447264151903011
4.7310385489131415
5.091990888450571
5.273718636754774
5.654420038287201
5.5319677270365215
5.053631877365627
5.3784000461526515
5.566522822774414
5.713162730852943
6.036490677813385
6.3152347444320664
6.632448667858896
6.349200536720302
6.4122920164361705
6.534116704767652
6.614976287385213
6.639786906610155
5.8447418924643255
5.237786580272122
3.9112158664908474
3.343405360783645
1.647058738160088
0.0
0.3758345169824328
0.2505563446549552
0.469793146228041
2.0044507572396393
2.0044507572396393
2.225843210083234
2.0960839520323997
2.097668632121153
2.4790962246459105
7.810228622415491
15.420591679546078
17.538834516727345
20.2407050432031
23.984654750416375
28.287848769811053
33.67194880734492
39.33722989910763
45.414700208406124
53.24654605976781
61.16321675727716
68.51890763474928
75.1516079041175
41.477015402918575
57.812679449603976
84.84606180321002
84.66694396470633
84.93298854652258
85.20056432813425
85.86687551645885
87.19173091287998
51.75078525582961
43.32907802285035
51.312163372798764
53.74475106786597
50.2424800870226
49.3088025728216
48.11295663105323
47.464999839652044
46.32817967248311
45.64541012479961
43.40036543449973
41.972974787350495
39.52836503234331
36.66626852587063
6.213676292892931
6.371182700012507
6.314733657452231
6.259643665121718
6.233636157321274
6.28105628658348
6.377399806047397
6.493677937986612
6.329572296609007
6.2265863399895
5.8210180190108884
5.408851012916083
5.1606826898328935
3.0093577822027466
3.8715090417403912
5.203347258411646
5.372903361994053
5.49731651993088
5.167719155624753
5.405404850359846
5.60498503202904
5.5938156961728
5.67478205311051
6.0439945890011035
6.177172959917906
5.873188521054834
5.818034786966787
6.1914669569689895
6.113757268607808
6.191034604283888
5.524447139999327
5.27482751962493
4.562873606184891
1.4197449594091742
0.0
0.0626390861637388
0.5637517754736491
0.0
2.0277552259600173
2.0044507572396393
2.0044507572396393
2.0044507572396393
1.9104921279940312
2.086016397760964
2.2841043818841764
4.686364148716456
13.273800879764963
17.895670123222377
21.15381327484454
25.431203444994118
29.797773690372367
35.58050585001978
41.603018005103614
48.72609076006965
57.59345216528022
65.18207585365045
72.87989103636052
79.13635654439089
83.1082721867489
65.72372854185048
85.1196221517119
84.53856891193703
84.42637691886013
84.63226673150945
85.08600908308202
86.59707340740464
89.58455883981846
74.20200657865209
45.618956878436165
48.75522708098687
48.41134329506182
48.57523878980326
48.77016553750219
48.81413097375321
48.529878504801154
48.81559453149431
47.671308502267046
45.85671244724432
43.50768697326592
40.31129585788086
6.138377522331494
6.232803446024389
6.213795251649628
6.309756642890409
6.3976912947927875
6.419936627551433
6.220607151468007
6.095137944576458
6.170923295046345
6.094229756864566
5.392686251986612
4.335780118702395
2.4240228179389405
1.4807990094356556
3.466578327717558
4.575228004273811
4.194250754556463
4.359450895493459
4.976046683011686
4.657484198692946
5.5345204975000675
5.881168267269345
5.648492793226686
5.891807845086182
6.521163454773519
6.217961296085413
5.766625905378455
6.091580670143896
6.062736103127226
5.852711623020379
5.538262667762143
5.020171805979039
4.263274236550188
0.242541270293464
0.0
0.0
0.3445149739005634
0.313195430818694
0.2818758877368246
1.9687532997949768
2.0044507572396393
1.9920577685153549
2.0044507572396393
1.7808360413037607
2.12097310084153
3.315301808391064
7.159494808590769
17.14940148693865
21.850271190241447
26.217910848528778
31.20429867273654
37.4381056043915
43.821401618549345
51.776250203285485
60.30147387772951
67.81558910922696
75.47626318565669
80.96753841559071
83.2702946148625
83.49538254644149
83.52332147320364
82.8276329840767
81.40879886077353
73.45694073649236
64.09910024325757
55.29150372127096
43.84588406088939
35.994584515624766
34.26314200423954
38.59675158277522
43.14895718415864
47.75085821768203
49.83429807001153
50.319425092164025
50.2126403849995
50.75033827507954
50.68177268033145
50.00335724076999
47.80821256649258
44.59202528240269
6.14126452656556
6.164349312741361
6.115952261472529
6.329002754778564
6.357439941619054
6.3291217135352635
6.109832373023495
6.130387031235325
5.964106519985595
5.206767322006685
4.0669036874112825
2.1922025600018826
2.5192795270046004
4.272753079420819
4.721960996788326
4.990904205537762
4.9584616061845885
4.934526531533695
4.616415375819505
3.567282363662878
4.502020174992842
4.643304474455635
4.633645723718352
5.074123705512632
5.41962089526832
5.6461061467492595
5.693186992582494
5.708432732471328
6.0998955514576565
6.093083651639279
6.074031974922828
5.615517449385735
3.3096651762868645
0.0
0.0
0.0
0.0
0.6890299478011265
0.0
2.0044507572396393
2.0044507572396393
2.190886507002666
2.1792342726424767
2.074364163400774
2.0350295459574133
2.225801941539008
3.715711886938479
15.49957010984532
21.960771035104553
26.851172633405877
32.53573171025623
39.05317832324332
45.69517087272659
54.52962698186121
62.546893427584244
70.44305595217342
77.41611757340164
78.55726516653033
71.7368208055461
62.607166964085174
54.57916888909246
45.56226008068627
39.51224959131759
41.257690566591855
45.81487764605902
49.99698207167874
51.547454635848126
46.92007589417688
35.61961128398307
30.658708159046775
33.65944252433933
41.626647901137574
48.1947964212059
52.07082117065501
53.39656564695141
53.15877669904139
53.263775341257116
52.78405661539639
51.40117844559655
48.79765034951311
5.856937375868253
6.012328593491197
6.2717392313100495
6.471331597415788
6.0959706558733435
6.155320678887418
6.086509669334297
5.533832462354916
4.986713686946897
3.569794103972417
1.1136886767702832
2.5393079380653143
4.378233265301872
5.219184031411611
5.257812470220367
5.130199599686157
5.080892250777782
5.274827519624929
5.10044867881284
5.2676380666547855
5.231286282598964
5.248615790221102
5.101082299094239
4.9605565394086035
4.859098864058238
5.0740277605470325
4.971434484493197
4.788594499321801
4.62811114680715
4.970143103009367
5.3589989272976135
4.863982146050918
1.536133409105173
0.7276238108803916
0.0
0.0
0.567388935472347
0.09395862924560819
0.6890299478011265
0.5011126893099104
2.027755225960018
2.3773222567656904
2.1559298039220973
2.0976686321211515
1.8478530418302925
1.8077776700228367
1.1733717340239587
9.733803767786654
20.950601241769977
24.77072753756188
28.715744450543028
33.13492061253475
36.97233566761801
40.84513202324989
42.419135748230175
43.06416484094561
40.39341501494941
39.42414241170318
40.970575708417655
42.924687328774056
44.799078871472176
46.02203830952866
47.06290674710643
48.02522650793659
48.98993208516642
49.61450044521654
49.27067442585164
47.47556433484468
45.089307527793665
36.99510455370578
28.32621662080527
28.949548957591155
40.004210895988
48.04259553614851
54.47751853814115
57.68798468664599
56.61109568845347
55.55109305975497
53.94515396060343
51.634901985225305
5.245196055432989
5.601225171333668
5.838437010593602
5.976338710555914
6.073199263625945
6.002766313820744
5.468446980405289
4.512280610571809
2.9980546355965383
0.8091275485853777
2.9592398162953018
4.721963684117247
5.325987420673742
5.271232793139859
4.8782714403412815
5.146211035576155
5.003156756574477
5.353441427250231
5.290838955514931
5.291842569029492
5.113184550281592
5.236782966757561
5.308857618434054
5.119684847954749
5.045124352663345
5.352877472045811
5.27530613621072
5.121692074983874
4.795940293467263
4.3799466733726184
4.37389593083635
0.6336445473626712
0.8870147605637785
0.9825580698981398
0.2505563446549552
1.1882573294757157
3.2465903494209707
1.725773491801569
0.7472498510578469
1.0648644647835588
2.0044507572396393
1.9104921279940312
2.116574552206625
2.9425492304792873
0.8894112096512644
1.1080136023973912
4.313515467417744
5.261729729138439
11.39251425163199
15.056429736538432
18.069747488436867
21.846040565984513
26.01973290099011
29.97660100361464
33.6817616368155
36.968347857448094
39.389908590270494
41.45853206790551
42.94914520346752
43.924795977694465
44.57338562416577
45.00029191767879
45.091506958001695
45.834929930777896
46.27156910348395
46.83891168853779
46.72409879415524
46.375979709910574
46.77692351784723
46.10655342170852
40.68168748150861
29.278541645230288
24.348208167348886
38.243114314774154
47.435390411764324
55.69788082028294
58.94263733742365
58.812383808059195
55.74178109327272
52.94892740890494
5.277313363239843
5.22727182854072
5.489812608743159
5.519255200881395
5.491483710897216
5.239793807301245
4.463574402632463
2.097441273575841
1.4499845131291071
3.289956809060569
4.752074093701899
5.119100962013364
5.249304945518086
5.0733883395900605
4.9685566303428175
4.843821613958984
5.127188759142473
5.075126138895373
5.0813119783509535
5.138707124388435
5.239793807301243
5.389918411398617
5.389918411398616
5.373906975508615
5.35937776971897
5.308332621505281
5.389918411398616
5.340355493285285
5.249783562103875
4.960619133063075
4.999981757662576
3.799442224638209
0.4071540600643022
1.0837910191411437
1.0648644647835588
2.166428216923867
3.9608820659327812
4.735231019858454
4.124346492843034
3.5822662899645143
3.4702047189390157
3.72800749360774
4.85818430816339
5.903101982219853
3.886020904007365
5.24511404832034
6.818396182389667
6.985325422471744
6.49876618629176
16.07867283320591
18.11135068942552
21.052441805039344
24.32880438922278
27.929487121183488
30.95169999454575
34.047421591358464
36.97704136397273
38.54123137638173
39.83138553456503
41.364825878372336
42.5601854439187
43.04820999382394
42.724930894985405
43.447392082537576
44.01998161062943
44.58497068857656
45.065025124781165
45.499632735891666
46.31336326801819
48.38381369710611
48.99992350671117
46.26347008125007
34.01560115533445
22.595655636002647
33.98994864647551
45.77744642082032
53.871047297373956
58.400251759106965
58.600511978935664
54.58782534835025
5.120688461469315
5.270813065566685
5.290838955514929
5.033371427256066
4.682625422558412
3.3814886453729827
1.9314711622615606
2.2385801929960336
3.521130446081368
4.4326175426017835
5.150270520128165
5.013251780732707
5.138707124388439
5.391925638427739
5.113184550281592
5.121692074983876
5.104677025579311
5.164229698495277
5.104677025579316
5.074391953104623
5.09763787245853
5.249619403735662
5.385903957340372
5.235660225368549
5.046442424395484
5.28056589263174
5.515335182850002
5.326351284424406
5.1557221737929995
5.000999229695994
4.665174099732905
4.315391044455227
2.6858317725686836
0.648892673177333
0.2855130477355225
3.222769823788859
3.8363820995944304
4.647316241184962
4.698025922137433
4.349355871335228
4.832597039477504
5.443669425417939
5.987387108103824
6.10818869160057
3.6537184557706572
4.4111530958804055
2.718267828357005
3.7819304182672258
11.057047999418852
15.42178840005869
17.187541268495977
18.88191509762807
21.653569610244965
24.565907853295617
27.42465283066841
30.174590041883636
32.64446315942416
35.12655123743962
37.16745516180918
38.71966072727751
39.98234160153321
40.93590227439785
41.528279522723984
42.54631673353632
43.090942084933154
43.35058583033121
44.12506635570483
45.5300204039537
46.749996696185036
48.26049154260511
51.089917105772706
54.03748949532018
51.99402296345894
41.07557114441969
24.243328926470085
27.446171840453086
42.684079667881576
49.830001852843125
54.44674442965736
54.03093757122647
4.4698496906924
4.817131267969362
4.815473640004505
4.046883805060846
2.6835636346731357
1.65117995461349
2.593772249615828
4.0429824965266805
5.072804453648673
5.168722769139316
5.109005937855135
5.254801629676684
4.978204209890168
5.2767294772984545
4.9016364875696405
5.257812470220368
5.249304945518087
5.389918411398617
5.39393286545686
5.229114897201626
5.220187644926174
5.104722056073076
5.15687608715692
5.096169500877029
4.858245550393035
5.245769108045632
5.266798611508438
5.108316782558149
5.338873263184933
5.271816679081246
5.000565643603966
4.662978351294895
4.103701266695091
4.0456580324206275
1.5148801423830391
3.8562499438207327
4.835163789407343
5.120104575527925
5.129930171962344
4.825638792671646
4.935830744746979
5.353213596920875
6.377515254021894
6.415715266152396
3.0268226389486976
3.9662872209532356
6.460246874730555
10.34496802715332
12.21659553704344
13.99622578582198
15.829214607613102
17.242045633994785
19.13981732064058
21.342926677717678
23.598564108021833
26.422362106616827
28.735782075840753
31.458962710334085
33.79751587371978
36.15817907315315
38.373428085393684
39.72832266494067
41.134105396180125
42.40084980063685
43.51234523700944
44.281283021153925
44.686889467816634
46.56468378435635
48.31463436066891
50.24345611672172
52.16731662900344
57.13280065579422
60.54638045081223
58.334068346383
48.931631843432186
28.55889127923304
22.46022350099198
37.0015413409647
43.551387609556684
46.980304210199584
4.019326590953061
3.4707956362965278
2.9097359529830804
1.2522976668200712
0.3678194426209416
2.4638454377382955
3.8443832223668566
4.731845823825913
5.1818147753223744
5.279740317842141
5.142616309091083
5.1216920749838755
4.968556630342819
5.134528511961975
5.130199599686157
5.399429549615458
5.121422647260061
5.108422051913748
5.254801629676685
5.1191009620133645
5.2137462362656315
5.212264006165279
5.147214649090717
5.0693738855318164
5.524988812777571
5.506491533272657
5.511415164818611
5.399908166201252
5.421941283178618
5.262305540864405
5.1027253335657745
4.973605869890535
4.566790608080438
4.443691817233902
4.639179717974506
4.843090115497153
5.113184550281596
5.279320590268966
5.044854924939536
5.194723959831949
5.573789806224554
5.953900661624578
6.661368990734703
6.794142581140974
6.913829500793411
7.575357512041173
8.66011778497032
10.017322314645392
11.578972666778192
13.058368676976682
14.372735758436281
15.891046561497852
17.121424199063092
18.83432906353337
20.23568099044082
22.53897119623167
25.199336461025982
28.02397827821048
30.646098193171245
33.471308902436576
36.35709884640396
38.57472720199829
40.98426735320235
43.04479582025819
44.57443502793538
46.18572647373555
46.807805659912255
48.940652877600115
50.49500806610043
52.67037781609229
56.13978866061744
58.81602792567988
63.307952326274794
68.6041879671352
65.46296331778117
55.95112035730821
33.43566284822207
19.556202216800724
26.62620982867827
35.637595461906656
2.9595212893328937
2.697392967865325
1.2556368603651522
1.5761272454533546
3.1870341906302286
4.007304784390355
5.053631877365628
4.9770641550451
4.943194860607157
5.257812470220368
5.130199599686157
5.105247053001847
5.239793807301244
5.06747192785829
5.240797420815804
5.386907570854932
5.138857424237797
5.289835342000369
5.18197893369059
5.253798016162124
5.398331500074044
5.069643313255628
5.431452421395459
5.119684847954751
5.487469256838972
5.51891907600633
5.121692074983874
5.394411482042653
5.258769703391952
5.211260392650719
5.34869885961935
5.397327886559484
5.213568219378564
5.139021582606015
4.942016584202561
5.347859404473003
5.1751039389380225
5.243597722648297
5.501160743402798
5.623163852284183
5.964284342946906
6.231419143841579
7.033735771559535
7.152365557556828
7.307740545025669
7.96427112200457
8.950769016129996
10.258349705913588
11.411858472196522
12.510356418114046
13.3293761071899
14.410646266602003
15.829390306363905
16.76300567935815
17.87417449766238
19.75816950214056
21.64074057084181
24.329294207011365
27.079205087495982
30.27417226193116
33.43316193713304
36.814902224094965
40.19056519804015
43.20537509493998
46.116516066320024
48.567001990117156
50.71238554785048
52.23818057252629
54.736410336741834
57.83802918309081
60.490895087260874
63.12115522180705
66.09776872836518
70.72364872350956
75.12636813417762
71.57729379029423
58.819889326954474
36.89568608612978
18.91367373209662
18.38180757301217
1.6074674228073362
0.313195430818694
0.5790411698325361
3.0967680172054135
3.294092333151542
4.162615430116059
4.976630568953071
4.967406171916098
5.1270246007742575
4.979221681923583
4.94202909660156
5.249304945518086
5.141448537208308
5.07830113780727
5.011094253854222
5.136699897359313
5.256119701408823
5.383896730311251
5.120688461469315
5.298821483288441
5.198259797304403
5.2092843375965066
5.0706469267701895
5.028109303258786
5.635112778432064
5.394306212687057
5.024934304346888
5.251637464093528
5.036616827961066
4.985571679747381
5.229184619542992
5.524415760164928
5.4044012368452865
5.369787252094775
5.467637000055066
5.585020102279328
5.441778301073157
5.640751954301388
5.5145252024997795
5.806844699715518
6.33603365705207
6.719975939585093
6.989491626839131
7.345320204789745
7.65202598392833
8.347195494110796
9.047401670201683
9.673253841528739
10.605278692399573
11.62476736481591
12.616466317510671
13.319025534447075
14.126850535926726
15.364146627623372
16.509756618520356
17.388171674212657
18.754949977633522
20.420742710039846
23.346656870569156
26.483578927428244
30.246197340402507
33.905541234551016
37.8893364827867
41.88745272646224
46.138584237908894
49.91180644013962
53.364661724352885
56.75902649073367
59.6067621128877
62.28562173895417
65.94293906030228
69.98797233342192
73.66982415048295
76.02299066993885
78.23203160227511
80.62930100721795
73.45207685701301
58.684955734408746
38.285340099921285
18.88843589897086
0.0
0.7822065541384143
3.0170187929567547
3.6241635047782914
3.9523236177043986
4.50916770637595
4.986141707169914
4.657645825504512
5.128612100230205
4.994079204449663
4.975043069497124
5.105141783646249
4.96855663034282
5.2322898961135245
5.240108265518822
5.438956332583179
5.2377865802721235
5.2054942807683116
5.198410097153763
5.2501088536501985
5.417926829120371
5.39393286545686
5.248196062647929
5.38437534689704
5.341884103728616
5.291317572100722
5.402394009816165
5.520401306106682
5.136699897359316
5.304843164375809
5.513952149887135
5.502955695800204
5.141192968003348
5.526471042877925
5.813629980810131
5.838538303725007
5.597735714204191
5.914388385728245
5.967140893483307
5.984957959915434
6.317758130275764
6.6486284063009204
7.094346257006279
7.671153464246152
7.866811239706394
8.477031587626884
9.05107844155337
9.629803381313577
10.378883039772564
10.88775737337832
11.739638917939356
12.654904728173651
13.39466387162126
14.014045466546511
14.922569599778344
16.036233870287735
16.980412481586157
18.121981552705176
20.072253042552546
22.76067949415762
25.89460971681196
29.927081626855998
34.54937688837402
39.18729880214841
44.39569328286668
49.57926530000276
55.17819758804711
60.040470180447805
63.34816698255609
67.34552951731195
72.17412141737123
76.65641408121101
80.89000785248871
84.12234748691043
84.43971538843222
83.3729096100665
81.15626410821405
70.55833809927611
54.42353431363133
35.83749917392877
1.0641237104194636
2.9362993577009644
3.1456681592863434
3.464107730825017
3.5366839586332715
3.6919946043589786
4.3694121656501
4.139487630377939
4.8165612405468305
5.130199599686155
4.844241341532155
4.844849590514221
5.112180936767032
5.39393286545686
5.237083566456284
5.38389673031125
5.109589823796521
5.389823975371765
5.162222471466155
5.128492972355754
5.449949700900375
5.119576553409045
5.111491781470048
5.236782966757561
5.339351879770724
5.367101703097413
5.466439753376168
5.482644822430506
5.263309154378965
5.189752272602122
5.485225102072272
5.610736309550507
5.6273207980531526
6.010508142521858
5.881168267269344
5.982784708221556
6.0624949542757545
6.060386434115227
6.473599114801571
6.539875926720269
6.767277110090601
6.904977211152605
7.200853961816897
7.3769244577903414
7.939210790018013
8.43146417684778
9.129591197449484
9.535165999402672
10.073095760905387
10.758829738901687
11.315957495082703
11.960988275566013
12.66695480389483
13.41179424110653
13.638986487150097
14.416029737653927
15.757396832814933
16.906699788957443
17.919955072403148
19.53019215949952
22.178265019408148
25.71523739087059
29.822512468982204
34.693109056915965
39.971326925409976
46.0433258583008
52.51255982544607
60.060038219865504
65.91346860504838
71.27359015960883
77.16793312960928
82.04689649504927
86.2953736257476
90.13429444156577
91.44160473095025
88.69246075173251
82.0526691269677
74.80081857391177
62.11990522764163
46.68288280512695
