4.213897825819982
4.847416340444056
4.805448744355184
4.486703935725782
3.410194137736219
1.9774196028857958
2.243946472988273
3.31958189369888
4.983574957240078
5.265316381408088
5.2558052431912445
5.096050373002581
4.938572157566848
5.164229698495278
5.104677025579313
5.088277034091049
4.935666586378763
4.949918547251698
4.813956269057462
4.952191506417049
5.07064692677019
5.0148392801886565
5.166387225373763
4.967689458158765
4.930334060588382
5.197256183789839
4.968448006990185
5.268641680169348
5.152711333249314
5.286824501456687
4.854971665042042
3.233892932980819
1.070512836147976
1.024747824431878
1.6267320556078093
3.184927168458618
5.223783158478653
7.039921070502041
7.277786130585865
7.679072800470295
8.065834177774448
8.146556874299621
8.234481861485618
8.465007491169228
8.631069706899765
8.695377173124518
8.792404521312136
8.630742080185232
8.330848915555643
8.316189196948068
7.973021989222528
7.948324255354711
7.507229938053545
5.944113391656413
4.539804660215691
4.810003380102154
5.574727688317494
6.713144943822857
7.58075778544352
8.044169086268175
8.62842256141548
8.957505262981584
8.757423411717443
9.044067064604652
9.291800164537065
9.091344176275893
9.174348673993082
8.928312953326916
9.38845966815951
9.27561196707674
9.166207010371068
8.464739538328578
8.359087188226258
8.270815498605057
7.523561678140347
5.11398226077
3.222073430799245
3.4167374804368547
4.645253757895463
5.730712415849829
4.2999252729470845
4.985571679747381
5.1346926703301925
5.124013760230572
4.92197952306438
4.091744732061508
2.852893725182211
1.0438165391533738
3.0954045841362285
4.612761025347342
5.264312767893529
5.113184550281595
4.977634182467633
4.865448861882035
4.956307534243306
5.006331755486374
4.721960996788327
4.881446439253181
4.675230902331605
4.161987976151191
4.558956604289343
4.348881187948669
3.48149550180831
1.7798376699865426
0.8494869352573838
0.7316804634245047
0.7573380396013952
0.997014395737146
1.1450234029562654
1.545002497464539
0.5979264556458957
0.3758345169824328
1.0961840078654281
0.6263908616373878
1.4632626961222739
1.7058039664157378
0.9258126868232924
5.882816215053207
7.216666114337147
7.327524328722947
7.722950859981795
7.88618779394499
8.248279341471743
8.298178098062264
8.369911547380601
8.24735388947262
8.454970944726444
8.458579093225149
8.001800153033988
7.634868827070999
7.277522433704053
6.301866120834325
1.9916175190175978
0.0
0.0
0.0
0.0
0.0
0.6815134954300889
1.9170831508910509
3.695941594885869
5.582060878028262
7.232549606592341
8.253989152906145
8.737794709524742
8.809026889394184
8.803453228785722
8.81811421692735
8.630693061002724
8.455075173879823
8.365694135859002
8.490270754155366
8.067895478934265
6.982131685255032
4.090076441566246
3.448710252983258
4.071364872900524
5.723141751648195
6.191358994501478
6.211315348147621
5.034910200630664
4.992642004843073
5.349807742489507
5.38289311679669
5.325872667838614
5.267026441837797
4.559246306082323
2.604242601165218
1.4283059930417066
2.7220337678085293
4.0263484632516
4.600040482346385
4.652627091263591
4.480154911971275
4.542683557868431
4.379371789370301
3.666726139453605
3.148624478994009
3.35962143461847
3.435905841951352
2.145311196814159
0.3481521338992613
0.0
0.0
0.0
0.0
0.0
0.0
0.0
0.0
0.1252781723274776
0.4384736031461716
0.3758345169824328
0.4071540600643022
0.0
0.0
1.3077037015306394
5.721439197172354
6.994446514183447
7.648566032874844
7.599436005613292
7.622960648457855
8.175379706717814
8.149763849013437
8.160678679656296
8.23114626433622
8.173116880209502
7.938872600978827
7.617022504946252
7.04719928352208
5.714543838410051
2.4176022483956254
0.0
0.0
0.0
0.0
0.0
0.0
0.0
0.0
0.0
0.0
0.585696261557635
5.011523935329155
8.048354946772966
8.409799921773415
8.348251681899459
8.348700607396786
8.411539374344283
7.805763125084977
7.933485079987679
7.835127480649542
5.743607448334915
3.254843317659274
3.6814005641159646
5.16668444923756
6.161139151184639
6.408283600041609
6.38385482959568
6.203058204839409
4.711865972630094
5.138707124388437
5.257812470220369
5.243283264430719
5.244286877945279
5.363039193355292
5.39522622350351
5.085221163053599
3.5455459274258807
1.8568860498057485
2.1567438272874497
3.5375339823720338
4.4849301123056975
4.6512958276807135
3.4734943053854224
2.0832112343067792
0.0313195430818694
0.09395862924560819
0.0
0.0
0.0
0.0
0.0
0.1252781723274776
0.0
0.0
0.2505563446549552
0.6577104047192571
0.0
0.0
0.5324322323917797
0.0626390861637388
0.0
0.0
0.0
0.0
0.978159521263234
4.821256799238447
6.040166911002644
6.464256528130971
6.914464008532949
7.187994418626419
7.283987970979273
7.34939525891669
7.4376258748872806
7.452238679588471
7.377416085873987
7.065828758316859
6.655149508974444
5.421425999426757
3.19984160276881
0.3598043682594504
0.0
0.0
0.0
0.0
0.0
0.0
0.0
0.0
0.0
0.0
0.0
2.295212606508591
7.745448664197023
7.912108767383458
7.990727323480159
8.017794379273084
7.554304129456799
7.661263741597433
6.981635553556903
4.265578500325548
2.7046006258557083
4.23712096959408
5.465171814838976
6.360770043419878
6.418271204957664
6.438367979087222
6.573935425812158
6.547408880087359
5.251101633836018
5.199742027404754
5.477958118622131
5.436187180887709
5.288831728485807
5.538376674452564
5.2732989091816
5.14320019503247
5.0349589267120125
4.009788780084603
1.7542796753174268
0.7533476173269866
2.4358904816642957
3.752002513284121
3.1621652443559056
0.4071540600643022
0.0
0.0
0.0
0.0
0.0
0.0
0.0626390861637388
0.2192368015730858
0.0
0.0
0.0
0.4384736031461716
0.0
0.1252781723274776
0.5950713185555184
0.0
0.0
0.0
0.0
0.0
1.5706322477061303
4.89196888076514
6.130268072478628
6.711407068256963
7.232478266857396
7.187011162459134
7.372076867485968
7.449992292422219
7.654265438896661
7.5836634928630495
7.343105709213449
7.236482822886486
6.863128890235711
5.38749906004558
2.6096123624364296
0.4071540600643022
0.0
0.0
0.0
0.0
0.0
0.0
0.0
0.0
0.0
0.0
0.0
2.6663841183268815
7.562690134372547
7.799745269090753
7.897400963864249
7.641731878195992
7.27356156758803
5.803827655663923
2.9615596642839597
3.002026933314178
4.443183246053178
5.758050184860813
6.2538339392630125
6.5235087746709395
6.634011891600687
6.5540513172429495
6.750925862333286
6.554671362979484
4.968556630342818
5.365977264529613
5.358852772790199
5.612221625420598
5.7263058179099895
5.493065138135055
5.179237520870718
5.384421727240019
5.028109303258784
5.120104575527924
3.508540229791517
2.0168068550582996
0.0313195430818694
1.3496367581549855
1.5331761022834085
0.0
0.0
0.0
0.0
0.0
0.0
0.0
0.0
0.0
0.0
0.0
0.0
0.0
0.0
0.0
0.7006821821613156
0.0
0.1879172584912164
0.0
0.2505563446549552
0.313195430818694
1.8385718881057775
4.89923418381749
6.5096975614268775
7.021421485094325
7.454611951524763
7.5806329472492875
7.56348122501797
7.36633088949622
7.58716614179443
7.354981996236646
7.5410471353806345
7.544145338264327
7.251012256677664
6.37138732117762
4.261302310324266
0.6890299478011265
0.0
0.0
0.0
0.0
0.0
0.0
0.0
0.0
0.0
0.0
0.0
1.2738363568183626
7.298623773979424
7.491767640475133
7.387290094882633
6.727764366267316
4.594583401813475
1.8360326080627352
3.1531921384615806
4.5241178289248625
5.796312282358825
6.459567934988633
6.538729542050856
6.664018636343624
6.614042568276151
6.467619926280078
6.453996126643322
6.665624951747813
5.5440110892112555
5.639842776813679
5.71545494130352
5.56370561539507
5.754120602467407
5.733524745676254
5.390733152859474
5.381364506353359
5.3773964326380925
5.4089406878323
4.681954588976152
3.449824903895176
1.2593152889080756
0.156597715409347
0.0
0.0
0.0
0.0
0.0
0.0
0.5011126893099104
0.0
0.0
0.0
0.0
0.0
0.0
0.0
0.0313195430818694
0.0
0.156597715409347
0.0626390861637388
0.09395862924560819
0.8179452801273017
0.3445149739005634
1.5762694058172653
2.368401353863203
5.304801636389927
6.439182739439588
6.850166292580549
7.204689245191959
7.405984358634803
7.656645643030867
7.436270127226348
7.570008984937107
7.691674018440884
7.653080771455578
7.56262247710261
7.436270127226346
7.01695822583365
5.549691859371608
1.8813602366397006
0.0
0.0
0.0
0.0
0.0
0.0
0.0
0.0
0.0
0.0
0.0
0.0313195430818694
6.362095534949696
6.818605782992016
6.254416331628929
3.613833309297075
1.2577968390890273
3.3427028228989655
4.600944474447382
5.461852246705276
6.130970828729628
6.2587857018717905
6.185477023565838
6.718601096298477
6.520968740157687
6.642921734906896
6.673138791397767
6.562604395514231
5.400911779715811
5.477631706923976
5.659275852530067
5.747437604280015
5.772268167017516
5.732236148740238
5.392404255013532
5.236782966757562
5.188164773146172
5.2833350443272105
4.708690973718196
3.8046958516279243
2.6245441670662384
1.3190579694372113
0.5011126893099104
0.0
0.0
0.0
0.0
0.2505563446549552
0.0
0.2505563446549552
0.1252781723274776
0.2505563446549552
0.4071540600643022
0.0
0.0
0.1879172584912164
0.0
0.0
0.0
0.5477009924785542
1.2817139290874588
1.9025709569059093
1.7780401459367705
3.065949561485929
3.9989491158034136
6.136507821013091
6.906067724603143
6.959472409699629
7.324272256831391
7.407370500313788
7.6347389471571585
7.789586477898275
7.555032997458316
7.791966682032504
7.6290645005273685
7.524287492373078
7.458440519981879
7.165225100747308
6.332623056478325
3.514505669765807
0.0
0.0
0.0
0.0
0.0
0.0
0.0
0.0
0.0
0.0
0.0
0.0
5.2835548401724965
7.087576213520786
6.2307080272920565
4.415952671463684
3.219773186692316
4.50648476099089
5.1675549972565396
5.35235247511704
5.6972937866736695
6.062375995519057
6.507896531406857
6.818868952458456
6.742704408379055
6.852010525498134
6.805245152821701
6.514420009805749
5.875383513919556
5.763876515302199
5.6677598442783195
5.73182912079235
5.600458485556686
5.390397027984409
5.316840146207563
5.155722173792997
4.990904205537762
4.978218068409022
4.690088424857685
3.8489929501563935
3.2719437838873078
2.7850885565559684
1.051648184606729
0.0
0.0
0.0
0.0
0.0
0.0
0.0
0.0
0.0
0.0
0.4384736031461716
0.3678194426209416
1.2451058839111258
1.3041332035389537
2.0943820733052156
2.815612249560573
3.7108067297448977
4.323053072685207
4.650518290466455
4.855024512728707
5.505299047704392
5.841262064853319
6.464519697597411
7.075208298413948
7.171163244258906
7.456194132815626
7.5406481239589604
7.819271760830248
7.905141510221589
7.892708212865755
7.939979280645752
7.816768608980113
7.682441632433714
7.52746803290468
7.545303548741482
7.221502570340136
6.446144514388453
3.5716717361931796
2.0463078978430844
1.344154369581026
0.6033704077815597
0.0
0.0
0.0
0.0
0.0
0.0
0.0
1.1382263078052999
5.435318055516891
7.080248204588845
6.617440566039331
5.415413246629861
3.8812682421221565
4.768243646634162
4.786104192511024
4.751273234339444
4.840998628156072
5.553169197006177
6.453401332859833
6.593606868821016
6.672064182239247
6.879825312789675
7.125811321376989
6.809445242615935
5.475950891593007
5.529003266835816
5.707951030115799
6.004723389172071
5.794610790146182
5.371805312452642
4.846835141831586
4.3116714220539425
4.698595949559967
4.553520585010311
4.184526731890057
3.9942402902671654
3.6537558513589925
3.3211688533285093
3.5110622298981564
2.460765603195557
0.328484825177581
0.0
0.1252781723274776
0.5950713185555184
1.1850239683841477
1.6620708003374705
1.45235121612618
1.4829300048439544
1.3773191412381571
1.3131779120741154
0.9388455380919861
0.8146473551264459
3.393276977006334
4.154176387486244
4.286390952017126
4.698595949559966
4.613719728467866
4.878879689323343
5.717665744371269
6.3563440608557285
7.011496688271967
6.959090281476491
7.171201850766805
7.278049827467678
7.390347160424422
7.426503415257637
7.554769300576504
7.717407785199822
7.923448283324967
8.071518001722298
8.066547377956192
8.048473095921153
7.904860563594696
7.725793790115569
7.66221439168981
7.512415862526869
7.306613179134046
6.954933778186482
6.694141856639817
6.355190420494713
5.948018103974622
5.339065997380478
4.353877160840067
3.3758704958325674
2.3396185808062997
1.6294417755394672
3.2276560322706174
6.953268675394341
7.359409489817338
7.16624696342249
6.837403469694095
5.455993664413919
3.614474681934156
3.470923444665048
1.277198181814121
0.0
1.0189273903442424
4.791315972184398
5.766836214392271
6.616598507081418
6.642436552219076
6.858493925735001
7.111820415650822
7.040328671656906
5.769179566296456
5.738498528900001
5.870511023827215
5.945407643993685
5.646679199361903
5.074406662948376
3.4241466934461746
2.601133434155043
1.754020316315083
2.167255758586946
4.17948857606636
4.019326590953061
3.8379186755242762
3.8480136996825074
3.561546900690235
3.4575552257915385
3.512306107545201
3.3156629226877046
2.905397027623636
2.904426816616504
1.4303791072237635
0.7195881022467879
0.39913898570281103
0.0
0.0
0.0
0.0
0.0
2.977193804416079
4.638263052100823
4.63924230257471
4.351045217843383
3.900516670221172
3.6168327124356794
3.940195615406479
5.366847549773796
6.777553108710354
7.271092662108814
7.206792105328495
7.301802401514067
7.354454602473024
7.617979304149601
7.836437574593962
7.8911314662009095
7.923560369108003
8.085887738830534
8.064380054378491
7.968788565917277
8.200459999708176
8.218026498491415
8.149602860596595
7.83574746770504
7.808072994054623
7.9252334364256285
7.821443558528652
7.6248384182204765
7.6169190819963335
7.4845002062665325
7.282779624438084
7.209977675766267
7.353594821295552
7.0296396183882734
7.221656767361443
7.275555921369491
7.419774181100607
7.411534297012671
7.116283674911494
5.362671293112302
1.9186397887689681
0.1252781723274776
0.0
0.0
0.0
3.3864986607251293
5.969347621005502
6.648484195591178
6.923938026356815
7.146794520134641
7.08265993268437
6.934066800766452
5.834954410568679
5.618958850831335
5.813775558290593
5.442114425948221
5.168873068988676
3.1546176894559026
0.4967347749471171
0.0
0.0
0.0
0.7242433487910853
2.7055949852989376
3.510076805721363
4.0704784427987395
4.0020742940582625
4.05744566721885
3.7434646993278498
3.9742013660925695
4.037255618902387
3.774950521037451
0.0
0.0
0.0
0.0
0.0
0.0
0.0
0.0
1.991775189836753
3.7715047462748688
4.028442364637405
1.225477411261158
0.1879172584912164
0.6693626390794463
1.546309845371788
3.3905519917161984
6.890752283571705
7.112312043734463
7.260235396932884
7.3720053361260085
7.554505603694697
7.628537106763746
7.892376858714011
8.128256164561396
8.10658749169251
8.29474175233927
8.23649873413233
8.146840485985344
8.35631137902304
8.50124415086953
8.31639384235573
8.266202557325473
8.396062476676063
8.395754139388817
8.589540817246595
8.431222594580818
8.444348605075605
8.31000176762338
8.156516311927298
8.209316603050498
8.02989931198305
7.882159787569673
7.9619856954785675
7.8203389151814315
7.769863946546901
7.434687945935484
6.78283035740027
2.5049734040203333
0.0
0.0
0.0
0.0
0.0
3.3587759035085796
6.105929956978313
6.932606938649255
7.16919673192434
7.176609759686863
7.1944241902216595
7.1662469634224895
5.731693486186177
5.6384086023972
5.632817482211751
5.396802889630716
4.614342021787062
1.4505071770350848
0.0
0.0
0.0
0.0
0.0
0.0
0.6220129472745946
2.575260860350292
3.4308849069286653
4.081855236850218
4.15545815737949
4.101066034692791
3.5832103589855784
2.3548062365047246
0.0
0.0
0.0
0.0
0.0
0.0
0.0
0.0
3.445873242003679
3.8911961472990573
3.815770126260042
1.1370137797627742
0.9709058355379506
0.5011126893099104
1.8318228931073102
3.0906377233916578
6.2435837237687695
7.143969273627022
7.360920139748242
7.489449721948923
7.548831157064904
7.53966099370165
7.984345740033784
8.113752188727675
8.272054503305968
8.197670504758648
8.45616662475586
8.411366148950988
8.415523271037006
8.610589866563929
8.783222960382421
8.864471660710162
8.937925254632585
8.875475441658867
8.72792622925273
8.670768958612994
9.002350352930227
8.910959997177518
8.706609967044411
8.500615106282664
8.578250568789404
8.595060790636587
8.334779563738598
8.144861978486588
8.16824737566391
7.50158427122791
6.666433266704357
2.510173469657937
0.0
0.0
0.0
0.28551304773552244
2.926810503577646
5.678917435492838
6.5860559645094074
7.030477609015072
7.112312043734463
7.182547903198462
7.10315150335838
7.166131372909085
6.143340560673583
5.965938769251487
5.658634982614337
5.589852383568166
3.7772872480465454
0.2505563446549552
0.0
0.0
0.0
0.0
0.4384736031461716
0.0
0.0
0.0
0.8870972976522286
3.305450775579847
4.098128283271131
4.581105153553578
4.2748755473842746
2.4766900708426314
0.0
0.0
0.0
0.0
0.0313195430818694
0.3947404370679051
0.5943305641914232
0.6256294730011799
3.0258833227191726
4.529241559237185
4.254954653507431
2.1111139873889444
0.9031480806473235
2.1748563582796816
2.4355008914781857
3.5076249333781746
6.528197367813276
7.067413142428286
7.313310535443435
7.552923422403825
7.627015650544892
7.759471075041637
8.009742718014953
8.101003302350353
8.296032602979974
8.286165771176796
8.550728371001748
8.5649937078745
8.853889739872544
8.995731125123553
8.957563481861994
8.980288984243073
8.963891129214147
9.058845071791202
9.101100662621633
8.945756375554046
9.1871014124683
9.246889274613425
8.973884187508357
9.099811620124278
9.138370778871277
8.871454561491388
8.865499467378651
8.708384149725783
8.400275420810804
7.867778312376635
7.029112995547774
2.246140671722092
0.0
0.0
0.0
2.134831341660494
4.461022088024399
5.927744049898552
6.615589887725925
7.259743768849239
7.307740545025673
7.325027581796846
7.511883811586261
7.635266340920775
5.850006517293178
5.872524118185074
5.955712086711274
5.477958118622131
2.7211767659613444
0.0
0.0
0.0
0.0
0.0
0.0
0.0
0.0
0.0
0.1879172584912164
3.238242647055883
4.221601285752835
4.661999100821004
4.750658569807069
3.4695258982374355
1.2551498624577961
0.6686012504432383
2.1564892274757814
2.4749294121949132
3.0275976449492497
3.487907622185017
3.5179425280557575
3.5195938701515233
4.003070377357831
5.322194338655436
5.367532263999331
4.378675079485754
3.14475524202477
3.503233368888643
3.9923546070501037
5.522117271562886
7.118741815329702
7.218668392351694
7.480810826439315
7.8101801239889745
7.838939001735642
8.036553969629303
8.415940750801298
8.380881586424607
8.435760458855228
8.58494565643494
8.696167206128226
8.757468338242328
9.155894529111457
9.231782340200715
9.246288712365018
9.225430356527802
9.445844912767386
9.41593470682952
9.457777908724388
9.55828600525504
9.33714996638153
9.422048556766327
9.498259318981118
9.546149881899616
9.577828641840185
9.289521208119403
9.464703931660438
9.166269621481321
8.842235698869535
8.00018536566823
7.144836939280897
3.0681383735099486
0.0
0.0
0.0
2.5219718694589552
4.867664611105019
6.321554303709125
7.0130252011645196
7.343369406095253
7.608281747022723
7.716985482057227
7.550186904725836
7.380001575372032
6.330430259858938
5.873307479811532
5.705994944540289
5.339381354566844
2.656678610534034
0.0
0.0
0.0
0.0
0.0
0.0
0.0
0.0
0.0
0.9942103042583289
3.2588552050592146
4.196514985066939
4.727901771560769
4.888974713481573
4.611723005960565
4.750857595737777
3.4685933575565064
3.6837494886855087
3.7550962994159267
3.768821800889808
4.162312910696699
4.257809574453608
4.495609512289481
5.299825096803003
5.367648366683671
5.931403435132806
5.813280265855325
5.470410912861171
5.524945518204331
6.472342517813976
7.002332252237223
7.1889776747937
7.378998267164846
7.460286398154553
7.627942055730191
7.979192623802463
8.095519907781673
8.31967759356533
8.49041265809938
8.515670476159118
8.593892283414865
8.910178231410697
9.085935246711152
9.299395663611076
9.453529969648937
9.25831906518067
9.458351882584873
9.696019244435083
9.782658798234417
9.77311008719872
9.727789670236477
9.759390627834751
9.896229696471744
10.023151016723592
9.960343054666176
10.074165254649904
9.989597363857644
9.747975916595065
9.938336596362703
9.069507004197462
8.542666051705439
7.662418077984552
4.203961446708481
0.0
0.0
0.0
2.3059546303200062
5.066124339484869
6.541824292185569
6.982555205026523
7.200853961816898
7.423339052675911
7.820338915181433
7.638499858344342
7.472973827863078
5.886091898815298
5.667329283376402
5.748390076340966
5.433938265010374
2.6514180100636704
0.0
0.0
0.0
0.0
0.0
0.0
0.0
0.0
0.0
0.5011126893099104
3.238720959990956
3.8691829984728536
4.666153350206794
4.490819963552039
5.144039650178818
4.931921560044333
4.809071187877967
4.697008450104017
4.674227288817045
4.978147666615919
4.94693988694159
5.381889503282127
5.365210578752629
6.0371826891827265
5.921823489837061
6.467961865106024
6.405955951644583
6.893264052631539
6.796403653130936
7.059931424133725
7.091547844697817
7.295864258002474
7.721690655524606
7.9992649394946795
7.984888898927658
8.006399572885577
8.39095306363544
8.285199840675759
8.476987930636067
8.697612492561
8.842329319238114
8.821049716317788
8.885029555828002
9.248632126381091
9.602302108900826
9.640835685410284
9.646572908544575
9.63963204854615
9.955807733941299
9.823451409266958
10.110151797971557
9.965658700408254
10.14713337411747
10.282447207201335
10.262069403520712
10.312645545160892
10.202836448776987
10.116205912879472
10.107778642544735
9.9102630098863
9.167323075216448
8.299447158535164
5.082108225737568
0.0
0.0
0.0
1.9491499919873592
5.193082003667089
6.611418174620274
7.289355817389947
7.602539643123002
7.517754297827929
7.73621627818985
7.816308872486423
7.630119288054604
6.109594455510099
5.979540827717399
6.156012690256757
5.673399020147644
3.502407515967082
0.3248476651788831
0.0
0.0
0.0
0.0
0.0
0.0
0.0
0.0
1.5033380679297297
3.420925283208466
3.6900518271150373
4.943604083658512
5.265525570270068
5.253798016162122
5.321333216851602
5.02709183122537
5.087812276024111
5.491483710897217
5.206767322006682
5.400386782787041
5.859262072371332
6.084076758956177
6.074821203878021
6.4105760899363124
6.5739354258121585
6.745858154468184
7.081638070009188
7.067795270651425
7.164241844580025
7.30468347948388
7.384936410676446
7.9667950063807975
7.986127903628571
7.954737491689807
8.186187743420506
8.425703890724883
8.3859036854836
8.847271437474955
8.928089365682874
9.106471000952475
9.2806211125778
9.286237219566377
9.352199958119956
9.716613322136082
9.618934024102748
9.989786544486268
10.088132816137328
10.02926248057151
10.28932241191011
10.425717360274213
10.472479262271843
10.387513411752913
10.538378085251134
10.621086307403319
10.665228853338292
10.785870234709273
10.56697751064041
10.472267057063993
10.441121681681402
9.817266114304575
8.567508329584141
6.0815587905125295
0.0
0.0
0.0
1.4522410562193
5.1603764958334635
6.859242277889261
7.433234146986567
7.7209104341312145
7.782980191457171
7.976631820739589
8.053031161118916
7.742804763180999
6.211675735199914
6.397835505502529
6.2596186926128
6.084014979316774
5.004829038860358
3.00771352115801
1.5532780109658157
0.8383919506643519
0.2935281220970137
0.3758345169824328
0.0
0.0
0.0
0.0
1.4327365421336433
3.9577771955297933
4.368195667685977
4.981158507159602
4.69399379387302
5.208924848885165
5.2873031180424785
5.524988812777571
5.39737594224336
5.3923098189866785
5.4174018321916035
5.840047152549126
6.322666689986978
6.432846674648001
6.615452122412004
6.846617638711804
6.932989066872393
7.1563371887338585
7.2003623337332545
7.488543451733101
7.270373102823344
7.655320226423896
7.548040066419474
7.840724154836305
7.956085592667879
7.97835230607619
8.20271383754392
8.411899690607244
8.891626642758157
8.909208611878745
9.191405637597288
9.198857585287827
9.432909747547825
9.473089103093287
9.704838391610444
9.755402320935561
9.935589668128133
9.982801274154955
9.851389043511121
10.079528237070562
10.49619635988611
10.52475820526221
10.760826515612735
10.87800213662554
10.916762454818798
10.959109454814218
11.139881403867026
11.214634942849305
10.889989844010016
10.947920600284142
10.550566688586198
10.164463861943952
9.238247586567642
6.694976242503716
0.0
0.0
0.0
1.5565788017305229
5.0873601576287655
6.969842886046157
7.41694504676065
8.023641105329268
8.196346534612976
8.229841774149085
8.057466603047795
7.891726517234463
6.364013923924036
6.217294257224987
6.46537766084734
6.1972627066079635
5.909965023491842
5.434026628819115
5.30125927121948
4.821263841643397
3.7749875623581817
2.6747400202259035
1.1882573294757157
0.0313195430818694
0.0
0.3678194426209416
1.9143833248091715
4.597075680555131
4.8282437641610105
5.0957359147850045
5.285131732645139
5.377875049223881
5.61270024200639
5.651551689454244
5.712301609049108
5.7199480119475545
6.09458663313466
6.514207344245399
6.336503155184083
6.3212823878041675
6.9461526286144615
6.965520053071731
6.882315150556749
7.193177237172565
7.188977674793702
7.476782344280293
7.641204484432372
7.906964704023164
7.703096003596416
7.736143186293895
8.054221263186022
8.24077318764437
8.652422015368108
8.81412938301989
8.989542637692828
9.096079141780823
9.251497749897919
9.220774768934904
9.465560322464578
9.607674992205542
9.943761048266973
10.154121030537668
9.971452152942506
10.290945841189187
10.492704581033635
10.437027245975015
10.628518097889069
10.800828482896627
11.111940275551902
11.407471046934932
11.278092151640523
11.388515100276884
11.498773415182312
11.509330335227855
11.429939253575334
11.290941681520616
11.149687637569954
10.720825879069391
10.02792938871216
7.403704843822442
0.27749797337403126
0.0
0.0
1.3687168390614
5.2077487076303415
7.009972974876965
7.851507613631342
8.301221141053253
8.405451793826174
8.555574373280002
8.465307639507499
8.380382038321665
6.500558292655598
6.306418776138471
6.391737358224339
6.336766324650524
6.106905961993291
5.63740498888264
5.491582908034703
5.326829901010197
5.2309224188483
5.019601778556503
4.608257176897293
2.9636029792912897
2.3456765869201175
3.29833182993485
4.567648806519315
4.978204209890168
5.070646926770189
5.239268810372475
5.595585995464342
5.38541926853647
5.807729354473382
5.980016662744188
6.018736551131422
6.0026473550640445
6.349294243523955
6.30904289035022
6.459380521381325
6.628430624359182
6.826181939256671
7.024074144203618
6.92453915430096
7.192457677887092
7.271847987074268
7.260235396932882
7.26617354044448
7.541838226026065
7.727106839898598
7.899936177403555
8.112218281331483
8.420624495128653
8.55557437328
8.980158704586506
9.202579599608804
9.240411084847047
9.48853378894764
9.419151692810264
9.868783386910101
9.857372796214039
10.210489358163251
10.386192828050053
10.247615632253988
10.468572623500506
10.564036279785496
10.71288952555282
10.990027030734467
11.116479479943413
11.556774057719585
11.597934589064405
11.60218354721679
11.679606963351594
11.996778115653038
12.148412910518068
12.033284436224296
12.221998232572597
12.005440236928932
11.438219815015106
10.63474535166693
8.74175987495976
1.0837501409891448
0.0
0.0
0.6292253644556527
5.728085602550497
7.5007363296004925
8.310444019189076
8.512845484472189
8.557122773374191
8.972736183164466
8.69292747869959
8.565877974274759
6.637917421739526
6.274507556231541
6.303896413125612
6.6513033038628855
6.189261219222608
5.7423683952536
5.909878639234731
5.405404850359845
5.315599604955424
5.2623055408644035
5.119016701701406
3.7628953745203835
4.728310994612125
4.699602250403449
5.1541346743370475
5.39393286545686
5.3718997484794935
5.294807029230197
5.085805048994989
5.491152347132785
5.550274459146835
5.765117056554338
5.712470719483602
5.970642148909336
6.521996166070403
6.662490123451072
6.4651649952869885
6.7748532663552545
6.7399200109565855
6.756710336238949
7.1711632442589055
7.3012750077504505
7.224342838981481
7.454875648406572
7.824823259744115
7.968788565917277
7.921129673095534
8.271803080848336
8.121787267133378
8.520706214764534
8.526654967680534
8.867106054609371
9.096473835896754
9.271690060723936
9.402020375839111
9.777547117560163
9.967214278751646
10.072046254964253
10.39645844789338
10.539672393394666
10.569915485842929
10.54111373467543
10.678672178501188
11.02401420768882
11.00889912469731
11.27858120761175
11.345142732684366
11.905348755220757
12.405513895115874
12.37610474322778
12.790924381720576
12.850032971829497
12.8668967727542
12.919109407262033
12.843275732091577
12.690893037066957
11.895569010506328
10.384981927994028
2.6173910486904117
0.7856712953653895
0.3874867513426219
1.8534723898434469
7.099165405389506
8.30390435318413
8.97332914974744
9.149193378418877
9.193484701983117
9.268078096500295
9.137509298119383
8.671579550578047
6.439896491979775
6.089039797298266
6.3172822952489724
6.185833899835931
6.562748606223972
6.194137784860504
5.9598102410598015
5.662927562989483
5.580432595608439
5.474947278078445
5.143022178145402
4.195768125503502
5.1711497237416095
5.147214649090717
5.121842374833236
5.055519976520298
5.244286877945281
5.5898012421145555
5.528671903071384
5.637886691238168
5.736037208014933
6.085341822938163
6.009243078539873
6.20948074233519
6.453520291616531
6.644347193334766
6.432727715891303
6.8837772552511955
7.0944976131996675
7.010910582461548
7.217913067386242
7.189999537468886
7.400185403753094
7.355245693118459
7.7512203846657615
8.211955600869155
8.235671963552724
8.387579854861798
8.242544060229596
8.65682432903986
8.918651345149577
9.007941774068405
9.437748222745624
9.399667131457162
9.489043907235622
9.924977933260946
10.124987925858713
10.203753003489451
10.350968898960716
10.478202213627986
10.684933849748054
10.75555910312862
11.096827917235599
11.197617632198174
11.596674897315845
11.711071508032326
12.24446807652035
12.63632905976221
13.029627277233947
13.272320787620995
13.50344987135675
13.476201877573107
13.662698167653987
13.688016662550318
13.720765310800049
13.50545465025556
13.37436796628231
12.583836769515788
11.157546683386022
9.391515122725849
6.781127482470954
7.761959229338096
8.845594323841823
9.106995341836168
9.392420449873196
9.641014965154845
9.519869707498808
9.497864624865192
9.324919721534041
9.265027501265253
6.357320982862356
6.109832373023494
6.426034774829624
6.522115124827101
6.568057245102843
6.252806792794422
5.738430711596916
5.393407868528092
5.4514319310007275
5.578720294875063
5.376392819123531
4.818718767425312
4.6799934006994555
5.2716525207130305
5.114922349586903
5.24328326443072
5.011094253854223
5.2177606903238765
5.402394009816163
5.489955100453887
6.0177741361961825
6.012800352972435
5.961419079883686
6.150584813177064
6.673990616411787
6.698078135435513
6.680896223033818
6.82896633667914
7.164733472663666
7.175626503519579
7.270828965227004
7.329647240899387
7.482984184673704
7.437852308517212
7.734431125089184
7.922636953428581
8.217731595796131
8.40005042139626
8.415587282034709
8.658060589718186
8.747353204040671
8.929583033578247
9.2762349645629
9.461323099907885
9.542083855909397
9.782903593348315
10.22122421572594
10.404883346879103
10.43313487898182
10.620917977053091
10.827113851083805
11.000809045169417
11.336126803644357
11.758219041108115
11.94701154647498
12.531892501427796
12.66253923457832
12.764577930427876
13.296056081439033
13.67035433452653
13.98820080469368
14.436526223962565
14.777942014673945
14.946933005547004
15.293960292712633
15.16595945108165
14.850320584849522
14.168760763621945
13.596744385292654
12.382589878104904
8.805836171094812
9.369830394206861
9.881073207901492
10.028635203656744
10.039049048902188
9.971434367499729
9.737622458012666
9.862865224234424
9.653051098310954
9.441352267920665
6.296965554550536
6.296370760767048
6.296489719523747
6.2968465957938395
6.528213272105293
6.185020833428646
5.920461208269222
5.599749798337866
5.210151509780561
5.049603564788528
5.002586729151944
4.496324464903536
5.105247053001848
5.171883909532361
5.256808856705808
5.228275442055279
5.291842569029489
5.536507178023535
5.185737818543874
5.147214649090718
5.884033530332564
5.50797376337301
5.639825111188387
5.904304194898761
6.121380138552224
6.521257161577172
6.769463393069297
6.6844415562422785
7.212013530382541
7.206792105328495
7.248095413027874
7.377679782755795
7.330702028426629
7.381615648252848
7.74029617670483
8.05263845315603
7.956844621624147
8.325908679880838
8.50989528095573
8.873505794481563
8.948507175470203
9.41418107314044
9.738880049565239
9.600215847489798
9.829743812656272
10.041804686129868
10.372723236850758
10.512224964292985
10.54927563609506
10.850965324490211
10.968390970510521
11.336022399642857
11.633400552716346
12.024841170939949
12.417707362290532
12.704975670486887
13.01723341141638
11.53785114045082
13.939656448287579
14.594891965456961
15.436926307474973
15.990861702318771
16.556538785668447
16.773606356674126
16.97555316047329
17.096608283382448
16.689706507822766
16.46879659887977
15.944433956457695
14.79531992514769
10.034146858996907
10.369934387108072
10.73306552304873
10.720523970749575
10.647858918212103
10.505275402016029
10.374407996640345
10.139265404581378
9.926290487664636
9.846151386146593
6.35681989588252
6.0821089387231915
6.248092668254915
6.303063701828727
6.31644958395209
6.329691255365706
6.022531743077381
5.334858809126687
5.101502026667415
4.830401291039495
4.5026696061475455
3.593639349970834
4.590553707170218
5.1845700466611
5.2728202925958065
5.261301927349844
5.1557221737929995
4.869354692587644
5.243702992003893
5.392404255013531
5.550274459146833
5.372378365065287
5.57828287686859
5.674209000497867
6.078194788020536
6.329835466075448
6.483953223092873
6.797199606926078
7.1320929866038245
7.3156480416997525
7.272111683956079
7.4135723407072
7.5174906009461155
7.6802629025373985
8.024288048502495
8.095402576355646
8.206890439588474
8.316920464597063
8.516240917226957
8.971605231090697
9.143303091434174
9.442833599158936
9.63615147384606
9.867911314881441
10.092882779628695
10.269493911506578
10.588748059462878
10.643990810952783
10.771892396806892
11.0326364187068
11.412734239157292
11.522566134036405
11.93155658493653
12.32826869812944
12.500603844356379
10.861824120751184
9.59218926621428
10.843859839942787
15.110396360331302
16.38086037258199
17.010731576792008
17.530188546366322
18.033353373343054
18.523820130977132
18.937748040917146
19.23298730141594
18.703091785941865
18.466672019048556
18.052829487770534
17.315005448120235
12.083505252419899
12.00805851455221
11.93707980346854
11.584795583229107
11.245233153723001
10.915737308916958
10.585506251028702
10.417682584001767
10.37590495949489
10.442966537822493
6.296132843253653
6.274745473744937
6.343340306955507
6.459831104455073
6.459499480138024
6.299114968792327
6.04249884160518
5.425909356893887
5.3003500937317725
5.155722173792998
4.162309700553357
3.498002646343248
4.350015043843394
4.522321533990854
4.618681252766424
4.3368660728082755
4.824449345077115
4.834146317373927
4.697595023374324
3.99069663282777
4.67153997673636
5.227271828540719
5.098955944190669
5.252794402647563
5.553048371952939
6.133118828470462
6.390068424848371
6.877654822867829
7.126646471175867
7.218668392351695
7.342406201967877
7.313678688537266
7.601483358023855
7.560180050324479
7.9925094870749485
8.110045712110795
8.410326544014751
8.631771156387774
8.726328522286867
8.874761969349386
9.323668636613968
9.587309466102399
9.925541354603212
9.851767404768369
10.185554542349555
10.367540403364245
10.718760754676556
11.037176881618933
11.244904329651655
11.341098000254288
11.550139360019102
12.113990421390838
12.45837910491195
12.717670409431692
10.720783360057272
9.480013475567468
11.509925676540906
11.929460023232123
16.204617786158785
17.40839904407227
18.50695525091225
19.480652379570255
20.289463917549195
21.29142938319304
21.88877765883324
22.30877193077784
19.522497305527185
21.68599753853402
21.19323352172509
19.90776193604949
13.908791047975305
13.402156055781933
13.339607652544169
12.623746921831255
11.976432701409667
11.823767031631258
11.216126670927856
10.966695424086465
10.58760938345458
10.360305888442634
6.313850442249255
6.609285520283205
6.521520331043612
6.413124727733055
6.3088267140076715
6.186536656086931
5.634017814660387
5.222778757896684
5.1111773232524715
4.96220663251902
4.011914512179892
1.5112429823843403
0.36781944262094163
1.9225125806676377
3.10458070363094
2.5708424772210137
2.3675519785245784
3.978134362827581
3.8046958516279243
2.7881514710995052
1.4119794669826906
2.595492901299914
2.6995773236457365
2.7717789565170063
5.0506559043844375
5.4694505939198494
5.978059587392861
6.520373946374198
6.806619996108316
7.0610928706935505
7.229789354409437
7.337431262583661
7.5944849923590025
7.734694821970996
7.876488330445758
8.12301578054832
8.311057955412043
8.590281543378627
8.708310787671685
9.188516343160197
9.343614894655278
9.600973146980564
9.930780746422469
10.23456986556269
10.244921589690357
10.562265086778776
10.957582080450008
11.383479652092744
11.730418545449577
11.916833628627993
12.334699335562807
12.545336058223153
12.753692866077534
11.304852231073719
9.392642980535356
11.120215056346673
11.827140977918011
10.597400917238422
15.674520341966346
19.058270420164657
21.069178574271493
22.47851572361205
23.87852519143114
25.020892974521807
26.182053161648934
26.320910419416705
17.185544397069226
24.367982678069854
25.6632590463595
24.66819580053234
16.358220171165026
15.19220361524834
14.497735858861946
13.597264680487802
13.017481992496995
12.617477507351937
11.928998843777986
11.402869206809916
11.03819183795995
10.753842628974994
6.220250275197914
6.425796857316229
6.328094287622546
6.388348708122186
6.149557666708473
5.906151264591862
5.726163326199261
5.150165250772568
5.113184550281595
4.796371192230367
2.896621440092479
0.567388935472347
1.3953398670547472
0.9271726694596845
0.0
0.0
0.1879172584912164
2.667776969871058
3.521151080353482
3.31345425513598
3.7221393658273576
0.7115317593410717
0.0
0.4107912200630001
3.4010983014888585
4.86538896461075
5.570636473970143
6.109356537996705
6.848637779687998
7.062348755223468
7.279491786866541
7.444317845792431
7.650308488097605
7.8185537620807795
7.975650125108297
8.291297012712825
8.51579472700006
8.708032467828822
8.925786666463889
9.139824300797066
9.266317177419218
9.656413862750103
10.092006587056417
10.249586296096949
10.506023883443298
10.877194643083744
11.35507280719214
11.517815399055783
12.09411255933786
12.511637673113311
12.693634143248184
12.988509876875032
13.390873799913267
12.982048298217574
10.786633456013357
11.375096875720718
8.254148762631347
7.06881625899464
10.032230536508074
21.250241437971265
24.13356636112861
25.937800034991966
27.224920977521364
27.57584796874506
29.782991073286293
30.425023035648447
19.367732546723214
19.068954844916842
30.985620123818972
29.461209222141814
18.953674072853516
17.09620295250842
16.248675607956987
14.89716655804937
13.713982419212051
13.371566844437499
12.5519239703738
11.981511219666496
11.725473035920338
11.473998308055116
6.31633062519539
6.699224520104927
6.562986523737369
6.513205170285727
6.426153733586322
6.15465040868892
5.9148248139589
5.279799206854758
5.271816679081245
5.113184550281593
1.7375470236331187
0.949653846727517
1.4122758443187242
0.0
0.0
0.0
0.0
0.0313195430818694
1.9021421962732996
3.3383894316800133
2.2853335703415762
0.0
0.0
0.0
0.3758345169824328
1.6742543211101628
5.0221407021448226
6.3482923490084096
6.931733182342476
7.054444099377304
7.148924160971336
7.177367925480234
7.337431262583659
7.60689410777184
7.854824456144615
8.141117136721755
8.350983681028334
8.71714696135715
9.144451127521942
9.143137399174195
9.511425332544784
9.766712160521417
10.29169146862168
10.690048620510826
10.942022677104134
11.316102589788793
11.646087457564061
12.096033033939591
12.57147749123957
12.989364564280939
13.320369947821915
13.655456016091465
14.2580160891386
15.012810812166082
14.956207849026587
9.921759878609882
6.347646771874707
5.571518142279634
3.9387348271575218
6.8237173461654095
11.908081461397618
9.90814827126537
12.889026401885902
25.345705057725716
34.07812248140494
32.53770264832938
20.708689863755726
21.055590043512538
34.06559712130607
35.92481065418462
22.017138230783864
19.143649540374504
17.544329156636774
16.428539308791184
15.133217046906069
14.113801138844424
13.066156043189615
12.468207133830038
12.484047606757938
11.920455869017239
6.1167632315985685
6.267695656413164
6.410431879226571
6.304050938344254
6.095970655873344
6.109475496753401
5.6346822175301465
5.433938265010374
5.093892846124098
3.742598006021404
1.6866264777880757
1.70855470189594
2.6913734563702105
1.2519802219205867
0.0
0.0
0.0
0.5011126893099104
0.9540523953624227
2.4767435489267053
1.1018323792298457
0.0
0.0
0.0
0.0
3.072702773325609
5.321752944424772
6.205292677284438
6.874738994292096
6.68694386640592
7.247831716146062
7.322151547475517
7.464642360375289
7.641199049806352
7.903307454487128
8.38126105907894
8.61142355655845
8.803735928975378
9.051386472365275
9.362202213123433
9.680371431182307
9.89248965359591
10.548028972591611
10.806792620475798
10.902756592119594
11.445166562562635
11.943727121501103
12.349048896721257
12.885031513290826
13.407098282146775
13.9554734426406
14.813910212628803
15.50420850522701
16.46734689579825
17.030336160555827
15.451068209190616
5.0060078834726625
3.408466812238547
2.697807701220066
3.8436002775149136
3.9665509927183296
17.332877791025197
35.65974115917506
37.291417717898206
34.67166649781384
13.775666734101451
10.483833795596688
28.331201330920916
30.541619611420302
39.9458917390948
19.92420807239173
21.022364134045997
19.428617081643964
17.59232420240877
16.8397043544792
15.398909834426071
13.966394361647623
13.312425399066786
13.072521543975286
12.637210393858831
6.150822730690458
6.506894357447185
6.535738924463857
6.425533687849788
6.398311340529321
6.116644272841872
5.904161703188033
5.63405802346389
5.220104042228065
5.010076781820806
4.3636051448792434
4.008284034864242
4.482683440341582
4.460009284164682
0.7444886172408374
0.0
0.0
0.0
0.0
0.2541935046536531
0.313195430818694
0.2505563446549552
0.0
0.0
0.86013503466104
4.590526569881873
5.34502053043617
6.051985080097273
7.048233327503071
6.944320097170322
7.048997583949347
7.23402468246828
7.307213151262048
7.821159622395889
8.075564969715355
8.291728132023549
8.450347772561656
8.58193494197749
8.971561582994276
9.300185051842933
9.63165955529139
9.878889701009188
10.463412295790867
10.88656758870677
11.027529278248537
11.607920824577107
12.384601845452448
12.898719560042831
13.22354483118706
13.941623349164106
14.693575216111917
15.869808618993568
16.8205937229527
17.688341518862046
18.790109919851673
20.292863653954157
12.403166886002436
2.937510417524423
3.5175549477363166
3.9096188704257115
5.677322445718306
15.47241130752933
28.216350855896444
40.860844735584905
13.936778873826945
6.980830271829013
6.693298348322976
9.593225057345261
12.003337117187494
21.60141854932787
13.796635107400112
21.42012269870238
22.51619446833495
19.663560945265317
17.81707317058149
16.74873020465177
15.213050230559805
14.17856730070325
13.70388829397819
13.282887789422189
6.330668177372333
6.234587827374856
6.343697183225601
6.446708391798153
6.236991231631017
6.323261483770467
6.101398532953038
5.49344455758336
5.402919006744934
5.121692074983876
4.351922621265065
3.5017012001781422
4.61726572887159
4.328237496070982
3.4761030943450777
0.27386081337533336
0.0
0.0
0.0
0.0
0.399138985702811
1.080153859142446
1.1500466310314683
1.4803842003921124
2.8121692999859853
4.93625047232015
5.3230926828144005
5.968025548241171
6.702215137691925
6.839533110530792
7.165225100747308
7.310906405179296
7.464114966611667
7.537218566923519
7.721364735998885
8.063714272215726
8.345104588990889
8.637223105223427
8.981814598688903
9.328285632972975
9.651934479396015
10.014872564877287
10.553254693370418
10.712399320410332
11.192198156793362
11.824010449868537
12.647556194472626
13.052503475144634
13.617628920512287
14.509680964664222
15.736113822882102
16.921704423140323
17.978206165716056
19.618781663454264
21.76821820499709
23.958892031124925
23.90285375072435
8.292513206218047
6.954025985119318
4.6973884900404865
7.519487991536562
8.862487922438207
9.750365713963
17.695289027910917
10.25903725026179
5.631543951724901
10.560787922536518
12.254785067012767
9.32479577177639
33.04646982968108
18.47949482008615
13.961944564207744
25.329227397002594
22.081194489806524
19.571455491502718
17.882397621024573
16.670097809838825
15.42772147549061
14.366821512338642
13.724737600314443
6.295538049470164
6.4462325567713625
6.440015450736474
6.643463978131791
6.149939515487486
6.302587866801937
6.218926942358725
5.724620135900374
5.509980990402132
5.113184550281597
4.346098041947845
3.37439888285616
4.649587276189752
4.305717945314923
2.364905001893347
0.2505563446549552
0.0
0.0
0.0
0.0
0.0
0.5324322323917797
1.8645756878268274
3.669017928762721
3.9478810088961875
4.986141707169915
5.448946087385812
5.871185369571265
6.549907869590716
6.759964123292387
7.119725071496986
7.490805469609858
7.5162397738069995
7.444054148910621
7.570210459175004
7.918152608865903
8.212152652096957
8.479880044133436
8.89570698849063
9.306693595895661
9.551771680861851
10.037116843756284
10.36586362050835
10.92746039486328
11.254583669808822
11.953585071073462
12.669538562963007
13.287340480200099
14.183260643383178
15.374964639736648
16.551717535606397
17.644527451005242
19.506135322912904
22.317460025108097
25.127628697579187
27.52526307314517
29.768054602880422
13.966903287220928
4.774100824943336
7.746069414231352
7.586250542897088
7.46081434811858
7.421183461171303
10.01586689905151
24.21567176304922
9.856847054374384
12.219668201199791
12.59789345507158
12.025323918069772
27.262997451365216
19.172956868460336
11.911221180141046
28.761920740569526
24.879170954626247
22.008819406943594
19.814630634005972
17.779710005206105
16.863259023564943
15.933053772975384
14.914512380163861
6.2066264755611575
6.317758130275764
6.33700424216392
6.19252684089761
6.1512985657172505
6.189164001636755
5.824575293443452
5.4532966663191225
5.394411482042653
5.254801629676685
4.432617542601783
3.465779707192895
4.1424253817996
4.082834487324105
1.5987619492700162
0.0
0.2505563446549552
0.0
0.0
0.0
0.0
0.2192368015730858
0.9861952298968376
2.7496845064831743
4.057477385762145
4.985005107262047
5.627485932263455
6.113757268607806
6.710555550402855
6.770966654008804
7.047741699419429
7.332781209463062
7.403155224294846
7.748546867080719
7.8596555955422565
7.985805926794898
8.28598295426455
8.38152446984131
8.750252657171087
8.958010634945692
9.664844822442044
10.017409673045687
10.33291089713009
10.816761825916366
11.264451266662704
12.093287573125432
12.84235786907844
13.46574822686741
14.665529845441641
16.19675882819005
17.251117400933502
19.25040037050555
22.32229295210457
25.684309770712645
28.610225293498964
31.790728576997726
26.449994933662808
7.173018654828555
6.8815508941104735
6.8522831538607685
7.243975266485376
7.932742263236918
6.269652201724466
7.084977986475664
10.216295302024395
11.014734372723677
13.576520249615458
15.845342654403751
57.640505692226036
69.23538053525301
32.09561995406694
24.381947088747815
23.53697110213523
27.794394200938914
24.720283827144332
22.126462922237806
19.893788028112503
18.169437152682416
17.30672842288245
16.198763684786805
6.3216645160273055
6.301491986038613
6.418364911761317
6.480292055863251
6.109713414266797
6.05137062224535
6.000138968270918
5.522890235491335
5.427916583923007
5.33786964967037
4.335542871212158
3.4636858058070894
4.336931344737397
4.776181143913912
1.1441296325775137
0.0
0.0
0.0
0.0
0.0
0.0
0.4071540600643022
1.0961840078654281
0.5324322323917797
2.2071087897257518
4.1289254667418565
4.985721979596743
5.808298905448914
6.527330056902319
6.5472394174245725
6.904595082929467
7.3237806287477465
7.248359109909686
7.258268884598316
7.52006141006619
7.978352306076191
8.156876653908927
8.497814308178954
8.787162867765003
8.23729366246112
8.411396014438175
9.97067520579792
10.043549319921455
10.535850433883457
11.129019273482143
12.062878601501707
12.971763799970555
13.98280942143212
15.195560895104913
17.040428283886047
18.484063902737105
21.308682912188317
25.14506509999791
28.84380085919108
32.445609544941384
36.2723590610668
16.016239995063046
7.138439045533297
6.733217610998711
6.8500440131635685
7.1669515005742355
6.205585025018845
11.161981727805058
14.851470304474143
16.075175852955613
18.20464422489656
16.899588325297
50.5782463967537
75.81032541301244
69.8346644502181
38.625894028976475
37.84984675306482
34.06648024288027
30.393368556401068
27.44463191570415
25.0735893334485
22.494900188247204
20.116013549679185
18.615270375325746
17.24237896923398
6.446946309311548
6.157634630508839
6.398192381772624
6.296132843253653
6.102901514448419
6.308898679640479
6.001285073496207
5.444931633327569
5.523842707552283
5.070213340678164
5.121692074983875
3.6485413558663646
4.597882955467902
4.318462549878474
0.9825554844939912
0.5011126893099104
0.6263908616373878
0.0
0.0
0.0
0.0
0.3445149739005634
0.0626390861637388
0.8769472062923426
2.584794384530834
3.588711379058103
4.536505535605747
5.1853150657805935
5.644386988911328
6.280636191119095
6.729462736965437
6.979895329598285
7.132584614687466
6.925030782384601
7.435479036580919
7.718070493503305
7.864541396646761
7.905179550922505
8.405664628182807
8.805796042230414
8.79696706289325
7.790038439170712
8.802934188685503
9.8510502590886
10.360334760931709
11.412969683401814
13.057997253658142
13.950556156967268
15.723806497674875
17.241452293885224
19.395549777960298
22.887036198536226
27.0078842484971
31.30144321952716
35.71320938181835
38.59619270976182
8.397648355281264
6.719059147137213
6.701331922488952
6.6524085322872395
6.428658255655328
12.19435903239517
16.361205773718268
16.442726050136
18.6081973986468
19.295474478565225
20.403662766717197
39.07823862816066
79.65765257329221
69.02857469901252
41.2009919920807
39.35864506126591
36.261875896884305
32.535257313102775
29.839448166394575
27.838208018350212
25.372978483281482
23.065761183517523
20.58900405180089
19.180668608277713
6.432489798377909
6.46664300427345
6.405123240347699
6.213557334136233
6.2253715004694765
5.9676579270894194
5.9541855722618635
5.659916722445799
5.386382573926163
5.508977376887572
5.119985447653476
3.4790832836488494
4.530021783780364
4.481941437357933
2.2120683293582073
0.0
0.2505563446549552
0.0
0.0
0.0
0.3445149739005634
0.0
0.0
0.0
0.2505563446549552
2.358647459683671
4.136565602660114
4.917500310939198
5.268872535688813
5.543343600571759
5.694345896754427
6.070247527858528
6.334477345538024
6.934429709840121
7.004521659951457
7.34890394510418
7.579774199333917
7.802456827376712
7.9980748374275725
8.48036300938395
8.661464416376395
8.53433976302783
6.961706430714583
6.569541729037025
7.268776053867587
7.666232335764141
11.804103343756536
14.09881241726222
15.890775593535558
17.59963726145088
20.181483661235525
23.86658189201124
27.867898510358675
32.70018696529347
37.00717082378993
37.60392847033551
7.090682460277215
6.6439555995789465
4.022224400960935
4.558281993401207
10.374759193507757
17.916333785172068
18.19071420228856
18.489569172782964
20.35786670558214
19.746942135986536
22.930224521723115
31.899234488458436
82.53415786910311
66.71537202128734
43.168761312573466
40.84462865064074
37.663900386355984
34.78397273906821
32.25259754387403
30.432665768162078
28.444655440237145
26.069107903035015
23.41681131395656
21.08403638809474
6.350033248017186
6.432558253228517
6.439752281270033
6.480767890890043
6.439420656952984
6.419817668794734
6.015244008232211
5.3433663338289685
5.235779353242999
5.39393286545686
5.007919254942324
3.6412961249388918
4.043075153233736
4.853196310845321
3.6884882234736
0.1799021841297252
0.0
0.0
0.0
0.0
0.0
0.0
0.0
0.0
0.0
1.0793512019620128
3.824926074839528
4.884051410742545
5.2653163814080886
4.944757997022434
4.969126657765353
4.888579348949071
4.137529129430164
3.309063663018648
4.041140096823601
6.488833020068843
6.817976278359289
7.53767980098911
7.7949972276462605
8.008240016432232
8.104371265481008
7.947417239592499
6.271734691240217
5.46194668273213
4.676262619018974
1.8677327206824759
7.9055177096148315
13.427687608528547
16.306807246634154
18.4249729855634
21.27330006060328
25.045820650346393
29.05120693358992
33.7223909374849
38.174786948387826
40.91909340868474
7.3856326518283035
7.3460225528632375
7.19998304633804
5.537857925102152
16.459096661040274
18.975870759844153
20.496800757905152
20.552598487475652
21.299540857449582
21.56648605983887
24.78304376418547
34.95915304312829
84.1085989771121
62.85027833657282
44.61076740121979
42.034461887668996
38.90410872681054
36.359206013687036
34.572701090863404
33.0900526463936
31.32757764543181
29.31247917334792
26.813738704509266
24.304270718566443
6.082108938723192
6.198624988175801
6.460451150191607
6.6787888206497925
6.505985890291167
6.446113598014665
6.244516883989583
5.274302522696161
5.1657119285956306
5.27324002016898
4.684755899067304
3.9486614218454497
4.047549480585244
4.8128162142124
3.9126572461699527
0.1799021841297252
0.0
0.2505563446549552
0.3758345169824328
0.0
0.0
0.0
0.0
0.0
0.0
0.0
0.8772658070180719
3.835723292018636
4.947838231100554
4.977634182467633
4.360495417896466
4.472018388760818
2.240570770089639
0.7059772912500223
0.6876493308926218
4.1401707465122035
6.476164960156121
7.06839639859557
7.435923059434526
7.901345547839371
7.820696896396324
6.444426451900579
5.1199289043792255
4.04967881245259
1.8114438890259121
0.5244171580302885
0.7058006979565683
5.706413766191507
14.755569662665124
18.87028316603208
22.236301573816426
26.251099960798776
30.323898147679355
34.769936139721466
39.0291288122541
20.665894305401213
5.358933995925795
5.796590434961604
8.046127308316095
6.894231929983262
17.09589598860585
19.656384066006282
20.9441869063722
21.674793720811188
22.155116401010982
22.136523757994517
24.49416938248466
47.48654484575851
84.70954177062369
59.05292635496543
46.13976411507692
42.97410576182305
39.44464339855313
37.97235158742552
36.88767600214399
35.749832144133016
34.39129080028596
32.97797046489047
30.40329245481114
27.592770178884965
6.0439945890011035
6.313180172050761
6.198981864445895
6.5355010069504615
6.6199965048445994
6.025980803634902
6.001955343694704
5.8274003477031675
5.320854600265808
5.14245215072287
4.951541580938256
4.528767064256709
4.078052783973449
4.194244168666191
1.500342359593024
0.0
0.0
0.0
0.0
0.0
0.0
0.3542292658962885
0.0313195430818694
0.0
0.0
0.0
1.9645161162181914
4.469300319101721
5.565760898108067
5.1532806812201075
4.612503230503743
3.6944300307213997
0.5127649236700995
0.0
1.0335449217016894
0.6496746960856534
2.568406014740233
5.877784547991344
6.732071226329297
7.146761595282579
7.953593302750634
7.591543382867124
5.690433133999392
1.531737757080298
1.3780598956022523
2.120973100841531
1.346740352520383
1.278961963357643
9.81012145620435
19.22574036253431
21.035768475820387
20.851715155193602
27.58405490849201
34.56596949001926
18.970806156590736
6.330560065081296
4.493593101662849
6.3218614686271355
9.767308195314403
8.24667635336483
17.535184330962117
20.651849252407782
21.400952348142475
21.762529504386187
21.281300968063817
21.631726013624384
21.510164010981406
69.99328735353406
85.29187417749924
54.2749118339324
46.87241232770758
43.9182330133255
40.77283802476435
39.020116036506835
38.67975219329973
38.1972584263256
37.18107051284208
35.85580039399245
34.19201075439811
31.347263974801045
6.054147586909493
6.261478550378274
6.350628041800675
6.452637076413557
6.356726189078867
6.356726189078867
6.087536815802886
5.799771349429716
5.463428912832482
5.5573478094326365
5.352024158380608
3.189223868307947
1.0006819670752916
1.8943311850920566
2.0534514095881824
0.09395862924560819
0.0
0.0
1.2949356616977212
2.1175014804226846
2.7524150205743174
4.157536005748137
3.0112648042476207
0.0313195430818694
0.0
0.6665461851291452
4.294942897229277
5.38236811986792
5.593721260145946
5.587794015085433
4.043646503908386
0.38306756843560347
0.0
0.0
0.6263908616373878
0.469793146228041
2.002423289240408
4.090147217967902
4.787649257797609
5.3170491907597945
5.615897684026366
7.655212524664118
7.687907826002284
5.290037849387267
2.709934617414715
2.202538741362855
2.342283016596674
2.3236099655530666
5.405976241093981
14.260216976780777
23.394302843224626
19.586979187108017
17.306552421275676
15.242822173007626
6.262524858031488
4.17417502872057
8.41007054010609
15.170831547791286
13.761669674998581
9.855866213967051
16.388954189756113
20.105874327136508
20.859529135144307
20.802836398642846
20.051577295787776
21.056646661846102
30.37482738708907
85.43698568214609
86.37902373496206
49.100168478003916
48.07230174450743
44.36475666122212
41.519186368401044
40.45124011333816
39.86955161774174
39.85739869629212
39.57346838660382
38.54564728312188
37.32749535500313
35.26995043177943
6.116763231598572
5.987185438832661
6.340406030153425
6.44608834606162
6.130387031235325
6.254904568073293
6.140788691538768
5.87519982362951
5.716130276823387
5.780697931542421
5.460227524894199
5.317574331998314
1.1924805627288686
2.112959615597623
2.751051096113809
1.5667109199112461
0.7270198121088629
3.6541167408389508
4.87025111258605
4.8559238651463374
4.9463698595190575
5.25781247022037
5.021759305434989
1.256796954343027
1.5350958535337649
5.022283338649642
5.361196124694387
5.8522987277437535
6.033019876085017
5.59355086987045
1.0655996614446737
1.9941626504568297
1.0979633301156002
0.0
0.0626390861637388
1.0474330648799595
3.1788497146384698
3.8338662731906967
3.394318130296557
4.205928972599164
2.686134244530931
6.917088338581216
8.237522509739854
8.909750007253393
8.302869282037944
3.91801154686993
2.9088825224735655
10.924207150587575
17.036293431175327
10.695114751561116
21.08743557489834
26.65937469898671
16.094196674480266
23.964486105473746
12.080573981835165
6.6849881899793
10.607520548664999
15.467651302554213
18.821144284252643
28.476281269654475
19.272180906367137
19.485029919380672
20.369140051937332
19.320193352118824
20.152005103688012
19.065515151372608
14.582178496630892
65.90727287203126
85.42141792856735
47.04533618254755
48.25403017813803
45.42218174013842
43.32585532643785
42.025090191009184
41.606030273718275
41.492179840763924
41.254922727336165
40.7279766858835
39.78816971196096
38.097620451225694
6.01973121154751
6.198624988175801
6.06559813485237
6.198289853076553
6.363419130140546
6.362319738595023
6.1419347967640565
5.885687956637146
5.76153316339801
5.638123618975747
5.701932434798169
5.472299181133596
3.8585614367709575
0.7504304244886357
1.5163226621078807
1.8628392232384645
4.3553363155698
5.384421727240019
5.121692074983873
5.036616827961067
5.124177918598789
5.396897325657567
3.0599954454496987
1.0160735311655664
5.1274601374628626
5.714020766887042
5.938334293707881
6.162132578705794
5.9444777151109465
3.426870298351898
3.5054180116261233
4.781513669704293
4.293141095945194
0.9459613909067255
0.5549134096596123
3.0972081440229395
3.308510560519415
2.2119480783586445
1.5737399081841679
1.2642618949117457
0.8376125888489822
3.910620886267844
6.741215422476321
8.800656610452606
10.204865516320742
10.843171761070796
10.813235860462715
15.790205029907899
17.891479066183383
20.029991058570232
17.055671032111462
30.104167281748552
31.524161115773968
22.704548912375664
22.707291056828776
34.17802330753782
8.42835176755283
15.052983203216485
28.873493382660886
70.72842754458857
66.3963900300191
35.178795363485456
26.907269984748545
21.344571529904936
16.461743503535757
16.334025367255723
17.89447912173983
44.5936796267089
49.19562192922035
36.27827315559763
48.69196096773056
46.91124769355094
44.5588241876766
43.90892781147743
43.29194469812838
43.155276934336676
43.274902434480126
43.02563025262741
42.4135809681801
40.54238455077066
5.981065550383624
6.273696586105502
6.494391690526799
6.160651338381257
6.415978435618835
6.431963459445028
6.412173057679473
6.056018189556625
5.928992265925534
5.758094847722146
5.780176020383389
5.222778757896684
4.992966967582468
4.377393127204261
1.959320361570851
4.034450489983395
5.254801629676685
5.019601778556504
5.374910589023178
5.476954505107571
5.472940051049324
4.187678944470233
2.3129234542716963
4.972350543176569
6.006208705042161
6.047793856492615
6.024012983401918
5.989596608039934
6.116049479058384
5.55082539569663
5.610946474254575
5.112915122557783
4.524823011991569
4.152639811556398
3.419253306840588
3.030594942403539
1.2460371059149078
0.2818758877368246
0.6263908616373878
0.7516690339648652
1.9337965967144095
1.97313121415777
2.062691294768473
4.167517262399313
9.196506072151525
12.023800055669179
13.720785495940875
15.872101276238496
18.020226704550268
21.413405690447235
26.035852379814063
30.876982181570384
37.453832907344676
41.1635524857489
47.00731545746935
59.256804787415184
51.74126438439164
10.89379551545826
69.27123470665718
77.07253930934456
76.85948810367623
76.58557279988412
76.89360320619554
60.894096403589444
58.53015703562678
20.94053206845481
49.266047560579814
60.66037931073354
39.79628649960356
24.28231743489353
42.07448901014668
47.85572590539527
45.10152080864973
44.51155396387059
44.123086743384206
44.685107541212645
44.560710250389384
44.823518702489295
44.43062613288975
43.05766305982001
5.80034440204236
6.008551067170531
6.232609010852683
6.1924078821409125
6.316092707681996
6.178546164990762
6.460094273921513
6.199241523130136
5.7125896782403
5.958651034406318
5.724444168361329
5.3770650688736605
4.934393545140392
4.976616710434219
4.738195821649709
5.130199599686159
5.368888907935811
4.985571679747382
5.121692074983875
5.257812470220368
5.371662820741915
4.6191876139169565
5.460942779152379
5.833225309856458
6.0953976032606985
6.157753589265535
6.047335687091115
6.417863824781481
6.309518725377013
6.35039012428728
5.467383128028897
5.016143493401938
4.523843761517682
3.8694695230527505
2.8666197356362364
0.6416802559962748
0.0
0.313195430818694
1.4093794386841216
2.190886507002666
1.9571010654347876
2.051059694680396
2.0044507572396393
2.136262495200418
4.298486862302275
10.726543347621986
13.565070234071786
16.03556851471669
18.352897250202894
21.86047187242829
26.304012587557065
31.156897412133592
37.54161195557777
43.85567438308357
51.46766843194591
59.815510557713466
66.45426332663736
40.29389108480932
36.342254810408285
79.5781312110495
80.42846948710286
80.8380014805487
81.82019225521262
83.87081483743479
85.33060903313944
68.63970381578469
54.15277590229289
45.378013243632964
13.72872701374651
47.94128683282658
49.81769370991492
48.06231131743631
46.126087046364816
45.135622113003755
44.85019141953343
44.968136691816326
45.28991516649586
45.50379604583987
45.15376133582753
44.47059056020971
5.50054452659293
6.015006090718816
6.123099296390158
6.28896406716518
6.114211362463755
6.205912723020972
6.16339764268778
6.078097570434684
6.008194190900438
5.781179633897949
5.252126914008064
5.25279440264756
5.325812428976784
4.336866072808276
4.842083814653675
5.130199599686156
5.268641680169347
5.335862422641247
5.209253165621596
5.131108777173864
5.636021955919773
5.755320934916042
5.623695706317505
5.746433000989638
6.007677157294325
6.083893141450297
6.350271165530582
6.05276356417081
6.114903373833095
6.026089017509941
5.772986567413245
4.498520213341549
4.3358868223343885
3.5560252463455986
1.4776875304843902
0.09395862924560819
0.0
0.313195430818694
0.4071540600643022
0.0
1.1275035509472975
2.0044507572396393
2.155929803922098
2.0161029915998285
2.317822628420153
6.842878418792204
13.246209210827235
15.78237761894554
18.129643066262723
21.470668760493346
25.997698894498214
31.253723697679302
37.1287785096423
43.565802199109946
51.481861749174314
59.827298880047806
66.701823448613
72.41380413948349
40.146827923792564
56.25188910734324
83.17652270435177
84.34352391471103
85.35416370938253
86.53841298055781
87.67846742918508
89.89199683173895
52.02548267808207
41.659728176992616
49.16337470091831
51.703670981595884
48.708793778866294
46.86615969875161
45.59384854332448
45.076066363127914
44.79778439403655
45.21105579742705
45.351653983086706
45.4989979377634
45.61169364117538
44.759973325955755
5.5099809904021315
5.964100652656857
6.136604137270215
6.098035693692181
6.100371386484445
5.926526869494911
6.170782595118803
5.725878342777807
5.930830382520162
5.954090146459195
5.271816679081245
5.350191923048446
4.574809256468966
2.7048860267209758
3.15517258243935
4.979221681923582
5.129195986171593
5.168138883197925
5.138864552924693
5.129930171962343
5.716601046528806
5.4759508915930075
5.72616332619926
5.7325211321616925
5.8805775490314085
5.757040092753973
6.156347825356008
5.830268696536124
5.770572542133615
5.614825438016394
5.468446980405287
4.826086237282526
4.393216696442749
1.2337243747381967
0.0
0.0
0.0
0.156597715409347
0.4384736031461716
0.4071540600643022
1.00222537861982
2.0044507572396393
2.14427756956191
1.956360311070692
2.0860163977609627
3.797284555609548
11.278970995166038
15.813698160366844
17.91971879035192
21.172907644186772
25.453769692003796
30.296635103103107
36.19415503492308
42.660447432050375
50.263277837165624
58.79977927019256
66.26922503999505
73.13912274148797
78.37365106573861
64.24754803666946
85.27864191098051
86.31464604094495
88.39579602355745
90.01383247922709
91.02362473790879
91.53082254332257
91.35366607793944
70.25593191091214
43.073052151326515
45.99373587974375
45.574199414355675
44.83431994868229
44.696461732748254
44.298462084385434
43.984322418341286
44.417871884208175
44.58707215666178
44.91047904951868
44.87766452853841
44.33883011594009
5.402682079007355
5.507258219049639
6.047487131900317
6.065836052365766
6.234111992348066
6.240091180869558
6.0310628007336895
5.630955832663093
5.767018049260051
5.604042378713012
5.438956332583179
4.257432069945553
2.349077683281536
0.703496050707468
3.526320781180289
4.08479298827188
4.101487959710719
4.809193770689615
4.5783282065030955
4.734635385924216
5.303839550861248
5.457932228673886
5.5873634541835155
5.538850529927721
5.993662203551789
5.7400820521317595
5.66312119615382
5.733524745676254
5.626083342570749
5.510174623566469
5.2691202967551405
4.835163789407342
4.123501108536923
0.156597715409347
0.0
0.0
0.0
0.313195430818694
0.1252781723274776
1.00222537861982
2.0044507572396393
1.97313121415777
2.108580112117247
2.2141909757230445
2.1595669639207964
2.791704427649337
6.105219690660896
14.714295965603073
17.659394169199793
20.61308222460315
24.711004101875638
29.210665875832124
34.841115758511165
41.205690862041884
48.068823114231186
56.7259188102266
64.72967080561347
71.95053717037406
77.72527540211189
82.35163416434722
85.73812783221082
88.00158031434152
89.43459365252036
81.50217588847411
70.43557253318387
58.90221570258635
44.87141522193823
35.69012242977856
32.719551321661086
35.79351221753842
39.17412506688395
41.972201591830476
43.09583422536907
42.84693562268285
42.39486395774428
42.692297039609606
43.28502476430463
43.52994981735063
43.548695234684274
42.943131439670864
5.464957523275815
5.369798085423518
5.812198892163389
5.929882788012133
6.295775966983559
5.953374602135825
5.963711290334261
5.917931080305251
5.550274459146834
5.017594551527383
3.9249263227265785
1.4604395594889268
1.8608170017363315
3.3811202048509656
3.9422603120894646
4.713281496524927
4.681580900155406
4.548219994363195
4.603183574308902
4.243244587051685
3.8710012424028086
4.460394360775333
4.6125622160166015
4.938149404803564
5.251004172619053
5.586246823754351
5.589370681212638
5.423953271318375
5.644960041523972
5.641325006914032
5.3272604619121156
5.083213936024479
2.69165587219791
0.0
0.0
0.0
0.0
0.0
0.8769472062923426
1.1275035509472975
2.0044507572396393
1.8791725849121619
2.0044507572396393
2.2491476788036104
2.062711929040585
2.0277552259600173
2.896695476759864
12.768223065823781
17.129151226168595
19.653047201830542
23.456047468725416
27.834987844346426
33.22382900514133
39.13340012200818
45.87776696251744
53.71488568124434
62.0110032435151
67.31392633003973
66.70355835209575
62.623533861258906
56.92038410990237
49.86118975126325
43.614112100147935
45.79443309275099
50.28377917380348
54.0161378933573
53.55558201745535
47.07288770448391
35.39972958535167
29.586065707363026
29.637609570588026
34.433462481794436
38.61479050404968
40.26295366599944
40.60808608459634
40.60288217286548
40.465063073979856
40.4587863204541
40.61393810263458
40.31802939226581
5.377396432638091
5.370896134964933
5.906816657237438
5.758168532353969
5.983459053965606
5.922084940304487
5.624261901825595
5.238695757759831
4.798727745039562
3.540326783354736
1.6620088975211336
2.274098396054292
4.517461856744504
4.846846313021523
4.676818401787556
4.530155537781952
4.661390851838945
4.653690602049434
4.693263423769584
4.679014150225568
4.631105779364253
4.659803352382995
4.946779082570411
4.657806629875692
4.104471778078696
4.519805707587119
4.260071635713218
4.469478689200574
4.461049138393988
4.383387312514905
4.462701115829011
4.361174608520162
1.1434716439223063
0.7902628970441304
0.0
0.0
0.45376299750505855
0.0
0.5950713185555184
1.1588230940291668
2.0044507572396393
1.8791725849121619
1.00222537861982
1.2527817232747749
1.22072142582881
1.2717082776323598
1.3780598956022523
7.722213223245419
15.65800785470135
17.08527200527385
19.44572193329398
21.745904819591605
24.82072765335557
27.71124977560156
29.988208560170786
32.44558523216801
33.3042313577223
35.188187284937854
38.63845719868666
42.73167505937587
46.12528853725041
48.8917518447624
50.77989499589482
51.49030387119876
52.40044917997571
52.601489448819265
51.34290811675439
48.63245709677694
43.756123967981914
34.69945296634084
26.28158582838193
24.111331933518372
29.949699235964577
34.77060745697774
37.720121925025765
38.50748380719559
38.239249347556864
37.89506763825791
37.62162897608452
37.11326300977525
5.260179185960828
5.011094253854224
5.506211310961835
5.638744727272266
5.544777774988236
5.5973051533022735
5.254532201952874
4.621037805575617
3.030219458003569
0.6679613878988291
2.882286845016171
4.250465977752905
4.852178838811904
5.142452150722868
4.15780017337958
4.190639482223617
4.649708328224765
4.980809181379533
4.98557167974738
4.960049105640539
4.960049105640538
5.0095067543982745
4.995233117813584
5.0589644031560095
5.203487053739186
5.257812470220367
4.968123044250791
4.855937723665192
4.851398614268727
4.501086963271385
3.7252023830171805
0.42601871160554944
1.0990804135000312
0.9665279211751576
0.469793146228041
0.8692300983844684
2.548013920582775
1.1882366952036032
0.6263908616373878
1.00222537861982
0.8769472062923426
1.5033380679297297
0.9512385268162704
2.2864825744170614
0.7896498404214978
0.6805433028073057
3.4408577273450716
4.2288636944733025
9.01431639752755
11.766474495556444
13.79000858822646
16.433334430638432
18.962389478294206
22.394787098112868
26.111591091087284
29.836904216908714
33.53551466624918
37.3267463451377
39.62120556597129
42.01803394865528
44.43719349109504
46.206140295645355
47.108492762717525
48.07039022013572
48.17389980745266
48.92282145993378
48.82090787282875
47.099070861776184
45.168660087762355
42.57862824996175
35.32050355023821
24.55723018741738
18.83376301263729
24.879406923822785
30.15340671020092
33.810183211024565
35.150697810196796
34.91355032258502
33.934164438962476
33.3886108969899
4.968556630342818
5.091407002509183
5.244286877945282
5.370134210298585
5.619050201088451
4.990620919295092
3.9457965453451216
1.911978014360822
0.7669377940516398
3.1474063659239255
4.551933085554361
4.515215184780389
4.811228714756449
4.82348126579316
4.808623743267083
4.845258813565572
4.686343398523253
4.7512285972296
4.728881022034657
4.968556630342819
5.0876619761747515
5.115925963101465
4.964514459246866
5.098910913696903
5.1202548753772845
5.11767762092563
4.856098528036372
5.142616309091085
5.061880478865916
4.8181487400027825
4.79518174463584
3.617611799522553
0.3445149739005634
1.4239280786789132
0.8922366006512298
2.325431242781563
3.8711414994206286
4.136924090591443
3.8424961670511086
3.2414660248551836
3.109154625228953
3.6678667138319967
5.0603655249100505
5.665179564636553
3.207819895128057
4.54565540110463
5.9471070476839
5.834909564370735
5.7998401455423165
13.552676575815363
15.501457653377441
17.46163517779021
19.682436673840613
22.591014043658042
25.513456017648544
28.72816134229642
31.38990099972255
33.95922858788708
36.29400879201931
37.882331544177546
39.4642318684792
40.91970104298656
42.14893691615459
43.194507503618944
44.507064490937466
45.47697298145147
45.40387643821407
45.20322900538085
44.68281816526297
43.685065204433286
41.42571820521558
35.84069747931175
24.785864645807216
16.534028169682177
19.89651533090625
24.776744002558388
28.37484062946388
30.164227173631993
30.417329538122516
29.172267219803633
4.671485875997173
5.110009551369695
5.223782371411244
5.081311978350952
4.333911803732727
2.953608109352166
2.018196740053998
1.5252939201986344
4.061966509323083
4.6559643243831434
4.839059115591136
5.053631877365629
4.657236602453159
5.0201718059790394
4.868623860793931
4.847416340444055
4.811798742178983
4.883481383320011
4.8399262877751905
4.909164761798036
5.263309154378966
5.112180936767032
4.918081509551666
4.904482161486443
5.137119624932487
5.1216920749838755
5.146197177057301
5.201749254433878
5.188748659087557
4.72253102421086
4.703358447927812
4.622227253170146
2.7097865293009415
0.4886784320414008
0.39913898570281103
3.06995869609411
3.9759050610037447
4.143269231835455
4.435555294023445
4.5114192349198525
4.820914515863327
5.2532141302207345
5.418026026257858
5.797956765789116
3.3049643733392853
3.857690072186042
2.22107491649073
3.182113522634397
10.016901549651744
13.649826899836425
15.55722686386735
17.028104907507903
18.795825695406872
20.51916441850982
22.86979073315674
25.0965317846484
27.577845647014534
29.419960736712085
31.516746766680118
33.02245773643616
34.97544862995113
36.81532643895417
38.21059459997381
39.456990224617
40.802853486003414
42.147000303021485
43.10317359205736
43.65436363276354
44.11319180901576
43.091589106351186
41.89269830173913
39.99029843096446
35.80373851597308
25.71655566510458
16.144898516513695
14.91255524223495
19.728186630183686
22.93300735177053
25.090275247385087
25.350204500165752
4.403311720600979
3.754252449380071
3.760398753099455
3.352807659047884
2.4168770627648937
1.4246688330430088
2.073247283133213
3.6241635047782923
4.546600559763979
4.882463911286594
5.223782371411245
4.955003321030022
4.627360753029822
4.973889156133203
4.986305865538128
4.845395254896079
4.496125438972827
4.907986485393437
5.144039650178819
5.007919254942324
5.266225558895796
5.004744256030425
4.833576289951394
4.985571679747382
5.221775144382124
5.325872667838614
5.111597050825646
5.147214649090718
5.119684847954752
4.830401291039493
4.939859057324077
4.22973780896329
4.035297117954613
3.8456489974206374
1.6736859406751674
4.0148060844890505
4.152314877010888
4.985721979596741
4.999411730240044
5.111597050825644
5.138707124388436
5.400490931990805
5.979443610131546
6.103508844896749
2.7820794508401065
3.658741699632271
6.106383050562417
9.85563552739046
11.705335578236593
13.250346750937332
14.597773155899365
16.283662164202898
17.481112171797953
19.016872988496903
20.307623277384025
22.0718224566953
23.698471670373
25.313529229580332
26.97354493543013
28.742253314016494
30.233501000378368
32.31159806707901
34.18259196721326
36.46844259965539
38.01910459428563
39.44252093266802
40.606205507590765
41.403397326495906
42.12357806884688
42.0463878903173
41.521499171306694
40.39994448079139
38.31920079096063
33.88686363483383
25.875379316476106
16.153749565755177
11.862755037113509
15.760990627413209
18.536758466848973
20.813949610205736
3.45972136166441
3.3085105605194154
3.254055950347436
1.468787261854016
0.4930976149484192
2.2912868967059294
4.073175736586821
4.591360982082987
4.785706140649608
5.123849601862357
4.691675924313634
4.7460950973699285
4.5848385188139105
5.0268224035015585
4.708120946295664
4.65625735197927
4.512834758814686
5.004744256030426
4.982396680835482
4.842083814653675
4.959765819397872
5.244601336162857
5.108422051913748
4.866217915235276
5.094582001421083
5.197990369580589
5.229279055569842
5.2663199949226485
4.953740784313469
4.921256508463565
4.728310994612119
4.339803824229936
4.679993400699454
4.406551991442002
4.360071846442095
4.979385840291799
4.801703718020751
5.136699897359312
5.257812470220367
5.408415690903531
5.172212226268792
5.977866944004339
6.206388558047761
6.529828461140975
6.830167793521664
7.505412839685026
8.657630761793618
9.746200781301965
11.244205369997415
12.684945987213705
13.932138762985113
15.054938778426587
16.269629007188335
17.367664202654264
18.220026127490495
19.574073843701804
20.579306725355032
21.822097035738516
23.381164887128886
24.75758110457497
26.684130557999744
27.994295972701185
29.93289190379595
32.26191768168192
34.528955965171775
36.60530237869732
38.00717387977871
39.04055197013484
39.92813895109203
40.03614745682204
40.1668406051368
39.49168090857284
38.15765199815156
35.792983980122415
31.166704433049635
24.869351717148838
15.693500535433461
10.045282874327544
11.94974851590306
15.567565946670218
3.064246958669807
2.40076437695346
0.5324322323917797
1.0641030761473513
2.744068135575784
3.9043643233169796
4.386189967564425
4.674660874909072
4.977634182467635
5.07756695201652
4.972801282306681
5.155722173792999
5.104677025579314
5.125437101318308
5.144518266764611
5.050173592211062
5.09849118612373
5.087661976174752
5.137119624932488
5.065884428402344
5.162642199039331
5.252794402647562
4.996236731328145
5.2522105167061754
5.223373148359891
4.818869067274676
5.051624650336508
5.2678022250230025
5.164229698495279
5.273823906110368
5.065433607956532
5.259294700320721
5.098327027755517
4.874526414006847
5.105411211370062
5.248301332003526
5.098102630525468
4.94648193780889
5.2770439355160335
5.62674774544051
5.82133647826066
6.385282334676054
6.740937977973108
7.016084469526871
7.1953745215368805
8.026116040871806
8.93689805692877
10.161685339110141
11.219993745134172
12.389067734525593
13.177092070819013
14.009700533319831
15.190177639035404
16.366359548314186
17.159415554182928
17.712439926596936
18.37916239136412
19.51330559946139
20.246865455974127
21.31285314380465
22.793043308511923
24.725265703952196
26.263870902588476
28.209105486701905
30.49137401896675
32.572221915274746
34.75352375923019
36.46868523658987
37.662395906220134
38.286676107528066
38.35942411779756
37.961143311175455
36.937082079210064
34.65834964500968
31.94938360818328
27.915177774783967
23.1600387586868
15.47221900101254
9.896153392564818
9.350835234565855
1.0990804135000305
0.0626390861637388
1.1420315566699768
2.9898524667853175
3.7709157022756132
3.8041385261719665
4.3780534443539665
4.688129923909912
4.6619991008210055
4.667740849662742
4.888380323018365
4.684954924998014
4.9574441341511735
4.948366582026357
4.915923982673185
5.147214649090717
5.000999229695993
5.115925963101466
5.100498413152854
5.16797472482971
5.260298313835283
5.079088162230416
4.989617305780532
5.237786580272123
5.388914797884056
4.920018334787688
5.167719155624755
5.3643958372917755
5.164229698495278
5.137703510873874
5.2803242037835245
5.265316381408087
5.291842569029491
5.033172401325355
5.134108784388803
5.245769108045635
5.2477763350747555
5.391831202400886
5.558924475559842
5.7139294166299255
5.928364986089541
6.336860031454177
7.035646412675225
7.267982605932757
7.621807872606715
8.074282308023626
8.905317029522946
9.743861558347703
10.639642776391678
11.888392597214182
12.635298416246787
13.352315679091314
13.91977728449726
14.975516842579227
15.876250643021814
16.533892136320045
17.142474350832106
17.510333329246013
18.240824103814525
19.190847912282518
20.286082968777386
21.406596123094438
22.970537227312207
24.806759006194078
26.816065597270637
28.715037363955414
30.456674009592298
32.18023471252692
33.98743095208248
35.08689411917888
35.77730188242603
35.84319138428791
34.9951767051278
33.080803131749114
30.64726903600968
28.62497947096388
24.795960379388543
21.428718377418548
15.680901351797397
9.85238743058186
0.0
0.0626390861637388
2.331116936788913
3.657386328674645
3.4946161619286396
3.6718045560425168
4.1736897047481785
3.9441870944939423
4.680601649681517
4.686913425945786
4.78269463343781
5.147214649090715
5.127024600774256
5.257812470220368
5.1191009620133645
5.119100962013366
5.113184550281592
5.248301332003526
5.102669798550191
5.103673412064753
5.230282669084405
5.07064692677019
5.11117732325247
5.323760171453895
4.985571679747382
5.39990816620125
5.328358511453527
5.167719155624751
5.019601778556505
5.405404850359848
5.256808856705809
5.468783105280355
5.624404393536323
5.498987622084936
5.591377908241761
5.611739923065071
5.507451852213977
6.095970655873343
6.0862717518209
6.047216728334417
6.2480926682549125
6.41288681021966
7.045393058861725
7.598846389205754
7.846726966111962
8.41561058501864
9.04368595942782
9.8412124039265
10.339788883965884
11.174704644772023
11.992665295776398
12.587506035149632
13.36421853684316
13.848614384844458
14.683198336521949
15.276503721541744
16.199271553159274
16.725052233681296
17.082986353642806
17.541932587776795
18.438345157351556
19.200328586185734
20.53722654258121
21.68005881338857
23.422774356272924
25.09604757922941
26.693880518637414
28.529132120171827
29.861998479048673
31.20583218369901
32.082466858430365
32.43467584785823
31.856523608576467
30.70406795967989
28.95045632162011
27.325272432283477
25.080516690963492
22.473167888841353
20.27234994414856
16.415090430210242
0.4384736031461716
2.5198391320014357
2.6564806588795298
3.645197403130608
3.272501109343268
3.6701325796746396
4.165855700957081
4.309104672124106
4.4860304148145955
4.851608811389371
4.819288794847846
5.094732301270443
4.891121735838237
4.948936609448893
4.983984180291432
4.980809181379532
5.253798016162126
5.212264006165281
5.220607372499348
5.39039702798441
5.359902766647737
5.247297718488965
5.359902766647738
5.491378441541621
5.011094253854224
5.364874453877566
5.249783562103881
5.112180936767032
5.409087940653661
5.255280246262475
5.573789806224555
5.818790540093664
5.752974497242119
5.647540321165736
5.31727070710948
5.665701475795586
5.732429781904576
6.092056505170687
6.040523787272737
6.465878747827175
6.758589280005772
6.873473650865984
7.216701880017128
7.558002818000064
8.047146823438489
8.515809636080547
9.02753004965429
9.665599009551864
10.172961369303264
10.720674259539209
11.350600989649967
12.157638808303826
12.914453885299336
13.382397389910373
13.741118039589796
14.367187576099097
14.930157132087672
15.852380103767874
16.325105039609937
16.93097695600788
17.45846865647658
18.048492226840317
18.687835876697957
19.966172909146714
20.66770926065827
22.05372232822046
23.45753851934654
24.98888228137294
26.38146494856177
27.374909808211786
28.271310604225885
28.90019503421009
29.03994550423883
28.212089503225197
27.446221311750996
26.100179477823122
24.449708433012454
23.09791248119238
21.40429400982431
19.697420543008825
