17.68298630009757
19.355982851267843
21.367237596503347
23.378177114549647
23.00270778346046
14.976972212710477
14.113303990742764
21.801051918349984
27.776190569204495
31.790123408440152
33.18062464872886
32.50609185936714
32.23842886352041
31.974805528487032
31.150573712934847
30.367098015206125
29.936207773340826
29.544943922531576
29.31751018437402
28.74934892078788
28.642023619993534
28.705500704325726
28.95365888205601
28.951033194057203
29.252827093043987
28.648963971233808
26.512067422610983
23.9261138118003
20.271839168787224
17.22999563278047
14.958377392266526
12.336937285615473
9.582180276940568
7.6804863460930335
5.669883483636769
4.992849668157487
5.573015769638776
7.005096736101523
7.403857572368339
7.424130143321339
7.56730286127717
7.647867558891376
7.832611224120434
7.70784404504091
7.511691646064412
7.276083315133109
7.1776316223620436
6.682543694683067
6.655559264875995
6.406074910401281
5.832492099907797
4.87513466298891
4.2961802466126535
3.1148264869986644
2.303317355067311
2.292821040163265
2.264469073619529
3.382984064924792
3.408109353060007
3.483387115721006
3.9144593474752103
3.910136144265568
4.0096534918127595
3.6164331828819307
3.7271759292031046
3.5521446024259973
4.010210817268719
3.554931229705792
3.937587147213332
3.911521596053549
3.561061809721344
4.133986339169782
3.7792033496279345
3.507847503897527
3.0408805871330915
1.911803853539881
1.2476217860036614
3.0319864937596543
3.8174895448750497
4.514727987833338
19.312210149864693
21.515449430033776
24.623789523474827
27.83590107759212
30.025836133156208
30.215454870919178
21.873005422646226
14.9232740846745
23.107310000047846
29.616179675766425
32.540440354911944
33.15590594243078
31.52624412101646
31.009778337216545
30.20560405125792
29.29682988245134
28.167540296541556
27.259817741959935
26.559504302809668
26.138471125523644
26.03573815033267
26.34257644129718
28.22259289790123
28.942575211102355
28.69468150502649
27.49231467222341
25.17622578841647
22.804841842988356
19.379354168987366
15.355495720701231
12.767566539431568
10.742511228985318
7.387414703997115
5.2225312009274845
4.045191434986444
3.4487450783279296
2.986792681845749
4.751118200949666
6.6834740931318475
7.144007880134922
7.257554368961328
7.234255454498029
7.249872600668508
7.2394711978962345
7.20886486769858
7.178351181647516
6.8305915698757165
6.634240350217889
6.066052228708317
5.608392957646322
5.515765743751919
4.148932919862743
1.664905303155736
0.0
0.0
0.0
0.0
0.0
0.1879172584912164
0.5943305641914229
1.4778501721887782
1.842195020826606
2.6164465556162986
3.131807257374431
3.6042442573378954
3.6597984731836433
3.5284594772319147
3.705027379938869
3.737692878379261
4.070478442798741
3.981884245741801
4.203369738384147
3.215457759814803
2.675475723047697
0.8215824401259997
2.097991992037557
3.5529108259416815
4.472454662181765
4.571951158309703
4.724156745226339
20.82144820849251
23.79138065810125
26.794199103097046
30.406388334686728
34.04127666580448
36.46167030747057
36.89111297230136
30.354132863364242
17.560991169004858
22.56960389118452
29.843772833807417
32.36093966925174
32.082375246701055
30.806927920612367
29.905854280675676
28.149470704869326
26.345612280633482
24.841532038481695
23.628449197454565
22.982451481591205
22.240366740518795
23.066145853320084
21.032527400305813
16.95037229334755
14.297667087027994
14.372285301301273
14.04607411507069
17.888736856365103
12.287060473889087
12.932464735396987
12.25935664738726
6.811194780042869
4.626568142848058
3.715959997550071
2.887455766393099
2.247436497065878
4.221362997738107
3.3209283216048497
6.45961152039508
6.876308356269795
7.428969768165692
7.344283971730503
7.286308730333404
7.340388915561913
7.201223908734225
7.082769432544873
6.937398697491439
6.755563951569535
6.065802512898366
5.148112993249681
4.324640572141155
2.602078683436692
0.0
0.0
0.0
0.0
0.0
0.0
0.0
0.0
0.0
0.0
0.0
1.3139393007103233
3.016502736045021
3.4879282564571295
3.758726776731578
3.6463120540425273
3.7066113981158466
3.5538165787938745
3.551029951514078
3.6457340943144563
2.4418487486624767
1.1580410711208469
2.699286548855305
3.539627883757839
4.189660231749728
4.406380015880885
4.812977018583579
5.01599319355258
21.855581952184984
25.103449520268352
28.784628650418693
32.11700820484965
35.9780473641898
39.25309804043145
41.45872443530693
41.8511616950206
37.27658648826767
20.97110124974575
20.80961646574171
29.212752942295598
31.019579952237734
30.85478581033588
29.757340611177273
26.302950380398784
20.155475898822772
20.191519745608208
20.458804812976922
19.46837792389986
18.4824401275614
18.626921050302432
17.207282333667266
19.808555711617693
12.242888426506227
19.91670636693963
23.47613593538605
19.528980341434153
6.9617974406898036
13.075340410784177
12.374247126528799
5.576222789715894
6.373513614125947
5.932066153711818
5.289809197179408
4.029260275987811
5.045921947761958
1.9349565377606492
7.1254694333929525
8.634659149151815
8.684599819727177
8.750882787206457
8.680485381599924
8.216804572818509
7.877125356394403
7.336396732280197
6.813780890460209
6.416395114746195
5.589997388268042
4.728867882497711
3.4889549491781464
2.2656043588035586
0.0
0.0
0.0
0.0
0.0
0.0
0.0
0.0
0.0
0.0
0.0
0.3758345169824328
2.7360233402981393
2.9908864284123564
3.0524502844048333
3.156701165374236
3.508962154809446
3.302916671687711
3.4507422515527257
2.5880370137095956
1.6423415887994532
3.1703435450907254
3.745001275257696
4.6695273750494
4.468671414287804
4.879288912374696
5.170460568444625
5.115086507955118
22.767605154451026
26.070082982526184
29.994557257485425
33.35574792823584
37.07996417814413
39.831036507132346
43.43252549028418
45.65092989719944
45.3431044691777
41.60282311277668
26.14615898024697
19.329750168255693
27.334849809691335
30.075082534233125
30.205234290623906
20.981601938626095
12.12765298947926
11.542979695057083
12.013236552810227
17.68792464038025
21.527577320468392
16.128478199893436
20.161087387999903
20.03049485087947
10.910708398654366
14.69486098204269
16.78286323290298
14.484392246050126
10.608081248462774
15.130141121442824
12.294981824010774
6.530394291190936
9.469783583088383
8.276293756408165
7.268778145581593
5.56713540926754
5.62575561815281
3.0221507513609334
8.901865432493482
10.338324861778547
10.572606827670228
10.650844538054702
10.406263100584313
10.202253654546022
9.622296788541902
9.315245158074209
8.792473158894454
7.951826904286096
7.215940464398772
6.661879425375566
5.396274040787282
2.142587057019643
0.0
0.0
0.0
0.0
0.0
0.0
0.0
0.0
0.0
0.0
0.0
0.46177807186654984
2.5754102408889046
2.5054142976393186
2.84306084854734
2.9710909866046324
3.0160735436751045
2.6526873112390517
1.1937797971097341
2.0676814488572446
3.53962788375784
3.9831660156350503
4.585592182871659
5.102725333565776
4.947009280476026
5.362713901808971
5.625171079313303
5.278631434971981
23.20804852665228
26.34368185977926
30.007083122170318
34.05625864577608
37.75886470146585
40.67932015279507
43.58154784251984
45.143020905535906
47.64260166335167
46.343402012954016
42.32762460277038
30.980528980440994
19.869275501814936
29.15795305995544
31.70729719032036
19.249937387632894
9.768002479922487
10.484317332162409
12.703295577588667
20.337525075194073
21.16846494399845
10.570901092079183
10.519968333982938
12.551787769780477
16.77444154349268
16.383417745399345
11.353919114312346
12.210659043672957
12.56763425433142
12.992068865645429
12.334219145550906
6.859385429197102
9.85810784441867
8.566121176291121
7.218121151870998
5.20696013694696
4.0867768966033795
3.3528551012950145
9.28731941426628
10.592524462027221
11.048605911245218
10.953007099799517
10.828973786264617
10.59926013700708
10.023517016349992
9.597508979797038
9.230918664004585
8.579724319446967
7.812017600811464
7.049856318122399
5.801241781233513
3.31129667678073
0.0
0.0
0.0
0.0
0.0
0.0
0.0
0.0
0.0
0.0
0.0
0.0
2.1435368151978134
2.540350366447775
2.9129329861642503
2.7034197446740844
2.200275209726344
0.8135673657645088
2.488416417559004
3.841731995525091
4.146342383695147
4.658824101909108
4.715610998964527
5.089550075329421
5.143700149468828
5.341359106799845
5.686585401777929
5.525992426292132
23.16162372753014
26.558975663475998
29.764461607207373
34.08399599401528
37.80446209628293
40.85093140007166
43.60539675506453
44.96859686662516
45.596109550991905
46.176778697242966
44.88539511233731
42.04718383397648
36.121853140696736
27.612376398240894
32.73220795751536
18.613644706531883
13.45937010658455
18.522779251607343
19.002475669299784
20.488500882372083
20.752937632079664
13.43349846596557
16.474651299718765
21.515272592997665
25.944278009611786
17.825859938798125
21.717843300789
18.847714533036225
15.657323114592522
5.818909196705706
3.7534819547994904
6.614253226515647
7.752294191825613
6.495560235555797
4.946443527963316
3.7625869937758276
2.628277306762313
3.722866834401187
9.662446372434376
11.119519396082675
11.484756460201593
11.492954721171202
11.03353556387057
10.971422092710787
10.525656975479109
10.034689318564672
9.48762830497547
9.031069255957414
8.118540767103822
7.192460518715012
6.415863328694888
4.126261946431548
0.0
0.0
0.0
0.0
0.0
0.0
0.0
0.0
0.0
0.0
0.0
0.0
2.1617226151913016
2.9582828327883
2.9592736780675435
1.5519994852804309
0.7902628970441306
2.279705833249272
3.1043562544266643
3.9742013660925712
4.354118369703076
4.416041453947089
4.680563428121989
5.294058984920593
5.334858809126688
5.651317847486402
5.71694025717361
5.906599491119071
22.52284565314255
25.55990782798496
29.185964614491915
33.18747301161616
37.27774401882105
40.498915873763984
43.0144759401441
44.738342455189745
45.12488205375751
44.5279837701503
43.79648586082142
43.32421583887887
43.24617505562426
47.1804212114614
41.865076595671376
16.551560791417007
16.391532819720517
19.2838477326607
18.971723609589358
16.851061528136714
14.544442879560457
16.312730837437957
17.688667297454067
19.127913118148584
18.48300223831557
15.45159850738869
13.600435681212408
12.102896338603784
10.704566070576147
6.608524084173086
5.267024574143402
8.075864963031806
6.20425427727206
4.743111933594257
4.752694312665878
4.762598829770072
5.9049076681170645
8.628261544009755
11.070869691708326
11.968160652797163
12.118085652430457
11.989060763605146
11.955999210828942
11.277438429147757
10.782768650437825
10.376727798490345
9.954790891616906
9.230146675657567
8.524571249726502
7.561633786309311
6.873768210521377
5.046033762455784
0.1252781723274776
0.0
0.0
0.0
0.0
0.0
0.0
0.0
0.0
0.0
0.0
0.0
1.9882095567900897
3.4641077308250177
3.351135682680006
2.3015287932414576
2.726724213394462
3.1410651157338827
3.956240619599947
3.9880622680044837
4.019326590953063
4.670904677384705
5.064041359741435
5.606958783229843
5.473658681142433
5.602926663546307
6.329500330976199
5.998733204361391
22.102032780160744
25.042363809437344
28.310438839542762
32.30023216816643
36.2294392141432
39.422410696970054
42.331912108097306
43.92839527725995
44.226702676085516
44.48796265200023
43.605469803838524
43.061596821683516
44.32734471111424
49.79052136824915
38.094483733515894
13.603724312138942
14.425085253704115
14.81403635213421
14.163653605725335
9.315717707112972
6.3670456787884415
10.733302225518644
11.98357591711965
10.578261306577545
11.292953437656648
14.92736644084554
19.313308693692417
23.391016401448397
25.822011206654647
28.991286094294757
30.41250183254624
25.941364436793368
21.386758774048367
18.417763987536212
16.655325014729737
15.235480811770927
14.120356126694595
13.298528382444022
12.77705646872775
12.694283164472804
12.836512009007757
12.558103019675178
12.135960517053922
11.682085526038907
11.076500140613064
10.713015554608575
10.060564182523139
9.356086102339725
8.904618444441859
8.270369470213845
7.509715110528859
6.463878051225084
2.9773325889109685
1.3256276751259193
0.48867843204140077
0.0
0.0
0.0
0.0
0.0
0.0
0.0
0.0
0.37947167698113066
1.8877586304554073
3.0506751366763902
3.370497604664446
3.3073959096074956
2.9240278950684795
3.2237454071671237
3.5906396957328366
3.4141135721042826
3.836382099594431
4.22466958103274
4.779356142825809
5.246294104974402
5.485940646395644
6.001858126108851
6.104296282068759
5.880595214656701
21.078733482634206
23.80141888917116
27.18582520624658
30.634582716368726
34.910729739739175
38.39692609176351
40.74994059608503
42.426390508748305
43.310658691523955
44.009969544329714
43.84840679389897
44.0566472842923
44.68332753330393
51.39370490099601
50.09641348647178
23.124019709045278
15.779105862453546
14.881542452322726
18.853872638436
25.801551693488204
32.95648696190898
36.32326543632786
38.77212092372939
47.34326605067854
47.07724549033577
39.60606463831799
30.35208812680624
22.685642886936947
45.77995486328561
40.50917235684889
34.18398596004893
28.390471787255617
24.640943109736384
21.473246629414376
18.885456320624748
17.434273598860706
16.541163014551273
15.34260897773764
14.395227558669754
13.87823548721145
13.413703206479553
12.992245003034085
12.389082799255746
11.776207091996147
11.168380525138657
10.742691816259104
10.357300544950181
9.761408913129655
9.226466115443303
8.607318280412231
8.149119895346082
7.320303466482274
6.525134784593471
5.613630757344663
4.620130635965087
4.132830256554994
3.6578877371621803
2.8258361757364057
2.191729589372394
1.1913924598405476
0.8754656975641523
0.5477216267506667
1.1054695392285439
2.6685043101377404
2.90136328889251
3.428655605104828
3.6806495288507968
3.1046750080840324
2.563758006528715
2.896989701983086
1.0569020251512107
0.0
0.7625805139609588
3.8063585086541485
4.538292060992406
5.44569831910455
5.392729546559853
6.01218610178047
6.13014911372193
5.907053584975016
20.14908120112053
22.651105465776073
25.623964138585084
28.919034593261355
32.34170090725357
36.24956427587418
38.29025752978748
34.25401800317038
25.68868490025979
31.23383274000765
43.13921418309322
44.67221162282524
44.10941492275674
52.8612703739544
50.28853667460576
46.50230320236943
46.619533410604824
45.964510287558994
46.92970733041455
47.083331808397524
32.57218808743823
24.900841037004763
18.08851951506554
10.155365062887373
7.912592479879666
7.958492423865241
7.591924989526867
6.444757433129408
36.920958878532836
39.43524410726227
34.38468558484181
28.50835716975531
22.8936877101327
17.44514107506571
13.726809575571641
14.666568038633278
16.7060885916179
15.911537084888613
14.98442954446118
14.301077885619582
13.601006642550487
13.283745343477353
12.838340396000312
11.962237233010223
11.388677073306468
10.730799069221991
10.238695770687881
9.74119570673627
9.17200808907786
8.809493676030156
8.17084794413616
7.521055472521419
7.129143218101975
6.8102094990622115
6.545829863288718
6.147961404538205
5.8329471835395585
5.587447228987155
4.826760525801993
4.050581146753574
3.8751693806499006
3.751133118407873
3.60444282372689
3.745694001151687
3.5997650194181086
3.2126711325350072
3.727175929203103
3.0525121872211685
1.1303999565819005
0.1879172584912164
0.0
0.0
0.0
2.701055089589502
4.561414730866549
5.625586830662287
5.921732139579945
6.356726189078867
6.08832604475808
6.3162116664386945
19.06040600789627
21.205881176713888
23.623515082478132
26.363095636251813
28.986563142804663
32.523431635904835
14.179939875770518
7.068198617801217
9.724041697919548
7.353411870732812
17.836270926567796
38.62039997426768
44.863761927432115
52.52787237000455
51.091913880435655
50.594755161261595
51.142864203415215
51.46503986018137
51.56927580386656
50.663075112074125
7.419795462200655
7.73350471990389
7.833791948869472
8.047416908132488
8.031470766805032
7.690163368509988
7.381991685823078
6.749003517697226
15.50076098944891
35.38849323418854
31.242390521545037
16.304704310255712
8.004534639668146
7.215978457729661
5.186745000039232
6.647938854242898
15.754451941424158
15.482231044162896
15.049064023749953
14.411160218571183
13.944169500648393
13.243058828198238
12.769239789700235
12.114485685967207
11.580294002095979
10.887185874796948
10.312719902729077
9.966582229659114
9.57858767578568
8.759775105426998
8.430541903337565
8.042872369926448
7.526133370545755
7.280054946310144
6.808571486309155
6.727060467766106
6.472406016452393
6.292697758915863
5.784763527054276
5.498967860465726
5.005245344130142
4.793196193318472
3.8477746173497414
4.266200903700665
3.917142292860272
3.9929585203739193
3.2702305389752055
1.204691277105828
0.0
0.0
0.0
0.0
0.0
2.648644255500933
5.186891731907799
5.621251061281911
6.142745766890096
6.175183325729907
6.240112922040403
6.321855719860937
18.180126715639773
19.572909616183274
22.067812051590405
23.625748335731455
25.655792047272463
26.181516132207364
5.975004410573912
8.801454282763041
10.206251155039608
10.355250376210654
13.400569821245995
10.128008146950643
25.419565339547013
48.52491047014346
50.417249717751574
51.16164437977832
51.42670234691761
52.17009109105843
53.813761882373676
48.55307747522964
6.228219583653074
7.1604290848324
7.031387131001831
6.7961941123061225
6.444037284462514
5.8314148017614125
5.635159943661485
5.302028300752367
15.580347144718809
30.370515766403408
27.940400679505714
14.647825886590416
7.02409427892871
6.25201000922994
4.781783431564106
4.039815663926412
12.09688711770797
14.27569569307408
14.414660198799496
13.955931080058013
13.55450512218332
13.076093411943756
12.793555952360654
12.090952368646494
11.595904969536221
11.00609262098323
10.309291979449103
9.857066531616518
9.453479375569056
8.943090960513468
8.416481211872469
7.928308410552497
7.622531305982216
7.3176503197143
6.851791525777126
6.631105521921148
6.30963768413371
6.405123240347698
6.086091292868926
5.762587918366181
5.5778042602827975
4.897471733662035
4.965951658853452
4.747483570895168
4.180966383083314
3.7814326514517718
3.2125679611744453
0.649695330357766
0.0
0.0
0.0
0.48867843204140077
2.311992926245323
4.380498565445877
5.3743855920944075
5.764255934750503
6.135850346261471
6.39087939497441
6.06095948672787
6.350984918070769
17.556161632853364
18.507568803673845
19.731099819646005
20.81127909614611
22.663763961293558
14.983736493438139
5.831272056415672
8.559225110582863
9.487747082012802
9.921908816336133
19.323861159940456
18.97696854503617
11.039230531880763
10.854071053228902
29.373512817506526
49.40610091122625
52.80939499747092
56.21524097398392
58.222954700287545
44.907324549648344
5.7564398182991905
6.201351835073848
6.012929254603424
5.718761697918766
5.620796876602725
5.67682014249565
5.588209985124289
5.000655826673062
13.284999833953071
26.59922916313526
24.85953697040299
12.663250493960685
4.633882494970491
3.0778807934914614
2.903822229627861
3.283630121954795
11.153873128557613
13.613942744734347
13.96584791389932
13.82554773577415
13.617306924689268
13.109410205329477
12.576907481634322
11.92095906612969
11.407859624554577
10.939971482579768
10.443172705250934
10.0645709046709
9.499394979729136
9.006438300499099
8.539427552527508
8.280335581773155
7.695636403865968
7.359260336444514
6.961533399760971
6.738391498064033
6.413124727733055
6.398787175556112
5.862094849382049
6.185868177671618
5.931650378528843
5.4008065103602165
5.273957300412875
4.697616699086081
4.396163939687643
3.9437651694760145
3.0718122063892688
0.8922366006512297
0.0
0.0
0.0
2.575389606616791
3.821255422628734
4.860125832354807
5.64902255126609
6.190115671690337
6.002528396307348
6.287179685814714
6.514470513711839
6.220012357684518
16.925065878491235
17.357845038053167
18.123820095635093
18.608790334133612
19.46431546346756
8.64173075013164
6.022047121352207
8.239495771595628
8.06053053391688
4.968348018507792
7.056870990768878
10.898652737287595
13.987186838677646
10.538419107036496
21.986432642726736
45.41509178824973
52.91118617627793
55.697671001365535
56.72499511617933
47.17932545789751
13.510872143978322
6.3364730328349195
8.754315876639325
8.567652821908023
7.874436490957414
7.017493543830359
6.827214975989926
6.630167987531825
12.401030235990085
23.20436756340836
22.23270111058245
15.821103770350216
4.476188760085678
3.669734057256636
4.019379582707722
6.052989025306911
11.68823799775201
13.416840054927343
13.976287365242634
13.804246584737209
13.444040805368557
12.946431535976226
12.691021268135358
11.877538150357054
11.556487159995845
10.82433904403054
10.396492443321376
9.891240954764728
9.450000212438175
9.30661167300976
8.802568962385457
8.30995811063256
7.752313212893918
7.493577752967827
7.2820214586447065
6.995592898852861
6.613049853212673
6.738883126147675
6.309637684133711
6.281676332320012
6.044567641613748
5.956207379146541
5.703509100925375
5.14577744948413
4.45328801156487
4.097249233413006
3.1854447513508024
0.9781801555353464
0.0
0.0
0.0
2.8893396376342975
3.6440126237097807
4.972521350061053
5.712301609049109
6.011081195134503
5.9676579270894194
6.259690658245608
6.582301090476133
6.431058782515335
16.332368522148663
16.78691634698355
17.123183774139456
17.135481208904
16.82017414173122
7.10831218388759
6.084456817180157
7.613685564572784
7.734184312935563
5.495510455112385
6.629752473854756
6.560490715943344
7.3804597854532386
9.073790133934793
29.90371797828018
43.091139339558445
49.02002777065287
50.93067510630086
51.69027721467267
52.17791540843537
23.94294894643781
10.630238993466499
10.913561432183288
14.391708142667138
16.96984152350444
18.745003391663417
19.65515092142294
19.711765267827275
20.621850411624546
20.821740742944904
19.84055409433605
18.525010508159045
14.358766766798155
12.589861860381369
11.931267686047434
12.151369945470574
13.12195553775116
13.772649627327631
13.917255452046083
13.778031206069464
13.225396231749308
12.93195026827851
12.410661729142573
11.81028383325325
11.188116605627467
10.698882413503746
10.30450530645528
9.694985150431961
9.416444825117503
9.187799047448372
8.539237857483698
8.259191228808614
8.046600675038734
7.574498764125804
7.309709898188154
7.19298791247863
6.827437823786588
6.88596052472952
6.526634255306651
6.143318819502741
6.274388597474843
5.969496043684049
5.696771875514636
5.463006160069201
4.963360545882942
4.338747942230909
3.4518981710088683
1.4464917930351961
0.0
0.0
0.0
2.27463751971065
4.124123705922004
5.094882601119803
5.587457890210368
6.101733668052287
6.226824257502897
6.357439941619054
6.5697984235557465
6.412529933949565
15.487770614017343
15.976744738067538
16.359127401442077
15.871575083742522
15.072521358919252
7.388424759097207
5.933266939738927
6.627666367912906
6.1189581110249405
9.645909551705552
12.78113810847954
9.445783609742522
7.703307373713018
8.407121102479572
32.86710367665508
41.29171948195849
44.93848997883958
47.16303175792127
48.22563895689446
47.87221897079823
39.81205398623846
37.56196315525496
37.35314495200129
34.613597615515104
31.299907168118548
28.199557986907884
25.30174788309284
22.60490742899976
20.411639468614723
19.405112047947465
18.929663391889157
18.016266770732944
16.53713191866601
14.921779761393687
14.098860956146664
14.233870933174902
14.047727860990845
14.10006101072312
13.987333510332254
13.724111843762907
13.192635272085564
12.898740748225954
12.158570954501915
11.536957639585577
11.110399284736426
10.672247064336808
10.399856511028844
9.703384179291962
9.394260746866307
9.107953283746284
8.631953973300023
8.223201397018263
7.980456446504657
7.690225654117987
7.226084260942136
7.070783645661172
6.8811687658873355
6.87762011201859
6.425007348916908
6.403501020651494
6.164446530327213
5.944000088300973
5.716940257173609
5.533259409742272
5.177111165967144
4.232806104243196
3.487840298266228
2.0239482827789788
0.0
0.0
0.0
2.3149076866111606
4.072202195179113
5.20814125756133
5.99387837989434
6.439896491979775
6.213081499109442
6.275459226285123
6.3169254189788795
6.467025132496588
14.802219085099601
15.110499257970613
15.343233201629005
14.934137523187227
14.964773076083791
6.952701334676516
4.301651518558526
4.530761838547469
4.322862054770099
6.4706240874192895
10.383304754630858
10.31059117254416
9.759684954945934
7.968694044620178
33.30143174740035
39.55825480863939
42.06683890703583
43.307562176106075
43.80774395120716
42.96092048189836
40.126369573752584
37.103995353038165
34.42954363727524
31.384517072365497
28.66207093717635
25.981110707152446
23.13250576021804
21.030570163112625
19.57759243722628
18.71760297969432
17.91697115970663
17.42063600532736
16.95007492741014
16.285112678185317
15.656574609973799
15.180136508508822
14.925790499143071
14.338368868171614
13.981648998572629
13.56451425371206
13.221244373964002
12.611866969711146
11.968373019346885
11.22188039933734
11.016964694478379
10.568650780778876
10.313019785874527
9.777170490757644
9.217716888307868
8.788760574730867
8.316759476180223
8.160244617039584
7.807638931437916
7.743276866498619
7.296322961234052
7.137533411378877
6.901864314148625
6.871681968506992
6.6806330535673775
6.226251204890252
6.260764797838088
6.131183494289978
5.9088917015696465
5.778405721091845
5.318074286434668
4.508615237499778
3.8644378702452853
2.125963254930302
0.0
0.0
0.0
1.6004751941821196
3.744850151115831
5.16121784969293
5.806647980781444
6.1164063553284755
6.218127247965998
6.39061622550797
6.835013980051242
6.64055116305643
14.078959503675575
14.409723160776037
14.518534247312619
14.792509389851885
14.330282110401154
10.131288767660765
3.853775650668016
3.5416572232971393
4.983602236762118
4.924538003235726
5.381745161179017
5.210362381140353
6.8611953337844325
7.65440315218007
31.08479641576848
38.470052258468456
40.34393310400038
39.32276169590843
39.07456893020559
38.193608833709526
36.22863042798821
33.755680785314226
30.98172368394702
28.79565699479126
26.534937513886206
24.193377256306295
21.96148777245491
19.923135066443287
18.611051613845003
17.66152592803843
17.319958586024033
16.926399599127638
16.688265840738563
16.33539917087389
15.82972248761658
15.30954023921855
14.71627352059638
14.164798557296052
14.078572965891528
13.62820854220159
12.89130867256933
12.349113242530818
11.867705249867207
11.32644125712219
10.877138593490104
10.366544147647875
10.165969717519879
9.531732783415878
9.193017915347149
8.918242745650149
8.375780362332963
8.164680058968463
7.694250262186983
7.511356417822643
7.325859481770739
7.2711284277887955
7.096994360125774
6.994665513904454
6.61595320939184
6.411816181409379
6.233993033591368
6.102328461835775
5.737393622254035
5.824002240830807
5.411882361223684
4.8495738673225395
3.9528809431603578
2.92874276488824
0.0
0.0
0.0
1.4325324789533949
4.050893433320998
5.474338739031196
6.049206289738247
6.220488192711309
6.2066264755611575
6.2175794473064
6.522115124827101
6.411264590523454
13.574212230779876
13.911742218905555
14.12182868516038
14.469478042911176
13.75893747386531
11.895040316170507
8.281722127094648
7.43209449097741
6.919415811349818
6.164468421984682
6.429405328360221
2.278462103143364
2.3156290313071426
6.309536686255586
23.029117357925646
36.042919629286544
37.93938474714747
38.02659675662303
35.80555483786813
33.49835685756672
31.849988273002243
29.874792807188808
27.6809804325175
25.879179666361274
23.974973163493246
21.72876422648308
20.07111202087186
18.875181926421444
17.729902514224698
17.191840586843856
17.058523372577234
16.593594157642155
16.138082196563786
15.801678412960637
15.411315102653768
14.932437247637605
14.639974908603604
13.912119481119555
13.531298774245068
13.20717499193461
12.4631624057339
11.92932925129592
11.759154657812044
11.046688975715856
10.653372189422388
10.371780663643998
10.041490180445125
9.53629349372135
9.04383367128667
8.871885301867337
8.219843971373454
7.968946564828242
7.780489406430974
7.444778751844578
7.408688984722838
7.228806098242154
6.852010525498135
6.800844981098849
6.500558292655598
6.377994599830885
6.281319456049919
6.031614112175489
6.17818928872067
5.950619344730828
5.744090638861267
4.860577740161552
4.367151145282966
2.772486945569687
0.2505563446549552
0.0
0.0
0.9497363838159674
3.9871482894597197
5.595911287010664
6.065223592956985
6.574605975454781
6.314827643700009
6.316687501465484
6.268290450196652
6.573816467055461
13.412585687408631
13.558045313357125
13.7191394632189
14.219052987119536
13.950131022094718
13.36154598420608
12.806552225988645
10.074366443203171
8.664758428150915
8.1659073071956
7.481681643593888
4.778675798001577
6.8137187339033884
14.524664017501806
26.713790411481888
29.26622994107416
31.076821691217695
32.821834419145105
30.831888510039335
29.11416735411454
27.966517661189666
26.30952366510128
24.439304656389137
22.577285866394963
21.16625056947162
19.526831300602396
18.35876596214135
17.538174765021154
17.042542218970254
16.78962591880734
16.153677465781733
15.943224187113017
15.449803515495542
15.112276430619625
14.699293847195618
14.420371338617077
13.805265540177457
13.526231797593839
13.214940282623832
12.830243356249213
12.330685653849482
11.754972747556922
11.278360745982443
10.67449928179186
10.555993269514321
10.142327306406582
9.977112507239287
9.285957949622503
8.903092185224184
8.517066455720219
8.300899164219572
8.013744097327116
7.905774601956059
7.402516442121285
7.071816154979059
7.030421737796194
7.079179929590979
6.707116396394613
6.52727955299623
6.493627434080523
6.5355010069504615
6.20385843008379
5.8903913362949964
6.107302245059523
5.727933625490806
5.197031786559794
4.515314561103646
2.924399512075427
0.0626390861637388
0.0
0.0
0.7741708455048103
4.1520075010117425
5.555552857035232
6.357320982862356
6.389996179771436
6.234111992348065
6.478381414747561
6.404690608218472
6.68885450752161
13.100457012201742
13.267108975575518
13.606083311353919
13.74582958673009
13.739683791408073
13.453106261468541
13.43212825546451
13.671015559554524
12.474429092812152
12.734510795129266
12.111846960089391
10.25057919831175
17.619417634343158
21.23280721152461
23.99544267755124
25.372463136433815
25.858800341608525
26.30662038452318
25.791390368118165
25.25850875311231
23.963941755233257
22.52504291019965
21.24497830730421
20.02561832140543
18.867486449387275
17.838826750146566
17.070011894822876
16.676182346433347
16.35217390445347
16.080437295267917
15.501120819878226
15.159770764167224
14.863358468570626
14.590096400391438
14.169991654909763
13.922595963759324
13.537958644126787
13.074158494787833
12.778677298981483
12.393404983237511
11.961888364393284
11.345927964403808
11.157457509661645
10.494305432668083
10.475406221348615
9.896609828903191
9.635892657304476
9.256278592028744
8.913534946140373
8.62498871347725
8.3956586364582
8.148251770112653
7.709327460558846
7.542365619789691
7.164280451087923
7.083643188851651
6.838922523690452
6.658694093172737
6.423529339930445
6.4174349828785795
6.356607230322171
6.2247262027799
6.059359287646637
6.0508282299903255
5.81567751596412
5.376634507971742
4.538507632770887
3.4350855676402583
0.45737952323164394
0.0
0.0
0.7035166849795805
4.278897548297675
5.763949309479567
6.224510305881475
6.47850037350426
6.240804933409744
6.471522801249421
6.64193546523924
6.522525518503656
12.831784195932729
13.085691750008607
13.218981087733424
13.321990011418569
13.495367183414999
13.166669017071488
13.442773984906884
13.612940355284943
14.340214008926903
15.391515940278298
16.029739731900364
16.57536470758319
18.778997612372084
20.063378131453874
21.10507747915203
21.78357921868099
21.95651922323429
22.108770382809354
21.814549449036797
21.19138361748047
20.426285741067783
19.391072560970287
18.54229405626113
17.74655840340547
17.1403057757055
16.68315440906264
16.413468319659604
16.048901063594577
15.54413926536324
15.263888829690183
14.634305364426373
14.546754496883409
14.148612255568892
13.960204202565013
13.815374452755446
13.602287232110164
13.157795960550198
12.80137000746877
12.452572650559688
12.042720561626199
11.445440952669626
10.876866040707663
10.497864908743274
10.10954199759086
10.15449527125131
9.649190502556758
9.304535437724786
8.910537492294576
8.485881713239888
8.51989308373136
8.310574990161523
7.893939753940093
7.623653750779393
7.351013205887529
6.8819330223336115
7.058143102191702
6.840187867116565
6.689355594501445
6.4979338989997215
6.2882137869386385
6.136961013540309
6.093537745495223
5.852179768987057
5.874842947359416
5.731375026936406
5.339082452046911
5.067622227707649
4.475521311025226
3.175464493358491
2.3317774336054327
2.0996592092147597
3.6787513562840255
5.366926711400453
5.834425642305094
6.174632014288107
6.56021791937175
6.1998145757427805
6.391975275737734
6.657350947234987
6.886452152813161
12.340677670040636
12.760912716736197
13.0768356459954
13.225933247665436
13.05988779623481
13.135629481764251
12.984614363492163
13.201012869339424
13.670732745950422
14.172771005967926
14.584895616802061
15.24000795292691
17.520251910570344
18.27357496619439
18.647777186404838
18.96410070333241
18.91301395013752
18.990519851473024
18.726916131210892
18.38329925093608
17.962272780340275
17.337045973841285
16.968156637979053
16.593467293814665
16.12407584202969
15.725135351652243
15.357633641734605
14.959929276158622
14.623243432369035
14.459651278687236
14.01927488437037
13.938951512289076
13.660393075656348
13.375383199171086
13.167381735732405
13.314701305185464
12.79549723218818
12.40774797982588
12.032211905332346
11.564012169170926
11.182750370547021
10.746605304790942
10.430167300699823
9.869028182024007
9.629100036511241
9.49433838714798
9.15847579273665
8.85936916708446
8.50590733623553
8.246657525324798
8.033974736377338
7.685180532267764
7.546002022724947
7.088325447833332
7.00430266023045
6.86242085975123
6.587321307935519
6.288607190895088
6.4119098882130325
6.239734304599464
6.18535806480914
6.1283109971273
6.088466744685625
5.882314372494632
5.665896975256465
5.524751885039992
5.403397623330727
4.54443186169556
4.319005526931414
3.97475869154853
3.9464781869679277
5.732191864391181
5.981638602996268
6.095361355018467
6.186071817349326
6.4797404649773265
6.49374639283722
6.227656968799781
6.343816141982297
6.4393701530468945
11.995817489315657
12.177408050187555
12.61747374656035
12.764200788611808
12.68846198860762
12.823155345639293
12.837946318527914
12.630070336001964
13.019769994557489
13.293565843899083
13.129726919992509
13.737526231898581
16.391946796405346
16.864413351004156
16.96598422515808
17.0830347828151
17.062597248553782
16.87503037498426
16.816450833360392
16.44696769939711
16.284376392851144
15.945188925544338
15.453037796538379
15.06226104512279
14.835639028942214
14.432507825948084
14.224432267441589
14.252133584614892
14.122474757159363
13.64965784541939
13.79367780441
13.590106174248058
13.378899608252667
13.188875024478735
12.862288540710413
12.545373211334407
12.168136225182089
11.981683134782006
11.531134900662185
11.12571811853721
10.689009626131202
10.406095686021777
10.23799778884266
9.801561308640323
9.47336837303716
9.128308806687517
8.830433004652264
8.599195234911273
8.390792075218602
8.21411047326951
8.052709184285236
7.4326856679209365
7.371585239402324
7.363345355314391
6.806400996387309
6.810537998643722
6.35703256144287
6.534498832990789
6.4375607991875095
6.3311440123991245
6.123575131416948
6.002312219964797
5.9283002545561905
5.8243414514756084
5.655617284966101
5.287224467410645
5.406343502643679
5.010076781820809
4.786475194002848
3.688937176203118
4.216041856781837
5.887463133481609
6.121261179795526
6.20522071165163
6.323261483770467
6.603738963890938
6.49962836377286
6.494282358875255
6.506104849047865
6.4190786643015025
11.236158705469613
11.644744073077616
11.908782758716383
12.198501905296522
12.08106884340472
12.34123535977789
12.380760113844579
12.237652291837797
12.35848327503322
12.573956568645219
12.045493382926031
12.522930533848927
14.705402916650431
15.233556437960216
15.43621525935712
15.394015857764208
15.22233517244762
15.115986381392053
15.122228540309967
14.665173354549395
14.405734469130477
14.227323015527443
13.999240226963051
13.864396085213363
13.745072763882321
13.692346200658179
13.702489846112844
13.71812790151107
13.565138231737578
13.162137598652393
13.082525964800215
13.114717583513286
12.937576997152906
12.742842839479659
12.49824109233094
12.175223138270868
11.74554965241593
11.68836096865575
10.976758488737373
10.787451800152766
10.497693322740654
10.1437054508375
9.921054564754838
9.633650030297968
9.497239082405157
9.080475700102403
8.803564240867104
8.351231983426807
8.0636240149281
8.03255259031714
7.840460457954495
7.214735367682561
7.217193508100766
7.122331318283597
6.7179715916657505
6.614424696499288
6.335738898737809
6.315973748925299
6.343077137489066
6.240804933409744
6.288369273381692
5.831648643729253
5.974134691808548
6.09458663313466
5.7961874562733895
5.544994941106605
5.3931709407905135
5.256119701408822
5.038924654688911
4.490012688639268
4.731282587229081
6.31401667357397
5.927337839620951
6.254428733046501
6.2680525326832575
6.412529933949566
6.506274311710652
6.5834222231925015
6.630222306718174
6.336885283407222
10.858845547022458
11.221173581656693
11.134299330683584
11.427376859043356
11.631955997180572
11.698596022573835
11.737869686285325
11.781218895153126
11.778207188143611
11.772565936721017
10.990118751579857
11.198106145684088
13.037836563736196
13.71413796500462
13.607362751703699
13.5612310998181
13.452040299672612
13.439036548196436
13.376344936358889
11.966790977960239
13.348849936075515
13.185894173629292
12.940089069129147
12.714964533015385
12.854541653727317
12.606308061439298
12.896919319415224
12.83143125868772
12.805251891325286
12.70425050495941
12.751201658838843
12.399188111846206
12.136220562219611
12.018423581778803
11.703345478330245
11.488179453376244
11.240175856493385
11.004996592898596
10.892509518444005
10.226279667000233
10.170894603654391
9.834115252990486
9.685732027514073
9.317278061707162
9.061393467786866
8.718125461153962
8.556925426316228
7.985808916300764
7.836735551148527
7.729615426374762
7.470616269566865
7.2671596374396845
7.1187804218376
6.794687837866242
6.977997468039073
6.650776964930006
6.542431865525537
6.329572296609009
6.174894904310421
6.015176190929124
6.097722299763777
5.9574077115951765
5.7656901091669805
5.800056332851169
5.44254498685014
5.631047182920209
5.293369829623608
5.42442712679353
5.279645881815287
4.507635987025893
4.4803078991495555
5.619050201088452
5.982505592128838
6.280887103364817
6.01973121154751
6.392213193251131
6.239114258862934
6.424531513890117
6.621762935250547
6.431725541931633
10.230093577709999
10.500144348453082
10.726076580733459
10.817518585317105
10.787451800152764
11.001807250564417
11.164221223901567
10.83470604057551
10.866623981444894
10.900350402202651
10.15978025589893
7.600565687036505
3.5952971269474188
7.436303692402186
9.672263644991546
9.093213809059133
8.141916144806977
11.604385641865793
11.80393748918187
9.042272518505209
7.228574683322272
8.871227239951006
10.114103877797962
7.95168366544711
10.739930731178324
11.521292268562403
11.785285281481999
11.97744013843241
12.004149945856136
11.986017749139217
12.01280720269216
11.849937155087737
11.630877628581787
11.469577791079875
11.30696800800083
11.19284283086126
11.049330479567804
10.686358908228646
10.333285137843724
10.12326142023536
9.805799257489074
9.583316949316957
9.167065946149089
9.026938008480403
8.909690229307293
8.426311106816339
8.313781918675465
7.698901982978694
7.743969905856068
7.626887268202951
7.194462796729554
7.084134816935295
6.754417566900121
6.657970992971522
6.2826280023735945
6.109832373023494
6.219580004999417
6.151525486941459
5.751085338515239
5.675406247176767
5.746813410213762
5.581917911478531
5.336108894437984
5.418262953995439
5.447264151903012
5.433843828983522
5.119100962013365
4.961189160485608
5.188748659087558
4.506656736552005
4.710019549972153
5.587078470762062
5.886953020619131
6.023807551941024
6.2975305627679425
6.494748566796892
6.644729321557903
6.136485178513517
6.287414092545911
6.301373027281915
9.925717521966831
10.0847635083462
10.208992395308707
10.345197680398437
10.196580286984243
10.377285628987805
10.375414754352407
10.200520767470605
10.410904607727435
10.232881335990635
8.565116684110022
2.480561327599787
6.6023578788911585
4.584480256760922
0.156597715409347
2.726968095097901
4.378489811915813
8.665030155897078
10.328692885562187
10.7549733280496
10.328580344163
5.034545803387563
1.4696930903950116
2.1266644733520343
8.136809844795861
9.76002713761148
10.637274760619608
11.096401117223012
11.344978320648693
11.53630892060539
11.5447792678994
11.540954428207709
11.293007324309022
10.99791450862435
10.841431605339045
10.712098742831074
10.588713735102099
10.282720742919706
10.285841135053317
9.807662871604172
9.515267860985567
9.321359008011015
9.166637750747022
8.838717038570067
8.451278235020855
8.15640422614426
8.138092978920183
7.933390795654602
7.551573046404825
7.49523146561865
7.228317310986433
6.94175245689161
6.97701421187179
6.6418165064825425
6.432846674648001
6.347264923095694
5.758186197979262
5.101193697932333
4.351564061598239
4.696634401080326
5.069535018709921
5.084951735329789
4.8592978899889445
4.5769977387223895
4.761350671757424
4.438558317374229
4.597645707977661
4.901636487569639
5.115925963101465
4.674660874909073
4.6245643186580745
5.821546787274477
5.603805450975433
5.52862384738751
5.925316032736273
6.411816181409379
6.122288326264117
6.088801879784872
6.2409238921664425
6.412410975192869
9.482963558584952
9.691220334990845
9.758637374229709
9.765376766626552
9.78890035931623
9.696644786895112
9.835289469073048
9.6903458768733
9.687661883290565
9.740437399082825
5.235614934806942
4.249452461899531
6.018661899604493
1.7511463836447307
0.09395862924560819
0.2818758877368246
1.704604117322419
2.8859393805337246
7.3939970624874025
9.3755397553369
8.665436143874787
1.58684658477723
0.6577104047192571
0.5011126893099104
2.1016328065784124
4.239920126144486
7.94980709628321
10.367912272728871
10.65986235820022
10.848955100519774
10.930272295420634
10.907255128684124
10.66869461369647
10.473445400778678
10.38576647848007
10.57378183434183
10.246983115255567
10.000767931617592
9.771803387793373
9.606329697426606
9.371879321557143
9.085299873885244
8.762059118707185
8.510802645385459
8.244569921548875
8.27073510403834
8.001369079923144
7.642984202907017
7.515855442763299
7.114808790660572
6.983224983746021
6.767659238313739
6.661725867004796
6.494272731770101
6.157515671752138
5.5914525826494
4.589574456696329
4.012758362215748
2.1772111320966117
0.7620413903045995
1.3773687588258448
1.1570260045361667
1.5394864321538648
3.096364509095882
4.192765102152718
4.145363133221261
3.913480097001325
4.4582563121638525
4.286153704526885
4.474956140182479
4.435039367340098
5.410901534518445
5.356560562339619
5.6876401567461015
5.761051461042482
5.947892497832782
6.0229858369333265
6.218008289209301
6.446113598014665
6.356153136466224
9.113477637483077
9.061436799438882
9.041716015666953
9.305519628040729
9.22504294780388
9.131626296526681
9.24020836371436
9.317983266206202
9.171534017049895
7.769051216985248
4.3632257892551385
5.5657360895871975
6.874803044985609
4.054452992094327
0.0
0.9082667493742119
0.2308890359332749
3.2806778074488654
6.7623282764859
8.35130855496812
5.292111927473585
0.0
0.0
0.0
1.0335449217016894
3.3720436860267333
7.922675820583962
9.46747562944538
10.126804166575775
10.421462499283543
10.129753631429416
10.389374221761399
10.252293988819877
10.170404398511904
10.120071932445589
10.000130027526705
9.665360721070472
9.517985445197063
9.261964246563483
9.136335679794083
9.047168276883703
8.676103576022616
8.470013212330256
8.30095101015937
8.066113315339477
7.950575123960806
7.61691908199634
7.19839582139869
7.39582944153236
7.166459872490591
6.922190513743255
6.7221497501672225
6.344173018252391
6.108686267798206
6.046222067918331
5.224456318340159
3.0323867056334626
1.9710278160643324
0.16824994976953608
0.0
0.0
1.5953560937179239
3.7392149937399015
3.748767153011378
3.5499153006021595
3.293493739151359
2.7653314905711395
3.6617569741314187
4.029421615111291
3.861132829270045
3.008784072685207
4.71074446746329
4.864581689697976
5.385903957340371
5.460943069217567
6.0492280309090924
5.851725675131109
6.19506771374324
6.0795788107592195
6.155320678887416
8.733949035538712
8.756817465160049
8.867142100869392
8.691392339217055
8.75565049857013
8.718798475112749
8.666455228456933
8.762482248352327
8.621445726897607
8.615085144098174
8.211609817650114
8.394721328070471
9.836425940340213
8.515471395874348
2.678093147809407
0.156597715409347
0.7982779714056215
0.9964874816206346
2.520039552361516
3.088461596556123
2.6957759919033295
1.9785986675948324
0.0
0.0
0.8709227090244583
4.920697430322712
7.399444682459214
8.717680319911029
9.544355177405425
9.484527414735046
9.615621251717558
9.795499027303062
9.819787434278691
9.731266199050847
9.600407414207307
9.431097950259895
9.378700636839895
8.980252937983057
8.936633033504743
8.80399242032283
8.556577240640335
8.321429580961142
8.371022943570408
7.98348699211842
7.845150219447116
7.759110104320879
7.591650486357116
7.141058111633071
7.335201053367283
7.110837159483538
6.959472409699629
6.7877128095457335
6.534379874234093
5.972415533970617
5.652425610204726
4.691850587203672
2.705865201506057
0.0
0.0
0.0
0.0
1.1484000481263767
3.5455289314415523
3.567677480705788
3.074564172119085
1.7150482292346276
0.4384736031461716
0.22287396157178366
0.6715985478975268
0.7575214685095314
0.5477216267506667
3.533519929788029
4.5181047000048675
4.844416004422193
5.055250548796485
5.72645139539045
5.947278246640816
6.06571709360907
6.008075232143741
6.0912455350446475
8.351188326435988
8.319835837959582
8.708033424981775
8.5060452266229
8.536046823898767
8.40578195960883
8.321429580961144
8.336323962420757
8.07097152887551
7.904584499888955
7.735949591802165
7.863451133238754
8.705653305282484
8.584719602750004
7.474160191751266
2.196198888388019
1.0961840078654281
0.0
0.2505563446549552
0.7829885770467345
1.2935096017232595
3.622748713337634
1.813343504298805
1.0633829560553685
1.7945820241181187
5.216385529381227
7.27978159895653
8.450924638889406
9.015013883127539
9.386419195007589
9.333773940449742
9.412963489506511
9.455883214030873
9.129439727017411
9.208337346663575
9.238026534623208
8.64113991457654
8.629211321049493
8.635103847678902
8.236228603238445
8.221055901935967
8.058779652830827
8.151597904747899
7.6780180129430535
7.618440538215191
7.379613370238302
7.253194518908254
6.983826111690168
6.816488921711798
6.827328323926084
6.647719939144902
6.668826188242659
6.176589089639435
6.04320536004591
5.288887592308316
4.458404414568458
3.6461609299006614
0.8520786917553237
0.0
0.0
0.0
1.5404297880086917
2.5637580065287144
2.373962428948497
0.8324526515778684
0.156597715409347
0.156597715409347
0.0
0.0
1.2512795802744718
1.5404504222808038
1.0052018888703604
4.356985992615828
4.700966360888013
4.879288912374697
5.477958118622132
5.63425165662823
5.8089944184553675
6.082975927855762
6.004723389172072
8.05492541049674
7.9345779082158385
8.186521011263741
8.098647916217416
8.143445448716296
8.112583915155978
8.01380429097048
7.843233694498639
8.00147817620031
7.960250949902751
7.610141528124337
7.361132175403704
8.32419969069116
9.1363929168296
6.18527709792243
0.5637517754736491
0.9709058355379506
0.0313195430818694
0.0
0.0
0.4384736031461716
0.9429228249082117
3.1888299726307827
2.878120722988468
3.086333605117705
5.16963647082368
7.106817581320719
8.127251822712527
8.456078041240165
8.913827171366735
8.945360086565257
8.836550044334793
8.570518061611288
8.625340707755315
8.800958607835915
8.88489039590657
8.321077586683078
8.341856305823125
8.470430692094547
8.198153470009162
7.991158396591
7.898221671078702
7.912099390065393
7.598846389205757
7.345039296695953
7.356651886837341
7.193707471764102
6.878274868604363
6.849019907911136
6.60761279668091
6.467144091253286
6.343578224468902
5.849379237457186
5.840156168431534
5.449338076083387
4.7862761680721375
3.744660345872723
2.383706441860376
0.0
0.0
0.6023456385529142
1.0488343160605764
1.453766113032592
1.7093792235980978
0.4384736031461716
0.0
0.0
0.0
0.0
0.5047498493086082
1.50400993093117
0.4188062944244913
4.0117535669014694
4.168490932959384
4.424917292812275
5.205074553195137
5.502097659766105
5.660635352538906
5.831345994682507
5.835333830016987
7.600134479596758
7.692600423626188
7.801266725309602
7.7849060937237216
7.735026176122741
7.737529327972886
7.7621406499346435
7.550746190079416
7.535900082514465
7.501326008972119
7.188524653217958
6.467392079061431
8.885407276422491
9.086789442071053
3.6788842519880713
0.6263908616373878
0.3445149739005634
0.5324322323917797
0.5011126893099104
0.313195430818694
0.4384736031461716
0.0
2.7377978748461214
3.4790832836488486
3.667903277850802
4.695565808159781
7.000628429536733
7.7260871035664
8.143172374516418
8.677193757364591
8.685634592162282
8.865126914139234
8.37582401932378
8.400628889577392
8.144845441834041
8.156420762796799
8.126127206131644
7.962252381866254
7.7686738444797925
7.837986922673375
7.637584259446986
7.6107584419089305
7.555824088103748
7.2372320571990345
7.0505110747081705
6.875393750877867
6.993081129793024
6.710555550402855
6.714692552659267
6.371777493795996
6.302706825558635
6.350033248017188
5.905399158670436
5.828091369296691
5.303884581355011
4.737216571175823
4.3648901249158305
3.4635504053690567
2.9593562151559927
2.1559298039220978
1.9374337567131072
0.9082667493742119
0.09395862924560819
0.0
0.0
0.0
0.0
0.0313195430818694
2.2681978573507187
3.1184211438300258
2.4941103849210142
2.378591591606715
2.532805139819966
4.003053544532149
4.34891959791428
5.053932477064347
5.636258883657351
5.721863888719563
5.927677050265752
5.941039399435083
7.4935419872878475
7.4528733703920285
7.6206854278095415
7.330018234821135
7.347832665355932
7.245409341407835
7.2487143901913536
7.145482764385844
7.364364377161654
7.5075278493655295
7.101184991023814
6.75659840581474
8.310649896683067
8.571893482211044
3.061219107539452
0.2505563446549552
0.09395862924560819
0.6577104047192571
0.5011126893099104
0.5011126893099104
0.3445149739005634
0.1252781723274776
0.9410195440937291
2.299936383997864
2.348729104507697
4.437376770689215
6.381108245845033
7.078731464005034
7.708807883577298
8.060812737683044
8.19803613858314
8.391436028885956
8.381050763790427
8.31124077232429
8.078106162266407
7.792298036184244
7.598048366362403
7.4662245416661515
7.581295655552771
7.497249921583068
7.441613219704391
7.429491790267382
7.242459572905985
6.853429538530182
6.636771037070112
6.707498524617751
6.709791293956579
6.6097866072630405
6.3495574129903956
6.53901796347034
6.036298034424863
6.037420606696123
5.857424945552519
5.6364416834929445
5.04901967884714
4.557502858834979
3.924670567088668
3.6631581496232326
2.7732299794746558
2.0044507572396393
0.9709058355379506
0.2505563446549552
0.0
0.0
0.0
0.0
0.0
1.9671040557969366
3.1340365591982664
2.7090658364976257
2.7034197446740853
3.2353563729830888
3.687671401149335
3.762118171714464
4.005601089479179
4.862843890392668
5.373381978579847
5.5133279558208805
5.70479769786139
5.973561639195904
7.14695764863677
7.2176879770123294
7.19593768098048
7.390874554188046
7.47321747270499
7.246659135284849
7.28202145864471
7.1172669310787775
6.849402036134274
7.120255306088527
6.922682141826897
6.3320280832148015
8.049355397040385
8.334432815103515
3.2798744201945276
0.2505563446549552
0.5324322323917797
0.1252781723274776
0.0
0.0626390861637388
0.4071540600643022
0.5011126893099104
0.0
1.58253700545398
2.977316885959815
4.063668109991403
5.760182616487646
7.11637815263827
7.316068138423437
7.753889959558767
7.912012446730677
7.913234201686504
7.765434892430215
7.547015609946196
7.600428570496624
7.475799088113013
7.29806154236679
7.292878723820642
7.301841008021964
7.225820564060325
7.11132878756718
6.916192650937124
6.655559264875996
6.760847338495361
6.2525688752810265
6.176232213369342
6.0993298057286385
6.123393232910084
6.086509669334297
6.26733526936087
6.064116894527834
6.101636450466432
5.961419079883686
5.211574850868294
4.913398909240076
4.087289609692807
3.307395909607496
3.8219481485227242
2.73724116257062
2.0663490890392837
0.9825580698981398
0.0
0.0
0.0
0.0
0.0
0.0
1.053863459152697
3.756346350765876
2.6826608989623972
3.1329219082863484
3.3539223099598026
3.6817641797627148
3.6557143523067666
4.029421615111293
4.898461488657742
5.186401602541522
5.6394122159117615
5.780606581285303
5.694190606097054
6.858603425595504
7.033679900340659
7.105920878647126
6.971348696722825
7.32408009130954
6.947800100263711
6.961533399760971
7.123205074590376
6.943882097728307
7.116775302995137
6.8522831538607685
6.266574523696794
7.96284136953465
8.215586100713837
5.061128982911771
0.0
0.0
0.0
0.0
0.0
0.1252781723274776
0.0
0.0
1.2709056204519267
1.4250747300478621
2.6139075867791366
5.419783382293008
6.845352295285693
7.071384773605319
7.5694193685295765
7.633089108596362
7.715499684383242
7.407705728555554
7.034882156228949
6.866179581860158
6.893264052631539
6.780518781504218
6.9259581673330075
6.9514046253513335
6.9312415542588335
6.706734268171475
6.330549218615635
6.246567945588689
5.806271647102876
5.5428124323153325
4.670740503430152
4.478949218249177
5.064027501222581
5.261554120719875
5.8454190106222885
5.742605322991178
5.651656068355386
5.454778896419474
5.563264221164407
4.4757634150952486
3.973914841512674
3.040426433037695
3.246884801710601
0.5011126893099104
0.7516690339648652
0.3758345169824328
0.0
0.0
0.0
0.0
0.0
0.0
0.594330564191423
3.6590583050425223
3.340020139503664
3.2819034076075067
3.4946161619286396
4.095898981447293
4.343786098054609
4.520906010096021
5.02234218311771
4.870781387672417
5.185363121464466
5.668424247148079
5.904069363155099
6.555028239249577
7.038921430933602
6.912935495640397
6.849019907911135
6.80253662249353
6.762375851387912
6.64358293688849
6.681184644453302
6.66096161055852
6.753653310453845
6.634860395954422
6.136371078130907
6.9769830374748
7.674462455721726
7.166135326136252
1.0252745836226107
0.0
0.0
0.0
0.0
0.0
0.0
0.0
0.09395862924560819
0.0
0.9067646063739089
3.8736250895616555
6.268452766277017
7.039126415768615
7.328051722486572
7.2737346745754055
7.053555320936795
6.733361821708454
5.535018272901312
3.2069113747070306
5.781437108141185
6.057226181117184
6.059607950041691
6.607638048633954
6.264999576568606
6.136899513345032
5.972274834043074
5.73544062244826
5.020496089266691
4.054530084339556
1.150282694668747
1.0132169632318513
3.9044300430525145
4.693220072346075
5.456928615159323
5.408740982449852
5.830933099405883
5.826679837379788
5.201315668341848
4.316857491876163
3.456934734384614
3.2143018403586603
2.2816757760707675
1.7648058925807786
0.0
0.0
0.0
0.0
0.0
0.0
0.0
0.0
0.156597715409347
3.497887880177328
3.109101382654235
3.574428552128262
3.5045757856488384
4.195535734593052
4.546600559763979
4.700183449015914
4.963510845732304
5.027406289442945
5.411426531447214
5.698439891898959
5.617236607223668
6.547834211208061
6.620854468094528
6.708262781064027
6.750662692866847
6.556174623918991
6.6689198950463116
6.65453183896328
6.756710336238948
6.411145631766757
6.446802098601807
6.316330625195391
5.876427910146064
6.86793348129699
7.35320764942393
7.087135963696809
0.8813278089725858
0.0
0.0
0.0
0.0
0.0
0.0
0.0
0.0
0.0
0.6890299478011265
1.4043244148227896
4.876808486329259
6.69463898142727
7.0466489433916415
7.083261060628517
6.994064385960308
5.404580304864115
1.7750864675702696
0.16824994976953608
2.860558445062725
4.574100867995287
5.430476483073446
5.928561705023616
5.806414138813602
5.564125342968241
5.432267162856317
4.966521686275988
3.7981822583549603
1.1054282706843181
0.0
0.0
0.5585093011140851
3.765726308105523
5.42342351327897
5.645051391781085
5.300580949251238
5.469765052137427
4.670124452841528
4.070510161342039
3.3317737606955684
1.1143491735868054
0.469793146228041
1.4720185248478603
0.6263908616373878
0.0
0.0
0.0
0.0
0.0
0.0
0.0
1.4463927961963654
3.510076805721364
3.1888506069028946
3.501789158369043
3.443631157928659
4.168188413540022
4.362931623968058
4.737388546736938
4.960209910011717
5.337666919097811
5.542186662017725
5.852871780356398
5.7992494382706825
6.261359591621576
6.505484803311331
6.859968809985926
6.728698480519161
6.573697508298763
6.42674852736981
6.922581573447218
6.535619965707159
6.385112872013267
6.556174623918991
6.26781461516986
6.216586578673496
6.522696509556646
6.4936199828755905
3.075170528952933
0.0
0.0
0.0
0.0
0.0
0.0
0.821818503763279
0.39112391134131974
0.0
0.0
0.0
1.1067742260428421
4.439175946279472
6.628048496136044
6.792777196750553
7.059617986442626
6.040702935284919
0.7269046105983642
0.0
0.0
0.4384736031461716
1.242840072733738
3.9096075959002548
4.809581318029217
4.959111531663377
4.838666438387555
4.238189553559681
3.803561995733199
1.296425363718273
0.0
0.0
0.0
0.0
1.3299778741655703
4.944782360063105
5.217351467272525
5.602465712585807
5.274138364327946
4.9421773885737394
3.7978155534703246
2.2984993138869876
0.0
0.0
0.2192368015730858
0.5011126893099104
0.0
0.0
0.0
0.0
0.0
0.0
0.0
2.569782322353447
3.532782680441558
3.1643902187263735
3.317355533327696
4.071760212691987
3.8883937963154276
4.021617683427048
4.801703718020751
4.976046683011684
5.111477922951192
5.480473437033167
5.522602166300143
5.348863017987564
6.276054020068613
6.400613736973304
6.528808065888781
6.581918962252995
6.644196537229202
6.466761963030149
6.856213935952651
6.560956923864982
6.4048853228343035
6.3508659593140715
6.3152564856029105
4.351272258917784
2.07473590019603
3.5343977608037154
3.812473266311813
0.3947198027957926
0.0
0.0
1.2276125811911889
1.8932941306347613
2.812113495183751
4.19514552811842
3.1106642290674436
0.19153378421780176
0.0
0.3628222999858514
3.77229708811568
5.548053094177231
6.3504585791378885
6.460425898238562
5.148911338181511
0.6881872999881697
0.0
0.0
0.0
0.0
1.0676783333297115
3.3854318889440522
3.8550355719810456
3.8026019502421184
3.764603229176215
3.5716006563042417
3.4214826086644257
2.1361523352935365
0.156597715409347
0.0
0.0
0.0
0.3248476651788831
2.777316655096093
4.844440367462864
4.725706023122756
4.552132111485069
4.522493509551969
1.6396216235266698
0.39913898570281103
0.0
0.0
0.0
0.2818758877368246
0.0
0.0
0.0
0.0
0.0
0.0
0.6292253644556527
3.5467789827915026
3.6590583050425214
2.7070362704006703
3.4696809853846085
3.8147908757861555
3.8959887177737595
4.2469901058580914
4.4965373493531
5.076129752409932
5.3483844014017725
5.2341918537870535
5.8153522244178
5.568293122065958
6.234468868618158
6.573102714515275
6.6984443593666345
6.827437823786588
6.498171816513118
6.664018636343624
6.580797829536626
6.350152206773885
6.51972864868462
6.545736156485065
6.21650530771392
5.712106855732937
1.624490098490955
3.2726214003473224
4.474185518742573
2.1879324655781693
1.1673741705394143
4.237099208172992
4.447495612481225
4.464318138971307
4.943075732732706
4.9151854346267365
5.144084680672585
1.5193322476102846
1.2000031110607683
3.8940770542578935
4.486902961656492
6.193847923886128
6.863025835771029
6.438119128280994
1.4908412188097921
2.747989745086744
1.1308946046443469
0.0
0.0
0.4501258375063607
1.7407194009520797
3.290624574783113
3.62527815569021
3.490714883736926
1.211080402834341
1.4420932444002905
2.7753604373913023
3.2131252866304045
2.165318506645775
0.35980436825945034
0.0
1.2817758319037957
3.1650756772683746
1.6666088482433385
3.998062711104946
4.663984652138375
4.796160995109726
4.6611806547183
3.049578102895129
0.94046221863777
0.0
0.0
0.0
0.3168325908173919
0.16824994976953608
0.0
0.0
0.0
0.0
0.0
0.0
2.2235681308186517
3.10961743956597
3.132921908286349
3.2248600580790425
3.669575254218679
4.114821608273526
4.440024764795164
4.900657237095752
5.140864651266919
5.376612841314256
5.44012584038648
5.51073684285037
5.582428989308817
6.085363564109008
6.295300131956767
6.63524252417756
6.601327235795413
6.342576050509231
6.234349909861461
6.464995532624202
6.3705626542759735
6.473837032314967
6.363130708721063
6.178070329963971
6.156369566526853
4.410395260821721
1.1373337559708971
2.371811151239415
2.6157584817083896
5.538257737027777
5.690129086130751
5.487389486055308
5.639131003825125
5.636404461137814
5.654277546576473
3.556787061448847
0.8632570575579591
5.056681290471753
5.34262844339637
5.313180458491763
6.452590362733794
6.829730593125416
4.2867997687275325
3.985236478752714
6.6230535306297025
5.47589629788568
1.1875027764541894
0.4653945975931351
2.8810148490821956
2.419532645571541
2.122284826387381
2.244886781636098
1.3830087811467995
0.39913898570281103
0.2738608133753334
1.6540763602480928
2.761598379386579
2.962972740882581
2.5162729614631187
2.2560435933566643
3.2736157602551845
3.5643335279700326
3.7144296782031097
3.020646476105777
5.0084892823648595
5.19899398309515
4.575664277694757
3.703912729026951
3.0134860389417293
0.1252781723274776
0.0
0.33649989953907217
2.6918591340463873
2.4124785141299863
0.7206268230645
0.2738608133753334
0.3364998995390722
0.0
0.0
0.156597715409347
1.4130165986828196
1.2207214258288104
1.9366903412560619
2.9129742547084754
3.6855774997635296
4.283492463047468
4.603094429223271
4.842083814653674
5.0654647008291676
5.0924664798462524
5.312556264425509
5.513091028083299
5.356003065424621
5.962565185108972
5.976999954871768
6.137436848567099
6.199100823202594
6.220726110224705
6.520373946374198
6.405123240347698
6.493915855500006
6.51382521602226
6.191596912014873
6.274983391258331
5.954369262551912
5.2364082696781535
6.038349502413177
2.3305642057320926
5.179723766569966
6.361721434029334
6.4265106098564155
6.329954424832147
6.35815369415924
6.662532029948771
5.514304607176366
2.4716578559964955
5.750319897468133
6.3272835969406325
5.966325045804346
6.28157911473416
6.349506909084306
6.764364295015239
5.898783438357677
6.933371195095531
6.618605868501134
5.826371992635656
4.027916757724743
3.1095761710217453
2.296529371065494
1.6496984458852992
0.1879172584912164
0.0
0.0
0.0
0.0
0.0
0.3168325908173919
2.261987833076975
3.3039694197832934
3.716101654570986
3.3434053607836445
3.9552613691260605
3.9528809431603578
4.170936630854206
4.847482708788384
4.731544215868524
4.7451158468960415
4.661589877769652
4.282338549683542
2.4505193792066597
0.0626390861637388
2.9839969394103947
3.132921908286347
3.378300161047874
2.9828257580532713
3.166702057638659
3.222052796527133
1.8890268079161558
0.156597715409347
1.3110428950757202
1.505473084928125
0.5011126893099104
0.8545599322978782
2.904057094590412
3.708299098187558
3.673388574219494
4.484137185795945
4.988883119989784
5.211574850868296
5.314727649822846
5.380885889767565
5.470195613039343
5.211305423144482
6.072467493232169
6.115022332589792
6.253477062992919
6.6037389638909385
6.558739910385286
6.4111456317667574
6.548886889073822
6.597046022829258
6.309280807863616
6.288964067165181
6.3298354660754494
6.00090645605527
5.297870708406278
5.7285479620704
6.089256425215186
6.466235624097268
6.254309774289803
6.440015450736473
6.289083025921879
6.548767930317124
6.951131996988699
5.696254826352786
6.467068470054103
6.894670286107108
6.620362728775721
6.562748606223973
6.350033248017187
6.677141349000544
6.8566274543647445
6.846107092835775
6.71821896807534
6.2276569687997805
5.5240567181045215
3.830100395437013
3.1678167085505775
1.1375711052187332
0.0
0.0
0.0
0.0
0.0
0.0
0.0
0.0
0.1879172584912164
2.2823339933464135
3.42754095419291
3.646312054042527
3.9765977868977362
4.541717009361117
4.837321316285827
4.565031133063374
4.852234373827487
5.071545270929155
4.635088053188923
4.841636370042793
4.413472016688331
1.9830443228366457
1.2716990095451655
3.3516930081359657
3.4946161619286396
3.0758785587578825
3.5302668540378237
3.3173555333276945
3.2154577598148006
2.332238194695074
1.6038302628086385
1.380956301236855
0.3598043682594504
2.5450972367245637
3.722430800975533
4.117036561694344
3.8132542998563084
4.488333384962654
4.833775315882101
5.0673527999838415
5.3002448243761755
5.445665819118317
5.566417553418818
5.564946156647209
5.7774021075772835
6.226608081160346
6.376516590844422
6.48545648403238
6.274983391258333
6.5076333619404165
6.34133623848029
6.321091463414662
6.398286088576277
6.439896491979775
5.854590938194329
5.501656265535446
4.961972072357703
5.018878487088242
5.89560303703214
6.07146244016272
6.4930326402970335
6.587703436158657
6.761993723164775
6.52030198074139
6.9582165251697115
6.643200808665352
6.682543694683067
6.957943896807077
6.786948553099458
6.459279513569148
6.547502586891011
6.766228222451166
6.940183094913909
6.836520254491121
6.719593811361955
6.527066887435879
5.204222815761289
3.9768843114776335
2.7550555456660852
0.39913898570281103
0.0
0.0
0.0
0.0
0.0
0.0
0.0
0.0
0.0
0.3445149739005634
2.8547956199959774
3.480197934560767
3.91687149198421
4.427113041250287
4.5404878094304175
4.56938440837987
4.889670997465455
5.108422051913744
4.971014756920025
4.708276620802863
4.443718867603495
4.0617255498946
1.6731880855630332
2.40575258869561
4.079339410446485
3.9740502419507058
3.389931761135951
3.6667886269388843
3.8356893737004407
3.793064251539848
1.581841847087477
0.6729997990781442
2.251076353080881
2.9706368325092343
3.236491658167119
3.7271759292031055
3.946734639440973
4.572731382852884
4.83650287018312
5.1322518572090425
5.308168463137067
5.201749254433874
5.372875623118455
5.694713507031905
5.865014339668617
5.9257701265922185
6.316330625195391
6.241161809679838
6.282033208590106
6.384687540892566
6.34476781203588
6.411459305139286
6.327809656429387
6.002074302451401
5.966965915720077
5.386697032143741
4.531399086115668
3.613998687751377
4.723251604734499
5.825997669563375
6.131305963828876
6.7537975211635874
6.827199906273193
6.628048496136044
6.899637953007904
6.640287993589991
6.79179394058327
7.0162884471141505
6.794668920073854
6.539663261159919
6.390212635558112
6.700194996715732
6.82896633667914
6.760737838634857
6.425652646606487
6.522115124827101
5.545143374659424
2.701889238246826
0.156597715409347
0.0
0.0
0.0
0.0
0.0
0.0
0.0
0.0
0.0
0.0
0.0
2.4353678177583165
3.422039934120384
3.626392806602129
4.029421615111291
4.46590563842726
4.632822176242004
5.013006716049569
4.992058118901684
4.8986605145884505
4.839691727613873
4.766869031627777
4.494974212937823
4.595078958047825
3.068625522986768
4.273729177929058
3.837950394067573
3.516764711192874
3.7149870036590675
3.578194429881946
3.54775823326539
2.9239247237079184
1.6190783886233002
2.491184258370259
3.141209555638669
3.291305705871747
4.006158414935139
4.072604062727843
4.339803824229937
4.8242503191464055
5.25078717561844
4.736371074703523
5.260298313835285
5.016307651770153
5.273554478386557
5.547121126892424
5.778405721091844
6.053920414277757
6.012108341603092
6.136005832704527
6.213319416622838
6.494629608040193
6.316568542708787
5.87309130346898
5.666132036697504
5.2695579863439495
3.8434039718929682
3.2347371447107913
2.8513841782378577
5.782367705400983
6.696061007959692
5.8379417181583335
6.065774552170491
6.213236175256718
5.749026470821548
6.456379947616307
6.425652646606486
6.549362724100613
6.623147237433356
6.433560427188188
6.652264321577497
6.83539610827438
6.802100865628766
6.971348696722826
6.95129512549083
6.720502278517973
6.396451482763846
5.790362494120095
0.5388832609366299
0.0
0.0
0.0
0.0
0.0
0.0
0.0
0.0
0.0
0.0
0.0
0.0
0.4967347749471171
3.1486764668770464
3.9601893400387924
4.065884709848663
4.007644067338884
4.975476655589151
5.071800840134112
4.971868070585225
4.81928097765495
4.7595397833300925
4.588966207714267
4.498852993273842
4.637046554136697
4.187399211382596
4.25414737859466
3.9132410146685572
3.936472496301415
3.006072651410682
2.5925847614399626
2.28764973670723
1.8635896017382596
1.074911384782882
0.8376125888489822
2.572401395806547
3.2004822069909697
3.692281128938874
3.9258326602477163
4.662782012693104
4.8262470416537075
4.9496707952396415
5.071367254042083
4.999128443997376
5.216218221361691
5.362867226848444
5.2016626265456605
5.781270984155065
5.870744865795056
6.161797443606545
6.022412784320682
6.157180536652891
6.155104502544867
6.143437778259438
5.387138426374402
4.490252623458421
3.82279199855858
3.0816480244767965
3.6396275439808443
6.573532883637364
7.135489277031448
7.158027822880807
7.083151560768011
7.072681507220389
6.817946154329552
6.210778715874507
6.41483339054022
5.8907043143560225
5.760434223402141
6.139052562744318
5.829614808850644
6.31856133545069
6.514182092292354
6.574724934211479
6.317401254005671
6.269242120250234
6.473361197288177
6.501322549101874
4.617902182741247
0.0
0.0
0.0
0.0
0.0
0.0
0.0
0.0
0.0
0.0
0.0
0.0
0.0
0.0
2.328694506232437
4.003053544532149
4.198776005434073
4.215725782909513
4.954282993758129
4.752420732153054
5.046862151968656
4.482683440341581
4.374071170529298
4.443866480123935
4.295479588413126
3.6200479938131065
2.8378155099779616
2.9233923599774383
2.9904159674982127
2.764008017288295
3.4126220816378545
3.4764454237272076
3.383739278304062
3.3056413961511693
3.324404724135423
1.7293857673176205
0.4384736031461716
1.9933694940612043
3.4796406091048078
3.7804802089529037
4.7635193698258425
4.663177377225602
4.774942970238029
4.934291971372377
5.129195986171594
4.709869250122791
4.713703421542857
5.345279124831237
5.498061539050373
5.916066344986857
5.989715566796632
6.148865655339131
5.9308303825201625
5.938788387563828
5.321669341726666
4.145734134713086
3.8537855206310945
2.8650236893625634
4.418335453148192
6.960943862093063
7.451063257899332
7.352979718222099
7.39886691934404
7.34242695925644
7.252789444318297
7.325522050708405
7.335464750249094
7.374573614412075
7.14907226733974
7.264419409762647
6.979751199266944
6.294693319891173
6.097543571199899
5.795972328557092
5.398934230876952
5.702061337687743
5.617101187781507
5.2335140997914955
4.590693553388899
0.7782733729112851
0.5950713185555184
0.0
0.0
0.0
0.0
0.0
0.0
0.0
0.0
0.0
0.0
0.0
0.0
0.0
0.6292459987277652
3.2852808525553594
3.4595459558167825
3.566451371567007
3.110659978856912
3.607649354881128
3.656979543372398
3.306747686062013
3.35372809749735
3.5310078683533392
3.7617301357225834
3.7285002307752024
4.197283850014098
4.294898476719405
4.126152335378688
4.142122862380241
3.8637294206474597
4.122235333483139
3.580001806687854
3.836939425050389
3.645197403130608
3.882215774052745
2.736849111400482
1.2841012663566442
2.090467581125012
3.3067766813352004
3.8417127905422834
4.318801644420916
4.70713052463184
5.084486977262852
5.080038937112579
4.997390644692068
4.886778965043561
5.237097424975138
5.219767917353
5.60918626214707
6.030154613021798
5.908772742812949
5.686791833888915
4.874305712364382
3.9129227715453645
3.3516517395917416
2.866439506138029
5.664966209236838
7.1298099274952635
7.806913937526419
7.855299633321518
7.6681905759023286
7.917557557832345
7.811000831203419
7.828192261806754
7.6759691629605795
7.559978576086583
7.577730783977464
7.553036091105695
7.4180355999678715
7.278316365177408
7.3560038589118255
7.078196673423698
6.960941203297651
6.93974124739624
6.746240282691321
6.656188937717683
6.268920911178086
0.9642721449632835
2.319469767967472
2.193323893596847
0.5870562441940272
0.6263908616373878
1.3459995981562878
0.6263908616373878
0.0
0.0
0.0
0.0
0.0
0.0
0.0
0.0
0.0
0.313195430818694
2.533901004263342
3.8839447354834444
4.493822986902823
4.893375706620751
4.616217418975156
4.753515021529886
5.071649532026086
5.1883601034892965
5.061750846469646
5.039344382262083
4.993225890784461
4.737786598598355
4.266200903700665
3.667903277850802
3.6596156304984815
4.176070130713879
4.171428684381043
4.3932166964427495
4.049003414445692
4.354795100757603
4.241243500436569
3.91152159605355
3.268558562607327
2.0800950718536417
1.666428080428152
2.960103576514335
3.4216180091024557
4.240557277558808
4.528805285816239
4.785258696038723
4.792178721285055
4.972018370434588
4.9172143373676125
5.394890098628443
5.43991356575476
5.463016993397943
5.148882046602924
4.479304285634994
3.647984030410405
3.0036739479565777
2.98028468142539
6.135649143445224
7.590399659217994
8.039820320264317
8.01002218002702
8.057627591464636
7.96413725392601
8.03801714589629
8.088817489670818
8.106104526441996
8.081995455795536
8.00520947081847
8.151114939497385
7.990293260863447
7.758987263740071
7.517294561334235
7.239191951465329
7.288228342686603
7.257708565982635
7.074864776698712
7.11530041874421
6.964412274910214
6.867046946156952
5.654522664561428
0.5310722497553875
2.2393342370374185
1.827444978744517
1.5600764624582597
2.8076087228271502
2.41685642849278
1.9772361739776598
1.8914164247262177
1.196676202744337
1.2862569176271519
2.002228494147353
1.628616240257207
0.5011126893099104
0.0
0.5637517754736491
1.00222537861982
1.2300731874616306
4.600915226633034
5.36318168506602
5.479297857011755
5.466439753376166
5.600221557819107
5.666758097060298
5.393649557376304
5.502955695800203
5.352666933334617
5.095969466687659
4.704837324031132
4.7518124831709905
4.210829530540077
4.088709990167427
4.295506725701467
4.442104317777951
4.5630726321156
4.231390580348362
4.219945304224423
3.769140044013001
4.20985028006619
4.227166202453668
3.3511150484078955
2.6481808320529074
1.3576518325164766
2.6638897189572135
3.5676774807057874
3.889237646351284
4.641200803522483
4.633629177870581
4.104118335133233
4.4375790669003425
4.71459352693111
5.070213340678164
4.944782360063107
4.013737612689635
3.315662922687705
2.8286013526352427
3.40436680234272
6.614252843298805
7.804456881860495
8.340068850385475
8.386107061357189
8.485120428146509
8.345882456936689
8.170354505598246
8.256977304934106
8.140361097271358
8.054655325802736
8.110318786310671
8.049049307965172
8.147130096837765
8.146578702795027
8.059297669276383
7.908872804839749
7.769931603816825
7.569155671647763
7.494333077933278
7.516838698930576
7.406387244146501
7.338117897017071
7.0737720206709245
6.53397249405791
4.679307345054166
0.654336625312997
0.1879172584912164
2.47380572181624
3.6761702909310117
3.9135118155446214
3.5676774807057865
3.2364503896228944
2.9025029015299095
2.923491203884633
2.9699763356927136
2.621874738424872
0.5637517754736491
0.0
0.0
0.5003306664015899
3.04559487228391
4.259046619771095
4.828255947753085
5.373770933033044
5.725732765297343
6.050590312476931
5.656904991447661
5.610163256937866
5.646106146749258
5.665110757557651
5.500900413087208
5.098910913696902
5.079035323598019
4.772771584840693
4.65406160354126
4.504089986622167
4.352836599809829
4.701640978214404
4.581476155045402
4.629038928348041
4.45716086623474
4.530962812694721
4.20661000922517
4.320050049334425
4.104374787606276
3.0198595467207587
1.4202702844081028
1.9467192880762232
3.450721617280613
3.8423737978929777
4.257456131508145
4.434878562968916
4.243138375891665
3.6695752542186804
3.6457547285865677
3.4713529617524865
3.186580036534833
2.700344237584713
4.727391704754656
6.8374455114922
7.796922522562982
8.261326575050555
8.156516311927295
8.472447726576945
8.470269703677708
8.430833862726855
8.231214693128441
8.271688869481473
8.280237776505553
8.276585448165461
8.250571590655326
8.153347702361428
8.013152035799434
8.019260545045938
8.054928400002611
8.072172921952179
7.981646548571764
8.04541057297163
7.881886713369795
7.896275529561202
7.6722509496513
7.634671289887222
7.212733089668014
6.922171595950867
6.1969058303378715
4.468218623212971
1.7010635216900396
3.3436361562501107
4.327105503212675
5.073293574756286
5.266019803133129
4.185582121417113
3.878256880912613
4.0765335781838825
4.108439703500347
3.4851416291773334
0.8135673657645086
1.2817964661759085
1.9952362655221378
3.284880070789683
3.87058417396467
4.14522773278323
5.14120347252517
5.551278072661395
5.985682457337278
5.911183912020224
5.929236050767664
5.903680000832504
5.571951689629924
5.7408861651532455
5.3647800178507135
5.31123819269337
4.929700431252716
5.211477389651333
4.897457875143182
4.577455659661202
4.996806758750678
4.812693732340914
4.769026558506261
4.771372606793633
4.859773152577703
4.667360874425738
4.734388210715074
4.761323621387829
4.612023878943479
3.9913025388455043
3.132282045741939
2.4392594246370454
1.6190990228954125
2.947167289611959
3.597269827286487
3.6009003046021397
3.4530334561928977
3.108977577021562
3.144966393925598
2.796616985283485
2.303448451987104
5.334197702798807
7.34015709652774
7.972677859446403
8.2602639994497
8.650415708902809
8.539779546805576
8.625684513084407
8.731758642627103
8.733993962063591
8.484907593789872
8.605036764916811
8.480735562623364
8.401433831661587
8.31567621425317
8.369464463656216
8.38551495362963
8.200809050680245
8.186509720254184
8.203754242203747
8.225261926655788
8.40113368332332
8.190623185349382
8.05130919116749
7.83672916333633
7.836992860218146
7.3989384507040015
7.056295021198464
6.600444020592438
5.8613574319944455
4.684175825063929
4.260369821367212
5.27456824577812
5.907508668606781
5.69849103335257
5.421565465947375
5.32150518335845
5.199308441312726
5.150584978345742
4.7127151973237895
3.657747195496597
3.2248600580790416
3.5882894540401766
3.6506620652271877
4.189590103240821
4.742233630489964
5.308515421340877
5.76397095132905
5.930170857203323
6.072864128526694
6.050709271233631
6.254666650559897
5.762638070043975
5.752957821392644
5.776110424871533
5.45879335047772
5.686768201613522
5.227076906106794
5.425909356893882
5.143036036664258
4.961189160485606
4.9314879739523025
4.936400772169512
5.011094253854224
5.086224776568162
5.115912104582612
4.7868461954946735
4.938421857717489
4.713044249034691
4.346961096966507
4.137597611502628
3.554373904249833
2.8826086158149904
2.3073263135161053
2.055102751683948
2.6249133044233877
3.234695876166567
2.831449882731376
2.193782912637267
2.8847543133595708
5.518810354397016
6.959794818628237
7.62741466196657
7.957709757351703
8.231580326952937
8.506723578081443
8.686891411801955
8.751710591187548
8.86736158880387
8.848773953891309
8.633238583697068
8.777326053406211
8.769401312116168
8.78636937982358
8.764900384701065
8.423943967091477
8.377120115607473
8.309409659895822
8.451109057655037
8.41907567865197
8.196185546196135
8.031957539283585
7.97715921450321
7.984779802650497
7.964462220265562
7.8070088292093205
7.339897287478274
7.1633709291011645
7.158943435520471
6.542848593362748
6.249681591602835
6.119877157056843
6.038566711921409
5.950422625796754
5.949455573880248
5.752621696517578
5.731618811778537
5.4957398538036735
5.584735118857876
5.351873858531248
5.1927966308590845
5.02159413880811
5.194273809783615
5.254188500378207
5.534187228697361
5.928538172069586
5.718086362398898
6.018585106322222
6.140788691538768
6.218866252459229
6.092175463927385
6.163203207516074
5.888553219700366
5.917541717982655
5.748153148603386
5.636021955919773
5.860948744156762
5.392624277204252
5.392882871599322
5.22309321611426
5.23218462675793
5.09431257369727
5.120838761318674
5.026102076229665
5.0657653005278895
5.116076262950827
4.987610078751413
4.688500925401734
4.798765966599091
4.418976518039829
4.3853826926516515
4.341892869035956
3.487350296729057
2.8656635519069726
1.9009955449043492
2.167582038282288
2.470457594558754
2.010222934236732
2.8908202209069183
5.33357500036766
6.754092080818983
7.416612659346796
7.796451026595177
8.093778411671826
8.206075348663925
8.63074208018523
8.654029872132888
8.785004753794595
8.8257347301792
8.860092445067878
8.730362663066003
8.761875032260873
8.650559249171037
8.785493681307074
8.898273036559988
8.626780344307235
8.79876821492431
8.465948849152268
8.235435826212157
8.705909787090459
8.551124022270633
8.238259069231708
8.179806159974127
8.15051988846383
8.035046364849217
7.752870223226557
7.662184775120801
7.469896710281387
7.190491165552524
7.159926691687752
6.883285627167554
6.809927411803383
6.417719614071739
6.248449544525008
6.329954424832147
6.316424331999043
5.874810461306914
6.214357028528959
6.329262413462804
6.042275431163171
6.245875934219344
6.2096214422627325
5.953342116083322
6.14114556780886
6.069760947950079
6.260645839081391
6.070215041806025
6.198073676734002
6.280627444680576
6.515065307495327
6.175540202
6.300345880813325
5.916157695243971
6.06095948672787
5.955688553757246
5.623258288311035
5.702318711351029
5.350049431337719
5.723298063136041
5.4918570581274135
5.3012592712194815
5.342362720314405
4.993645618357634
5.124912104389536
5.3780361824019876
5.126020987259693
5.13774854136764
5.188059503790576
4.8777014129187455
4.650515603137538
4.5020662137452705
4.708120946295663
3.8368040246123583
3.5887113790581036
3.198170368078685
2.5054555661835454
1.464003450486369
2.8843237085306637
5.1907352653560945
6.445813341973615
7.169945966236886
7.292442913456879
7.748227879752912
7.977271300286244
8.228763757865012
8.630742080185229
8.662510940727552
8.79333809458407
8.71714696135715
8.820654377430007
8.72758972227334
8.88400171741564
8.80972268900134
8.752738397856033
8.797744788602616
8.475883910464256
8.706286720676673
8.520522128318227
8.465468627924338
8.430835132260912
8.344343303897508
8.293229673438484
8.28186948916935
8.006994623919129
7.878660128144164
7.787605285185747
7.534845294987226
7.51775429782793
7.323096835142257
7.20187582449208
6.85016629258055
6.729462736965437
6.561840139067955
6.578624018954495
6.6418165064825425
6.472477982085201
6.487817708221816
6.377875641074187
6.3984302992860185
6.432251880864512
6.350865959314071
6.238703647348675
6.554985036352013
6.39087939497441
6.535382048193764
6.508491325190345
6.5423129067688395
6.500392620219136
6.507514403183719
6.5408096458293326
6.328310743409224
6.108354364037031
6.111108181887138
5.927337839620951
5.852298727743753
5.693997962708533
6.088920838541569
5.798910227625882
5.844346590028825
5.579001506961699
5.537036936062937
5.464290034636318
5.290313958586161
5.390711486201983
5.326351284424406
5.494973168026691
5.373381978579848
5.104722056073078
4.847416340444055
4.670097402471934
4.57654168111644
4.367151145282967
4.322551527335136
4.04343364116507
3.483469652809454
3.415868085560608
3.101972888562342
4.931043874284189
6.215622371955071
6.575226021191315
7.096011103958491
7.410287343963579
7.696489717155314
7.792034339302427
8.130128585443808
8.39105548598097
8.501162486768752
8.636266433922023
8.751059718105273
8.854975733677565
9.013218829103714
8.94406946031028
8.991965779150572
8.904793650623308
8.70176396476616
8.791053468275909
8.885123789224554
8.590609170093161
8.637244933718833
8.525974077153874
8.54045351791732
8.465051148160047
8.379967501863367
8.263514584954455
8.002073227233863
7.898697172702648
7.898962269845877
7.592835153798207
7.598778731935824
7.42147983738128
6.86111519465534
6.999128773165129
6.992207373486246
6.7854200402069065
6.905631967738378
6.540283306896452
6.607255920410816
6.588705610118329
6.649630580260592
6.626401024486794
6.426391651099717
6.41038137532048
6.595135381713569
6.42674852736981
6.282746961130291
6.467144091253287
6.546594119734994
6.425389477140046
6.418339659808272
6.550646874083946
6.282033208590106
6.109832373023493
6.192288923384216
5.966727998206681
6.161581267263995
6.025501457825911
6.045497570496487
5.971394254830764
5.965700851738091
5.661465879394783
5.641191238604398
5.621824113894555
5.673205386983307
5.276309749725283
5.44593524684213
5.26679861150844
5.077133365924492
4.899803923430554
5.034490473057494
4.587179682327608
4.489033438165378
4.455810614269029
4.312456503176906
4.233654810858837
3.8663963711930593
3.3920681942006086
