13.955674823942333
13.95034165742507
13.516194914718499
12.635007170471557
10.50788636168014
6.380192363161616
5.908524552950013
9.703062110260333
12.624643153728675
14.587762774451352
15.984100930310527
16.68505408229127
17.562159651463386
18.97908073402264
19.95205063849687
20.61782003252978
21.64168434937069
22.44283715370906
22.652692217796385
23.01350674260606
23.229181760407197
23.64766474656661
24.14996557198814
24.600511391839266
25.939608179287067
26.485230455050377
26.163036021642643
25.071106982459757
23.05612737006862
20.654503593731476
19.007963472064453
17.295823154217295
14.496306019600926
13.265460696664151
10.17324542275252
8.86786244193676
8.735467568628366
9.642830451764082
9.588562121476667
9.580533939078736
9.696146955580087
9.482222591952874
9.662968195061936
9.350864405340106
9.075540842565628
8.975707084043075
8.658752201788383
8.234888849963939
8.016285289878168
7.763594448883565
7.266632243676059
6.711034398930018
6.023600720884173
4.12658536622754
2.7977855756052517
2.630595670849625
2.8316527465081918
3.7977023215746617
4.1569690253103
4.5169564901057075
4.6770366608949585
4.740328985487518
4.883208601599162
4.956604679004827
5.05737690370006
5.13890245473156
4.566160683386623
4.681779926086113
5.020755691920427
4.853766338267852
4.903807872966976
4.857511364602288
4.874526414006846
4.414451267162219
3.7560549156177014
3.141106384278108
2.3539146166847496
3.6048969778222872
3.976682263809664
4.66833792745487
15.56128856692137
15.19980206740295
15.204481197998524
14.82507014783419
13.775004989703746
12.02778412975924
8.094098263439884
6.129336300325622
9.32443676761046
12.748567408697003
14.963505427957157
16.184466072483563
16.693980447466984
17.50345315179735
18.111185557830545
18.780222872404043
19.62410024458445
20.157540134073024
20.418111608154817
20.881483177656023
21.820542118866133
22.10390334482009
23.67899194222753
24.954990350055454
25.83253233625072
26.214571180209123
24.785213610208267
23.867250025678935
21.741647722345917
18.600255808368182
16.636909604019806
14.359141613456853
10.166399234793953
7.540070333560183
7.025885609623269
6.515887332663116
5.998904857863542
6.879950740752542
8.89846918895358
9.381979907938941
9.41163362870032
9.357026676876682
9.320793182731265
9.002711874087455
9.04374764869119
8.566215334405713
8.052058349530563
7.6933238570016895
7.378734570283033
7.279299621344689
6.4447545477849
5.5438189019022515
2.5295853446882153
0.156597715409347
0.0
0.0
0.0
0.0
0.399138985702811
0.9330044697322378
1.8831852305762657
2.746010252461982
3.5499335780905628
4.450505138848241
4.546428584202863
4.6707056514539955
4.481704189867694
4.569212432818754
4.666502675986861
4.490211714569976
4.330753322474716
4.854992332495132
4.174366435802703
3.4844811323608122
2.0392973004133266
2.677576460048182
3.7153787444039548
4.652906617341676
5.344684405561106
5.282810047398439
16.68367543858601
16.761429062298706
16.6481128246167
16.506140881295917
15.97243502830165
15.090851849493447
13.667599356259045
10.556706441002774
6.516478114303555
8.928869413874047
12.57591159730708
14.84835462877157
16.26493654217859
16.633097020285422
16.90054298208937
17.411708905211707
18.3203630641084
19.650073867433914
19.53061514561817
19.575000337015407
19.546531903928187
20.12250520393193
18.367874428563166
14.901210322336679
12.573306559693235
12.555544614105687
12.664043662870245
16.746798915125492
12.210761222738805
14.540223932137486
15.136901903379425
8.35140380761581
6.097915459715024
5.119837383123176
4.442678675659645
3.7407648689049404
7.416231064782907
4.909609918753738
8.257603212003827
9.184560935521246
9.448327192343642
9.479047716699574
9.551623218694584
9.254786534918434
8.797844134945207
8.763601790632606
8.261549520799816
7.742295278002452
7.322346868096418
7.1328422209163715
5.949211789038116
3.7097387362759244
0.0
0.0
0.0
0.0
0.0
0.0
0.0
0.0
0.0
0.0
0.1879172584912164
2.298458045342762
4.0899917600606726
4.278254428806668
4.102045285166677
4.372047397652401
4.7184149963846025
4.55669558392221
4.470059887813044
4.184577655416161
2.7629261801227925
2.0350295459574133
2.888559462529546
4.179073154064663
5.005792900038752
5.542964181123453
5.582727891828752
5.540763320929992
17.16347679809307
17.311336799273896
17.401348145463917
17.345857526239005
16.950855251422002
16.753351363147896
16.265663740496308
15.251798756897683
12.775166759102449
7.668091950156714
8.162195380325475
12.442043544679287
14.81902387639979
15.97134683582378
15.971817189293787
16.02388058660204
14.955389845149261
17.013089488993877
18.473865904106308
17.979414536632426
16.814031384958046
16.308177840604735
14.624003886776388
16.664233816851382
10.056731537078255
16.278733405049394
18.956412718027433
16.42637583199362
6.322131069848205
13.501934925038851
13.700107914021542
6.934099499101279
7.9584020649802
7.70597702312755
7.303895632959622
6.355605288475268
7.272077561709434
3.8021214198285893
10.154572722681413
11.475743893405516
11.434313592040548
11.028187450759695
10.43171236802312
10.09633001017437
9.505686426296451
8.72076545525736
8.483588829615819
7.760243311293124
7.150021717226145
6.694189571651325
5.155850580542958
2.734631175761565
0.0
0.0
0.0
0.0
0.0
0.0
0.0
0.0
0.0
0.0
0.0
0.7115936621574094
3.3649965845919194
3.3173555333276954
3.8822157740527463
4.013737612689636
4.289631222858144
3.929195817966277
3.5139587127755934
2.367813769999435
2.253107842670207
3.3560357519686383
4.348100963405489
5.452045291738238
5.657624511995224
5.742747814701906
6.081871021209796
5.90979988928154
17.420800409342295
17.68250806265735
17.883832102568917
17.842261037194383
17.68446612045853
17.212024129190194
17.170025485271445
16.93191537809709
16.155736830030644
14.558186936458565
9.766332079264956
7.460242930443984
11.87951656632066
14.443963023062102
15.581867901598086
12.033745124535804
8.217022510164844
8.431612945287522
9.251992943117871
15.075728054700448
18.751179107930568
13.00898689769271
15.976667283593624
15.894177258638997
8.470654294709151
11.051731464026647
12.087834336680451
10.97795583625444
8.772444838567584
13.798732676682954
12.215852369896266
7.522545637827216
11.244464020633554
10.441820485012475
9.525223112584326
7.2971286663753485
7.752043001356654
4.698413835774054
12.236558476764916
13.922759287538568
13.972119290617812
13.655853811819751
13.204223333519957
12.649414779522205
12.027596587149178
11.435154343580145
10.774900645778471
9.89610029199907
8.991262524723892
7.986268004127246
7.024305443648738
3.6855245487109425
0.0
0.0
0.0
0.0
0.0
0.0
0.0
0.0
0.0
0.0
0.0
0.8448869088463781
3.686421349799386
3.3865878084001957
3.5398045527400965
3.4932781523877887
3.780588801415917
3.2051970768107316
1.427523970133386
2.683269994118853
3.7935988907340286
4.895197428376829
5.672632334370662
6.122547984948357
5.8810493085126465
6.0582131824213485
6.223389173165106
6.323261483770467
17.80511550171985
17.93839167955612
18.20603772508614
18.179434942652847
17.962193313318572
17.90402257017065
17.55148039388641
17.270528847215974
17.241422608217377
16.702992127079586
15.774661611602795
12.423636820522022
8.828554609535615
13.791505435574091
15.589210756977963
11.915335399821542
6.884957965615269
7.607941458432059
9.57334242547264
16.256101559761863
17.00940027741172
7.95520723819406
7.683934339042977
9.170187289388544
12.25502471508584
11.153855822196414
7.190346671584506
7.993008628315282
9.036835942449335
10.7944030820008
11.042688806216537
7.122762307924748
10.625974620655112
10.277060901680205
9.306944534763852
7.208297565726288
5.641470130726315
5.0337864054287005
12.399246913877976
14.426183757459823
14.716062100396643
14.302180040169011
14.014722891880457
13.379233702339109
12.901315457285602
12.25084889493535
11.643819791751667
10.87302972330811
9.785033107613762
8.636314512542993
7.316713558808536
4.734360995651004
0.0
0.0
0.0
0.0
0.0
0.0
0.0
0.0
0.0
0.0
0.0
0.399138985702811
2.873557100176664
3.3389467571359717
3.3289871334157715
3.546086256897512
2.63989735922232
1.802759893115634
2.839494678009023
3.768984009302857
5.293891450717453
5.592900446466981
5.7625367769125715
6.093894621765317
6.0941325392787125
6.466022958536918
6.527593226368758
6.518751726677993
17.855213760902842
18.172373318320382
18.277698861634928
18.3843763087573
18.276423710473015
18.165173388191025
17.779759096147274
17.524355647509303
17.401486290696745
17.354006419800026
17.005872165513292
16.891956885248927
15.795703610240729
13.285193685727148
17.004968228026964
11.415717165603075
9.20921664184407
13.4075961249123
13.821783002423905
14.680829459480446
14.70167475328502
9.65464160616113
11.486309046703242
14.147963366654928
16.721396613369087
11.752493457606723
13.641016911726835
12.589056406435688
10.513211366182853
3.5864145671068375
2.4429976600774967
5.578628071006239
6.9339615328026145
6.365556563615086
5.437798606340527
4.2617658695925265
3.185862187859167
4.904792654966435
12.592540944639548
15.094123800328306
15.364776214568593
15.19229344851182
14.449248997235594
13.78347429572479
13.421740949498654
12.59385484138544
12.021233396505213
11.13779177328975
10.192403882277
9.305938081443728
7.8923116406374785
5.9611579373081485
0.0
0.0
0.0
0.0
0.0
0.0
0.0
0.0
0.0
0.0
0.0
0.0
2.7684205932010704
3.634123128498492
3.4635504053690576
1.9045501678145973
1.3255915350705125
3.292812608062724
4.0303307370762695
4.653889627980143
5.148112993249682
5.606605982505303
5.7596715138493515
6.005296441784714
6.192645799654309
6.382420023506783
6.820789052470341
6.493627434080523
17.948940592629537
17.926480568470243
18.198622736513986
18.39200635577226
18.375824474820117
18.09120277300798
17.969695348741297
17.565486384246643
17.233625679971368
16.953317538081908
17.02202343711165
17.32320264160362
18.734979556646277
22.600561133120078
20.958825347899154
9.539955505368454
10.296112634583693
12.58297105846928
12.174106859212014
10.36130540079249
9.147358822322884
10.816021101916988
11.355910416929788
11.426566599242229
10.750197075623689
8.532619985459702
7.352949974632431
6.299227929741009
5.904613493397351
3.317806665224123
2.517339684301797
4.45290860882595
4.39365379521063
3.927448914279204
4.535916075835146
4.457478789866407
6.168462787517257
9.333506934848893
13.946711529740098
15.961684855890036
16.094511569686563
15.905384343655607
15.38925332749774
14.394305840349809
13.795649389349876
13.176282271330304
12.470382533880963
11.663796369318398
10.724568485046763
10.011172884141645
8.778846569407676
6.839500173989669
0.3794716769811307
0.0
0.0
0.0
0.0
0.0
0.0
0.0
0.0
0.0
0.0
0.0
1.947615848530024
3.9924011949179596
3.733927000625579
3.4296877189282973
3.363840665135778
3.6558497527447975
4.104003786114452
4.729650075387901
4.956874106728639
5.515281054948017
6.005869494397358
6.358272652915938
6.302825784315332
6.498910821006349
6.713590337735286
6.5525228043503985
17.732273546009957
17.88718935385792
18.044930820881593
18.152263737537023
18.014185280174274
17.688784097551718
17.68061848915713
17.43276217485605
17.109473764053295
16.919664972690263
16.843346038324448
17.32904396089747
18.30355791169016
21.915035490372578
17.209413551482964
7.060232224113363
7.936732876196542
8.042070311205165
7.501031568684932
4.056120665103087
2.149641973723864
5.065777273467516
5.856217132669818
5.403738641616056
5.819017759769053
6.845757852374825
7.804259705453358
9.933205826853387
11.733768886884667
13.709495914357475
14.987104366078874
14.826117602431887
15.501917016375977
16.02006209600073
16.458440805861308
16.556786014193555
16.406830925122975
15.298832713104431
16.07839430892981
17.05739358949717
17.010562435775412
16.475007720158064
15.830702401936813
14.71594292004939
14.11343190730279
13.483128476886877
12.956222229186086
11.942630001199188
11.482832778721857
10.626344639371895
9.625129796925465
8.258512886081457
3.9354248470339437
1.480503078717793
0.9157977672809997
0.16824994976953608
0.0
0.0
0.0
0.0
0.0
0.0
0.0
0.4493231803259276
2.8897863714460676
3.593169982705777
3.307953235063455
3.8762205944752246
3.336717455312134
3.8125615739623173
4.234936580752087
3.921512938317046
4.508006988517715
5.290149800217945
5.95162295824539
6.419698710038037
6.4797404649773265
6.684454335798757
6.861387823017974
6.761110507961801
17.35863858878458
17.499421220101237
17.8826932313442
17.884698496372312
17.640066469306937
17.422645404527945
17.408196915701062
17.09156636169824
16.86548233098587
16.73848075537849
16.83335371671333
17.233919382151267
17.693330911241397
20.720145418790604
20.290625256115195
10.922136251082549
6.691112484265618
6.484302838594156
8.375530300584192
11.433100381376983
14.38967933674359
16.08750124528098
17.129131886345625
19.696821508289748
19.12172407134159
16.56040641792999
13.694643458893287
12.148456309798162
25.32565104114697
23.426760246695018
20.7929442973908
20.86032469622948
22.229090379535588
22.92763141283163
22.183975020582423
21.4684728973657
20.136016291523212
19.092504819786207
18.43478614790427
17.830049929127924
17.201953930286212
16.827283181291595
16.222005289436414
15.32386287477845
14.362155047632267
13.825642919983816
13.057375312183094
12.320351138391034
11.532672559305674
10.757729599124914
9.955354964593319
9.454279545722326
8.575902148686845
7.385199449233434
6.319239053392764
5.915366532829078
4.862087134553315
3.8126152412918266
2.7120420791271975
1.7107753812132533
1.1126406878653767
0.6642027018083326
1.5867630596283613
3.435807967273118
3.3511356826800065
3.9668929692141366
3.704048129464983
3.7483452279934513
3.497601355597432
3.150655602096934
1.5817452827211584
0.1252781723274776
0.9920270301693912
4.365345327994752
5.959370654275242
6.558808365235896
6.636006780623836
6.715456809105543
7.047889805787831
7.023263475434658
17.25374418207631
17.30521469570199
17.417552132201312
17.42251661139524
17.24345035532556
17.065154613066657
16.652634185660347
13.926469466535323
9.723078170917088
12.10427155185599
16.45933153836046
16.87344458639781
16.762980433625554
19.72998735189688
19.107561923595203
17.10836162335844
18.458368195136273
19.644227376024954
20.325758335317282
19.951042373791775
13.952390947970386
11.344772748198938
8.568657841882056
5.152860902511504
4.419178560106382
4.369174918159863
4.8442413415321575
4.978157050985905
21.453698224944617
25.39678627663715
24.462970933432302
23.71885745803676
22.20664355310599
19.330035082941027
16.614652329140366
18.738419763221067
21.07802441749067
20.2921982150882
19.40558361263289
18.087791709797596
17.433731987293754
16.940615190927197
16.349154034889967
15.554317191456292
14.618008006421176
13.901983422459029
13.389819000321465
12.539586004377671
11.84856737735352
11.14993171613841
10.584563173214802
9.926294608208252
9.281054397927626
8.800866556424804
8.055518041954748
7.648099364183223
7.3425589791952754
6.846037914645049
6.323704581337225
5.984834436961639
5.478197908757225
5.0106718353688775
4.700068960824834
4.697745323223687
4.453622711217805
4.360866419388293
4.1805444580653885
3.5094988459932916
1.8485362710166513
0.1682499497695361
0.0
0.0
0.0
3.7415173641677493
5.878445495916852
6.540546476362892
6.634860395954422
6.810309540026521
7.068772436165803
6.906887852268295
16.888681066236693
17.00871268181577
17.115934886551337
16.92876014973098
16.51516651780789
15.737110655171303
5.815567992429465
2.364550506548558
3.6053020854872977
2.5381689058767174
6.223013356287828
14.086066221720628
16.164758222013276
18.491388290096488
18.602288071217895
19.466259108842788
20.812411006348896
21.79245597442776
22.249723333609726
21.4863959258811
2.9610335548838047
3.1085440571982765
3.271386458431348
3.766576775362137
4.078917485428556
3.9981572921627135
4.581675180976113
5.482047454781892
11.756339065977125
23.062610550922223
23.775050354330045
13.950533716325689
8.45357941859693
8.305504818838804
7.043971090523884
8.80200758711238
20.31312474324521
19.73985149707797
19.419833439277422
18.3886249509067
17.50701527777987
17.049143621287698
16.481829751979745
15.539146558470867
14.508494215566092
14.073349054508865
13.522245938033187
12.740603145477243
12.045923789821158
11.403021111228831
10.875062155120492
10.212379956448492
9.74759516924893
9.48065494636665
8.792880801240935
8.33120176588348
7.7987931900284755
7.636750470923662
7.262240515775349
6.942767103247849
6.64002482412355
6.39846573723247
6.116655017723529
5.734579500644425
5.6816450943825
4.676963571772938
3.898671663158819
1.495192199389246
0.0
0.0
0.0
0.0
0.0
3.627956343369277
6.187134681208493
6.657588864748384
7.145974392469487
7.05852523041484
6.946544215733793
7.137305480177048
16.685636834930925
16.68488634909103
16.731818054612244
16.265477550885954
15.069465833333517
12.38156051420731
2.5078720389636775
3.374398882856159
4.486030414814596
3.84368804821992
4.769114475412088
3.0682268825814987
8.553365368462408
16.959885275811796
18.289448554999623
19.222954549719255
19.981158803571486
20.838164899566305
21.236642441845177
19.07672647169018
2.053215345950903
2.342365553685125
2.540453537808339
3.0991417589340364
3.1689313594624955
3.2342623563432826
3.3965474321203954
4.130632841404362
12.48501442537234
20.13131185415905
22.364779149875957
12.927223561460869
7.496960171744566
7.309642326201692
6.23018718710825
5.053051578720463
16.446416265167045
19.28353780003653
18.907159528733352
18.01696531332047
17.537913789375626
17.06863207207729
16.62075717827576
15.368394826567005
14.465277769151665
13.85884658039912
13.333469512823875
12.769503352462143
12.098249682910145
11.540336743587668
10.946583562826264
10.496828876884532
10.02945404728902
9.711972478123219
8.932903733791775
8.80261388891034
8.224518052263303
8.079891315367071
7.62896644923938
7.329490841057517
7.193971168645916
6.588085564381795
6.337123200920617
6.192883717167705
5.954924649539263
4.555086408754503
3.708705299501652
1.7267004635948175
0.0
0.0
0.0
0.5629903868374412
2.623578559795002
5.56227964967401
6.738535708773776
6.946662647075121
7.034002309269267
7.0094356982106225
7.168252082264954
7.352716021340289
16.398440819156107
16.157680496075173
16.022573445225806
15.292979140335179
13.842101746362488
6.900943044575968
2.1093208664813416
3.6767482506590827
4.362931623968059
4.5775813348374355
10.999557254434071
8.78774319717266
4.119376759915494
3.797458393548137
10.97275996271544
17.704558410455498
18.901978398598697
19.73044248948372
20.661574055348467
16.426741060795464
0.9082667493742119
2.097668632121153
2.0743641634007743
2.528677497815474
3.021509347361028
3.4374573267814994
3.889436420987955
3.752336096649507
10.332719306665735
18.726014152101847
20.761414805463506
11.720450706976134
4.863977862022096
3.8088788239342914
3.2378856834021423
4.558758128459904
15.08168566592703
18.007267838557983
18.192143680128257
18.04951399024587
17.59334997191781
16.929673628050693
16.28260987349139
15.382287159203461
14.416557734259607
13.778034414090877
13.246852231174717
12.890205199417759
12.394340874534992
11.732871889328989
11.105723830207268
10.876826701934066
10.451877506667213
9.938211271306582
9.367690520600204
8.822785938433231
8.665660815106433
8.459606118739316
7.730080534530377
7.505681971192851
7.37279642677144
7.035794519043629
6.65670564954541
6.491244748164368
5.936977879468781
5.001251094259101
3.713211345396456
1.3793716211481015
0.0
0.0
0.156597715409347
3.218298513578807
4.650902077641472
6.048321634980383
6.845361754181886
7.051002702791811
7.281002436797446
7.202589293124651
7.487974837697998
7.70724899400736
15.915771527963347
15.688065827624397
15.446510376235775
14.411926096903084
12.562400768199591
3.3255817288034857
1.7676403953990434
3.261984160167108
3.2459956171826074
0.6103607129144054
2.3287387521363385
5.140486112064341
5.387615275480604
3.7227173255554287
7.39027730203687
16.179258703642002
17.98433049028614
19.16002540276289
19.778809240542188
16.550233281861626
5.275970048722817
3.0904529835554637
5.761433193823406
6.180547612323786
6.151060648203855
5.915249507532079
5.968094355320073
6.174978142429984
9.925156817193622
18.32546397007923
20.26152794865802
15.755855731140349
4.513986894420631
3.5148751922895105
3.678364412358728
6.82961863231232
15.06777551478396
18.07240202297799
18.288753590009172
17.588923020676578
17.080038783208085
16.76208471263644
16.221931539546116
15.091441051336854
14.323618355413107
13.66503146980535
13.381124561912946
12.830965181924123
12.336508425064995
11.806963635212222
11.138736803241647
10.636667007962192
10.140969801413204
9.857560242387928
9.323043094153933
8.812189162111096
8.64839675485383
8.320380312587403
7.956085592667878
7.688378215409326
7.459531073189099
7.203308852410121
6.936415441324156
6.501679425371967
6.321902433540702
5.377196727255642
4.4661046643579665
1.6381584695297147
0.0
0.0
0.0
3.037479059034368
5.078364809768414
6.3359083614005955
6.634240350217889
7.146269967198937
7.200365174561174
7.3225336756986525
7.450307932933882
7.6061030171264035
15.326546347162465
15.26346129921882
14.666858481895673
13.648399696121585
10.929859839136713
2.738565135036204
1.8061104528456342
3.423711910488262
2.7416834593995487
1.8644747960071413
1.7362589495008365
1.97313121415777
0.9651679385387653
2.864383826818158
9.892331010307588
15.280350614704373
17.223938995517436
18.005858798884546
18.75583226293724
18.33268713571107
12.819694520189692
7.444414611258654
6.674621708327975
6.983843456050636
7.526169204572804
7.919094438438474
8.652349296591995
9.74684818638558
13.7671868326098
18.15663430694853
19.889179310983614
18.783814470369133
12.05209736495346
11.06854853405051
11.43185690356317
12.519945384057934
16.074240606935422
17.91165261718562
17.7878295542525
17.3110447043
16.858624617385853
16.53935283319491
15.813464052415972
14.94217406683455
14.084336335598964
13.761929247189883
13.162086407093284
12.656104777296953
12.36200501179547
11.664565461933597
11.096855942032423
10.647392972803493
10.460010133940154
9.926734438949119
9.488221017717624
9.113484922875069
8.727028702240816
8.35702101746003
8.142416335066027
7.97679456257335
7.6534424566612715
7.296550892435883
7.151530407757946
6.961696528263101
6.605179606858666
5.8521621033617635
4.939311228131273
2.0033448114196895
0.0
0.0
0.0
2.9028775994095044
5.347859404473004
6.131687812607889
7.024237272705748
7.262732143858993
7.188752584419789
7.467409209107239
7.59600644857785
7.517620152846524
14.845364554697031
14.705423283564253
14.426192606907707
13.241849906687062
10.375625355281842
2.734440751879729
2.275142210437466
3.1921945596386485
2.5855970417112646
4.033339745176708
4.806720759226363
2.6492549812989212
1.3210485465308188
2.275503510550758
10.739500592786024
14.64043982686407
16.938122911762765
17.801522686031806
18.12596306039708
17.7745834092036
14.14802278038962
11.769777273430318
11.079447075700212
11.07190331802363
11.031528139045001
11.41244941721817
11.966309912951452
12.868626862712647
15.640350006409028
18.391689498425663
19.76326947617654
19.36558859702497
17.5062647863487
16.776069295779646
16.86218627703543
17.195173753007833
17.505967147654673
17.571022093523236
17.411489047436977
17.15824018648828
16.85749960052921
16.36587212057524
15.445871833719512
14.497840578773165
13.917688541758487
13.497124617186161
13.443665321680577
12.811844417286768
12.055208065544026
11.544619035999512
11.271465162112033
10.762573448885579
10.15898206109968
10.017033046243165
9.61666367712638
9.047365623941666
8.834687278137727
8.492377846641977
8.253677770595665
7.982244997911638
7.564664394887161
7.477573434925725
7.165458713604977
6.861497322878478
6.760728379738662
6.252067788301192
4.739844559586006
2.590235828505179
0.0
0.0
0.0
2.3183579672689287
5.240325262519436
6.356246843269876
6.9916212676758285
7.252330741086716
7.523760098609463
7.586706405300742
7.688048421793577
7.639554645871576
14.404865389967394
14.486944296181738
14.089271636310073
13.497421339593513
10.606222051199937
3.1081739896920664
2.1252821238416684
2.4126619430381244
1.2163228771939048
1.5730971041871058
3.542636628862902
3.074892040932009
2.6566870016006545
2.706498466975492
10.992146603075419
14.530350326941527
16.281365241107284
17.234140095593983
17.560649217557575
17.4287662009018
15.255744787860055
13.823816293752627
13.839099963972016
14.417873063476371
15.167703620700006
15.770834337300835
16.307567349818143
16.965535211342047
18.006705292022456
18.95396558668902
19.281379430897264
19.568160467406777
18.951606278120927
18.28684461195418
18.215528815153977
18.0853650408911
17.68420101064051
17.480227266207923
17.218450524479213
16.86614414196533
16.518319897989898
15.77225365510248
15.097324070037168
14.382457228095792
13.971748662513484
13.623075457797297
13.161292981482514
12.455045600128459
12.030712909613317
11.42629652761961
10.970686210411435
10.589622569945902
10.261567451662074
9.983666187916965
9.429828798026415
8.979114415816754
8.66740751941154
8.475890829879175
8.240992941415925
7.913234201686504
7.721432393268817
7.799162584881135
7.553450816167452
7.122553158832522
6.9529739873290355
6.336885283407221
5.121066591648034
3.221867088078122
0.0
0.0
0.0
1.8343469913116732
5.29617893879913
6.415142492983878
6.861497322878478
7.365875027092557
7.509110030656393
7.681453004604521
7.68157989501248
7.720837342235259
13.98758389196101
13.938724112573274
13.879530907413987
13.620520768857004
11.466072337317662
5.993080155705274
2.2669603248897343
1.3893315211508273
1.1361492197660035
1.0320221444292736
1.0757759447796527
0.743653959603374
1.8500086931007995
2.867137817108577
11.170129836555223
14.630773774972564
16.1688979864845
16.998655992879904
17.324467668402864
17.113893476970922
16.944704505849728
16.86587347266785
16.972374842301242
17.141242371873275
17.314583974241124
17.322517288009838
17.45571771933923
17.78220890643813
18.208690273755437
18.682225859122557
18.957219585296155
19.16538610362751
18.71615325933324
18.457708923615712
18.280566468747033
18.07288137295024
17.709979264753756
17.239257499565586
17.171837207949945
16.698734467044307
16.258239517698435
15.687290717940959
14.787113440732798
14.235460765539141
13.687089443690063
13.412977867930511
12.868525098266275
12.465537615119777
12.085127789134068
11.374498145296167
10.908847661475207
10.381910960909641
10.202132450033522
9.83118573800181
9.439764564116714
9.289636632291456
8.783828906939817
8.515905139011158
8.514292311536778
8.198030892940158
7.812255601034582
7.6005265588205075
7.5361637793962775
7.348975162193007
6.9179998828452165
6.498936072959393
5.350460061502671
3.416197923489158
0.1252781723274776
0.0
0.0
1.6672669125873474
5.182768974249581
6.49962836377286
7.063316989257024
7.618568920557135
7.575026157889427
7.568792425906063
7.7087735468672
7.895615810763588
13.622372752130602
13.67554498374159
13.745469410400716
13.536621638966253
12.159506864064285
7.922569280281976
6.0133858502869195
5.49555096781624
4.208287619651214
3.0753746637316315
1.8613864931549489
0.0
0.0
2.00674598346991
9.299819244820892
15.218605752859471
16.377543337774956
17.11668474264138
16.981842109483356
17.126801512969475
17.44388364478444
17.41882699947804
17.391255506780777
17.577306396762562
17.575296997561985
17.72755620502126
17.905147095471314
17.741470555275537
17.94466982276327
18.4340075380324
18.356012298783227
18.59115106240025
18.054138124351834
18.08358889711694
17.745131855264532
17.65079555366058
17.204655314013774
17.039809972107353
16.708981727736354
16.20300050497488
15.687285830458398
14.900165080344365
14.405607536369677
13.92790913632831
13.523649050946787
13.120910622177751
12.658866814152262
12.24898258569358
11.648627038934755
11.3737802040198
10.74669838892072
10.193971207336546
10.091623453621397
9.702509721174408
9.50513063240922
9.213079597560512
8.802568962385463
8.586086414182649
8.299138782920311
8.145762469701276
8.059570743476257
7.731430196044446
7.362782195870791
7.166738591506133
6.9229547701895315
6.532494485071447
5.587758528650825
3.5974642647770056
0.2505563446549552
0.0
0.0
1.1430149816655952
5.324107129657705
6.6052957422369065
7.102440875553733
7.667853787124564
7.5624195052928105
7.6474685474696935
7.940471623214332
7.840495509149534
13.272843725965021
13.358301162882416
13.484218220775027
13.458296910683595
12.521323028322147
9.942802545608705
7.732097659085403
6.810429479800661
6.134583842724595
5.515401042306038
4.76165373313083
2.6858961835463355
3.5330505414725546
6.727954406673253
12.998814336968108
14.910878944994957
15.843298889133571
16.52782513863603
16.72763751840913
16.93749591244768
17.08351852185997
17.1096416024034
17.178473214662787
17.399362877908285
17.744399715538634
17.761805488706358
17.733363184148025
17.9986588687552
17.989666623727757
17.794113857491826
17.851168343684044
17.87492690439203
17.921779681718377
17.809032907346406
17.4499118423862
17.22977018341137
16.936980471861673
16.79836751033215
16.232858340934023
15.588076706471202
14.967379201390223
14.53162687323797
14.019591545272494
13.45779367748599
13.495375726357308
12.94934767975111
12.504088408433905
11.949091964313823
11.235274832723135
11.07836080485352
10.626246635112965
10.284347941981233
9.977114893328173
9.595665853703077
9.633024487837934
9.135392276156274
8.710365787980688
8.52546236399303
8.485836786715009
8.430556812418052
8.174656033248683
7.867047538002773
7.436849464619825
7.192457677887093
7.080639791708176
6.648747365057618
5.862945162665145
4.110277152413109
0.594330564191423
0.0
0.0
0.594330564191423
5.46280869226131
6.538278958977108
7.029447413109736
7.7263211838791905
7.870341780498347
7.8353134050883275
7.8051007283927385
7.766097600733699
13.16874252298517
13.044789376014524
13.285789912630436
13.224303952454612
12.700405255669684
11.175384073776712
8.952463297807341
8.269472597070093
7.693085136549583
7.629587802238421
6.737192352549155
5.034215721276007
7.410335521158686
10.979405515703716
13.68079014416291
14.70435147369344
15.45247917910469
15.984412098497545
16.348794620565954
16.66195961781644
16.841855698688807
16.92238083834777
17.07572788983301
17.240950672147317
17.4653200740447
17.186289003298086
17.333381550126916
17.504257284616553
17.554143695843273
17.335564494204604
17.385074384401335
17.409162909135834
17.37981781023352
17.15456745287794
17.02860196246199
16.817766469379418
16.63417603180299
16.00507931596543
15.711377954408958
15.025878420389748
14.470276987961581
13.987075002343342
13.633729730181974
13.131161361454431
13.005732994568103
12.743193267217041
12.235336966870467
11.559727088891023
11.406971793367578
10.877642700183369
10.627089783756091
10.271620537364765
9.891870617768378
9.637924964027057
9.24225138184016
8.87637296867078
9.016122694324803
8.515858942952224
8.316642144754203
8.060056698232646
8.012395996349047
7.787077891422121
7.57938212011016
7.345003531015971
6.95597738447251
6.653266495537168
6.200902412110866
4.852237061156407
0.6874452677123731
0.0
0.0
0.8464483692588702
5.829332290597623
6.775235394578392
7.347233740232354
7.811965277089626
7.653075336829551
7.724867384930269
7.820075218299631
7.90545561462825
12.89785850996529
12.945006041648906
13.08960607291059
13.123479587358874
12.726931123767356
11.654887502627464
10.140297162282364
9.003031602382022
8.921798076971847
8.91877218759683
8.377995683986267
7.746435905164305
10.033436620971505
12.461018252463676
13.682345612071744
14.150241287477712
15.053331891716851
15.60015519710965
15.792936868685754
16.11850831223942
16.46229542865613
16.529792417218818
16.532341324047064
16.612221562476808
16.788092632347517
16.895966810074924
16.985149365842812
17.10978999067216
17.10616705779683
17.085934029622322
16.961147380825267
16.955719028939914
16.780271756960964
16.728412707137558
16.410553466859316
16.39609464702482
15.831914719161782
15.437657057946321
14.951391444500004
14.367195229119652
14.03606920057402
13.538858523842784
13.321230890151012
13.141999680857486
12.596121450597767
12.299415246493233
12.018216832187706
11.44587836087826
11.163592043946222
10.882529600707572
10.658893437566364
10.192410388909497
9.783284340694452
9.43718047139066
9.335388763173482
8.949835442858062
8.775021168783574
8.68295150441937
8.425286410960593
8.206546634259388
8.063141049677583
7.842496941113026
7.571001549820437
7.361606774181656
7.218510945505401
6.8640499410234606
6.42864705441981
5.931619611475357
4.425074339965325
2.7183480703595824
2.276488012864353
4.7313537316677055
6.514526854496757
7.08843494769384
7.293406117584264
7.80904531236786
7.892318578762146
7.635530037802587
8.010337769048506
7.851738704438267
12.64920231132888
12.697565387014736
12.792415844642289
12.70596080725627
12.62577193831449
12.130308033734941
11.170006097139373
10.037755742206757
9.769146513130423
9.694059049056968
9.02023224095349
8.658803583482568
11.646104623311492
12.996812126474914
13.617373032442332
13.798876996567364
14.54048780366481
15.177614593964888
15.221705148117517
15.392804580000721
15.872171788111746
15.92621597222337
15.928804304686864
16.06437111230908
16.184520685985742
16.324179632235754
16.48703209430909
16.64051203941233
16.72295500842136
16.658585950753917
16.538395409535404
16.54846112008728
16.246962249585113
16.057919241294094
15.976353270615197
15.57545450965568
15.033034873360805
14.75999077695317
14.279528389794592
14.133008752434336
13.666253345344368
13.323161018354442
13.059504798608362
12.80697583998117
12.544048406170901
12.051248183416691
11.738900491096508
11.426562937441304
10.989781353577596
10.519452603175758
10.240433555121513
9.79394818441798
9.742364018516902
9.455209249971073
9.23617357816337
8.893465978535014
8.682300631337089
8.581095602102112
8.320646467372361
8.281847660673941
8.035415759701872
7.716021643520841
7.492259268558776
7.159665835633865
7.377223920352134
7.075684904363861
6.806510496247812
6.269242120250233
5.836842678841106
4.800515701500486
4.871838955374201
6.778881517761332
6.971662174170607
7.318106182117958
7.197412565231407
7.660866290711746
7.576540681910355
7.815552833036031
7.864219419813079
7.8760319922583895
12.153038360480599
12.44761743462223
12.691954683163376
12.255804110872809
12.144344999412242
11.823824840953113
11.61637022369581
11.124285995439037
10.64516722975562
10.615594333406031
9.815986657780492
9.919411418222733
12.23389256418617
13.196180617927737
13.385595880114726
13.643731467978302
13.734493142193019
14.230901599373553
14.509237256576396
14.776696596551384
14.943791435192473
14.862316998964047
15.046789125135959
15.26743874658202
15.40594355905064
15.405607180949737
15.62330948506337
15.912940981275158
16.072439253062047
16.01267559247812
16.061789693116513
16.130483963720202
15.739626791802596
15.441419228063129
15.34854779231973
15.09159647377456
14.715753015701516
14.159448353430605
13.992359098455717
13.707878818587094
13.479398589251447
13.181762591333825
12.89712547358176
12.618390770886974
12.281147584180895
11.677735846989135
11.331069506414742
11.177264196657566
10.604454789077502
10.334471715557134
10.100414359322018
9.707244775046142
9.800247094439799
9.585785617870956
9.074717953047626
8.979894290127149
8.56070434528197
8.530871925371919
8.07849132224932
7.952357287555593
7.747951816047161
7.457653303426473
7.341331362400735
7.190491165552526
7.293406117584262
7.015865469805863
6.83364859566082
6.602329409755083
6.467144091253287
6.172912856450174
5.928331716278452
7.106522006591266
7.05255924545635
7.280019180630164
7.415434396829745
7.764784550950665
7.684384784445349
7.686005006437121
7.836239810273623
7.806941171939389
11.83688418034842
11.975302360705866
11.924953320761722
11.902852445082184
11.894981129495152
11.836969416248438
11.574765919486358
11.359550102609283
11.087984095417047
10.900739721956004
10.172215199306985
10.572399957718666
12.342825007522244
13.111594763918871
13.043534795479536
13.294784662406865
13.51165662419168
13.595618819286132
13.836646527335777
14.214152980392539
14.096261204514558
14.160117578862849
14.139386699919624
14.30624060033885
14.398918973717608
14.678153791158667
14.80798088476571
15.129634385305048
15.347636170357061
15.194018135346338
15.420208573521712
15.424579243399137
14.902808286892618
14.606407591333348
14.410359286292818
14.38803924108391
14.241022042858527
13.728962262060435
13.643343364402215
13.17151758535566
12.886513038872675
12.66882578729663
12.360318384515061
12.231063684301695
11.751298605527124
11.373773839363794
11.181878783722032
10.95027074060744
10.46600563335923
10.122678626004397
10.081591007356245
9.880708942729822
9.605895721684083
9.262671711909432
9.232788070821801
8.77175677314454
8.44202299965593
8.076411266453377
8.201425930209208
7.68996195723618
7.5305250984464704
7.263188006262653
7.321849882093161
7.226120026622116
7.199909312157512
7.078409582491799
7.0512217025128185
6.6761139230878275
6.459686893745331
6.302468908045239
6.139514781154176
7.070137820556226
7.2592521407655966
7.270145171621511
7.414978534426079
7.796518683865109
7.555824088103747
7.766029943463765
7.743080826886745
7.900097165820391
11.436601374391113
11.42682817502423
11.512489349193247
11.487704520651054
11.412042803243311
11.655123272824584
11.4455894041347
11.110694805121948
11.053356424530579
10.958117021209368
10.327636114744292
10.218531547153056
11.930739220281536
12.538053310519587
12.54819635380582
12.552411192685943
12.81842753256426
12.755328384587113
12.888431324650831
11.7943537580581
13.214820391703954
13.527435438038346
13.53943640773576
13.479268389258086
13.859624696383944
13.780110287290174
13.987269850977851
14.306828265094625
14.512771179424497
14.317175651539083
14.611858014801
14.579066955782162
14.139366604528908
14.083913477604776
13.917329514639011
13.885997549349135
13.570424694478426
13.400702843277317
13.06996074773384
12.944225789203681
12.669468650514688
12.239282206880219
12.008153576339737
11.78335932625074
11.421467861209267
11.020422418274887
10.854468371730048
10.627901863690827
10.341597585118022
10.226472842992035
10.092380827770047
9.755210754218048
9.317396314980067
9.215081829008176
8.778443713124451
8.567041830051933
8.165371468982393
7.984023763200101
7.5761486026866
7.4479184830477125
7.4001138723931374
7.072750157995739
7.120216699580627
7.088707576056472
7.097470966075688
6.84099297264799
6.907050980770426
6.747104580101907
6.535394520590329
6.254547691803199
6.275109153741729
7.175173481943837
7.291931233333342
7.092039472781459
7.180056837928193
7.612376325915684
7.53022563588468
7.687784724911762
7.667460210328908
7.969014222098175
10.859190860218586
11.095745572568859
11.115097485173404
10.906497521151907
10.975080096523891
11.013667497973973
10.966713534090722
10.831468398422665
11.063253417047797
10.752512237710263
9.993411776885784
7.419301853808733
3.2727032127759097
7.017170696798074
9.198165165471579
8.81180348283346
7.87998372640122
11.450437334577602
11.673369938793769
9.019259659673507
7.4118918507723155
9.30611682459613
10.809307607025563
8.189389462816909
12.03661315502834
12.777957937446525
13.435163282850757
13.654763002576974
13.729518463229224
13.724293081137493
13.563813846465154
13.761561677128094
13.563500393584443
13.761305789058143
13.468752859809074
13.533081447792446
13.285900965306148
13.056147824117819
12.75727807877834
12.457527457176855
12.495218784051968
12.048732679716306
11.799607326157004
11.35034037559335
11.059413628855564
10.787942005295251
10.751813159683497
10.486682734187484
10.354426682385201
10.004995178632333
9.71410537195549
9.397257601021689
8.973633710176385
8.869632309728521
8.52324891433531
8.044231761914082
7.9174168086664665
7.708635135686346
7.410586806525366
6.891297540296972
7.132241092972226
7.065938258177361
6.737421021453228
7.016357097889505
7.08560970118622
7.1677218476734135
6.924101154858945
6.715074680882405
6.371420617525902
6.273837286033045
5.934928536868689
7.022786869484745
7.184061393957285
7.138561364706963
7.17540141314567
7.398674753822191
7.353998740069363
7.5261022620427624
7.483247881555517
7.809112969637793
10.755524250569358
10.621460548116959
10.724739543275582
10.713540084111843
10.724746189468723
10.695803457185844
10.491895756751289
10.459343621513746
10.431405987269581
10.648863588230949
8.71832915924684
2.6893846037226834
6.782163813147167
4.478594233189373
0.1879172584912164
2.827425028009253
4.570434577141901
8.980477868708011
10.417516864823726
11.054783860908344
11.010842830311432
5.537632621162623
1.626270171532246
2.828787429991821
9.249697044910405
11.02342522318518
12.237970720928931
12.840025583092828
13.219170868050309
13.341983402529664
13.333604347591814
13.328616098581762
13.318639600561651
13.282128668154622
13.264286988973694
12.959313015567096
12.836356118934361
12.621339239715473
12.290668068178238
11.999383371217728
11.799340916335314
11.544711659566207
11.287551251863638
11.235543648760311
10.836408539271247
10.747829087995322
10.505233100721556
10.369535219362186
10.131610234286663
9.993773768564889
9.550074333226302
9.182671932801389
8.945025174458726
8.52572573730768
8.128256164561394
7.755900768840323
7.359181558615509
6.71840350045486
6.358436195741335
6.5872112857392535
6.765892807907791
6.825198683089386
6.51491744121921
6.150072937950419
6.581774751543253
6.329045957676128
6.419817668794734
6.758238849131501
6.5754639387047105
6.463852938181113
6.102389151735269
7.163788823004282
6.890041655767054
6.858493925735
7.067795270651425
7.3700388237914405
7.314401088650656
7.5682969237324
7.542365619789684
7.541082901060612
10.576121616906716
10.485668328474514
10.443827470961187
10.309355835021611
10.27784796564154
10.333367729410648
10.285864628485632
10.150834174393156
10.35768653237998
10.249472235111238
5.438688556395221
5.096743025230244
6.2462297995372555
1.825204088914391
0.156597715409347
0.469793146228041
1.7378616027687523
3.0894932397644115
7.877864480771896
9.975738483351984
9.557122611089415
1.9313729434985434
0.7866257370454326
0.6067235529157076
2.8387420810425508
5.097877843939148
9.315473202140296
11.944224711974645
12.381402919610887
12.696934370150142
13.026644892819055
12.88931383729136
12.792696433769498
12.77083905615407
12.539675021673553
12.589512299100138
12.345437698945101
12.072703582379523
12.024378877275147
11.65870174720611
11.469780171022624
11.182800657166192
11.196365818302027
10.622548945897083
10.593844788665047
10.53436975382909
10.194281592477678
9.920042419950324
9.958598947328321
9.82276201123442
9.372471362731037
9.022685013423397
8.535065785033835
8.155165221443347
8.00283864400232
7.492982701934275
6.728182539614559
5.527410671003841
2.8217811994719777
1.1905522412219431
2.6455878014628142
1.8664588943683598
2.2831765585726593
4.499641823260439
6.2437781589404775
6.109713414266798
6.29822285358141
5.9602729746583964
6.197478882950515
5.996390842233019
5.767899922458915
6.588586651361631
6.528927024645479
6.894410437300953
7.011887747975928
7.249836834988527
7.255511281618318
7.481965162826441
7.4048765942156
7.372304798687798
10.063001193522469
10.1213223657315
10.172583133226446
10.129732524085984
9.86343341775446
9.858998121847732
9.938023825132685
9.977997592532951
9.66190217022688
8.532251428313176
4.602942648427736
5.770448519674353
7.317410501844497
4.353089173020497
0.1252781723274776
1.6045710171727336
0.9352884827092256
3.7235093245707795
6.926614106054361
9.01180294424751
5.852277327726256
0.3445149739005634
0.5011126893099104
0.6577104047192571
1.0793924705062379
4.198742719637179
9.191711511753963
11.039942564254426
11.630756641477616
11.995766337976821
12.08401012402945
12.235568013025324
12.034257901424933
12.17268336808181
12.015046121036107
12.001524653831524
11.926160512651057
11.53635420371198
11.340957432879659
11.473134827015837
11.178024081908973
11.001448877578119
10.900284187803491
10.59572396916692
10.393542978467732
10.296803127467566
10.04959692819687
10.01683909343677
9.460894904505809
9.142800258538191
8.823732804060697
8.760762485488664
8.405094348950657
7.980887519615498
7.4765544130784605
6.978693073709995
4.689872549146757
3.4513953443363072
0.3947198027957926
0.0
0.0313195430818694
2.1566688745845557
5.595116561721011
5.721955238976679
5.486801768199477
5.11396865133978
4.060610236585887
5.680544631810114
6.175357744604884
5.72529104621232
4.416834173280371
6.263989281158088
6.460043770015424
6.603475794424498
6.865906953497524
7.129137127449068
7.085118073102579
7.569455134209553
7.430367749394729
7.34057603743528
9.633394608007952
9.816648161297614
9.737814024730177
9.748605579598715
9.609016927351753
9.321579741862271
9.611268604988807
9.29464832276639
9.308770115307613
9.612635114080923
9.115619357179623
9.159200808037545
10.928401466374659
10.132097142237615
3.0164555724259707
0.0626390861637388
0.7115936621574094
0.8176240183086216
2.559654466784651
3.5031068330729243
3.4006013527797987
3.029260348281199
0.0626390861637388
0.0
2.237192384424342
5.571843542263662
9.060584544144907
10.416697709500532
10.870707607781638
11.457692745240214
11.58848185349729
11.622282009397955
11.595039188597625
11.663883525739351
11.598603795946635
11.630883993237795
11.26396243238673
11.403171621713721
11.034998602066521
11.015193013823819
10.975697962502457
10.868446209632436
10.794034223822116
10.454388875234722
10.369987916359252
10.005245828744581
9.749033048708736
9.611071257930842
9.307088290011594
9.251810521127938
8.814174309544768
8.511248873060074
8.206322508893194
7.8581341393234085
7.313645763685205
6.77728692574354
3.738045676060596
0.0
0.0
0.0
0.0
1.6805736534707785
5.150213976853915
4.716219247946589
4.370947095143503
2.486493735541488
0.9235561437330991
0.586599657626118
0.9070487741700949
1.281855936519733
1.1096361987479015
5.07702151170455
6.507420696380065
6.4183396598082725
6.86754496625058
6.94704477529826
7.131485768006775
7.436605355468116
7.2230987267603055
7.150893514133822
9.494844985942416
9.56258130304379
9.557080708594064
9.469797545021288
9.460072014987807
9.27933398139771
9.49237631738841
9.247934491401022
9.17024179592206
9.259339301756638
9.009301062597643
8.903001785843113
10.289782756908089
9.922001044874229
7.554468108123178
2.282613516248549
0.8456276632104732
0.9709058355379506
0.1879172584912164
0.5324322323917797
2.452726997951925
4.989626782499202
2.0333390334151473
1.4500670502175566
2.4666526992902047
5.612591030133684
8.666042297583207
10.170009518360725
10.560750082363638
10.874149108405941
11.040063816177181
11.077864053696505
11.071738313350933
11.158407596807285
10.968000599823647
11.010715053320897
10.83966041233233
10.917591427142884
10.821082349934217
10.65551762314274
10.710628127403618
10.395095491028291
10.39988285845593
10.190797461626111
10.204015400317854
9.813342745798463
9.473210307605784
9.273763751035029
8.916636158419424
8.885823969178503
8.545459239078351
8.227144885024055
8.106153429075794
7.626746519037071
6.950367740542423
6.630341265474873
5.880294141841307
1.5144758344957683
0.0
0.0
0.1252781723274776
2.376096984144037
3.6695752542186804
3.6045163213485845
1.597626664085985
0.313195430818694
0.1879172584912164
0.0
0.0
2.4854424182892454
1.8474599471963051
1.5886795139065606
6.298443457697808
6.403237851185055
6.662107995227934
6.930258298091549
6.881331894389465
6.944646354174582
7.1088706471489695
7.163788823004278
9.277214414460726
9.216655515524131
9.186312024236448
9.493906672252354
9.208302600915177
9.053876712968284
9.139788254537049
8.953564742571027
8.817880823609368
8.967278865085197
8.630836313581783
8.511823153084187
9.908580335312594
9.758011378816436
6.300263904910632
0.8456276632104732
0.313195430818694
0.156597715409347
0.2505563446549552
0.156597715409347
0.8769472062923426
1.4396369655832155
3.294649658607502
3.4946161619286396
3.8600672247885113
5.961875101381388
8.7115486620874
9.798133962336614
10.228458401714766
10.493800955747458
10.79576607805524
10.967601336960033
10.72639519987332
10.564036279785496
10.629158591821188
10.754672750470338
10.585978414610587
10.648541713438698
10.471450255847953
10.3079373284505
10.272305163219535
10.050917723687787
10.24123414540513
9.887568813347118
9.760468939642761
9.3323691242507
8.918197819125268
8.721971135139992
8.550238486336314
8.626129471224962
8.371205760482656
8.164680058968463
7.709488448975686
7.398974216383978
6.909603598915409
6.315757572582747
5.541362992266402
3.880130082986098
0.426080614421887
0.16824994976953608
2.066899425948923
2.6281194242486
2.0793906453999447
2.9079583727821294
1.6584542746108852
0.0
0.0
0.0
0.156597715409347
1.6752571781549943
1.4019602972298641
0.7231633594291482
5.662632306485241
6.202690583687658
6.513179918332683
6.804393634967593
6.9410977003058365
7.0698003894938894
6.962516655928254
7.085118073102579
8.96430796420659
8.876175621612823
9.054182198806298
8.970043570384853
8.933801260803694
8.880905561999107
9.033449097507013
8.788841547515762
8.63198272121035
8.565557266975137
8.435775367935715
8.138880167677993
9.551849483204139
9.308130025027717
4.018502561896952
0.7203494908829958
0.469793146228041
0.0
0.6890299478011265
0.3758345169824328
0.7516690339648652
0.4384736031461716
2.3026112622531953
3.273574491710961
3.8014872993302005
5.748104403327401
8.371755220352693
9.274153988859815
10.01292700374093
10.30803104416751
10.308031044167514
10.396832688607017
10.346694643252976
10.553426279373044
10.404875112880369
10.396466095894288
10.172274357359607
10.39722917803249
10.034895360812666
9.95929062007239
9.732006439390886
9.757048099971557
9.70162875642436
9.351456446513994
9.339182870014485
9.15679934151537
8.705631467247596
8.560308694013084
8.550957750763082
8.475444602204556
8.19819712699998
7.837256557099959
7.617880538376678
7.422883190272248
7.029106133971746
6.407638022907907
5.927370325673453
4.956632816735359
3.634390448095581
2.7762479112010574
2.7733950536515546
2.2520440844382135
0.4384736031461716
0.0
0.0
0.0
0.0
0.24254127029346398
3.4760155638143067
4.153158727046746
3.59125547357234
2.964488020325805
4.0729327821495565
5.884520110241014
6.558451488965803
6.727169967626609
6.787875938047864
6.988016742588206
7.2384879417289545
7.07275015799574
8.733208309406683
8.544902599392625
8.810701188798149
8.845174965578792
8.62471039363439
8.558405381637938
8.620954572698116
8.474983465449448
8.395710482397996
8.286333679008557
8.367661899854669
7.786783882265452
9.046773582767777
9.051722979344667
3.1950862327895444
1.628616240257207
0.0
1.00222537861982
0.5637517754736491
0.5324322323917797
0.0
0.0313195430818694
0.8019151314043197
1.4894429362051425
2.834026489790849
5.844410004107287
7.674391192812591
8.854830566792593
9.887883970666026
10.344643619683449
10.161482927671507
10.35517516381247
10.274624965069528
10.125489877717355
10.278970687782444
9.981858839921292
9.736314024152597
9.812404432108409
9.94930323577428
9.439731062830576
9.570776478213327
9.413276260736533
9.14045967362297
8.834826438059158
8.669825655760269
8.50642596881129
8.28500044091109
8.105700527469546
7.995652118471747
7.880500571690815
7.7763240491960985
7.799028223527441
7.465469216700697
7.119491049642249
6.771066694973115
6.095375862089854
5.699494646867132
4.990351491571281
4.145227732783228
2.990989599772919
2.120232346477436
0.313195430818694
0.0
0.0
0.0
0.0
0.0
1.7182743986630098
4.863861362426082
3.9966283192250796
3.822927398996614
4.551998357483484
5.023416198425374
5.814348610903238
6.432727715891304
6.521350868380825
6.7783796817713275
6.77300903343767
7.0759575327264965
7.368720339382388
8.581423228816647
8.601989312883463
8.578163254807771
8.60139827540656
8.635103847678904
8.617014665315532
8.732671656937693
8.376015025185009
8.275802334576673
8.188838032248723
8.165188938189585
7.605617770928209
8.939034034085967
9.09200830996982
3.721259916272092
0.9861952298968376
1.8791725849121619
0.5324322323917797
0.469793146228041
0.3445149739005634
0.0
0.313195430818694
0.0
1.4355803130391027
3.416390316175248
5.4618770518917374
7.126598524190079
8.57012809351112
9.355053578790805
9.697142618210139
9.868228206655077
10.041676974984867
9.796003365250586
9.59946753006305
9.555811556360581
9.333863432854631
9.328646825802762
9.246476229057112
9.158739912834768
8.95780572370096
9.01196265423589
8.894494429975348
8.52184697251224
8.014934199394224
8.07529488502135
7.853386097878919
7.75982810307036
7.656510328491009
7.761417216559143
7.626819610933022
7.648958112098591
7.375413807859438
7.2396215070852055
7.151912535981088
6.38280215172992
6.243821361838039
5.400101799365589
4.469279663269866
3.4231545850323033
3.085239588477898
0.9395862924560813
0.0
0.0
0.0
0.0
0.0
0.0
1.091475130305422
4.9914742329602975
4.036237958462889
4.063975485990549
4.626779554417352
4.859249163907596
5.657909495416677
6.302800532362288
6.501679425371967
6.742845298428514
6.747605667081743
6.747605667081743
7.058143102191701
8.341373340572606
8.505563530906443
8.466732366978928
8.365640655613317
8.316437499346543
8.07508200446484
8.380611455530723
8.24029022239385
8.231419338536094
8.180947359407433
7.892376858714007
7.127588649759712
8.596025650886974
9.112113323835198
5.905763973374287
0.6890299478011265
0.5011126893099104
0.3758345169824328
0.2505563446549552
0.0
0.0
0.156597715409347
0.0
2.1213583635742723
1.7801272873966956
3.609274894354864
6.7249407553916445
7.986540975089897
9.000752645964356
9.373525100593136
9.591243571061357
9.295322286826194
9.090082944545548
8.775733826176529
8.510442661441816
8.300623741482822
8.606526977874466
8.526792858067905
8.616130398915272
8.500526522766966
8.39083573220942
8.083458632062513
7.86507273310243
7.385572599051905
7.1415787767364325
5.8875090504141445
6.225461387431248
7.109089646869979
7.205201630564161
7.460813791918177
7.347956140345743
7.407669962875579
7.086139935777758
6.8997883019535555
6.369441521559605
5.703651592636102
4.981843966869005
4.005435504768108
0.9308098294583825
1.3848914276891695
1.2250993401916035
0.0
0.7516690339648652
0.0
0.0
0.0
0.0
0.7561821201452518
4.448282340040636
4.011436753067584
4.729326782664492
5.874237408694269
5.696347181941457
6.230511235573813
6.295657008226862
6.458421550319219
6.82705569556345
6.86945560736627
6.810059150116558
6.854466423339093
8.206344337388604
8.21444951835846
8.366024141824294
8.226661919773539
8.23830566952852
8.148412758529492
8.151233898495459
8.154499439280585
8.113661931440046
8.23507691251917
8.014773210977387
7.09695467912883
8.483991179570221
9.088685064782409
8.451358179218392
1.0937615011481787
0.4071540600643022
0.5011126893099104
0.0
0.0
0.2505563446549552
0.2505563446549552
0.1252781723274776
0.8681913775667562
0.1252781723274776
1.7846808507282232
5.94159854382352
7.610045207471556
8.441133083374817
8.965080236680576
9.057158156547427
9.006895890425803
8.284763034036459
6.79930352433081
4.780923417210495
7.202298762043681
7.51265918859162
7.8146045993553335
7.9269222688735095
7.962243004548184
7.761307598677964
7.5753099068111425
7.185684384576612
6.831791281829677
6.153926704273217
1.7468955305035307
3.1286649809637272
5.9027570159840375
6.783193679066184
7.076567592151465
7.417249552970925
7.389399669937122
6.801227109321987
6.701331922488952
6.142864725646794
5.2370449942519395
4.079339410446485
3.701261502185186
1.800475727207011
0.3445149739005634
0.4071540600643022
0.1252781723274776
0.0
0.0
0.0
0.0
0.0
0.8021511950415987
5.3251835125416305
4.208428253155124
5.2517907891330005
5.498656258320506
5.854017885581686
6.102901514448417
6.397594077206935
6.641816506482542
6.8804045094410595
6.841856742643204
6.858603425595504
6.977505839955431
8.151314293062175
8.185270669353397
8.192678423144047
8.098857807268057
8.149280883762922
7.992239402380946
7.987320995201552
7.982399598516281
7.882549421673287
8.03184545350055
7.968698633076687
7.172671764870025
8.386881661367841
8.976698844451544
8.434724261229706
1.443940301307806
0.2505563446549552
0.2818758877368246
0.4384736031461716
0.5324322323917797
0.9082667493742119
0.0
0.0
0.0
0.0
0.7749735026852435
2.3928944214457575
6.574878088038532
8.384387593026162
8.682578951179954
8.854544993301618
8.642894807830624
6.797923198325073
2.790588088273894
0.7699763600501532
4.235382000605259
6.744702310902576
6.811957011675768
7.136932283434729
7.363836983398034
7.186285512520756
7.164881579032067
6.834249723604966
5.9387188158015976
1.7853486719213607
0.0626390861637388
0.0
1.4014493445690852
5.547091202759557
6.89985695272891
7.175665110027477
7.141511133208812
6.989601126699635
6.593751079530759
5.958399599597353
4.544802863187384
2.563574115817725
2.322606439787798
2.2555161702600106
0.49309761494841925
0.0
0.0
0.0
0.0
0.0
0.0
0.0
1.5550402490006017
5.049603564788528
4.194733645932036
5.20649789428287
5.751045030390373
5.996170590344915
6.419103916254548
6.635267776130605
6.67601689562389
6.50017616443246
6.821008052191348
6.804371396514921
6.980212127706352
8.133769622774341
7.907470536701072
8.03023556933216
8.150197911630155
8.037397276861453
7.851410339792399
7.822124068282098
7.8295332604877
8.004180357168202
7.81122947689019
7.718793926878807
7.29302903300961
7.8904016292102455
8.124693992232766
4.105626703905097
0.0
0.0
0.0
0.0
0.0
0.0
0.9267203331023091
0.31183544818230174
0.0
0.0
0.0
1.9852029114826304
5.777543028154195
8.080647354817462
8.494975411108522
8.596902997872311
7.579472996758156
1.398591752735422
0.0
0.3168325908173919
1.4363210674031979
2.573561018218907
5.979539579670838
6.619752253170547
6.57950723415747
6.406312827914676
6.473454904091828
6.208691513379996
2.034255248892986
0.09395862924560819
0.0
0.0
0.0
2.834154640062499
6.812401926079647
6.995101270769218
6.847272395297576
6.744232921271607
6.273347016719035
5.259609445874378
2.982118034098419
0.7821859198663015
0.1879172584912164
1.8054935041142128
1.1143491735868052
0.0
0.0
0.0
0.0
0.0
0.0
0.0
3.2209998758722644
4.67644740029573
4.389670696039027
5.1385148983376965
5.911183912020223
5.9286353896554385
6.439633322513336
6.493508475323825
6.842972264539034
6.708262781064027
6.617099594061253
6.91271649591939
7.069255132768622
8.030269031282746
7.884700980120732
8.000998200455667
8.127075439812353
7.978510304987156
7.8962755295611995
7.918149619360028
7.808131274006494
7.818940406678519
7.809971717553153
7.6424242030685035
5.351890372624818
3.0991907859173753
4.832159083715667
4.634193868465416
0.7309521948827837
0.0
0.0
1.4080954338040248
2.6147058186327796
4.067942905536066
5.49955157728936
4.344453498486762
0.19153378421780176
0.0
0.8888966086529406
5.5994097696347165
7.2135913606550455
8.170354505598247
8.196507523029812
6.9829763734655605
0.983102056659131
0.0
0.0
0.0
0.0
1.9863106034289766
4.875843412903325
5.782990141992997
5.786625176602935
4.828720809567446
5.257573414072287
5.371535884728829
3.8834734510529114
0.3714359683475269
0.156597715409347
0.0
0.0
0.6432623506808794
3.9248453399598495
6.9748845710350915
6.846727138572308
6.66287225167421
6.361342816588396
3.106861845407122
0.722606033973189
0.9395862924560813
0.0
0.156597715409347
1.2279751115540931
0.0
0.0
0.0
0.0
0.0
0.0
0.6104614518024554
4.821113541794033
4.410272654735759
3.7454074765717893
5.216075729650965
6.062613913032452
5.986374468706621
6.321830467907893
6.369679439073
6.614449948452332
6.780290322887017
6.642436552219076
6.884103512255457
6.733862908688289
7.585712342845515
7.701642204647505
7.873938713762814
7.959816887286042
7.975780232158706
7.785372218029608
7.782126878167835
8.007864233767387
7.750533431455182
7.708733124010237
7.553160599357618
7.199600918114901
2.541881920122669
4.508277579153021
5.476683080291455
3.4660218178984445
1.6560399367625884
4.7364635378898825
6.135631450523024
5.921607313494508
6.392705676947474
6.192288923384215
6.224654237147091
1.9752725480386104
1.7400563875794703
5.786688714547445
6.940114444138555
7.708466178211126
8.301038324141004
8.279575171989821
2.431572076613657
3.9634971696436874
1.7968716096325716
0.0
0.0
1.3462562960656796
3.396934262297002
4.203326471838748
4.788013967377449
4.486665714166251
2.3675173926633994
3.397851609954553
4.472018388760817
4.141259807361579
2.684928376500201
0.23450556165986025
0.0
1.9096387812505438
4.42641298804756
2.0142921959541105
5.620800814207285
7.074225042246665
6.629194880805458
6.405242199104397
5.003593362608901
1.344318353701216
0.0
0.0
0.0
0.5042726284685864
0.4376709459657385
0.0
0.0
0.0
0.0
0.0
0.0
2.9446041603810897
4.507027738043829
4.186722480328069
5.357276106662995
6.009459254882423
5.945265152282958
6.175421243243303
6.29491800373363
6.500295123189158
6.626664193953235
6.721012824394003
6.768423494760015
6.692105750640717
7.685213915791695
7.472953775823179
7.8134743664845425
7.802692575360615
7.891685487027675
7.928903461586048
7.714045885434315
7.696949453649008
7.916528444182077
7.79294837766379
7.7137767539264885
7.553978209931075
5.792360999013805
2.046141681650629
3.789576489239118
4.233158788322668
6.488068693595278
6.845743882405024
6.905647280962864
7.048014327782064
6.949165484654132
6.65644248007897
4.62837177491064
1.3760825745578058
6.060839842255843
6.722268708923921
7.032041887587603
8.072769457600556
8.555574373280002
5.358674197986549
5.2840746180545475
8.111542304128482
6.689583482127136
2.0246476130343387
0.8384678807585582
3.381140839123077
3.7825473023636897
3.80204462478616
2.857099729753426
2.002542229928058
0.3634208939860357
1.2307270772839083
3.100754914912258
3.8923107982109757
3.6069429264267896
3.205311182618903
2.8058669615564558
3.8416283136303555
4.301447500473913
5.303937693271602
4.417548045840413
6.802852342518564
6.410453620397414
6.305344357101866
5.85827711425788
3.94512196777319
0.1682499497695361
0.0
0.6994229384129735
3.772928755813696
3.7832498310247913
1.4690228165111554
0.2505563446549552
0.1799021841297252
0.0
0.0
0.2192368015730858
1.8987916365433002
2.2772262590671346
2.9227667397099664
5.166587987224994
5.842315830045674
6.023558889545969
6.169636489893513
6.330192342345542
6.608139135613791
6.887980665705713
6.5739354258121585
6.861375043461496
6.937179697770432
7.615641797893286
7.541574529144254
7.663043523036163
7.73113688259362
7.75448501059231
7.805097738886862
7.7929483776637865
7.769268895513345
7.758577275931239
7.74670642353406
7.4375886116354
7.41822776548972
6.685869916935357
7.272050361244113
3.453078552856512
6.349366706815737
7.274081037118565
7.176648366194762
7.3027884985092735
7.341402893760695
7.323552697545918
5.713731323121754
3.368829481987489
6.58002047221562
7.244455055018962
7.17985574092552
7.186486609523433
7.974576907391965
8.455792801982385
7.821907250894974
8.248915106190125
7.979362989537369
7.162766213853498
5.490127813105443
4.252676074593935
3.4990025310892463
2.3476557221400047
0.3007611735501844
0.0
0.0
0.0
0.0
0.0
0.8565185089344546
2.9548721122911834
3.8005080488563148
4.32555455068592
4.356326820107662
4.935620547626334
5.79188801879369
6.552692267013185
6.904357165416072
6.791492935532053
6.606754833430982
6.539400091693478
6.320612397049797
4.037486764850974
0.27747733910191874
4.032044924955542
4.557701884765689
5.193249537870228
4.85027015130642
4.0308035856203
4.1482418404051975
2.6462786329298984
0.4371136205097793
1.9468018251646726
2.551761596536858
1.4205888851338326
1.500563005874545
4.414206449006704
5.857845563580146
6.130505989992023
6.426272692343019
6.635004606664164
6.506724894784398
6.6418165064825425
6.63524252417756
6.744855980508512
6.666790254209614
7.479388919080348
7.353507111985719
7.703456128266129
7.951556819592096
7.941941187293505
7.87159655032951
7.738056721736501
7.807935234394616
7.8037145867137445
7.627547701485502
7.388764979133559
7.323289000664108
6.564625174265426
6.971258272597347
7.290255730265211
7.562426437490728
7.254300094249202
7.22109360791784
7.459495307509118
7.593998798901376
7.593699336339587
6.041392319572403
7.478039100243375
7.758042949969695
7.527597198333587
7.386570535597163
7.587639781217065
8.08806669586341
8.621956170524397
8.64309818370422
8.35134132518726
8.203754242203747
7.335393218889135
5.649093235515807
3.7754691904175486
1.888531385276534
0.0
0.0
0.0
0.0
0.0
0.0
0.0
0.0
0.269441630468315
2.6691119907819685
4.201713756855734
4.835614688955425
5.456449998573533
5.9845363521119905
6.29358420545691
6.702979394138201
6.977123711732292
6.80967702189342
6.608389525523753
6.358510570429334
6.128130538175326
2.5993654006473195
2.005473121169641
5.364903928673688
5.710297467789724
5.429350758339484
5.161761146498532
5.060118316519934
4.9982994933728495
3.5716062579816157
1.9221167395357905
1.1367684480383005
0.49015978783795555
4.188874674436316
5.243104896898836
6.110751305617045
6.171734265172384
6.22048819271131
6.605561735081803
6.879912881357418
6.535738924463858
6.806619996108317
6.772723625518558
6.760728379738662
7.242423807226004
7.293861979987927
7.70948844897569
7.576412299568411
7.761053256332503
7.912636161147078
7.82802417109278
7.782402941873586
7.781016800194595
7.569683065411387
7.1306181023529005
6.9612607713983365
6.533521910984163
6.393749985977759
7.1252101934328405
7.189735840587073
7.265418215479028
7.5644629206492695
7.935494936083067
7.732050920954972
7.647732244351504
7.612962131197282
7.841155227947145
8.07329984087005
8.056598477814362
8.041087216825785
7.696035415287642
8.20915979002599
8.536367531198382
8.706565040519532
8.291245166773033
7.943273523141323
6.926218016139162
5.2134115185041665
3.062441476844755
0.3911239113413198
0.0
0.0
0.0
0.0
0.0
0.0
0.0
0.0
0.0
0.9451933952762737
3.735463576555425
4.498520213341548
5.450169723091099
6.128073079613905
6.204528700282287
6.4386311485536645
6.651541221376282
6.75371971865195
6.898547439557365
6.6662449974843465
6.458973141205144
5.911409191225024
2.266194126063505
3.2049021708778347
5.970912552475235
5.739451990736768
5.807468893781773
5.305052353237787
5.297548442050067
4.7992655922285214
2.0113252999200015
1.3664256344212258
3.008551459480721
4.546600559763979
4.804052453637043
5.5127549032082355
6.015362966988909
6.4191039162545485
6.588204523138493
6.780791409866853
6.485312273322637
6.594133207753897
6.761993723164775
6.855471610799136
7.147034223645214
7.353207649423927
7.347171454624345
7.6156667572853145
7.551800977606656
7.638432201074404
7.922106570159091
7.631733297971336
7.422779767322335
7.495124168578709
6.992589501709385
6.607757007390653
5.864419645206492
4.9305190758808175
6.058022225734069
6.939995485381855
7.177631622362045
7.6545967930484
7.814465439433896
7.905018562505665
8.105831452242118
8.179847514627957
8.176077854861841
8.346504582108636
8.293486164785934
8.003424317717812
7.994462016404639
8.167925398830233
8.531660688841566
8.545159090740079
8.290923189939353
7.982415363646537
6.955804797074186
3.4889836682088475
0.1682499497695361
0.0
0.0
0.0
0.0
0.0
0.0
0.0
0.0
0.0
0.0
0.0
3.4164372657733444
4.9288968609817925
5.870567042833746
6.452543369609905
6.348721190911312
6.418364911761317
6.771849869211779
6.95967638728691
6.85609165653567
7.048505955865705
6.915269114064374
6.429933859572641
6.268171491439953
4.651276000143389
6.213557334136233
5.981065550383624
5.967776885846117
5.079374144856269
4.90914039875736
4.5628353846253615
3.523013092623739
2.4400572168724564
3.2056881719969836
3.6610642482374263
4.831579567444089
5.6613342210128
6.136961013540308
6.295775966983559
6.343527720562813
6.741175895486503
6.65621703496214
6.746021282970315
6.655296095409556
6.6406701218131285
7.08560970118622
7.309709898188155
7.577467087095658
7.62853710676374
7.606562753620093
7.604257138953732
7.739314481073545
7.613225828079089
7.334146265840043
7.092531100865101
6.716453308592515
5.305182859051357
3.7977531401198137
3.7381208761327733
6.8084061220308145
7.345010750000398
7.1303483148181845
7.303771754676557
7.629094117096389
7.270861708444305
7.90967921814773
8.195519764033367
8.430622297904279
8.390996720626259
8.466194444975876
7.9805959308731245
8.023970545789517
8.238312588943437
8.390243624481862
8.565652769905753
8.42064632362406
7.899579863859778
7.1550841450318625
1.30414002104619
0.0
0.0
0.0
0.0
0.0
0.0
0.0
0.0
0.0
0.0
0.0
0.0
0.6433175708141711
4.713057963354194
5.986850303733411
6.303063701828727
6.323737318797257
6.4462073048183175
6.752150049514337
7.047836177146204
6.911351111528968
6.830876977794829
6.654820260382765
6.544662016892585
6.5144452617587945
6.10025242772775
6.0623759955190595
5.9737778155384555
5.577322267862082
4.620949074335388
4.054414376248199
3.083875200176193
2.244159469880927
1.3066237121687023
1.6117834343537918
3.1354074762822717
3.9790117662492634
5.433940000930897
6.162680379365393
6.412054098922775
6.492888429587292
6.755946079792672
6.660842651801822
6.674848579661716
6.419817668794734
6.425771605363184
7.00446578873258
7.348184071547574
7.1598171918272495
7.512147508468074
7.610323664807273
7.637113716665351
7.6559829347273896
7.329034978653853
7.032414556914548
6.432846674648002
5.188524252803245
3.425395769625224
4.823648238926089
7.791828798153066
8.500623295231645
8.100269091395369
8.067549300229514
8.469920410303455
8.438483998535482
7.766343328975386
7.88148571515691
7.732191113881638
7.657781458977068
7.697820675523432
7.571149921238194
7.58973695091451
7.594490426985021
7.510951643761507
8.06367401353123
8.162560431656898
7.990293260863447
7.827105553981096
5.580661795075547
0.0313195430818694
0.0
0.0
0.0
0.0
0.0
0.0
0.0
0.0
0.0
0.0
0.0
0.0
0.0
3.5821972839816625
6.114568238733845
6.458421550319219
6.662396416647418
6.533233489564678
6.5007962101689944
6.774352179375418
6.755563951569534
6.665862869261208
6.177860020950158
5.945502723949654
5.251270659667731
4.212492676373384
3.9026542131492605
4.161108591378324
3.9898469305095308
4.665921442435886
5.41042764662671
5.490702525891378
5.22606245926349
4.059545579148914
2.6149786424286674
1.6110633142618096
2.568661064447287
4.502200814631835
5.6056980166704
6.5133241290424255
6.303896413125613
6.594133207753897
6.4744318260984555
6.616335337614978
6.548097380674501
6.309637684133711
6.843996369791466
6.938708210662984
7.075356404782351
7.265912684390589
7.377943479637604
7.2565303034655795
7.430895143158349
6.876584747142969
5.7591615012795
4.499136886912597
3.0188153454429
5.449801941658175
8.711717086073214
9.478408246772876
9.255153045773582
9.190282636316004
8.945639684836578
9.115825507790293
9.354312239664953
9.367757523172491
9.098391599484634
9.13492548952031
9.15020508724826
8.644443243354218
7.95084758209983
7.37102631867355
6.876015802867041
7.058472927486787
7.376177377195855
7.550568860922133
7.236726562797812
6.414282449819449
2.6209172220454464
1.157259048212526
0.0
0.0
0.0
0.0
0.0
0.0
0.0
0.0
0.0
0.0
0.0
0.0
0.0
1.883498734337434
5.642687602967247
5.78148009344089
5.4344425431706265
4.8708034850987385
4.822951740298309
4.925569225527515
4.985178869455473
5.1907110788440685
5.015462252452478
5.864068172833068
5.492367891417492
5.545199831636941
5.544253904536459
6.032781958571623
6.513349380995469
6.2186065937749895
6.002312219964797
5.992516098326502
5.626554112276173
5.718086362398895
5.1864490484075505
3.919993724795074
2.2708468331631235
2.2160849884503326
3.9717600019631094
5.664993375032304
6.264689693422401
6.45139698494049
6.178903041260855
6.343552972515859
6.3301923423455415
6.446708391798153
6.767659238313739
6.847873523241722
7.010567060746312
7.238979569812592
7.247375853742403
6.954578060155974
6.214615203425545
5.279284714447807
3.9684998371701807
3.171805939972937
6.560946881863074
9.038772886877604
9.755720872506028
9.689062867212659
9.91999092600866
9.902596582609677
9.714609709903021
10.02301506449135
9.547698304076972
9.693600574026432
9.662591568259415
9.465452467811502
9.549100947795905
9.06391908518611
8.667691489135258
8.556228152220546
8.26369428180755
8.716516688519578
9.002556580253048
8.901786703484687
8.241200373695378
2.14786949686684
3.4746196574030037
3.013884529094177
0.8842215262897385
0.8645542175680584
0.6890299478011265
0.156597715409347
0.0
0.0
0.0
0.0
0.0
0.4734303062267389
0.1879172584912164
0.0
0.4071540600643022
0.5637517754736491
4.087513533774124
6.047356680597125
6.47516504148511
6.370447070004213
6.575654953252043
7.002307771207301
7.099828538114219
7.155676287996186
7.235502407547127
7.093771963261292
6.7658150053961545
6.50495846437845
6.165041324110704
6.123099296390156
6.191932047114122
6.3486492252785025
6.415358669326428
6.1323548514683095
6.21234249461621
6.121142221038828
6.154412491175522
5.900951298512193
4.701192404231376
2.793056108904355
2.251014450264543
3.7710970035052815
5.0359666527776215
6.119547889286332
6.22048819271131
6.50579847668386
6.561101134574723
6.403310096261988
6.508491325190345
6.542049737302399
7.110072903037262
6.900116801535067
6.860927585123285
6.014374654248544
4.82109186608228
3.7077734912748945
3.9099801829363656
7.691504160196822
9.471950860283288
10.067926079656978
10.079774766639181
10.001074196215102
10.102050780037722
10.142765402692717
10.277592543351524
10.295306164613029
9.856753760386502
10.148441156343385
10.051399036108881
9.949615355370149
9.828633452146217
9.736626795382612
9.541335538482642
9.426747848505016
9.274307426658524
9.720723559839824
9.509900758021296
9.601032956667352
9.310547768873043
7.82571729549343
0.8072556204803547
3.5170397882028066
2.512161013096911
2.968186234746033
3.780991192137713
3.3500210317680885
3.025884400037148
2.3738846510507208
1.7718875155828449
1.7938000012097994
2.4303203199349594
2.5870212067048697
0.6569696503551619
0.9942103042583289
1.4326839074045
1.3969864499598372
2.1600774197771195
6.7824860647619065
7.211749833500729
7.394283025921476
7.5271009130729585
7.434987408497275
7.509514413739997
7.357670908684603
7.333989865998173
7.010655803318248
7.018308588090345
7.0664298862610035
6.978761724485349
6.842208008092758
6.660723693045124
6.322021392297399
6.2108865062447185
6.500846714075083
6.370562654275974
6.460570108948304
6.596451229045769
6.308159675147249
6.265522404719285
5.208893554485006
3.1512299992260218
2.4703956917424157
3.395861278297296
4.665385827630189
5.554266277030663
6.291818333939215
6.3366473658938265
6.300799974669271
6.095970655873343
6.261240632864878
6.559861043101657
6.24789018868797
5.24559299619684
4.192105929644555
3.2057289315610684
4.398971557764939
8.003706519809963
9.832852397548367
10.179002003040285
10.069495790805405
10.22526401656679
10.360163905519489
10.213798463019605
10.227335679573864
10.199398045329698
10.298577761323955
10.2895806881949
9.909080552716505
10.253959024959613
10.06306504909497
10.049902073254344
9.93178052959614
9.783092773976938
9.79461697973244
9.729951258558277
9.817950088525183
9.966014687773233
9.589118028023751
9.336834650177638
8.716703272750653
5.87692423026883
1.356163762461988
1.0153314988897693
4.136979114496269
5.745554213560512
5.198133670131621
4.672702852535481
4.0094344613477775
3.605692875076838
3.675192469746431
3.8137889390504895
3.5078062353533017
1.050845527426296
1.1275035509472975
0.1799021841297252
0.7752508348667476
3.7827492808513328
6.686523572966198
7.382862601301943
7.390347160424426
7.349043852725047
7.702076981749159
7.4117979938944805
7.453293467115713
7.428297814110247
7.219918186228706
7.194462796729557
7.124718565349199
6.93951331619441
6.800954480959352
7.01695822583365
6.727696306559489
6.9916212676758285
6.843996369791465
6.656279821142881
6.371182700012507
6.61595320939184
6.552284886837002
6.594014248997199
6.368320388843235
5.710065127539876
4.1146625670064925
2.142195034361021
2.8278995872744974
4.3745583674763475
5.451244034789111
6.00274196319643
6.233599629634917
5.8116759912285385
5.839349273851049
5.612177341071542
4.827519074633415
3.9944710347411716
2.756169687597862
5.408801536085721
8.511881690635024
9.859759700767112
10.361660868374026
10.20091725689608
10.34170590154596
10.327173673995805
10.3838612794839
10.318008527581544
10.457008560230166
10.207006472032162
10.238810125842436
10.115083190738568
10.099368484190245
10.215486992591654
10.065150068092485
10.22678161885887
10.063813530522236
10.161355216526497
10.207189146028286
10.315519407725875
10.190041332197929
9.880638580524815
9.635793640648995
9.341456736484403
8.642649212007017
7.142459929860929
5.44767110832532
2.8615437438353863
5.084796330523528
6.845035740685378
6.902959911004332
6.827795470979806
6.777130131402066
6.629477863370458
5.971405319115476
6.390732375525745
6.161951022639409
2.0305542337926408
1.7864338760367597
2.832026532443857
4.572055692690832
5.080622823053967
6.149092297119214
7.185044650124568
7.444530063354184
7.588288586591611
7.650240830827673
7.585392109252849
7.602275946241191
7.361235780259904
7.234024682468279
7.374993711135756
7.296349795433208
7.222678630036624
6.827328323926085
6.766130725421187
6.874738994292096
6.912171239194122
6.932606938649255
6.761110507961801
6.63674879861744
6.716985321998095
6.761229466718499
6.709409165733441
6.7243013222966805
6.341527162869796
5.821330610931925
4.727535374903444
2.9787565399208074
1.7711743840371794
3.188128207270036
4.321473418616044
5.038902978977156
4.828942415721149
4.38390241490575
3.745980525731583
3.155070457550583
3.394526947609967
6.335956019974434
8.76943589278206
9.807321371265786
10.031869174130323
10.261384777665947
10.404823004024022
10.587161479606571
10.48189192591017
10.570930220488679
10.52271900027659
10.574371721112986
10.464874934284625
10.532838795546557
10.467592213215529
10.503662474732636
10.429392471845471
10.42355037227583
10.293693237329629
10.243192697978118
10.164968199891478
10.362185068944504
10.12200699158627
10.380661772344205
10.21617161844642
9.874269308297992
9.450121416950685
9.191023002376712
8.381181526831526
7.3056440751011005
6.614801290240828
6.221856326455505
7.513977673000669
7.544257292481253
7.70817539919265
7.574146324672055
7.278244833817448
7.232963804288135
7.293370351904286
7.021913113177966
5.499532652743478
4.415669785951513
4.603655633593768
5.414404052863861
6.347833606706062
6.934699318899554
7.601360347343837
7.718665544536866
7.708040084652791
7.942204884175315
7.66409287593738
7.617451910385981
7.529035533817574
7.449201201776788
7.174643247352295
7.4022592131276
7.204327874257384
7.306265660774745
7.07138477360532
7.143243623688644
6.924811782663595
6.761765264547574
6.589469866564604
6.656060351855832
6.823541752543943
6.747486708325045
6.654913967186418
6.668537766823174
6.473837032314967
6.568533080129635
6.046076490437866
4.896300872236187
3.164945567382258
2.621792201336422
2.947059206129085
3.4530334561928995
3.9167678100894747
3.0625749823019297
3.1888506069028937
3.751660542479857
6.913225120232285
8.54169137747213
9.399667131457168
9.938215391850193
10.004433491744802
10.34020893869142
10.29194209690556
10.476473321915742
10.709297736138884
10.661550373642193
10.668354697343613
10.718553085552728
10.639608238817104
10.45484508494921
10.473587712634606
10.481659997052473
10.360047941090633
10.38885002119092
10.453722362808303
10.375530718781254
10.52122203742205
10.250220716538506
10.254269410100742
10.36428820137038
10.012737823112301
9.840279945234794
9.598843558057226
9.398098469486301
8.84624769877216
8.550111480286732
8.107449347086337
7.978049604421743
7.966113783534817
7.871898287912233
7.904159814590297
7.708040084652782
7.875740163422381
7.7508594139449905
7.736602922787584
7.65908113761108
7.1575780511300495
6.876909484213942
7.117538512436992
7.25177506590571
7.270977071595411
7.81106920295829
7.88102796545443
8.014435793460489
8.00619116644976
8.011961933732328
7.891959275712494
7.826400006408962
7.694693570555654
7.6239120130351825
7.376397064026723
7.507036221281885
7.456194132815626
7.230547520202808
7.178123250445686
7.152895792148368
7.106030378507626
7.014719085136449
7.152404164064725
7.023005869205752
6.898109440115349
6.82514505444776
6.748369923528019
6.612404555523095
6.661725867004796
6.59023412301088
6.329954424832147
6.345524024086918
5.073570131166989
3.5887920942216276
2.8995262383477325
2.4121757884856962
2.915684442913923
2.2432676214405127
3.766124926625758
6.869217529003742
8.343050826897276
9.090285348466029
9.691277683930847
10.15984936095057
10.367023850794677
10.360522886799536
10.58342946602991
10.624499701840117
10.487699299461404
10.77849702831818
10.601577156730054
10.702212964112015
10.813980064545229
10.733851250092938
10.645461426380239
10.60093666279794
10.790252806844954
10.325392673427213
10.545035375815317
10.516926155568532
10.705895574288173
10.624702356551133
10.45859514008647
9.961100428814836
10.185554542349557
10.053400336910952
10.022904487154964
9.78359711192447
9.21441769531424
9.11329740618298
8.736936380868944
8.879529225529756
8.635799647286055
8.161069085282197
8.313372627860153
8.09725017923678
7.979542408143299
7.820564571362331
7.868826712091681
7.907089376447549
7.797894042037865
7.831473967379172
7.947277891959358
7.96786854854417
7.7567299001866585
8.069841620451763
8.098647916217416
8.01628528987817
7.98630125886935
7.98402675270598
7.936846026567011
7.9214764679304945
7.718530229996994
7.612630777045537
7.583073876455507
7.476554413078461
7.522441614200405
7.322833138260445
7.405631919181053
7.381950876494617
7.21326048343164
7.105815934776418
6.913699752086673
6.8192605395777885
6.89342718113367
6.827710452149223
6.613660440053012
6.691006079651068
6.500150912479416
6.411408801233197
6.330549218615635
6.371301658769205
5.966773272331555
4.96761905636566
3.3114544856439814
2.7383145449383153
2.551899429447402
4.3923222291174335
6.701231359188881
7.794435821619579
8.75836586525424
9.074879253845571
9.460466709103738
9.921235504296225
10.12244508787241
10.419441335858519
10.495547889020298
10.655210399370338
10.77218632819301
10.867609542122556
10.74846958192744
10.926991668503085
10.736127380652679
10.760222579502633
10.660730316773762
10.682482824035628
10.787116551583539
10.63660842386754
10.377143646064644
10.560143912792299
10.712209692847107
10.554406689658013
10.331736066132839
10.515791686711466
10.411653089154706
10.281302236348594
10.211557117453037
9.784930119730449
9.57327864805346
9.214234253639779
9.254171400431508
8.829791968987802
8.559775152356835
8.529847229516172
8.490712806437648
8.410948669186698
8.07481191977084
8.143494351350094
8.28985336260426
8.193229817186785
8.071038110331063
8.319868599426558
8.379550022099076
8.32631797069615
8.179986674549385
8.338734342753948
8.239217451752767
8.145601481284436
8.105992440658957
8.299842976430915
8.024066866442297
8.099340772518577
8.009060723646684
7.854704582287966
7.625152629762263
7.732713629258461
7.541047135380629
7.368528173860539
7.435058939857234
7.182322812824549
7.330441172372739
7.014882213638581
7.168743710348598
7.089089704279613
7.0259942442155
6.66287225167421
6.766785482006959
6.840679495200206
6.607994924904048
6.620616550581133
6.2744823042784965
6.532206063651962
6.327615221257681
5.748602276459324
4.746562542765784
4.133795158625862
3.9370598980425595
6.080678462570035
7.333692051356949
8.013149046293563
8.37095745808418
8.93464060067907
9.4878263236017
9.795690594020577
10.057391681533186
10.228394546142264
10.489934936181342
10.620417783954872
10.80487246942001
10.865383964134578
10.852479526363288
10.770572070169065
10.859625015767428
10.990937268179751
10.735822135289787
10.772057764636246
10.727167941034462
10.6665572383005
10.559653707649813
10.63862782853213
10.730109171889374
10.705982264570336
10.321642618289951
10.315583263298379
10.553052038659406
10.43077347027116
10.234195624849056
10.20476102775035
9.989404062685402
9.696204304520089
9.43514756775771
9.235114750353512
8.902755678244787
9.103121539870925
8.708145106526944
8.814793516713818
8.676264564439455
8.42633985472667
8.766978795420638
8.565644580956775
8.52580342529953
8.691482192266813
8.701903124687588
8.469595732565965
8.470269703677712
8.47070901193741
8.391011828990155
8.426260530410605
8.291889120440388
8.365643399635905
8.232808794167996
8.07346082928689
8.21497216449087
8.206161520476353
7.675348438050057
7.448146414249545
7.826510502947542
7.626322548223357
7.484830062846375
7.480351089945626
7.377487617233944
7.413080712623556
7.277525274531973
7.0117693166346
6.865086825832373
6.743086536602193
6.756710336238948
6.8117380119547635
6.556174623918991
6.460689067705002
6.241518685949932
6.192526840897611
5.860948744156761
5.627320798053154
5.27957008725581
4.737587572667648
