8.056066609930046
8.09891800091142
7.932663526722175
7.2916776237484955
6.431951880373845
3.9849357058429193
3.5926500848592937
5.734959558664773
7.0181299100391135
7.64727250785782
7.729020375341215
7.705200144024884
7.776133444210242
7.794941937200271
7.70097949634402
8.001688067250953
8.224806035543667
8.17175034904234
8.461376774225451
8.624176580880386
9.376465645730857
10.33219575892734
11.470239489953311
12.979977868917912
14.97608993863114
17.15549380223635
19.419736241151845
21.284622416365035
22.66202492027642
23.26644996739005
23.81629962362556
24.46585504280065
23.701040221397985
27.0354697002109
24.314717431937193
24.253283582198783
24.59157783595339
26.829627383609736
27.68985445974363
28.352466710027095
28.82191515841525
28.781411458390068
28.005792122126717
26.752065096172192
25.289256466476353
23.4481442524423
21.9856041588793
19.90979812240841
18.263769676874322
16.49177459075721
15.059557499659855
13.013978231791477
10.64016172709053
7.919187342072696
5.471561903700608
4.539367293002654
4.650999791572514
5.507620595628027
5.942819274993008
6.151904382671802
6.47689751925353
6.67107146717577
6.444187163842124
6.691516625527097
6.789263253731047
6.619216455341473
6.707771152980386
6.617484735784764
6.620115463601297
6.520586611934549
6.74989843642057
6.5746996822584345
6.338074870974199
6.0746050275354735
5.013438410614846
3.713943798379177
2.9583653698767503
4.276763807656949
6.050882709477879
6.710039028697045
9.087028209463762
8.73975170911837
8.834077231870769
8.719039383983723
7.903344178643576
6.69633711527377
4.749242047122667
3.099633700294686
5.041573084868046
6.681917482994838
7.483511578437324
7.667730839408636
7.425448627730391
7.448973270574955
7.444215592400978
7.444530063354185
7.503188065094668
7.249608903786697
7.528848739957649
7.612407503020695
8.003447594800953
8.506497919882221
9.60760340798851
10.874187579504627
12.915147525927296
15.596733070417395
17.580582038844195
19.89604901582134
21.07439232966091
21.151949156909804
21.069791192825797
20.137340509165153
17.127751425102986
15.701463017468313
16.824958789415987
17.76035196186222
20.63030277417034
22.22209358974467
29.238004744028352
30.5763591709057
31.100841466300263
30.92573017710144
30.226345310864797
28.777410417645093
26.57505111354333
24.50309684475493
22.582930667576615
20.164402227868123
18.08658396553464
16.195504741019565
14.660696059250995
11.889438012276939
6.070152089294061
0.646064342008732
0.0
0.0
0.0
0.0
0.5629697525653286
1.0624011974201664
2.6294861241886633
3.6798816588900944
4.902417470577194
5.783173041149955
6.241518685949932
6.567794075636404
6.351103876827467
6.4737210870586415
6.302468908045239
6.432846674648001
6.567913034393102
6.350747000557374
6.350926369769441
4.429203591585506
2.7790623435086657
3.6276020654022147
5.139720553918809
6.5000402335567955
6.850088182909001
7.1749097850620265
9.534942418601965
9.434242755353806
9.472030484752507
9.302889658688791
8.99639655932911
8.360330566082922
7.424136135453088
5.373742591631264
2.8795810613410944
4.1821144481440236
6.314336170896533
7.106412506730762
7.219690255026874
7.163788823004279
7.109948381043029
6.7529332237530015
6.231809542464896
5.9670258203243565
5.985933803922873
6.292292832079074
6.5000132992246415
6.029710891836622
6.5524871213277125
6.0532354852979156
6.139402065969522
7.589540021153183
9.025478562215303
14.2887659936918
12.431712190926397
17.275576082149634
19.951155648141558
12.631187701204292
11.063388528703358
11.068884300735103
11.054937373466243
10.454586674019472
24.955732915203157
16.24078400806542
29.798136829263097
32.98779321865022
33.74019240683981
33.495102446998125
32.46281610250165
30.92839234313547
29.660238677823706
27.436934792947994
25.090831175194545
22.80126596447609
20.53161275749833
17.75817607303331
15.169509614640042
10.272345063838264
0.3102782379803429
0.0
0.0
0.0
0.0
0.0
0.0
0.0
0.0
0.0
0.313195430818694
2.693676936319767
5.2577952358665865
5.85459093819433
6.0792219344891265
6.059359287646636
6.129911196208533
6.231419423285707
6.171377388902291
5.648750267469921
3.7493290188764226
2.6767003809348586
4.106038712317191
5.737517441155403
6.835800916800447
7.205693258647803
7.155845560650219
7.428785568103864
10.22462637757665
9.948877501118993
9.920876011302324
9.805792750856572
9.534253020569428
9.284821067949917
8.652965252993061
7.687636078691
6.030833287417831
3.8201175359346333
3.792024550719044
5.80272302457054
6.56708333659659
6.65505817789616
6.41229201643617
5.682969508513519
3.1249786610945525
3.3207636475131737
3.325678778914963
2.94580011531238
3.3500193024576035
4.463500210507947
4.759346313081751
6.97172327021589
4.403221280119548
9.286142798948692
13.47458126900235
14.629006799693666
6.563259254750009
15.873911815496115
19.08185896831754
11.575621995522713
14.907545414945712
16.3729582515185
18.0454630156784
17.00544859413082
21.887711950191882
10.722711556442249
46.051414806854766
51.41897179575422
51.05417501847681
49.15143605192286
46.93899866307696
43.77066267524025
39.711784047055126
35.100825814420936
31.308849806203387
27.319288783927924
22.687571563289364
18.963792111877037
15.360531848538713
9.848569336639382
0.4930976149484192
0.0
0.0
0.0
0.0
0.0
0.0
0.0
0.0
0.0
0.0
0.844084251665945
4.203839376784836
5.011094253854224
5.242115492547944
5.5618439658464105
5.726130851021033
5.606137969550876
4.984007840991444
3.328822633404398
2.8493391022719625
4.975462710375583
6.273333390314286
7.32150856319849
7.464414429173454
7.56288617398442
7.831547059275125
7.8147321258215765
10.59502918440158
10.506988010928092
10.511038643644612
10.528856482618806
10.046857283409391
9.954167735245756
9.328170492927898
8.619214516710176
7.67851738110236
6.178250785591823
3.682217177041414
2.581429873211765
4.74842970412962
5.87309130346898
5.947204562008993
3.397498174505011
1.3853342155996482
1.444336141764689
1.3190579694372113
3.0349847115231094
3.8203023692026106
3.8364504861057886
6.172393984189569
7.138134451039683
3.476308605893012
5.489223526810278
8.715615740206713
9.600944683795307
9.264113364286416
16.661408499767845
17.474534666583565
12.600081764704655
20.974146726091284
21.278572479259275
21.95621885228393
18.578284785496763
21.7443014177497
13.400924102967442
55.415755111763154
60.245261908620144
59.89827213543094
58.372979642050964
56.371143784851675
52.85844488748963
48.752612994698666
43.58155047136406
39.807195358591706
36.37972507132951
31.549135600963968
26.6607882255796
22.595816966035702
14.039412198536853
0.5396652838449505
0.0
0.0
0.0
0.0
0.0
0.0
0.0
0.0
0.0
0.0
1.02398643579567
3.6527559666129945
4.511381013360323
4.644179463832592
4.909263621074329
4.640153838584413
3.957374251162298
2.4292240237542777
3.15394177528362
5.12759847128147
6.615996555444429
7.305577979336914
7.632757754444615
7.701574547377568
7.833630960452637
7.954992850185533
7.972996846774206
11.024336264050373
10.9985931921588
10.851794296814294
10.589986746032631
10.436386423110113
10.165531621233741
9.80079468524175
8.995092005607463
8.311775583514605
7.437225816461185
6.179056780259425
3.7998970113237
2.6979109482694295
4.8002311348764515
5.40257680965176
2.4312173096029244
0.3445149739005634
0.3445149739005634
1.005862538618518
3.593300401019772
4.40761695885085
0.6649847247166529
2.3691918015037907
3.3872361638846384
6.316930709721182
6.253997086346756
5.070858996574794
6.6420721975458905
9.022491722677746
13.46311942424852
16.22924096145704
12.428104638343148
19.49320647519023
20.386270831920836
20.63732874033578
17.282031924843714
13.704082098207698
13.64835802822314
53.17917064194003
57.794992690113034
57.518361570471654
56.273636386161385
53.44163779859515
50.1695584441287
46.000653921645615
42.003968381623615
38.704111924499436
35.44551987625024
31.114027593878152
26.62924211423261
22.196781954658153
15.380678482530769
1.5471971377383955
0.0
0.0
0.0
0.0
0.0
0.0
0.0
0.0
0.0
0.0
0.5011126893099104
3.606786891716646
4.43683706391669
4.77613510516148
4.4132347691980955
3.804908871400891
2.6898891912248923
3.8982466552299044
5.4268266389105735
6.716678921918306
7.312363044956138
7.638866978176063
7.944305626297465
8.112674172443603
8.320755609849401
8.390852110107375
8.38656946764636
11.397358382510062
11.321596504640848
10.981016209306233
10.91305856621757
10.598485637085512
10.553916484515527
10.18523116577179
9.442727916985964
8.643044863275898
7.9798124928373015
7.220723566274575
6.351285577532137
4.851270026850094
3.7724960081853096
4.858898836841553
2.2820662881200726
0.5164020836687974
3.0292283527729027
3.0165646388613574
4.682054196572395
5.14016260693997
2.3662746787975166
4.205013216530496
6.337159740333167
9.182577513427733
7.76022421298665
10.241086758586603
10.783359890828814
10.615437025347997
4.385639779615624
4.2721670452758955
9.72229333517197
12.770173167481552
12.773349505556187
12.298252777818488
11.520570682419383
8.75908746785497
13.45213521729637
49.59964097945036
54.23976939103385
54.14595662697776
52.022075023035114
49.10131538781748
45.481318625755975
42.38642260102314
39.47957329324723
36.710206246737606
33.13952337293738
29.37478080818024
25.09991827784232
21.8667113942828
16.231139288024274
1.5954320238121302
0.0
0.0
0.0
0.0
0.0
0.0
0.0
0.0
0.0
0.0
0.1252781723274776
4.032720593691476
5.436562164928882
4.7922209560607705
3.318452197548812
2.968104190306616
4.436202833651399
5.666403358513638
6.431130748148143
6.961260771398336
7.172185106934086
7.709093380246058
8.08421467151291
8.200738319551032
8.455856812980088
8.804411782649154
8.707866786684082
11.486877044693896
11.474549652775597
11.283133733062316
11.058281292961867
10.864375529052786
10.595857975156374
9.94724393439806
9.577203099380151
8.915725339051974
8.196019265936432
7.508459626212752
7.176156738111119
6.399144051826205
6.640087800426206
6.1568181786479395
1.717772369029144
1.8861326818224295
3.270787864431165
3.1654842353661796
3.5033567758297655
3.9298916838756566
4.015084591570044
4.9141923193449655
5.599356799777045
5.921325452664248
5.478024745444069
5.648558934544086
5.85560632377861
6.2444092448573
5.161582070711433
4.172329446425479
7.9749734176927705
7.7783643217762
7.730647357480522
9.428354324149316
11.6669906705099
18.337579193117662
28.95464676086446
45.68200296961037
49.10569423284182
48.72592491354127
46.43105982697431
44.43575232736554
41.55425508027776
39.157958902171295
37.092403748562894
33.86956491523952
30.787863339148945
27.081806828078623
23.92199884610444
20.93047231713676
17.010092628332004
2.1943827096487185
0.0
0.0
0.0
0.0
0.0
0.0
0.0
0.0
0.0
0.0
0.0
3.602526821160496
6.247378915714728
5.983532738597429
5.0139642908117015
4.927861067233659
5.890957714782893
6.377255595337654
6.608787446803741
6.853310579773485
7.310609783445425
7.830884350971637
8.206505325805445
8.441962380877913
8.763553712011635
8.669174782677993
8.804386802057655
11.847307006934992
11.74213950326312
11.47907786710708
11.145086963657064
11.09631985210181
10.69409127629365
10.343737566966661
9.700269604218267
8.96434401046661
8.411240827859398
7.7599984688052555
7.181217237483597
6.748369923528019
7.43820907262847
5.84750295336248
1.7984620833687788
1.7865463154845158
2.0350110097830254
1.9343882021682761
1.1034583278628243
0.2192368015730858
1.36202974687927
1.9988067635138227
1.986697942585725
3.1019640062273344
4.512086647086955
6.114979993630311
8.82181969815542
11.951628728274848
16.466527631354325
22.331387110120254
26.492969587463048
29.667131395972117
32.89015737497778
35.38051536916955
36.89102614875255
38.09986561653728
38.91349907282735
42.41341875127264
43.76977619113619
43.40773021969022
41.80046708382861
40.19647373138422
38.19729690995608
36.284439027708466
33.51128145802516
31.199278609819373
28.131951882040585
25.38629885025281
22.882505099914837
20.420979178375433
17.757498908500835
7.997760967477028
3.0012242453547118
1.3659248514006603
0.6332085950668745
0.0
0.0
0.0
0.0
0.0
0.0
0.0
0.5027912726720317
3.5203207080463854
6.284825695724736
6.348028900097844
6.04297330986125
5.806271647102874
6.40559907537449
6.342529336829467
6.121258337422833
6.442224140376803
7.361039726905718
7.918908648316294
8.265477263124502
8.46528581101209
8.706659273916083
9.028499669186248
9.182671932801387
11.838020299032841
11.752977856222227
11.757147037165335
11.421878416859848
10.950320244186557
10.50716578851322
10.230456071707472
9.484181142218882
9.095881794722866
8.702346813294088
8.325437879688229
7.744987367167335
7.084839354087043
7.810230656471851
7.948891012934401
5.384097236716447
2.1768159724304046
1.4923300607110856
2.949599640558088
4.257613294923328
6.259686190458327
7.49350074225888
8.493017136989538
10.478414680251209
11.218550944381391
10.808172217293299
9.985778459242804
10.477863883217472
24.264297648373482
25.699483247173756
26.92892328170902
30.858567571938483
35.99781816578907
37.87740333456418
39.07611930564258
39.878228281076716
39.8699743736548
39.84623908413104
40.54114490812992
40.5975759489787
39.79951384376938
38.71554780654608
37.31176132643204
35.561524127795494
33.18390479588862
31.11680906698236
29.161924049089823
26.293559848650595
23.85080851756564
22.180233332229466
19.89424106598961
17.921337583856715
15.843921484743412
12.48358254474079
10.043514541357021
9.130061011666628
7.907494713403582
6.196963978076596
4.397267679278189
2.9657870125536956
1.9134832268498336
1.0906795541760188
2.052512661495793
4.142629757140711
4.946719185299126
6.19118584243313
6.5758460669278485
6.34262304363312
5.635069483858825
5.431030934516539
2.2047691803556497
0.1879172584912164
1.6668075269801002
6.433083688898475
7.647479353757645
8.375802190828372
8.645218981880555
8.891796154357174
9.059078465109184
9.246798830653004
11.738684432930476
11.67338037217428
11.631026745132651
11.268831029529114
10.69846223341279
10.197907931833115
9.53165605178094
7.713828611439477
5.0161595933377665
6.037098370776234
8.329410473642346
8.215676358001467
7.4285307889605665
8.434571212837886
8.303947944385438
8.47046180752618
8.754793446322841
9.17291941614574
9.381050223040333
9.967213555832478
7.233706102030859
5.6285706700241445
4.277958852933656
2.9743814762865965
2.284104381884177
2.9127472777152366
3.283018058519425
4.580805519788031
21.056701094275702
27.082139710426652
29.04356641582136
31.306120000275683
31.492959241545975
29.147965869856197
26.721569671926858
32.223441440946004
38.26064071257564
38.3098214234478
38.21412034608592
37.67725128629293
36.65095331744719
35.47975748265908
33.97566521630518
32.24589623242842
30.58947955459391
28.912990059324596
26.141149177268336
24.34228068925109
22.743265194278283
21.194320883549285
19.41760861103424
17.960529526556783
16.535815613717553
15.065642421711164
13.397728799016713
12.621017860545457
11.678510820710134
10.776881750259268
10.051209342898957
9.043074372259253
7.987025521373572
7.378130614591035
7.281498481227425
6.850807638785628
6.746072494790548
6.438894318020105
6.459712145698376
5.669534724990861
3.0306732730926393
0.41586846731402766
0.0
0.0
0.0
5.4961844300415805
7.714275484307261
8.525234620555905
8.92305803916813
9.060611364947006
9.22677064972579
9.281970943234938
11.722751340813675
11.4073626844929
11.321135251771178
10.955364688858035
10.007553394144159
8.947194298735617
2.808645488773904
0.0626390861637388
0.5011126893099104
0.5011126893099104
2.789639172896935
6.887946596406898
7.4832757503774845
8.740801656663367
9.220495498991031
10.001086408530165
10.341169553458785
11.234451970569191
11.882288535497326
12.112535012464425
0.7248506998450823
1.4326839074044997
2.0860163977609636
2.3306720507807084
2.7032959390414106
3.179448308638654
3.3372747807680927
5.0409527333886395
11.961199419789656
24.973476976342276
27.741190381978846
16.72126080255871
10.864455987872914
11.56237876158684
10.67955923113795
15.105522903744355
35.03997970519983
35.53286147688933
35.26548627923777
34.68172150665362
33.68688774950914
32.29235719092774
31.36955255045266
29.68256536131675
28.017828221608653
26.53085870121131
24.506650352667506
22.692277393251025
21.735312695958243
20.1403809199427
18.825670899495492
17.58599688540162
16.583577877188645
15.467041394019933
14.188497968557598
13.314131964234804
12.515770369064668
11.805592241848714
11.123145884804266
10.358279273145902
9.80391026847812
9.274273869323011
8.845826713664728
8.04321088341267
7.645166806893356
7.043171781126173
5.740682469612875
2.361965056524473
0.0
0.0
0.0
0.0
0.0
5.111612578469613
8.101106335262362
8.847023826392359
9.027566095914315
9.212569479272524
9.47317102597919
9.362040912325488
11.747659827282705
11.436689850612625
11.331587030573317
10.707536607759076
9.493685158684299
6.3836515128656055
0.3364998995390722
0.8492648232091713
2.0044507572396393
1.260035409000058
1.840508675909431
0.8209693835033671
3.702916174350353
8.28151292205625
9.533855339314544
10.310658377163866
11.129614588406863
11.95298605298474
12.675040592802663
11.455441187559831
0.4071540600643022
0.0626390861637388
1.4093794386841216
2.361292108042709
2.0044507572396393
2.051059694680396
2.400544188397621
3.9918320123452307
13.900646207745563
23.192525612686865
25.322294445658844
14.31435767045622
9.13251874252286
9.458007542386033
9.0832616973294
9.97333918890237
30.074746080137555
32.2006583779313
32.25927852522936
31.53020922368559
31.163804769247516
29.732295344797347
28.491959247225832
27.02109913434354
25.652003005859694
24.658147307906567
23.38826139660662
21.601738973528402
20.3685716448636
19.212987016987682
18.121170182393914
17.38026101030537
16.457474079187815
15.808042732010383
14.319838057811804
13.569260383750162
13.190238678380753
12.08275462837051
11.365006618445184
10.832983020407344
10.327547914709438
9.845962130860075
9.260634067858353
8.769585398562475
7.977484772699493
7.33955985641594
5.935312556196373
2.7128214297578648
0.0
0.0
0.0
0.8989717969922664
3.2342054953518797
6.971625460248092
8.461091951350173
9.151347080298612
9.32069013389897
9.412766142448547
9.544289751378722
9.529459891465644
11.527131747384043
11.397292264305749
11.106377298214177
10.595931638290745
8.839314678666588
2.8674988647138693
0.156597715409347
1.2527817232747749
1.9257815223529184
2.2515236954967275
4.589723009757354
3.420791975869744
0.6416596217241622
0.82943074592346
5.044456649807865
9.982427332014598
11.148289563856826
12.193001552549529
13.025123236657294
10.145649502046131
0.0
0.4384736031461716
0.5637517754736491
1.1508080196676758
1.9535371744373462
2.4698813419565457
3.0034893534994054
3.954445371458415
12.80466193428895
21.81359660754195
23.172221359677966
12.258965886990426
5.6685087008893955
4.92733108980779
4.8028421372172625
8.67708118673471
26.55943245540664
29.378848214707645
29.371019157851993
29.053572675231162
28.29828516073962
27.146800461077294
26.259420138748794
25.143715436687124
24.16855689077982
23.027050936980853
21.68146277935948
20.602278487889482
19.664939425193865
18.421219319721853
17.88648254292544
17.1533920084543
16.439382768110573
15.79705275781361
14.524154085879786
13.858855123341433
13.080558665604315
12.3771237497193
11.861503232768047
11.191869776112535
10.634763567726443
10.163906947234196
9.511951947691971
9.032893102593142
8.212835017112143
7.514732997966119
6.184372503059864
2.5555338485871717
0.0
0.0
0.2505563446549552
4.255725312340433
6.55707571224283
8.162178727014531
8.969541662897942
9.197485986247955
9.390730989655541
9.558790343202567
9.765440622199057
9.713478095040726
11.513143038895407
11.32176705963726
10.982002016434482
10.23495572781205
7.780267589354269
1.3254211590946676
0.0313195430818694
1.8864469049095578
1.0961840078654281
0.3758345169824328
0.276899379373847
1.2895632673602724
1.1311407109459954
0.313195430818694
3.5057781732507376
9.062302062996338
11.03682374474072
12.485630928263
12.976501894209159
10.391221785684527
3.0464037421410444
1.1714932620033198
3.659582547577072
4.025635103085497
4.563271658046308
4.895590105580407
5.786487272379941
6.651198143476994
12.393132405258147
20.46428243534296
21.674141062790092
15.354391830447861
4.766220826537435
4.530075789816769
6.015490835058918
9.91328210235044
24.29009899428571
26.860237707872304
27.14890073725306
27.14264653016496
26.225176603176905
25.147709060050186
24.507057090959016
23.585026159726837
22.49231818742431
21.638380820714303
20.439687772286266
19.392873326965077
18.4245239623627
17.86036535294964
17.29966602656029
16.772978454776354
16.130391526176165
15.609155098117512
14.492068408620808
13.713515136188992
13.053291541459524
12.608771466136735
11.966171251055984
11.284019925341113
10.772995071084669
10.310710486020211
9.943761048266971
9.24635863240495
8.74753729048698
7.876694700561877
6.52183141085307
2.5631104170498755
0.0
0.0
0.0
4.861562065922827
7.019980003087823
8.270568537659196
9.129870467393358
9.361018130775651
9.564132872220922
9.948554102712862
9.85763884568017
9.672942640752927
11.316154333746244
11.307198191045144
11.023447283692118
10.053145983699979
6.539937853086564
0.8965524592660495
0.0626390861637388
2.155929803922098
1.0648644647835588
0.09395862924560819
0.1879172584912164
0.0
0.0
0.313195430818694
5.62599452154118
8.871398856725355
10.897365022041127
12.071041115433411
12.566367086370144
11.585028022360264
7.775587123377833
5.392433575592917
5.224148822113494
5.748472701956936
6.505167666038139
7.425705626001346
8.85622453041411
10.592156438277515
16.307217806336418
19.896421244190044
20.6452632650291
18.15668663325447
13.071296674735976
13.219385309708775
13.987043517618156
17.08736518408382
23.22400722720463
24.83982221378285
25.287690591734613
25.271017177032892
24.678713838888747
23.476989696693614
22.745360476673678
21.81386142840807
21.26728597648879
20.28228880011706
19.732969142242425
19.06103687771591
18.11113308325277
17.782636915010954
17.055133003386565
16.418525971543538
15.93767655783474
15.38742794605379
14.46013668470915
13.562034646114537
13.13633887744344
12.668531316975642
12.12796917767223
11.37848220460629
10.967366973779935
10.455900109867398
10.20562832760124
9.619203552047543
8.836455810938244
7.9572323621912115
7.002464670979918
3.2858112446736327
0.0
0.0
0.0
4.259135350745906
7.030207821480357
8.401706287422703
9.187298759526266
9.56311841598541
9.761701230957376
9.634332921698004
9.617242456807652
9.68062034683982
11.182838846768531
11.168310573994235
10.965347294347078
9.867859722208093
6.445253469825013
1.2533570219098964
0.4814453805882301
2.319061084964744
0.1879172584912164
1.864516064551366
1.7956048698543947
0.9745429955366487
0.0
0.3911239113413198
6.223439559404472
9.121992863483525
10.431305969032078
11.74309941874783
12.114921810155316
11.247176689916687
9.420667194950102
9.077419050812345
9.321141272217055
9.338470687214558
9.918075742075052
10.622890948703393
11.476173116071704
13.558579065939474
17.523326679106795
19.530287871906204
20.075503683204342
19.324126436942887
18.061450841140633
18.199764904220324
19.102076973420594
20.884313922773124
22.50966938999452
23.795634082083158
24.0020534415073
23.33767943947496
22.668780179679757
22.204660358060565
21.45577292898825
20.590689639886627
20.13936456138796
19.56066298842559
19.346339903335906
18.23706372844683
17.651971420360656
17.17579998660744
16.78299421476334
16.3024202282457
15.70960110663332
14.861322768941069
14.139082008048062
13.675799722601653
13.283790288399995
12.700113221018173
12.030614599113536
11.39269238700569
11.04160646295869
10.59037902830687
10.073225206505123
9.726096443144545
9.080172442793852
8.171266241622616
7.208414048943404
4.142887324888451
0.0
0.0
0.0
3.5508768752753297
6.946719816632491
8.39204487254947
9.140291087433033
9.503550279399926
9.776487599357607
10.070299235083795
9.909701322998773
10.091066538911635
11.097274825163966
11.10089320097197
10.89511083294606
10.172759101234899
7.407341135383813
1.4092063559473813
0.2192368015730858
1.2841012663566442
0.0
0.6810148734396354
2.1022137187585708
0.7829885770467345
0.313195430818694
0.33649989953907217
6.646824416645528
9.091017207135524
10.459582363975349
11.478817821941398
12.081535638161508
11.339346176530654
10.291161388134938
10.503169129566968
11.473524714293966
11.943764641304488
12.848955305275883
13.91510709109594
15.232149372972266
16.62927904196723
17.786122177892203
18.739563360943183
19.685830018776407
20.021658619677417
19.911854946661947
20.15289547048316
20.47186584274807
21.610204587434378
22.104291832004893
22.784241964488093
22.66206009420526
21.95905355286699
21.238671430403112
21.00049483477952
20.69227921290198
19.78772016654944
19.316688457236772
18.97724644376782
18.60147825569199
17.852735305934658
17.28529738166467
16.9386238437084
16.480239947926236
15.796056163003117
15.152502091960056
14.464429218816615
13.755907124431689
13.471502990877438
13.036974302731467
12.682225139230619
11.977418882777041
11.431291790585846
10.824044959392808
10.457636978513339
10.130414763851869
9.772862905995936
9.100113927331808
8.462487930911278
7.229070710311245
4.797277342813742
0.0
0.0
0.0
3.104399247725616
6.838252744970952
8.398325265736654
9.26854488313626
9.765625682284064
9.857064145527632
9.776232177067591
10.098741207275488
9.90958011848626
11.192716830123187
11.245820629026001
11.269517145859151
10.511043203446784
8.362398779552073
4.113006168101947
1.5122817032020532
0.5003306664015899
0.8412497488476801
0.8295975144874909
0.4384736031461716
0.0
0.0
0.6758962047127468
6.9545981492282465
9.628963215335114
10.819344002759562
11.586143825332652
12.128175927263328
12.220403382871737
12.561622620949722
12.882761581077693
13.660956041241427
14.042934419401629
14.900857915526787
15.965092145010154
16.465313375133146
17.204942872478753
17.772348241747583
18.274856748222398
19.12905629208455
19.569591962684683
19.88738374509779
20.17681308752486
20.51260112707932
20.994721027594103
21.34667274234909
21.35284446604327
21.42913192457954
20.83622937688424
20.465111175967472
19.795343323937786
19.490802584296382
19.103660354683853
18.633963381300067
17.943036563620744
17.888888461873265
17.459222102117767
16.897320963730493
16.619168495725074
16.019289200472432
15.353315181011162
14.813921892008963
14.290387895419556
13.666679629426811
13.387299826020934
12.943262427786085
12.42404934538965
11.884649886013017
11.3351610006909
11.039490685815483
10.6631520683395
10.13728360184845
9.659890480907112
9.322797325496198
8.59608076202056
7.382767390841874
5.375599807418769
0.3598043682594504
0.0
0.0
2.1738267955935022
6.82219115396264
8.312242338831897
9.238964848313257
9.793378256443217
9.841167416617349
9.781905544629375
9.89237083517229
9.884499827913157
11.052453542621544
11.264046950167725
11.063019053867695
10.821300002294263
9.322623090999258
6.535467999719771
4.892430381379943
3.983587940652977
3.44907165963153
2.7033845456324466
0.9926049898974629
0.1879172584912164
0.0
0.555736701112158
5.932069668740563
10.13319328293497
11.202063166073232
11.90323603112931
12.212951227789437
12.764656575701641
13.07122258886106
13.804388492395534
14.128326453270933
14.633856146996589
15.488386498098185
16.179689929682826
16.736181038198346
17.389736391557854
17.797469000468052
18.041794788067566
18.351710441559646
18.9735059823073
18.996678777500627
19.451140889656294
19.655355740751435
20.193131601140358
20.18532370414981
20.31818219223924
19.941876772596057
19.731251584642433
19.390903531569997
18.897036620310118
18.98237739074629
18.390241804287278
17.855869230435907
17.494338703292232
17.427376807555518
16.94626608746659
16.633976648221996
16.245946853932026
15.697878102897164
14.988873802208039
14.2681870305579
14.068185744438075
13.434866915854666
13.088740166295095
12.512801087669821
12.239594854219426
11.648314671823702
11.331161908286179
11.04983739553034
10.613069644559234
10.158233579672405
9.74330233220695
9.194348727708883
8.527393154744445
7.611788043239073
5.332364155439632
0.4340956887833783
0.0
0.0
1.6623675016181205
6.756095000958861
8.520019836192699
9.40088471509109
9.767131463202103
9.719600186064763
9.907827733341708
9.863050284319439
10.091632346342777
10.83574002054231
10.972323825448571
11.03869990309374
10.879322463263366
10.032246377909106
8.369599214167655
7.035252505239851
6.251917200191153
5.612585337065837
4.8122418154799
4.176928329152753
2.9427615493138646
3.059987733472592
5.516216150245489
9.138631746391752
10.511409818575421
11.358114867514896
12.025456679837966
12.439337051064017
12.811016702096225
13.24502607038868
13.729927100319602
14.27912009011578
14.765492963676417
15.509587920071258
16.11169133313463
16.592984828349504
16.983505993996094
17.371547137264816
17.614588212174304
18.05570508660246
18.403213535207616
18.582686261863213
18.7342056014544
18.928476664973
19.51308622767563
19.17589808632713
19.20491762143054
18.896151972878677
18.60939958668032
18.246904858810147
18.331815392103756
18.10847640041098
17.706317964764754
17.14024912119902
16.956208800435885
16.87497928186806
16.42750456584131
16.172598385768598
15.756107535205304
14.889353533308938
14.595621945874994
13.976508841935088
13.729747012154913
13.171438857714481
12.83546236129219
12.502598159965045
12.150086534424835
11.62189194164943
11.220669696658687
10.731589851943738
10.487315251185901
10.193843496191539
9.677741550197164
9.512115793463789
8.73892562985464
7.811191436189278
5.675701471170871
0.6641614332641075
0.0
0.0
1.223775174931437
6.740446539304984
8.55590052550601
9.322985214682063
9.835230385678319
9.840599223097314
9.903530124121959
9.97226275548755
10.029830674091546
10.72898853744168
10.798177764994067
10.90525120427764
10.80271062591938
10.41256964386717
9.185909957973482
8.036405756836848
7.412997341713538
6.940606072222196
6.8442814127013385
6.147581206732837
4.551686374054378
6.6528514560198975
8.564836232111428
9.627394611788999
10.434542414661268
11.142339906632357
11.911152267896165
12.203833011661384
12.88872997950207
13.292718290470226
13.654385740362983
14.095025730447457
14.44864435606199
15.197746541955867
15.762137394897419
16.075567455935083
16.593532743124616
16.981600173254254
17.222187470942405
17.56064921755758
17.672602216599575
17.86271579632556
18.07831756182287
17.969265231855683
18.483932848109752
18.464235915003552
18.35529892241538
18.13699334930243
17.934112641344914
17.872276464035508
17.62623705759044
17.586517468067015
17.131112406344553
17.09766901518879
16.925030249132462
16.512971675408785
16.267262981906867
15.607644638207262
15.08006652987101
14.715909139343827
14.150337792417579
13.783505670601183
13.296324589397091
13.024412465652293
12.722955091247947
12.329673193091901
12.006571374128079
11.483182796475985
11.01703137702338
10.727697484950541
10.460874579796279
10.298371593895517
9.794260955647998
9.657525924071876
8.922942298551673
8.125409531829204
6.469795466087856
1.3917115874607513
0.0
0.0
1.2163814733957197
7.3888707781291405
8.663724103376406
9.374545337169105
9.846019554457971
9.714858550902639
9.85712800110014
9.846204614542978
10.000444533211455
10.718062880410246
10.645951631522724
10.840216831873976
10.67436823832329
10.412125180868836
10.043097090830262
9.053504771682181
8.32049931778536
7.887622918076833
7.665162280878503
7.189355360284503
6.326702282313583
8.421549056058385
9.509765005688925
10.024091064868376
10.459055485084452
11.192425973958922
11.785936295874293
12.105146775862924
12.78261182559515
13.193014832719342
13.293554681694967
13.686190713183956
14.090408411368658
14.695187070723485
15.307277841204035
15.726467421651703
16.060521175911912
16.508272443263607
16.73024831060597
17.099839206874798
17.313405217282025
17.42109140214244
17.52602290036079
17.524234719635185
17.82298830479546
17.744825698251763
17.44161813994629
17.50299758155245
17.59750505025618
17.352373290989235
17.221038552155292
16.995754332600516
16.81130483439968
16.40986167468112
16.13056959815026
15.896492601767818
15.46781545117879
14.911932891599735
14.518800841759399
14.0840318152477
13.633282912585237
13.333460969881568
13.151408295610924
12.69511013650336
12.272952793984926
11.861244447039391
11.550040718992065
11.182712624335203
10.984975939869852
10.554235103655392
10.126055685148499
10.052466795398676
9.731827885938374
9.482351277617546
9.082951053477016
8.290493302714973
7.682439357412787
5.987460503685632
3.5208363514622354
2.931448702883154
5.743943593765435
8.22904293375764
8.96704387689435
9.628161722821192
9.699140450102753
9.737067277757637
9.869029916478738
9.915713488320577
9.874658948365514
10.655847556259374
10.657230232054804
10.626172971978589
10.590102710461483
10.490653557464105
10.353214343242527
9.995328731993588
9.498068567898287
9.26828114596043
8.962279485120902
8.453415983349734
7.771557557893461
9.122518767882653
9.840220861840061
10.193469255477904
10.41133472707988
10.882211409587585
11.35436123057178
11.830052910927156
12.339547459527507
12.754181061177887
13.10329589430619
13.465389829064048
13.672798257124873
14.11611162231946
14.442840535237853
14.99516775080039
15.769752982925098
15.77210280981138
16.11291229731668
16.531574403571998
16.773848745390918
16.91346518946416
16.98047359249769
17.006856352447553
17.20342895130114
17.127873852308376
17.095620047261992
16.857887677994167
16.774288011716337
16.672933211957755
16.461373362222183
16.43136703929933
16.015188251771793
15.980611140278224
15.50181495520906
15.204290146826684
14.727025804494126
14.186777305187242
14.153991535890949
13.777983333410912
13.380908464097272
13.100870363840786
12.811380776192642
12.298907873299395
12.136515441860885
11.536368548653282
11.307565426414087
10.939716543338061
10.559483623342583
10.299442207180077
10.300796858178684
9.925787884171834
9.712726575890413
9.512072461811782
9.2037178053307
8.652561175289543
8.35926475949552
7.536554762393836
6.683275505386426
6.199260733212482
8.133610245035774
8.761871577323157
9.18717350498834
9.48233801612492
9.569660461324299
9.719472474919758
9.675253243875556
9.903849401984479
9.790264407661573
10.377926122919908
10.622367295267553
10.452501717799153
10.503396221514159
10.35794480866476
10.553426279373046
10.139890295407255
9.840844018211211
9.610445715470808
9.595601998130574
8.986155048889318
8.30293787787599
9.632642170037595
10.143577739692493
10.086269363922128
10.305927582808852
10.714584174294966
11.135002641919135
11.440363736428893
11.966697706043364
12.448444376473285
12.675261867828207
12.918689228053841
13.137829583896481
13.815156745191844
14.009843538012493
14.41725445818751
15.06950303459006
15.280207663238901
15.577799909133482
16.105131953070508
16.282460336378318
16.210623042744157
16.370313550636787
16.57504671189914
16.55772092249132
16.4303731811983
16.37815012775471
16.44218747214533
16.29405181629004
16.213332259646673
15.942231584113323
15.992597290041013
15.51909201139018
15.153597321655841
14.895784560863344
14.68895641013411
14.046200362437226
13.691834424518268
13.665097577558413
13.345343814012875
12.816400315246293
12.654231593060427
12.281273790970145
11.877038021340816
11.6199039113945
11.177153024946273
11.091611265164055
10.64543215223355
10.412091185440847
9.925362801150703
9.95423159081826
9.737750169157675
9.435448052014769
9.26097751127366
9.070252427120694
8.816180616010065
8.569892788178883
8.2132003648172
7.5577218469421785
7.68662813628542
8.822143945615812
9.063077204400148
9.259108453412525
9.471066697254763
9.61169680039087
9.58175309316687
9.655916031435078
9.78852373251371
9.782033255774381
10.254524832390757
10.31576308329974
10.355859789667237
10.359816012232937
10.303566503030975
10.352016018812963
10.17832035636073
10.20569218317375
9.805109859456538
9.742676789746918
9.10792516097804
8.425543611992174
9.767125682861648
9.862545946371906
9.827501837283924
10.026013132572418
10.338105806265542
10.578215839771884
10.9418068148148
11.379107869511627
11.659633553031298
12.023995018075485
12.515423682139518
12.686000784744913
13.098728770865353
13.567910674846251
13.831671848371982
14.101751070065987
14.797263127002983
15.07450101979601
15.180080078443229
15.485449101845646
15.661089043068246
15.776870469391378
15.933837242302141
16.027825102927586
15.939356908066962
15.998788631860094
15.771971829215849
15.608082749326995
15.563679342809941
15.222408187776473
15.199493752813726
14.924156622548926
14.72756882985937
14.365700654274917
13.976182488880767
13.809849079064058
13.622365358398188
13.30221679506894
13.018072669290378
12.679421905142464
12.364150396138408
11.99995461288794
11.503058495462215
11.17340777134224
10.924729367633207
10.601247305004108
10.402195671027668
10.274184014788618
9.938023825132687
9.801434323787362
9.540795065908299
9.295986420520126
9.197132712466779
9.018115095406591
8.686801558752196
8.531660688841567
8.39155336031198
8.14425677861268
7.888223375027946
8.933393306076107
9.232689697578504
9.317275516733286
9.399864478515132
9.534993987201508
9.534629647371947
9.67861600831471
9.662904339489435
9.593355250580453
9.981416623091533
10.085012424003711
10.306054378166163
10.1047314666109
10.02259410201383
10.074731062081057
9.8330474937007
9.487449696799166
9.432284205087788
9.482338016124926
8.82581059955754
8.235431583238592
9.21609895937862
9.799436491894754
9.657497954898572
9.70098357619671
9.868341170080352
9.774759260486281
10.226359264652075
9.43017838450991
10.931664988398218
11.144341282683389
11.416768330600725
11.904139307898703
12.300243161845781
12.670947388112225
13.231956211159437
13.617562812759221
13.836957681796711
14.197821001878197
14.486701226823879
14.689036240813374
14.911001944256624
14.869601646830091
15.037172719890227
15.233042619202536
15.137912251289713
15.173693707302668
14.904426338907696
14.846616829579887
14.826063598050439
14.721262736606004
14.464086353415905
14.025490188528595
14.015188875714761
13.750961521924495
13.467622720850045
13.243475502819027
13.075287049447695
12.878337328485859
12.676831783402662
12.340128881647319
12.041459433774055
11.663063808372222
11.297857396374312
10.939215024218804
10.574153893078591
10.245657079681
10.056323922243397
9.921363215441234
9.783092773976938
9.55807059088366
9.347383069729105
9.344358406261238
9.018079049146575
8.985077111765898
8.644384022351968
8.480874722544794
8.27843079490948
7.99873008210449
7.55894156557831
8.80331406886429
9.159659875084436
9.049124631705475
9.156820532290864
9.456508756490908
9.278741940223824
9.398218699479132
9.57461165585945
9.553674700869689
9.703818155034483
9.555829623673993
9.965904035778953
9.87453123722051
9.743430043351959
9.721470306812364
9.700792009479205
9.539097718272753
9.3405952557325
9.126927377281763
8.669711505125903
5.90032538916497
2.249112523447721
5.0593490980118245
7.138661387876269
6.504197907436984
5.857268255613996
8.729508840819426
9.24070426017443
7.30483938465542
6.15439823429026
7.620664863456334
9.04317448924566
7.502919527314943
10.508478976504174
11.501730838461706
12.356480604038962
13.049075472871653
13.258822155507533
13.73499292776094
13.885209201646097
14.030126891911797
14.220743941070422
14.338637454260743
14.393399979805883
14.606564697585082
14.344732852693053
14.387606690937528
14.242331325188545
14.240579800559932
14.078553581587123
14.047463798024301
13.805370977646772
13.79947311555485
13.549540655265492
13.29658047746705
13.251219109053135
13.000852931584504
12.646073764707683
12.289808083280398
12.153846272396175
11.951334188953789
11.613274440629516
11.144569882889014
10.796145333181688
10.51345662542789
10.051964843540027
9.726773554204133
9.572965876823446
9.190944225036052
9.165148182561213
9.007066387933008
8.94192399392355
8.972269364784628
8.88421328223821
8.460783614062926
8.55110219377522
8.307318313090317
8.375458385499284
7.991715406923646
7.85375036976959
8.888211064376225
8.7754373790138
8.769109086889797
8.985938592517792
9.128341991529249
9.322099974643095
9.465839592408459
9.41030062089433
9.51305882460783
9.444281056617296
9.31056962562258
9.443573591271353
9.57972333653369
9.42071554896035
9.318649660747042
9.423463487458212
9.158637727191206
9.005504727227166
8.957418314977028
7.41711532678285
1.5244103348789826
5.087284765515692
3.099282461178175
0.0
1.2641638647787345
2.6932205215843683
6.748604525996545
8.23381607932285
9.044747972920112
9.001528137986393
4.523225222673544
1.310302140711625
2.482413552843481
8.240357992811546
10.18632053425934
11.590044492890083
12.330080708736974
12.634634153312804
13.07721609396977
13.23781463411276
13.611340068322038
13.580426432274749
13.612248490980347
13.741981178874362
13.917393885079735
13.766854316182787
13.885331725000027
13.912513091136832
13.78377010161345
13.686777140019242
13.708134706657049
13.570036590902337
13.05735115608824
13.164021324249186
12.995455283076048
12.905537831539633
12.643819545356454
12.362661881817877
12.1128055163265
11.673820229510316
11.492725369408026
11.378435170646908
10.874260058421976
10.310025860165448
9.950736343056317
9.413248735551019
8.968943289421711
8.031614424456244
8.5134757461237
8.491846644770437
8.517556340385653
8.452046265182295
8.247810234460422
8.34397472676702
8.285688051569263
8.135781203578185
8.032829594426062
8.032822675011143
7.563940961511663
7.43528821995301
8.54597095223919
8.384912983181156
8.615291059039892
8.898501404759324
9.127124724339728
9.133402420048359
9.219788033645086
9.393635204406275
9.185719983062553
9.275491452956937
9.304094582855992
9.202776946666766
9.188785782738197
8.968109356439593
9.176394237092763
9.042380149360875
8.80186878243151
8.629489640892356
8.741878157175554
4.87939255569623
3.8134509291334195
4.990183876361763
1.2473950360624237
0.0
0.2192368015730858
1.078610447597918
1.8743702549869843
6.20242142195762
7.955989272015104
7.6057485632574195
0.8566347678783983
0.469793146228041
0.2818758877368246
2.6889566090970547
4.385062390991471
8.950911722074476
11.207359337663362
12.069366607090187
12.503492621876239
12.824655274927268
12.861915359600012
13.219314611476447
13.337048641384563
13.255070133845845
13.42869911696642
13.385105266805228
13.237023187810665
13.340923448269505
13.187452396800685
13.089700230083663
13.064764422225736
13.047493492960754
12.842057036085835
12.704209943390467
12.41184269854236
12.255214168527939
12.098486172077571
11.861133635469962
11.744100310036634
11.444805691849696
11.025046709126913
10.69854751156371
10.540481217677016
10.038920686123026
9.337478259951078
8.690411882405938
7.436324111256502
4.426813845565881
1.9781167302469764
3.201830680686869
2.622666779237361
3.52338460669865
5.922132870619201
7.745517143087018
7.8914015508949165
7.716051260089864
7.5694551342095515
7.678477749436747
7.542303334181676
7.122623984943817
8.216014871487687
8.312045714408486
8.232063292203453
8.696333844425917
8.928779739962884
8.912673465388476
8.957563481861994
9.351061752398063
9.092357127459858
9.192392372887113
8.996592605875449
8.9637159230327
9.240675150350322
8.880533008759695
8.710271554584132
8.783572727973468
8.540962692010043
8.475070779431084
7.340876560551885
4.0437439105743636
4.989718400137862
5.894605397387354
3.3396819175971992
0.0
0.0
0.25778939610812585
3.103721040460774
5.771214184097152
7.252034119352846
4.225175437063613
0.0
0.0
0.2505563446549552
1.18138680838545
4.208961297506765
9.23361057730152
10.688764215515079
11.250204128637675
11.770630411824964
12.099709727411094
12.393570298792993
12.507192819487937
12.67620979971391
12.871778692748801
13.01600883425737
12.889756639028953
12.848356834745504
12.884261802186792
12.718341696044082
12.711688960139405
12.644198144801678
12.605368927894698
12.471704625886606
12.422210769370734
11.991141757799657
11.986168433570153
11.773669821288054
11.67475456932561
11.320911211687608
10.914592486596314
10.545035375815317
10.29543387575803
9.994084153706021
9.426296495841784
8.858463081728269
6.210465352575279
5.069214661932898
0.8900014587114683
0.0
0.5011126893099104
3.568814839770634
7.474910379020359
6.94470222539346
6.983920589416942
6.6442786393741295
5.8162797174877365
7.22996881121011
7.528508140053949
7.05597935847034
5.632044753570269
7.566679337154136
7.808394970888305
8.070215489425117
8.373312844217114
8.958030268497959
8.995030945169601
8.870754381537438
8.95996448244322
8.892057383134103
8.78923624163169
8.874075081750968
8.98703346658767
8.98954263769283
8.656173455957582
8.582029175374043
8.681461291461712
8.250288025169478
8.514539139446724
8.381211752207264
8.072822445709557
7.713667084298264
8.621495033769287
7.956017768505599
2.418328643797754
0.0
0.09395862924560819
0.6175937643675761
1.341454027709988
2.294870551110684
2.328373620849219
2.046029479612909
0.0
0.0626390861637388
1.387228228326937
5.891923613786897
8.89833004497849
10.044116246892637
10.699769915333292
11.230641919209331
11.780488478442713
11.897585567481489
12.054047064591263
12.190110665830023
12.280440303385152
12.198910838770715
12.299964034886552
12.312969612873648
12.357099155768049
12.303445722403
12.316165576552143
12.240399342793582
12.097738650029841
12.094618352477143
11.705965433496658
11.598213728198104
11.641277316230802
11.244649636860522
10.971354729140373
11.023542450364099
10.610832506143902
10.243244806834467
10.030521806578808
9.745069315755458
8.998104959709618
8.267654838068607
4.663805962030101
0.1879172584912164
0.1252781723274776
0.1252781723274776
0.313195430818694
2.838067789413045
6.734830841364763
6.349506909084307
5.80186925813849
3.661038421050003
1.305841689260382
1.2167044970361685
1.2308901207638443
2.04847928625993
1.6351486513296967
6.322911327387425
7.725989829727457
7.869942769076669
8.19258096032206
8.635938807207483
8.568070906254482
8.881605741953061
8.677058977789958
8.823966197378677
8.662955898868109
8.569912115053892
8.605548478077655
8.535204944955266
8.475466430699965
8.450369601057067
8.415706087949257
8.430736885307715
8.286356777038021
8.185800281100597
7.846521549182021
7.413115168736223
8.445055542608785
7.773558153650321
6.194196667825188
1.5753206143449143
0.0626390861637388
0.0
0.4384736031461716
0.3445149739005634
1.086909689755595
3.333675438880829
1.3343473637960983
1.38169705560095
2.454021214456129
6.558943173232337
8.795502246909592
9.926428099693712
10.426335276561703
10.861390711752259
11.077553311311728
11.21646939654998
11.250354639122566
11.365363467313351
11.62213646963504
11.861146481827369
11.641010906409111
11.74903029841799
11.892623638774706
11.649165423550972
11.636418440503421
11.71498306075444
11.553896845255547
11.603570812420788
11.389070370647273
11.259757468056776
11.135369433897559
10.893801820285011
10.891758074495858
10.544863789812696
10.31316974573137
10.027512481515844
9.794260955647996
9.530972179016176
8.965555903581404
8.008505391822622
7.04589624273892
2.064302313464511
0.0
0.0
0.0626390861637388
3.5191718268112977
6.144129789628779
5.135955677154484
1.9169898311198847
0.8798229776548326
0.44874522059785593
0.0
0.5244171580302885
3.175957687515605
3.079983640213002
1.9416294254958328
7.249190468725898
7.806478445939824
7.806780183522551
8.273190410896406
8.440276295350822
8.317015967527675
8.511381113566586
8.666545081506689
8.680716184982883
8.50035861493521
8.66624366363436
8.49010432081213
8.356524213379677
8.226500931356698
8.137771002086508
8.215127907264723
7.9599778757028785
7.9591036871043
7.779354594809861
7.244937751621781
8.037263362583007
7.659312879938849
5.084266991783556
0.4384736031461716
0.6263908616373878
0.313195430818694
0.0
0.0
0.5011126893099104
1.0488343160605764
2.1282474208389264
2.840379872277905
3.8927452367893953
7.01194610781437
8.518294148514789
9.482602738248938
10.114702443392437
10.492936509891337
10.53457742295292
10.764903541345753
11.024759105622442
11.016957560637392
11.024767416952374
11.326347017926205
11.12368150658904
11.034477784553207
11.250486846225632
11.283487772661218
11.187547212011028
11.08697026349198
11.383864747452993
10.99444779247249
10.945208335766054
10.71625736304275
10.729929608953054
10.554725308797881
10.433745769834465
10.306556330024813
9.86853859179621
9.696523582382609
9.59548079361807
9.199186806875232
8.585502296120659
8.028978763181295
6.840874013891291
4.871419505637734
0.5244171580302885
0.5280543180289865
2.138883666751239
2.828913346366728
3.5356130103788717
3.594230676619031
2.433035344573918
0.0626390861637388
0.0
0.0
0.19153378421780173
2.622738517714053
3.2970445632913217
1.3723002097701436
7.259271008534978
7.2577772565146725
7.465996610464318
7.966244383860346
8.255323763774896
8.32107758668308
8.326317970696152
8.450669749395331
8.521684714561344
8.529729898090153
8.540549020847934
8.527239085742528
8.375502042490103
8.104510425402438
8.059573732982132
8.021686662308085
7.840724154836302
8.026010018453922
7.3457946216614065
6.90780594507697
7.953222423283151
7.69669513408526
3.018742077407837
1.2527817232747749
0.2818758877368246
0.0
0.0
0.2505563446549552
0.3758345169824328
0.0
2.184965181095344
3.1450695652861587
4.126147478798899
6.919754924355878
8.395820099091834
9.317658208003238
9.656164947092591
10.158607820386043
10.377749815635978
10.602067361872543
10.40150753245548
10.36698224393401
10.76782046687738
10.864636767858451
10.782468072858567
10.813843952074643
11.028173730621178
10.843101912956634
11.005926350433198
10.915353386006876
10.596882774429028
10.397289520887565
10.422095016281967
10.369337285932477
9.96596145937685
9.925481619574324
10.017294975165683
9.827994896421181
9.668016020163687
9.59523187796056
9.246683406480955
8.849671512647099
8.346248090761183
7.8257318634794535
7.182586509706359
6.387441198026221
4.157533423930422
3.522823056721358
3.4946161619286396
2.5162019720027384
0.8484828003008508
0.0
0.09395862924560819
0.1252781723274776
0.0
0.2915695454604372
4.398692225162865
5.821532807808186
5.125346892072523
4.258993745591949
4.955722872392903
7.375185876657607
7.5510814183211785
7.750859413945004
7.999599691952743
7.993426514942178
8.077526876363113
8.321560551933597
8.316459327841955
8.331697514630655
8.545583489919286
8.301360300974682
8.202069883876563
8.011044905865097
8.138527041536898
7.679671794195896
7.494529117545153
7.36013188993073
7.329034978653852
6.631656805647161
7.474780066265748
8.004730979688654
2.757271956512181
0.0626390861637388
0.3445149739005634
0.0
0.3758345169824328
0.5011126893099104
0.469793146228041
0.1252781723274776
1.0480522931522562
2.1927299830985354
3.3795666272107536
6.59466018446178
7.909070569160094
8.898392915948529
9.52919868883518
9.846100543839091
10.081463296211238
10.24209507854382
9.926175138150478
10.169576194252361
10.195220395901984
10.346458615680035
10.16909900237488
10.404999311307954
10.68656481859205
10.616045199774927
10.493104583176537
10.443602567538342
10.035884788999462
9.941496084087657
9.863805197721314
9.809096468620467
9.653312300941417
9.429908175938452
9.304883971087849
9.50448859308998
9.394260746866305
9.370241112040114
8.895903057120135
8.666957278180274
8.209546020259555
7.85164918441729
6.928510785477992
6.2867666985750885
5.012698549719264
3.311814507845573
2.9711528894209702
1.1528811338497327
0.09395862924560819
0.2505563446549552
0.0
0.0
0.313195430818694
3.4944484610767668
5.967203833233472
5.609394171168042
5.21899994230643
6.169636489893516
6.41609767381966
6.76084733849536
7.32741703168301
7.575289854771238
7.632690097174682
7.889516678835152
8.114809518685544
8.295041900677539
8.160405605456422
8.241417141311723
8.251049310262857
8.235742694681937
8.275411928950774
8.023214506339125
7.896210861797138
7.714640936467875
7.525342279900325
7.2769621150883745
7.138698819271824
6.159602450741823
7.488155163669795
7.9507425001898335
3.2484940528939954
0.6890299478011265
0.3758345169824328
0.1879172584912164
0.4384736031461716
0.5011126893099104
1.0408192416990854
1.0648644647835588
0.5011126893099104
1.0633829560553683
3.4790623710558686
5.9881496455510845
7.345658642990274
8.572471534009676
9.208462601201505
9.537533862122672
9.742991947065821
9.897792900987671
9.697461896072655
9.4290337178209
9.628410638478707
9.728402925723557
9.621362684738092
9.90826170908423
9.903408919609454
9.868921725231232
9.846713073034124
9.72008977629256
9.567164798116652
9.308062649961666
9.049860857919443
9.055948491962107
9.123323332106729
8.899809757957687
8.909974877389198
8.90558745094584
9.038848196705878
9.059545251745151
8.65232778197156
8.415918922305893
7.806420165987962
7.0811135170734865
6.826617696121435
6.107374669616492
4.492434513377582
3.219699689070621
1.0480522931522562
0.469793146228041
0.4384736031461716
0.3758345169824328
0.2818758877368246
0.6183757872758966
0.4071540600643022
1.790979708155682
5.9336956455833825
5.10352620745351
5.418913537088078
6.0766448134012645
6.133929798596502
6.6535549169566535
7.1192720499212445
7.358618399171905
7.596466185071536
7.78846403310111
8.085865910335123
8.065731144862436
8.181225679250291
8.076089289619697
8.195740946093569
8.118692424402479
8.06243391286099
7.945219664658823
7.849303209858055
7.534777637717292
7.355953412853874
7.390826948958014
7.195182356015027
6.324014185039305
7.551578090053312
7.852504121206722
5.018227464490854
0.6890299478011265
0.156597715409347
0.2818758877368246
0.0
0.0
0.5950713185555184
0.5011126893099104
0.0
1.0961840078654281
2.124667145779905
4.57033180600795
6.765338863209452
7.997802859197024
8.721459421979148
9.106822363416383
9.208301300403566
9.24632475862504
8.950660877349938
8.886757542450434
8.61113036891845
8.728216581456541
8.95605300652656
9.149778134200771
9.363951129358528
9.539295065330718
9.392986877178844
9.343082919617757
9.00597151386313
8.665871110394944
8.54200647233861
7.108872899572437
7.554449083299792
8.206987027650944
8.651585214560846
8.81895355680273
8.68661309195909
8.72169281529713
8.575526321840444
8.179435280506649
7.627678358848384
7.079182770418899
6.2728856159794635
5.1237315561124035
1.356849175336044
1.8197945328436544
1.8157927443843278
0.1252781723274776
0.0
0.0
0.5637517754736491
0.1879172584912164
0.5950713185555184
1.1965197329665151
6.426034774829624
5.393907611362097
5.734791700762784
6.264379530832071
6.231585095722167
6.534091452814608
6.912989124282024
7.446040713285083
7.43059568059656
7.8850293447666
8.103825117081257
8.000452052055916
7.938470191250835
8.061848239145503
8.180625382573755
8.007316600752812
8.170553859163043
8.129173192428624
7.819866811863808
7.585847657385382
7.640940787550563
7.5831415337254455
7.088598076195966
6.3002988876894355
7.406704497267794
7.9409214509613015
7.280013707742218
0.8766477017316979
0.313195430818694
0.4071540600643022
0.0
0.0
0.5324322323917797
0.0
0.1252781723274776
0.5950713185555184
0.09395862924560819
1.9628887482151756
6.250041190187542
7.324223937116416
8.224923366969687
8.75979916060942
8.9748006767663
8.616481123659273
8.143960715749609
6.89713732766095
5.043020308831425
7.832435423759515
7.8079035815059035
8.21305428548085
8.49672704483987
8.739643538594432
8.789775120787697
8.585713860943237
8.310757807073772
7.687389524616026
6.83721626423138
2.3968260373212633
4.133214958211311
7.200146152452907
8.093756583176416
8.578364843811732
8.69292747869959
8.641885021055364
8.531238828730476
8.092706783199946
7.237504685561669
6.5132988770893805
5.496353214541187
4.454012917692434
3.3505783572240473
1.0837910191411437
0.09395862924560819
0.1252781723274776
0.4071540600643022
0.0
1.00222537861982
0.5011126893099104
0.156597715409347
1.2687140758277937
6.445324089615344
5.651694192039247
6.0612298902937685
6.682543694683067
6.852064154139761
6.956522641197779
7.0947641509093975
7.423674280917675
7.603662087920176
7.456763118994673
7.694973695562487
7.871519515741516
7.93101059152039
7.877842819236025
8.045413562477503
7.986725944167999
8.049463844423464
7.864863373480437
7.775538393176687
7.528771836935759
7.488430700101665
7.382323367988267
7.263119315730611
6.703828837624019
7.180075638569423
7.755080061625869
7.445505585463282
0.9237565924414101
0.4071540600643022
0.0
0.0
0.6577104047192571
0.3445149739005634
0.1879172584912164
0.0
0.0
0.0
1.3451969409758546
3.2153753395412425
6.759791199338479
8.22225239181527
8.62046595756674
8.639604775094007
8.324835909239754
6.598178527724644
2.5619248861265875
0.8113909272902529
4.748505783966301
6.939606965148734
7.549094853946717
7.7606006221359545
7.982226426331793
7.992686240622044
7.601716660887621
7.406288864845076
6.2900598512109624
2.1939087591419857
0.3561672082607525
0.3758345169824328
1.8242797997997329
6.830720891569976
8.157496476743882
8.456070051574596
8.44051095820287
8.23601576888181
7.711567630012121
6.72684448154547
5.915011590018683
3.006861645746405
3.080246773296177
3.5256096840011546
1.2889882490848537
0.313195430818694
0.313195430818694
0.0
0.0
0.4384736031461716
0.0
0.2818758877368246
2.389729604035964
6.322760396790632
5.572219997201903
6.519397024367572
6.587440266692217
6.731373378081126
7.002514298531743
7.172223713441987
7.560987318919787
7.6226401005940545
7.710874590654667
7.775133947128987
7.886117452853674
8.064106980178614
7.893347692412411
7.9114490485858395
8.082658935621309
8.06033616024472
7.754391679445406
7.552855765133899
7.754884022013991
7.467067575941435
7.349307549606858
7.3128875978918355
6.756384322742439
6.774190503334108
7.09846117977069
3.2141850224916233
0.0
0.0
0.0
0.0
0.0
0.0
1.09806406900365
0.3168119565452793
0.0
0.0
0.0
2.1299318086058103
5.988467776025384
8.051085019601414
8.251414944087351
8.415766085390306
7.296095270511507
1.3890048566457682
0.4384736031461716
0.469793146228041
1.7632418467641378
3.1660608844019946
6.664876743279932
7.092306010491189
7.146083892329993
7.10402525966516
6.928892913701128
6.852324002945916
2.0333376706208557
0.0
0.2818758877368246
0.0
0.0
3.5438624800284564
7.902214387557746
8.163692299972018
8.312178512236397
7.865177585022217
7.449780539170259
6.573989222662746
4.296426507430633
0.9338277611847835
0.2738608133753334
2.1500241716530626
1.491804545636753
0.0
0.4384736031461716
0.0
0.0
0.0
0.0
0.0313195430818694
4.956291166823298
6.335883109447551
5.401314601742131
6.473072775868691
6.540427517606195
6.869934455893432
6.934931098177039
7.013626329108663
7.4221636309867725
7.55645640238918
7.633684159629917
7.692728805968134
7.713046388353072
7.855572707521398
7.873381703430172
7.961164988264115
7.870122512129638
7.8107751750225205
7.654792832660278
7.541838226026062
7.38860857929169
7.529103191087504
7.443526755146999
7.189999537468883
5.207946132770302
2.5272945732887475
4.017060138752559
3.3678499643535673
0.3481521338992613
0.0
0.0
1.349645182887251
2.2359894817121817
3.8740175343630305
5.295643257658908
3.984546225753804
0.24252063602135146
0.0
1.1133487527373507
5.488421227232383
7.200961206732482
8.090967134426771
8.190601356853975
6.980855632677791
1.216148782030515
0.0
0.0
0.0
0.156597715409347
2.4229081670270203
5.824653812181894
6.425508435896744
6.180538957732667
5.4854306078109545
5.979062982109031
6.152931250850986
4.244019976511587
0.42244345442318915
0.313195430818694
0.0
0.0
0.9518263112737657
4.844742826368933
7.890923059765092
7.872161984794043
7.8027205242585245
7.50690207630048
4.318002369139649
1.171210525050471
0.6810148734396354
0.0
0.1252781723274776
1.082988361960711
0.0626390861637388
0.5637517754736491
0.0
0.0
0.0
0.0
0.8545848167805241
5.815652703169085
5.980492497770981
5.454418118438547
6.397045997103209
6.683188992372646
6.749134179974295
6.820187924526195
7.061969467828249
7.410059412761746
7.471179429010464
7.716880391436204
7.603463058802426
7.558394897223822
7.778372899178574
7.76134955928921
7.868166993294074
7.830234009492098
7.817363660013666
7.658879663373186
7.649781094333976
7.408445339880931
7.358162536768247
7.272111683956077
7.377720592084259
6.819818268699623
2.410335816331121
3.619976546839756
4.4123361265760215
2.9158658193331837
1.1917123114137629
4.525675570215282
5.580684510683154
5.69414045441926
6.009423923631839
6.138712657430742
6.279362380698591
1.9488465437389453
1.587153105436275
5.791820998742334
6.640908039326525
7.643392460080641
8.158683635504996
8.166796491744114
2.1096546994139067
3.9051816874406824
1.663382112455545
0.0
0.0
1.0705128361479763
3.8476392169117095
5.2278977107314955
5.401386250959659
5.340947187365307
2.205639797666114
3.7729716348680733
5.27821170739881
5.102938218015336
2.9631924977011135
0.963725418813923
0.3758345169824328
2.8148847288432126
6.1638491270902565
3.8296714784989794
6.717593718892841
7.791107934117132
7.64410664770419
7.277406843190648
5.563084646758456
1.5406343729078147
0.0
0.0
0.0
0.8553874739609573
0.5673835307010023
0.0
0.0
0.2505563446549552
0.0
0.0
0.0
4.3177924616623224
5.889102823017425
5.542321201280072
6.267288276236981
6.53020171573262
6.859968809985926
6.765050748949878
6.993854317720126
7.159325563743609
7.16575533533885
7.552396028640208
7.548831157064908
7.468702734124256
7.7220274443023715
7.647799901621439
7.823964511828753
7.6223352663703405
7.806413778175768
7.761320895906362
7.674718335821464
7.5744311068558705
7.633880199241789
7.290121120840645
7.168935875870449
6.801991365768262
5.269997624693882
1.2904388586203304
2.5978297467803046
3.3822819162263986
5.856969020631532
6.5793724823439215
6.362557656108418
6.553631823001076
6.648509447544222
6.820516424107707
4.575263664788605
1.1836548320162834
5.989403111520997
6.60492589628842
7.141824557157599
8.133522462545073
8.41137433789997
5.174339270693282
5.478980171537815
7.933133486584984
6.475243665207288
1.9442550982700009
1.1689525511169405
3.755189846640792
3.613646555602134
3.8905145056762516
3.489091727428716
2.4036120896830377
0.7785900284118288
1.7978882981624382
3.72585038838012
4.761551895132889
4.490582716061801
4.023986545433574
3.1328015818943062
5.129089880016378
6.16446827149806
6.9831730376503645
5.366376919752901
7.72011934348578
7.699525697395089
7.419282553016965
6.904213725629453
4.943561421351291
0.3597837339873378
0.0
1.0658200637341477
4.861702908057463
5.034746005896124
1.74634699585734
0.9988515235247581
0.7403354003304055
0.0
0.0
0.426039345877662
2.071655564312909
2.7414016919719857
3.9029167513108707
6.157207850045429
6.78416415567699
6.904157083487453
6.956960640639794
7.175282981804339
7.2560029097019605
7.222115470593024
7.289629492757001
7.474252672502126
7.517364987231725
7.458372862711945
7.628273409881939
7.736670580057522
7.958682075664927
7.980456446504655
7.629518802395037
7.8012667253096035
7.4186517363034294
7.283460577215653
7.382370973218301
7.134098105446289
7.032041887587603
5.921375263309852
6.352324944349408
3.2832141059775726
5.448030002334263
6.805517781184335
6.83348546715869
6.868732200005142
7.189999537468883
7.0179295267534165
5.85168131987782
2.783719529706403
6.396622862535135
6.831628454684628
7.013193413071818
7.326945041683147
8.35466308350682
8.38849688272903
7.2500481552372245
8.425242753969776
7.918207899311892
6.780051566334849
5.011790209031176
3.782037419154861
3.3633246082240422
2.468324675658083
0.23450556165986025
0.0
0.0
0.0
0.0
0.313195430818694
1.2198677230368171
3.666453855706342
4.486030414814594
4.699083146507015
5.60042014304972
6.3705626542759735
6.833188357766132
7.511748497046397
7.667859221750585
7.8013733764666195
7.581823049316388
7.340279415701411
7.028953949005908
4.64029005043228
0.5183552555340292
5.256689618644483
5.999209039388182
6.1306249487487205
5.6940382708334
5.385131199345281
5.186238906643592
3.2465990762429353
0.6832714165298285
2.151005930288264
3.1217134313619246
1.7936601914991819
2.1119763925893977
5.151932901240386
6.708644909287166
6.619861753031051
6.950530869044554
7.219162861263254
7.393491935276047
7.379509947288391
7.2690635361528
7.36308165843258
7.564799709427028
7.356651886837341
7.571854863109782
7.750927071214926
7.67749061917944
7.688766420543057
7.711044956389575
7.765379601984219
7.525078583018511
7.573080730856865
7.345255388347732
7.19643214989204
6.921589385799108
6.21007553611868
6.461495286380302
6.378333417842577
7.046971352320248
7.048615455726209
7.049856318122397
7.082659932684368
7.212004598901719
7.056449218219768
5.939197670385003
7.402241288022001
7.650112448485721
7.325667316248887
7.406878872230144
7.595155517444561
8.374870253880653
8.476053087830072
8.286970713260992
8.489782343978451
7.93099840775274
6.527204932193925
5.176656232970287
3.6959590485016576
2.3253171369733896
0.0
0.0
0.3758345169824328
0.5011126893099104
0.0
0.0
0.0
0.0
0.40275551142939636
3.5165930465756396
4.967853616526979
5.6545851724975025
6.121953191164869
6.8284524701428255
7.462344493888978
7.883472837352708
7.828185159509623
8.140088023071488
7.824228208710565
7.56039226788623
6.910304767823865
3.4020348757140457
2.44332006448568
6.14678934178698
6.59314049269042
6.424913642113254
6.175442984414146
5.823791931816993
5.834631975094718
3.8321385996270894
2.3999832002195345
1.7931230446428967
0.7423740815829194
4.85791673679854
6.427989474455582
6.6673913821537605
6.820134295884569
7.039618043852257
7.148316942374287
7.359145792935528
7.392244982226951
7.325258353826592
7.246392597575117
7.464186497971623
7.2885278052483935
7.632494057562805
7.637309756277228
7.736670580057513
7.666209383189788
7.681778924130235
7.662583786542478
7.488131237539866
7.582350443080011
7.347568968474123
6.823191321669673
6.4806236801803
5.923820873313256
5.77712917821636
6.045951664352432
6.610866583734349
6.917126126538436
6.965410553211227
7.260957797046274
7.286484717905381
7.315348579137964
7.722558649191922
7.821915661846279
7.953274315422824
7.7095615408716425
7.613557182230837
7.770458997580459
8.359016457097045
8.607528575700748
8.37614599615746
8.270518293572781
7.844688207932495
6.316544425812571
4.948317189276896
3.314864008291697
0.3481521338992613
0.0
0.0
0.0
0.0
0.1252781723274776
0.0
0.0
0.0
0.0
0.8936285837446523
4.279298951209679
5.511271552956048
6.2854819897035
6.632592878568639
7.496743613121453
7.849464198274893
7.944575710991465
7.925564790577371
7.5828724022176095
7.470776543498761
7.1974125652314065
6.762011653838089
3.0871890405833753
4.421975960354524
6.795671094033526
6.520730822644292
6.526922676726136
6.343459265712205
6.245875934219346
6.175974911231639
2.3595140962716203
1.7817822950340523
3.372565385686785
5.718842214847134
5.928707355288248
6.467025132496589
6.687608081887887
6.910696354943196
7.17910650661297
7.365155467807088
7.3935277009560245
7.552467560000168
7.424130143321341
7.541574529144255
7.308918807542724
7.5387453948043
7.427113083705074
7.559916353442671
7.670104111344929
7.870218832782417
7.541770568756132
7.556456402389183
7.393652209207942
7.151648839099274
6.623134457876878
6.087417857046188
4.882978246759778
3.632487901289308
4.957968025727533
6.102771279958409
6.830930299276543
7.0401096719359
7.455403042170196
7.2671238717597015
7.761809295782895
7.690815270525526
7.841846599633484
8.042711381509609
7.913900308296313
7.857084786422184
7.889903323432886
8.341403358016997
8.640651299445166
8.261412746862982
8.313855593110672
7.6682209069562886
6.567340171902374
3.1054368406166484
0.26582510474172966
0.0
0.0
0.0
0.0
0.0
0.0
0.0
0.0
0.0
0.0
0.0313195430818694
3.486995849242838
5.8069695258009535
6.506512229224048
6.813376024707818
7.337925731495221
7.723744940133095
7.7095281573477115
8.0223908096188
7.992567767026815
7.7676160674466725
7.49314297586617
7.0901874902135695
6.86754496625058
5.394115527059773
7.034648134374214
6.7744711381321165
6.480241551957163
6.39061622550797
5.952196010858033
5.609827132062801
4.55508956072015
3.0062808891126616
3.552796059775763
4.474391487417784
5.533689970644191
6.3729842889207795
6.772942625239565
6.912825995779894
7.232549798217354
7.445688273831336
7.288942858323592
7.20369098063326
7.3539629743893835
7.221884698563272
7.243934457156909
7.031058631420319
7.349307549606856
7.466488238547959
7.545004086179696
7.495988288155999
7.4670156323115835
7.3428777780116175
7.1885246532179625
6.883994012394954
6.341718087259302
5.063041520916731
3.184760754498321
2.725406673022146
5.448402686299501
6.491385638213827
6.246283034951403
6.617468942727914
6.788279997563762
6.413793001047465
7.414080625102825
7.69431791945692
7.682053427299989
7.912762098368877
7.74215608937256
7.672870960076886
8.249832134057357
8.351401160792623
8.460763055101577
8.550238486336314
8.091289111260446
7.610059967925466
6.606116342202224
0.867794261342672
0.0
0.0
0.0
0.0
0.0
0.0
0.0
0.0
0.0
0.0
0.0
0.0
0.6532718654518276
5.590756278059073
6.690887120894369
7.167496757299505
7.358917861733694
7.530462812838461
7.970570729512062
8.08421467151291
7.812211172521481
7.859954343619106
7.531688680585552
7.054446940205223
6.906887852268295
6.929549912864151
7.159325563743607
6.778771268890659
6.452458289514527
5.518110101078074
4.463032587096414
3.530416545202687
3.297904522526677
2.191154137805637
1.7809159929880625
3.23476878911932
4.622409488162776
6.436887873819517
6.792614068248422
6.955595256249373
7.094764150909396
7.204689245191958
6.989882686543093
7.1974125652314065
7.281757761762898
7.349886887000333
6.974337071732575
7.082724735384071
7.504734480705548
7.293634048786094
7.3720768674859665
7.4311230743601815
7.328699750412081
7.28224938984654
6.825198683089388
5.999613088262202
4.860927394748546
3.0458152422829037
3.8132014432837478
6.627431376326055
7.347868467647265
7.3974278007731
7.752079847066063
7.929042888917172
7.704869752098714
7.0488787772425
7.093602990816843
7.25958183455487
7.090000421839199
7.019523718355612
6.967207495010672
7.32855058329695
7.823768472216874
8.105165670079355
8.326252485209926
8.480062861045683
8.201808100686245
7.621734780710766
5.141971846934544
0.0
0.0
0.0
0.0
0.0
0.0
0.0
0.0
0.0
0.0
0.0
0.0
0.0
0.0
4.781593216038986
6.945356981979232
7.2431791321914565
7.4425434989797115
7.544879577927776
7.713782188552514
7.730265767854319
7.49565156234233
7.632230360680993
7.3273294096162696
6.502935687482935
5.410006422980842
4.974602903993504
5.200720852636702
4.767693060547748
4.659546422403696
5.397495318488705
5.9939940930265525
6.214341154686851
6.031462701277986
4.883272037524265
3.272548064492149
2.166520022099511
2.9642289674894697
4.818190407445244
6.2474152549899085
7.073733414163023
6.993572757876667
7.222640023528727
6.984208239913305
7.147940904804053
7.176896335694179
7.034357603293246
7.0728596578562435
7.027250128745418
7.106139878368127
7.196920937147763
7.307740545025667
7.369408007077909
7.339738046808481
6.725360138398351
5.638897161857285
4.434298734055848
2.888327573413998
4.441736710458895
7.433548689844319
8.216940458950821
8.118097373368926
8.097667705200951
8.386225662317274
8.376241499088072
8.310444019189077
8.261830226627277
8.591706270850057
8.693067908155085
8.265856377740842
7.723256722961578
7.255465537453094
7.106210458530476
7.361804946478969
7.609623480896961
7.9348392918751065
7.676945971629189
7.241183965448242
5.984607526994304
1.9261611980924638
0.8485034345729633
0.0
0.0
0.0
0.0
0.0
0.0
0.0
0.0
0.0
0.0
0.0
0.0
0.0
2.440261308639993
6.3457478554322435
6.326471916273067
5.949740427770419
5.712817388050519
5.511650593468078
6.09344423474391
6.000365130148338
6.1099876014865835
5.610978719264593
5.877636118961298
5.929583993715682
6.288731764882464
6.875907310254271
7.293231955766148
7.07916490745725
7.140036248957887
7.175665110027479
7.075465904642854
6.818496283131513
6.376754508357818
5.987291928920042
4.655181862202921
2.7987541258831734
3.255300925655218
4.65241475516737
5.940040835578975
6.877182112576575
7.180089762780251
6.843736520985309
6.856104436092148
7.05651402091947
7.058033602331196
6.760609420981965
6.7740890099089786
6.868963979282628
7.096994360125776
7.0633706178986495
6.9857865333718285
6.393874551797902
5.280544225974252
3.6914289920367183
2.9811031897521296
5.8658522122614
7.988557368462809
8.855114893598996
8.616409988292194
8.556319479758828
8.581007018586414
8.714463873614235
8.9363284730758
8.787813740847277
8.811283736679211
8.677579571215665
8.536557267525552
8.416195972614691
8.452578711651345
8.454797806273394
8.631560861099262
8.896701938644823
8.954476174966441
9.248601170068829
9.25124635148686
8.12700561581869
2.15373423080803
2.6530450930967744
1.8606998030979005
0.9628907611764594
1.156477025304206
1.4748942962103504
0.5950713185555184
0.156597715409347
0.0
0.0
0.0
0.0
0.641680255996275
0.1879172584912164
0.0
0.6263908616373878
0.7392760452405809
5.3219783760558474
6.922568481678861
6.877383935106994
7.42336760868123
7.840898271735535
8.3862433873389
8.561055070025976
8.650649102220791
8.299972472914838
7.971617092907413
7.364701102975322
7.0779268858889814
7.246392597575116
7.400641266156757
7.5287053492242855
7.314137391768851
7.299344261095862
7.086542169539796
7.084134816935296
6.891974228175508
6.9833931956533215
6.838972304256426
5.575879994819576
3.4281117425856547
2.493700160462795
3.9937172506512066
5.724806094289875
6.537277064461564
7.170710222683161
7.258760512681958
7.188142524994823
6.878647537931307
6.348360803859019
6.561075882621679
6.950530869044554
6.890370155348566
6.61866270656788
6.177817625935064
4.980033060333138
3.0502991124501024
3.354939136187303
6.521018406301164
8.338089413489719
8.87823573486785
8.852027586703448
8.86165379339262
8.884657002588584
8.890612096701327
9.047673338309162
9.045803931491946
9.03064011045433
8.922591252532161
8.983676751857999
9.030025283632073
8.80233556906748
9.0014101279229
9.175927450456793
9.22334874716811
9.563391905588837
9.856747253754001
9.675189388303044
9.612653181394336
9.046723955943039
7.442809858983478
0.832811875326251
2.240381392506664
1.688310663695801
2.2817322292731363
3.6183037256388033
3.4331142087525026
3.0491476002133004
2.5178483734646773
2.0883509690430864
2.2561054961730007
2.6646880486842757
2.5519819665358536
0.6336651816347836
0.5950713185555184
0.9861952298968378
1.7695897039484252
2.8729852989081146
8.009060723646686
8.565550347560219
8.43032214956601
8.817091577613946
8.867038987207978
8.790762500849366
8.697100779400154
8.480735562623364
8.490572376982156
7.967045805010016
7.62656515980316
7.659148794881016
7.517821955097863
7.46002270127274
7.366981758249655
7.39913061622585
7.414611414594359
7.470844200768698
7.2127688553479965
7.442295980047777
7.4889938595452605
6.843723741428832
6.354733278317461
3.9883542429930503
2.4042226169405407
4.141659176346114
5.423941158148624
6.477651156692848
6.738936754789302
6.926982272585439
6.892061796743248
6.116178903252613
6.459236310671585
6.3298354660754494
6.225797111034306
5.313072163946054
4.5117902364116755
3.3417668766278648
4.280770900995561
7.474527986491497
8.57631054094766
9.10804249202419
8.984485070592008
9.261100854494323
9.251497749897917
9.116776196820096
9.059114511369199
9.174348673993077
9.368585502638247
9.213950908678274
9.487398128199626
9.624370762979972
9.410018203950681
9.170313888442093
9.515267860985563
9.510371594682683
9.473076816120333
9.5661626288541
9.652361700278414
9.79999167214978
9.789391683998756
9.060762835379078
8.23469583801146
5.2799445667046285
1.3665812372843322
1.0408192416990851
4.166762049336641
5.734135031518304
5.203985855607132
4.656745400251221
4.12828772485514
4.052377439288297
4.171307632346031
3.8199016893840487
3.9391840005317236
1.2834406166084866
1.479292844845256
0.9111218864645894
1.0638511647122315
5.141996471673564
7.89711374514692
8.415823419375277
8.60644600508957
9.069015531711102
9.242289973074051
9.213161520446421
9.182669387827517
8.75760749816375
8.560447853934516
8.295363877511216
8.091076230703932
8.127661113527841
7.887362130881835
7.9368079858661025
7.9195468060281895
7.876353969092065
7.628800803645557
7.653934084744913
7.534777637717295
7.7407682800224595
7.780090395009292
7.354877540024626
7.381159785849189
6.654331718158375
4.720966979480669
3.0474459501065545
3.053205250309416
4.577770881047137
5.7899996620741785
6.390353335485655
6.562485436757532
5.7722681670175175
5.7476714462478595
5.299055035191095
4.538663062484228
3.511422252099747
2.958515568078242
5.033198712745117
7.718306003708799
8.84148298165991
9.246288712365017
9.139516269985165
9.324325507880035
9.345376097863324
9.448654917659242
9.372738257335163
9.559185037318496
9.469959820338902
9.406291099681958
9.278462670279948
9.38524522715265
9.592791993238711
9.47396356121083
9.57320828584846
9.663466026376964
9.67892877954473
9.688038510093083
9.897286828585415
9.674066014527988
9.552122157172887
9.663280966291957
9.086868819983085
7.9689187801028005
6.61954260111057
5.938459119793318
3.3408295608836327
5.957609238656623
7.154091957383757
7.126589592709259
7.413736939296599
7.111357219663897
6.936123579082239
6.755696073883639
6.975647292818264
6.452719697605813
2.0831927319867893
2.5985947433314984
3.708807962334616
5.503337931177561
6.265976498575232
7.710958500734733
8.710783267744976
8.67083444409922
9.011707120041393
9.126244281341808
9.060370686237027
8.8641933408673
8.922321812954161
8.77385731300639
8.6696718578561
8.389113762257992
8.135393787458165
8.163763031101231
8.175272912777645
7.863949335119073
7.859690646737296
7.836890151753171
7.809971717553153
7.918979703892545
7.823472169260169
7.6544668501704605
7.530753029648299
7.709819803127437
7.524784492118647
6.95118864695702
5.632350532603011
3.9977173064744864
3.2607196482479517
3.990194061636493
5.163451805382423
6.0303545632939475
5.140651087365614
4.423416495906894
4.03493863002328
3.574428552128263
3.2852217033366817
5.608222121658575
7.81668656256475
8.735446442844673
8.974333890130335
9.143984340885972
9.256081244970778
9.533199282707322
9.527334348428028
9.623796789119481
9.515152436813509
9.699395872392765
9.624319194380421
9.427026745955116
9.521381710922372
9.496926311175132
9.816586691813995
9.564662628276515
9.777976972759074
9.92112492695984
9.909593131751269
10.045542994550976
10.187412754481096
9.858253760964084
9.735496914975052
9.562830218701304
9.183626696848828
8.681162412657505
7.970916166311098
7.096096311424024
6.3640564773622685
7.077716750477374
7.737170739408171
7.984413397303713
8.125766817950137
8.223845350685618
8.06394599176178
7.944296573426437
7.932893342907043
7.646134965357017
5.39938283029693
5.26071059147367
5.318369448565846
6.0777521339719085
7.248981053304629
7.963473036197129
8.740477797267657
9.060998773670937
9.112029489632018
9.36058993537358
9.12508962526253
8.974333890130337
8.953206094715119
8.926051112667126
8.753016717698896
8.605871724445395
8.430278492575194
8.355762928286296
8.325513028611956
8.180996262041234
8.00942373068715
8.002832256190128
7.966244383860351
7.9251751564737605
8.067674296874063
7.704672750261262
7.668122918632399
8.023031145215226
7.649645779794119
7.539329639549906
6.982033360758123
6.321539690422565
4.166743698218617
3.188602995637544
3.584821185137574
4.538531995811564
3.3350454789442563
2.9711941579651935
3.02712285658174
3.3532996795948793
5.938740970801599
7.545461222948535
8.634174383656019
8.951199756505945
9.124672790270088
9.367331872744302
9.517475326909086
9.706874654876122
9.69558526869256
9.795320473850555
9.915323848253053
9.882132074469894
9.75988845914978
9.868602447368707
9.748790639683724
9.823949240581983
9.75553003208057
9.95523137399193
9.85094444059248
9.959722284383922
10.164281187947834
10.041549263839853
9.989914255631277
9.851263066820843
9.835110915620541
9.823692083837242
9.796258787540603
9.339182870014483
8.929049179540893
8.74628047084731
8.267696121683764
8.36471797786523
8.435966373796946
8.607318280412233
8.555952576400271
8.546321676983196
8.436280161681644
8.421466374072155
8.411716873695
8.125878949933053
7.6874867031345335
7.850773652594633
7.874206317515077
7.993830353640052
8.620878154240325
8.82596812349718
8.994133418157688
9.285842525450452
9.2792520585118
9.43486829781384
9.22492752363182
9.103297696153383
8.990601465502689
9.038417456329935
8.807393136168303
8.520822276656492
8.748098310519502
8.575833389593628
8.49008249231672
8.530821348966187
8.310757807073774
8.369213659637348
8.176962516747812
8.05005889545702
8.039900104264552
7.867677640231361
7.750206082959573
7.978407596522184
7.625034457832359
7.446635764318642
7.280282877511973
7.040532121828816
6.0671757023083055
4.343028113769702
3.5167647111928746
2.8662621459071578
2.7850472880117434
2.319061084964745
3.1849735123113123
6.1116630035139385
7.502203303251094
8.308328700305756
8.671301230735182
8.689902126259396
8.91861529888956
9.334927668511174
9.422015055480191
9.441730465177388
9.394852788040199
9.966276542037859
9.736001252922579
9.834051397417987
9.914445269591889
9.840037536209783
9.955669470278071
9.920174251638946
9.88613339463409
9.914445269591889
9.99876012418302
9.943818397206973
10.039559241848057
10.286575015769651
10.114763912876052
9.892126040058391
10.127989499568702
10.052530650971171
9.749471796629038
9.554196131610952
9.30700636712568
9.1208470286311
9.154368914665627
9.034695442008967
8.867316662278988
8.910106751918631
8.82621477742682
8.663138715780354
8.710828194269853
8.645452375198532
8.640628201415694
8.767805800093441
8.815018029766946
8.82057340464511
9.098632278194609
8.958366775477359
9.230487923628639
9.285171106364526
9.282351359473585
9.371681974499175
9.448469857574231
9.691284190563353
9.402299645782982
9.272858938631117
9.204856011052593
9.22716534384171
9.02849966918625
8.791286861593894
8.853503894277596
8.6753802980392
8.469874052408828
8.465798793706993
8.456244679537862
8.40134417789524
8.35442002675133
8.238878892066664
7.982833661132998
8.237142687799684
7.97477901036899
7.992400390797783
7.759169337458917
7.687257331148135
7.477226367133903
7.3664543644860325
7.052909495831849
6.46189558338566
4.802381013621796
3.474334674142306
2.5125235434598157
3.9858797138572606
5.891338941677301
7.177556353518417
7.99877898473829
8.083685059765706
8.391275040469118
8.78271124722157
8.982765287718701
9.25532003854518
9.432943248833967
9.588492485563716
9.634966630587378
9.806169377659096
9.764495801876503
9.857383423390155
9.771241700905847
9.846094037206589
9.926791787889123
9.9133775103021
10.010355774964097
10.152679030534243
9.984240888069493
10.036003607423087
10.171579229509158
10.164400006371451
10.239558607269707
9.932414313143406
10.085712449212371
10.201643489611511
9.845845121549075
9.971762538083635
9.765689537856568
9.846285603924102
9.647088807173011
9.542158428000647
9.30163348382097
9.064545265366053
8.97470644336975
8.952900608877098
9.139860347057082
9.039242890821809
9.18130001731711
9.309282778569473
9.12834485294753
9.268439289330068
9.376470386148975
9.34839708379955
9.377795824435989
9.764885441944026
9.647070739859597
9.4453347944794
9.579079726760257
9.559473234602601
9.675763362163536
9.47642151324607
9.308031693649406
9.334794177025714
9.02270587587145
8.985382597603918
9.126927377281765
8.814690403052412
8.695794652888809
8.856107611160418
8.701597326468459
8.460872197578619
8.320690124363178
8.38141639761492
8.420419849720995
8.136412706068201
8.210828681951282
8.148846821146206
7.721799513100535
7.576013288146741
7.461781334445374
7.310657388675458
7.1073957628980455
6.902327565543684
6.07574249301811
4.941194593521489
3.814406266211515
5.644529480622054
6.562949157718634
7.23549512398687
7.672648400536982
8.055954524147007
8.455777892901898
8.67331203711854
9.016158740584821
9.234720056237586
9.558773935685997
9.671201081403858
9.926292222119367
9.970761020455242
10.213492176593718
10.007062069461632
9.852329091655903
10.029454047289024
10.093683244731873
10.09448556947022
10.245980456258758
10.183866012777507
10.195404314618582
10.375040513638767
10.423449667280568
10.398823991887523
10.138406323989352
10.227335679573862
10.138278612844346
10.330511980274007
10.243671156404444
10.339834697977789
10.047167668550525
9.972574875083408
9.904091811009492
9.641390865665318
9.572212623218402
9.389908100137552
9.490064143811585
9.49077160915753
9.30241558666083
9.54489879697955
9.574158886511466
9.577828641840185
9.765753393429069
9.728922944895602
9.6470707398596
9.75641027053857
9.727909214952142
9.614000896881004
9.51401677606549
9.607082951031648
9.617880286240634
9.770743869590817
9.588179714333698
9.533545555223482
9.406175675509903
9.260495574791936
9.161774985730279
9.250210902844808
9.098552900282577
8.882292016523502
8.771990166462523
8.798395661684893
8.681856942730594
8.655383422953882
8.645218981880555
8.518271050485321
8.366382856233873
8.149763849013436
7.976242186635977
7.956085592667883
7.897523911580177
7.517025101812968
7.272570387187659
7.193935402965936
7.02131198523382
6.657087777768548
6.4789762085310505
5.646536707651176
