8.201625283774
8.157985876006471
7.9449280188791045
7.3374413498806295
6.5214419253181095
3.9663631657280125
4.206138007566114
6.155339688604388
7.183036281457117
7.945331750441859
8.061628970776795
7.926649194673632
7.933828839116889
8.172682817592788
8.150536425116371
8.275785751724246
8.096428700500041
8.335423517405955
8.309909207998755
8.623960045348209
9.131716138461199
9.234009435112116
9.431173491755288
10.112827883703062
10.870810802070258
12.081645970626386
13.483410151691002
15.109394773779295
16.56105051086756
17.339123359281785
18.122616539551696
18.24693805409342
17.808373167575585
21.32082210713247
19.801167507263546
20.345400587637
22.678431742427044
27.552139434089078
29.550993125308484
30.901357201943274
31.31009404456634
30.919036031302138
30.166022341869997
29.159909254482024
27.54289096228613
25.993398976218877
24.122904457081795
22.067512503001954
19.93366006659606
18.302856615467757
17.045883645241908
14.994077150009147
12.508170178978558
9.038766494252249
5.858859574612815
4.789493822894336
5.189047101399905
5.955627773435098
6.570539518302909
7.000457407745369
7.337551150269952
7.369940444490016
7.434759477295439
7.357288780461465
7.34405604052867
7.165225100747308
7.181303790977286
7.383721335474992
7.046539443531139
7.01313470102502
7.23399175761622
7.257777256514671
7.064353874065932
6.9132300552957915
5.846633681115381
3.983096466328335
3.8656751311489894
5.678121727049769
6.5575458661125
7.331247412151674
8.745895582405316
8.642842961890832
8.691361405903068
8.804154678273731
8.219007538236227
6.946600465656167
4.673909371520751
3.1058721960843982
5.1676553422648235
6.995132660958173
7.554241906812887
7.815259519585208
7.7178364131905175
7.5521323317584015
7.541316203924371
7.480190816013727
7.5310167265301144
7.597496013206753
7.376432829706702
7.208873799179405
7.421967500926181
7.444981232991852
7.455931839687471
7.281133253075374
8.045393612038017
9.603752928803607
10.907438675196094
12.466640651889099
13.728806933467004
14.489802483212893
15.37678515940417
15.957651217208369
15.539659906765014
15.374102852817797
16.496195688587424
16.67980732661574
18.579923315240325
23.494949562969296
31.055022068680586
32.535123501292844
32.760401947889974
31.99461912055377
30.592841952790483
29.248407117104172
27.193495139381003
25.164940731591656
23.03065003752367
21.13392726865425
19.17169812593477
17.590142431001187
16.300095233878586
13.538296853549738
6.756197852240263
0.8273542339512732
0.0
0.0
0.0
0.44211076314486947
0.674657748168153
1.4043244148227894
2.5797878959860796
3.7824342118405614
5.271759504794005
6.482849463523296
6.751426949313122
6.972645430337891
6.834631851828104
6.894614414888231
7.009257547574764
6.923884397715187
6.849019907911136
6.682543694683067
6.5753076139292785
5.099142057025842
3.481264354370516
4.420608277172325
5.9536819983841855
7.1241160414641636
8.000017989439199
7.86657543468514
9.076484246203433
9.305612332848055
9.351533628981787
9.349452019622088
9.15272341975661
8.630887798506697
7.566950415959078
5.473543657511511
3.4831318450476796
4.633148513643212
6.36418480696288
7.1044073878882985
7.323096835142254
7.027250128745417
7.0310586314203185
6.954082056581305
6.520082515409072
5.904743142136709
5.944595022729207
5.756416285345162
5.401689957673423
4.507536074219597
4.323129403090909
4.158316206883796
4.758866833457795
5.890055797958051
7.022970065267597
11.01234610177956
10.225731574418703
13.549367520314554
16.14282550165907
12.151474599508651
11.80713263402579
12.145245036706386
12.228026646233626
11.704873082973606
24.38325999325371
17.90242030071459
32.28810310148958
35.60075320322043
36.004471155591055
35.25510914484233
34.17686687325549
32.19181415906944
29.84655570470509
27.708547118945262
25.21076764909158
22.311318578472466
19.43477140359495
17.213814642096605
14.773531073914292
10.46375851266006
0.3808468891182908
0.0
0.0
0.0
0.0
0.0
0.0
0.0
0.0
0.0
0.3678194426209416
2.60656351039044
5.523164681974388
6.314376781182139
6.500702503365341
6.58832348189519
6.438894318020104
6.531777221749061
6.2247699645657155
6.099359271133744
4.1172692255429535
2.9382866064472344
5.06264910996829
6.583689345291399
7.693255851008119
8.181490518301308
8.198104567375365
8.378616411379424
9.539097718272759
9.498177396095207
9.561017446893707
9.62418497660291
9.62974364628469
9.274510091741849
8.801923202249224
7.817257984824539
6.171450954727654
3.537069520662435
3.496730954034499
5.528046673019517
6.216887435937059
6.532970320098238
6.220131316441217
5.122405257201996
2.697188548636574
2.8152334408904403
2.8110542606253524
2.3800329539512823
2.520043195181685
3.3539901033745303
3.7268943461750483
5.968880305101777
3.992683333174814
8.24963808017688
12.695396219775942
14.571818199038292
6.5401593379705805
15.322068663189244
18.988340794250668
11.976975149071855
15.998342942418125
17.915216166812016
19.746599725276592
18.819598601279754
24.52619821175034
11.07123092880386
47.035895372918894
51.73715423560316
50.63577675441702
48.347639780816564
44.69142930149967
40.515134681690306
36.50348020953758
32.39630851293808
28.142161860650827
23.751426996692736
19.98358696033872
17.042901746839842
13.769242545820717
8.841412401067357
0.3758345169824328
0.0
0.0
0.0
0.0
0.0
0.0
0.0
0.0
0.0
0.0
0.75092827960077
4.508271286377547
5.518098262327362
6.0258452435420855
6.1969058303378715
5.99571649648897
6.077026941624404
5.114485309795466
3.3700371422384348
2.918032187918571
5.3581382489875224
7.0438033576859915
8.009290798303336
8.55627455323395
8.421721595885545
8.741883582502693
8.732086269341643
9.78183518242437
9.781901424085756
10.046984994554398
10.107036667749966
10.062255098184078
9.828620438881217
9.306332775559648
8.814292566379867
7.526691530767795
6.16561319116185
3.4146335498625913
2.491743014669557
4.853752869383619
5.944681350000014
5.754733072750464
2.4649809334353203
1.4093794386841216
0.8769472062923426
0.8456276632104732
2.294698927514959
3.402190065046064
3.3934421192322786
6.38557969884959
7.67896374355018
4.084999584316057
6.338695058210041
10.755796893307881
12.507598221146718
10.583070562000021
19.52953404458811
20.956070301279727
14.785248088672176
23.95727016685022
24.826353453441648
25.83847853590469
21.802045886327207
27.285224741399432
13.471711024464069
61.08981618995112
65.33807653597181
64.27977505144679
61.47329201828597
58.33139711265699
53.13153580008435
48.48123432539493
43.26459739968203
38.593619012951905
33.927924026444835
28.550912727303913
23.693860433245504
19.110563917528683
11.98323170424378
0.0626390861637388
0.0
0.0
0.0
0.0
0.0
0.0
0.0
0.0
0.0
0.0
1.0123548357075935
4.099847701886138
4.863413917815202
5.062440001766629
4.9092906986067195
4.818427663989745
3.821827999966562
2.6685403576884412
3.4283572937874096
5.722280542939359
7.007281189670721
8.00646125114376
8.456326343638636
8.613434362941812
8.864992222391987
8.963913270090663
9.086635426665094
10.252421699964879
10.228458401714768
10.3731353146426
10.398105370604762
9.989476159345138
9.926230101001593
9.50672641329987
9.006240953441134
8.37430374580296
7.330778603435072
6.072740678357068
3.9047552288922165
2.277726622340582
4.532606556000461
5.439359154609497
1.8161956999365287
0.09395862924560819
0.3445149739005634
0.7429132052392788
3.2191056460276313
4.060970361960059
1.7936968298492366
3.4352239887502467
5.270463155795566
7.319203946611948
7.92571788130613
7.803276802164086
10.39406459168482
12.92015383600924
19.216248039284167
23.407555342402866
16.785306867541056
25.712773551700305
26.89026654530004
26.441983301682807
23.20867734078997
19.84181747608315
13.542496022769074
64.64883761088097
69.52717203891646
67.6318839217004
65.24309300884696
62.201578218006325
58.31164432467723
53.30942876537332
48.15896372072363
42.58134955588371
37.85042785122472
32.54279019877301
27.26672511228931
22.145554240375393
14.822354016334357
0.6003457933721127
0.0
0.0
0.0
0.0
0.0
0.0
0.0
0.0
0.0
0.0
0.47343030622673893
3.7479707452226534
4.568377862446082
4.493994962463939
4.454157842883955
3.1031633181908647
1.8063970531143319
3.658484865395673
5.714166978537129
6.989537554865958
7.682864042711429
8.181537118598122
8.731713716102226
9.003660334587781
9.11277745752913
9.15496095583952
9.13331321177045
10.15886609667083
10.393490869611387
10.491465894463879
10.40531320916651
10.3057855998857
10.120343564720823
9.81215551645089
9.161387577006348
8.616314485361583
7.990083369812803
7.0897495442705525
6.103842810097417
4.246852843866248
3.1349936114830244
4.592927433092725
1.6070496723111398
0.44211076314486947
2.375840748037498
2.8647346094440653
4.10343239690324
5.2344429643273624
3.081320514673082
5.709885665159135
8.431288939152303
11.963771075272822
10.151493891078646
14.86510841481945
16.57144438170178
17.794952965909268
9.189998782875335
8.564020635343827
16.25708244568885
21.330894632255006
21.129216112952317
20.007498067652215
18.78097354159732
13.670297058266389
12.025239052286844
66.96565774077916
70.70163945693963
70.25015339444853
68.0269168406075
64.69994197308466
61.2611607788706
57.45882336161831
51.812736006736635
46.644448936060996
41.02148486700826
35.99063403447081
30.566564074096245
25.100154924975257
18.079027597764018
1.6581482422929739
0.0
0.0
0.0
0.0
0.0
0.0
0.0
0.0
0.0
0.0
0.0
3.9599151247898527
5.73289810158692
4.867175617270002
3.3138901864145582
2.8229340890479335
4.069890820903552
5.445831103963524
6.998712705015877
7.720641302623382
7.861962163394792
8.395153842712274
8.768144492476496
8.908585517819603
9.32562973185386
9.428046982531088
9.528631221607192
10.464392706075834
10.378872537776886
10.489302419182927
10.48042131048271
10.353985073381633
10.21068092488076
9.880445279352571
9.444945190311227
8.767453805815377
8.090682705018876
7.160311660738813
6.889477481249399
6.264683008423378
6.186170933414231
6.110593254120768
1.359663043882197
1.2498783290938549
3.0614603313900104
3.25365650740519
3.6263115866814895
4.521399363982207
5.49375703556944
7.176628958034267
8.838811618209137
10.086802198181447
10.272136124952205
11.310924078090471
12.693186251230676
13.84129140880567
11.413704553709955
11.55122754349292
18.746493407699436
14.536698667358213
14.475201056900422
18.32625016267123
22.836348040070344
33.70028085559123
47.3145854938421
69.08733505200689
70.95426719514434
70.5136922886033
68.95799139887554
66.53265111294324
63.237823458329984
60.082694679891226
55.222973808961356
49.77163159012706
44.09887695922033
39.03011882660392
33.71611801157074
28.109273831111693
22.243797556032455
2.745052201266897
0.0
0.0
0.0
0.0
0.0
0.0
0.0
0.0
0.0
0.0
0.0
3.518314824486079
6.481138184491616
6.573221673271973
5.526665577370991
4.989773309094659
6.060939195986191
6.483326843195684
6.727442595989243
7.215080683221299
7.722818534947801
8.393115229468963
8.932706386733814
9.322961171268021
9.623298957804456
9.651110615358341
9.802181070759904
10.719554874441378
10.537711572824723
10.702653765853999
10.59338890788334
10.200209137609
10.087894037921679
9.731380896930855
9.180626369701708
8.840862504956798
8.09885780726806
7.414363431352626
6.861005694794836
6.83348546715869
7.2847081311808966
5.655493135961589
1.3490976344986267
1.3138773978939855
2.426600622847813
2.5007541104611937
1.7587813953128952
1.1475100946668197
3.210844572628182
5.001626555091171
5.74071785025587
7.0883722285767385
10.81557483718181
16.58182883055591
24.685805787542865
33.50678726875032
46.86058470184826
60.680266404980564
64.74346306106953
65.13893804672017
66.52629659665133
67.6147538288421
67.32204640740483
67.40023630786094
67.55110597361055
68.99158205083494
69.71234117094306
69.20804701273157
67.87338090914754
66.99700674202627
64.0624733946759
60.96959209333091
57.45839640323259
52.5798784044051
46.97746274615986
41.67657858053292
36.622882398458415
31.078978362504667
25.369640789174742
12.226892983532593
5.709544585306676
2.5220332411107456
0.847647288510984
0.1879172584912164
0.0
0.0
0.0
0.0
0.0
0.0
0.6877707040527845
4.0546561909096415
6.404986112808781
6.485177521509089
6.128213779541446
5.920439467098377
6.397453377279392
6.322879355547328
6.370569708770323
6.6441592824456315
7.442104128797055
8.307280701466071
8.933406566687761
9.428772515190433
9.679369261919755
9.783028918404437
9.892432304655907
10.715311277118557
10.566805924637785
10.990913201823455
10.652265750081659
10.018107312165455
9.697461896072657
9.224566330802038
8.870884661194006
8.521006363102805
8.306761673404596
7.817920670346305
7.447918483047716
6.9742147923155935
7.73023742797887
7.848715013524887
5.167382241094928
2.1807323974330597
2.2954654561264256
3.9054821621773916
6.504674450915989
9.210671653296423
12.227198139760919
15.102352629135037
21.21625889601923
25.39505038239612
26.325634992659815
25.23422691011691
23.47307823043375
58.52810682022311
62.94623691526497
64.9287201982052
66.77766368484893
67.76260803956687
68.26540013497038
68.49686419839739
67.78460485248667
67.510330178543
66.66639726065017
66.97263401805175
66.91858773861311
67.15241225206303
67.43543728216207
66.72343504839685
64.67001141198931
62.002150879378114
59.3738629214693
54.62953287770701
48.87857521398182
43.906401300268946
38.675167218022544
33.60032574468769
28.318999312057187
23.067610509499097
18.555398773876355
15.553458420487665
12.939726082771578
10.2188934147174
7.735850198347006
5.248267176024533
3.320640202199484
2.2340104603943156
1.4518346166061762
1.9399150275970862
4.810055689066825
5.531970812806258
6.33278316020901
6.585270246336412
6.142529590547544
5.3895653809766975
5.384750833316536
2.3718504050252096
0.5710054611989324
1.554120979903921
6.572470036007352
8.121138067823042
8.998885467676619
9.58099503374105
9.749160759853744
9.95347898884737
9.948749789973988
10.805975143697784
10.901163712699331
10.806602992912575
10.407937029445439
9.687365519577115
8.890446383812709
8.429971115362974
6.719639078205948
4.398264711125804
5.77863881467907
7.995974095305427
7.614875666639894
6.967581043133074
8.161078787047302
8.340191728455126
8.170822280257902
8.776345935307143
9.164408153269292
10.177333160881602
11.707355477949662
9.600487378556913
8.349949719635088
7.666911802307438
6.297535124569256
6.339472920097432
7.364542063007869
8.316501268928336
8.604292392395616
50.884355362758605
64.2764523665164
65.98540940675724
65.7308434274145
61.1770357033775
54.23421489900965
47.82776013163332
55.98611612493501
65.95228757002026
65.55119147579373
64.75847318535139
64.09880894958282
64.96227264322557
65.12957228434887
65.42957805344464
63.975136802227084
62.2015343672666
60.25788111503025
55.847238103090035
50.50261250561826
45.01443458307526
40.31982735657216
35.48661706831911
30.626745865313577
25.612568897078496
21.343702359733413
18.13047947899765
15.879596212402635
13.89639657818295
12.078185676196757
10.605475816355101
9.248899814775939
8.188710166834174
7.616682448426394
7.36395112218717
7.150641629317443
7.36324089910237
6.893646180854677
6.800954480959352
6.016546065174342
3.1424951053362467
0.3759558901425953
0.0
0.0
0.0
5.134420827469014
8.214710795664722
9.080439653842385
9.605391383736558
9.83423645750299
10.126804166575768
10.080787563077854
10.870261409196376
10.921935809676228
10.571304461202317
10.112641984537742
8.780134964841524
7.3250224413770315
2.280784545158999
0.156597715409347
0.3758345169824328
0.4071540600643022
2.3565952229131892
6.314677337616974
6.902520531585396
8.382822436099241
8.910052945128896
9.206345579238395
9.966897312320118
10.852774707099268
12.016780217265655
12.915218953009887
2.355333916733331
3.5381325763722176
4.699736004405034
5.734773133808763
7.048312783096117
7.864249036382097
9.158754478401208
9.808677842787619
23.522178466104986
63.43216039418043
64.72317006436728
36.38307585078547
21.680287679739116
23.62993371838988
20.572429190432448
25.12068329841597
64.7761591386017
65.15889664078465
64.63939760054946
63.10814476607663
63.18321555401337
63.313355875561534
63.59967103810046
63.59624185505055
62.247218211887315
60.46550748706499
56.534988062491585
51.08710039522373
46.589599892347216
41.45525826614134
37.06661199303712
31.758318676794545
27.347341309187016
23.148205964921758
19.397377023614197
17.1699772678296
15.069340949503008
13.41179955281332
11.718241748204875
10.612787108540573
9.894847431497203
9.284528797102704
8.835339420754064
8.213001251171967
7.711717149146247
6.996889632467927
6.060284725116447
2.7138783193953326
0.0
0.0
0.0
0.0
0.0
4.8831276374406745
8.460184586920446
9.168461280938342
9.816767631355388
10.006373323063253
10.182934857354113
10.017103408448172
10.869877486286294
10.801468976828744
10.560558443778376
9.685770708090601
7.690709289730602
4.731045453048909
0.09395862924560819
0.0
1.3780598956022523
0.7472911196020721
1.338220587432076
0.3759765244147078
3.1513978565866587
7.568041155896249
8.65952643511231
9.626635577843496
10.234644223130875
11.306465336465866
12.914920089840772
12.265109666715922
1.8929804705428581
3.179448308638654
4.334605052441141
5.370849754621956
6.172210100199175
7.136863632659377
7.917201470206804
8.429512142476817
26.304327299452936
62.59883941371016
63.24095693108599
35.34941832877412
21.62544523095096
21.968713565966258
19.34638241053212
16.326646496207424
63.047641509871205
64.08463199876024
63.39160983575688
62.334606150635636
62.7233661239658
62.68057912887046
62.42483782563844
62.547976357757875
61.84552665414732
60.30090727572376
56.6665721545706
52.08674481629669
46.8548324391973
42.35187940124787
37.86447430287923
33.09307056591276
28.48852931070382
24.345218460441544
20.570707886368815
17.908760812801557
15.799004379428341
13.986186827878344
12.56500398846896
11.172484884495512
10.637757164502741
9.937701078360709
9.16111085203635
8.612141184661013
8.032751496806684
7.111367394075079
5.828816856494353
2.6654549206000966
0.0
0.0
0.0
1.0075660064632856
3.88133587953352
7.596261392599604
8.869866660199461
9.668513851478709
9.827812222425054
10.030394095433804
10.21155711745304
10.396002238178887
10.827342817420627
10.537677248463943
10.200650087889905
9.130767078270466
7.006847531115965
2.034330459770961
0.0
0.156597715409347
0.3758345169824328
1.5003934052045844
3.4071256181239384
2.045665282889587
0.4071540600643022
0.3971804090662345
4.585828794639718
9.293703150887602
10.642829558475302
12.014342536163007
13.367626417784734
11.546072139324378
2.3655255825007133
3.2376063090790375
3.8868572203855813
4.710356447069844
5.636833901887898
6.345259172173953
6.988009343330485
8.34876226435911
28.25357766187313
62.337744494082244
62.41413572451037
34.00775775710911
16.394325415932006
14.134897046516787
13.510866212337403
15.052971902466577
62.11445712612034
62.8014997388156
62.4781817144558
62.352467743492895
62.498936987492264
62.3840679183234
61.93094384587479
61.79415545799502
61.32915803672651
60.13084482041975
56.76111110584716
52.03919076937047
47.213565381291225
42.6016372335538
38.36226831876104
33.786668124976586
29.03764075704662
25.137390001389385
21.178249495403115
18.375365948473316
16.28235947966818
14.384210772372013
12.919544844806007
11.798888899525247
10.719796867925988
10.248416222537603
9.510184964143464
8.866536154311992
8.089221898299023
7.216141547659135
5.88873505456815
2.0238050759432697
0.0
0.0
0.2505563446549552
4.066196641308161
6.457731646729677
8.189376825677009
9.150019446567358
9.725777891574076
9.891927966708378
10.040000192128968
10.143705450837496
10.388243851619587
10.795805416828834
10.567636046133126
10.253078711843717
8.596099736347032
6.14301238838017
1.1870255556141682
0.0
1.00222537861982
1.00222537861982
0.2818758877368246
0.09395862924560819
1.172507174027188
1.4792928448452562
0.6263908616373878
3.080463723662349
8.575038701308449
10.602911665581875
11.986299694415445
13.400957347715268
12.759514214868402
4.835561099945
2.763151646506712
4.769950617296767
5.155522139603627
5.535508311685877
6.226264901665858
6.931157458597558
7.527864420581789
31.201230090475946
62.43646971212602
62.18393685201103
46.45743613269015
10.346326998328683
13.341503154337989
18.119261618621465
24.53277196760791
62.29494052459761
62.531784554430104
62.650784659345625
62.74771760895982
62.41727660392687
62.0717301177437
61.69983636380464
61.354816554780356
60.78343021628561
59.517920878741755
56.0478917257088
51.56548919488845
47.07508019640338
42.48579060797658
38.51094358639355
33.93722812631952
29.41721913595169
25.56644227607111
21.616693280419053
18.743821846366263
16.714111297565832
14.60903178508335
13.161642139384977
11.885551118410316
10.859618369574283
10.297507148039397
10.037315385012176
9.104385284831265
8.430578640913463
7.755479073047542
6.64512079744207
2.531023680198328
0.0
0.0
0.0
4.428241909764516
7.051605797231912
8.302089220086803
9.1162379513207
9.9547270360444
10.14072612583935
10.183683338781377
10.252155775679183
10.425811075991225
10.871776760240705
10.617620547045144
10.02177525838155
8.380900833612994
5.112021868907922
0.7742121140490356
0.0
1.3700448212407612
0.5244171580302887
0.2818758877368246
0.2192368015730858
0.0
0.0
0.3445149739005634
4.752651997163104
8.514600286824821
10.34279448915276
11.712522274443405
13.455146748249641
15.589934066319767
9.245939726462492
6.241853501821692
8.248523062285749
13.186861086502802
19.58973173466972
27.218690777116947
36.267915798987644
46.374450096913826
58.40259733969013
62.42493048378727
62.554937858903095
60.725194653071
58.19989035842208
60.31538422635031
61.11790123164942
62.66555660464306
63.95392038998126
64.03285507869569
63.96597527412857
63.26049950035997
62.54958948449307
61.75306497986738
61.14346483746762
61.05014797067371
60.44078573836073
59.045854699960614
55.11063569519794
50.69964515440604
46.519714569253665
42.01727033187311
37.99036608095965
33.69855303353126
29.651413347063748
25.412911626035214
21.86429750236514
19.104438912622697
16.804011924138813
14.907416095424688
13.37413758814462
12.347627572572407
11.263765115719922
10.423591650203717
9.965015556233721
9.458772880961746
8.798150245545436
7.735724888807437
6.822970959958012
3.6066295702172635
0.0
0.0
0.0
3.9741742447384474
6.860218915988271
8.335758883096018
9.38916713350546
9.892058063942276
10.239184366556072
10.370826014788285
10.390691364614584
10.659721881691963
10.878815547300832
10.611138098135978
10.091760057487788
8.247168713686516
5.099170984614141
0.9254501564603871
0.0313195430818694
1.9374337567131072
1.4093794386841216
2.638947935418936
2.3768771893143352
0.2505563446549552
0.0
0.2818758877368246
5.390255941468631
8.386261234808861
9.852975541621037
11.64188291957382
13.516669824506977
15.808302960997503
16.63515563591521
20.6040906014583
26.91346214238012
33.373092468044554
39.57805521857225
45.89886445007021
52.26349270915045
57.883831343186955
61.02990867522648
62.41758758007537
62.44558640272035
62.36816485941349
62.83962045919118
62.871686003071645
63.62834761719849
65.14532159193983
66.00289721362078
65.84154848498387
66.08892303996015
64.4315743629156
62.96236866464107
61.65452937849616
61.061425552217955
60.49210576512777
59.94835302225589
58.08635518253238
53.84901692341296
49.35589232166969
45.37033202112394
41.22995037199262
37.391932678376186
33.480435491493466
29.343190605820737
25.284727190295953
21.472034911294216
18.74445013829469
16.984731096725625
14.992566986044764
13.419723550711733
12.453940043641317
11.340442473227576
10.716218024269153
10.295743016178687
9.604331865533998
9.09950894275847
8.147124033472611
6.955432898670367
4.2180956342844995
0.0
0.0
0.0
3.263793802737783
6.7261876505914096
8.307176804632014
9.364745519171343
10.047359235268031
10.127433829579424
10.41707992714786
10.60362466758216
10.67214617894768
10.820620169588553
10.74925371845604
10.20824391388144
8.48954572001366
5.912719340254883
1.5538809772619904
0.1252781723274776
0.313195430818694
0.4071540600643022
0.9784368534447383
1.7187266577775506
0.6380430959975769
0.4384736031461716
0.4814453805882301
5.851389699896366
8.446733875955973
10.251000228039862
11.816141414636379
13.374373509198834
15.723439314295112
18.527941344887296
22.113496751742325
27.490896812287716
33.55799970946738
39.565812803767294
45.59086941072842
51.30856135029393
57.248710916568285
60.259368285718615
61.63348353698098
62.112826863731044
62.681017369908815
63.807845225300134
64.46131259013927
65.55329339159218
67.2167604104986
68.05410471599677
68.47081916431011
67.50427885916986
64.67811348753284
62.86623306672272
61.86436067110093
61.2590231291372
60.26529035073725
59.43752208024689
56.89643760907782
52.84643628871519
48.632707779376226
44.106344605584624
40.16713459607763
36.23071923224688
32.21254637167848
28.646686269922572
24.7748190878865
21.309109453959046
18.379499292502793
16.69900425122525
15.060689990461606
13.506582490794804
12.536725951971306
11.474096727386886
10.752906571876435
10.23338328784928
9.773140441485078
9.023349147117324
8.2850222694065
7.360153016350134
4.568156849718535
0.0
0.0
0.0
2.4928284433137304
6.918042743985834
8.29886537640112
9.347303691817078
9.996895280238542
10.303914396317529
10.60065708930016
10.588373818749242
10.627988553972989
10.856500502502659
10.631163801378813
10.389108297475703
9.47688967342182
7.639603903170708
4.768822567002474
1.9182771477939062
1.0831831570537651
1.1609374767554492
1.0480729274243685
0.5127649236700995
0.156597715409347
0.5011126893099104
0.313195430818694
6.2398872533566925
9.075794479163484
10.664681175689791
11.893082693474577
13.521969609658496
15.744533668678587
18.1884539791362
21.637147209384405
27.07240206632218
32.944292578403015
38.926711056801786
44.392492804632774
50.14643245962531
55.37349312275425
59.00774708985196
60.50211789544441
61.993188381864165
62.61974639258929
63.4412413120131
64.97878907187022
66.55978164577895
67.51093491985775
68.36506421494357
67.95885837683599
67.65852290737607
64.96248754196459
62.79618296022342
61.978763387936155
61.438419775446086
60.06982896465373
58.203049683737724
54.72969011386785
51.081378699189955
46.825561566478044
42.86879122956324
38.803348378020125
34.86727555210755
30.934752405662614
27.469580887761225
23.98558540823086
20.648775362930138
18.12950544934492
16.460842025092063
14.751512117572691
13.455780271789614
12.494574910639871
11.369470455702062
10.64620665215512
10.40069870817313
9.580502008246803
9.241000581047066
8.429286315784232
7.194121477834884
4.877254190544575
0.2505563446549552
0.0
0.0
1.9394427381435504
6.855439908986778
8.365128286565993
9.299180621733468
10.08090638150148
10.028322432426732
10.30117109889232
10.574216417910542
10.48529408776088
10.881514866061828
10.730259460679003
10.698604891897904
10.476315750626227
9.332191542503752
7.826242807308546
6.063830313738071
5.192276314414252
3.9583653199453654
2.328965231419698
1.082226973324503
0.0
0.0
0.653332490356464
5.464251328191876
9.645246863028726
11.083443117105237
12.34505242049166
13.4589944573295
15.591185043882486
17.95789277149743
21.158665880810496
26.05451356911854
31.469823339077205
37.41243539367916
42.479596742016184
47.93588636446307
52.7986617786759
57.130499765791264
59.16349648479749
61.06152200683139
62.30940992758825
62.870239519481665
63.17595563280848
64.5657240740885
65.85733578469286
66.28083717924133
66.60349245460031
65.44647031081311
63.99211516800337
62.269119517559595
61.81726334623522
60.66309118648491
58.560503509160924
55.92708631454108
52.46105301751784
48.83546397241528
44.85937492400795
41.05588282650383
37.515597484018265
33.40276619830736
29.505856485541308
26.32086699885262
23.069398997010083
19.932766127844275
17.793257250587377
16.3396309128361
14.638270561323202
13.278020023370733
12.348722304996913
11.45382979007966
10.635876225240445
10.361286627660393
9.732957040053893
9.222083724547103
8.585084816356368
7.632063218647158
5.213533858348968
0.594330564191423
0.0
0.0
1.5330026046396774
6.784078820759511
8.308217184453042
9.249072697122912
9.82288972237943
10.277784110069037
10.408904010925001
10.444205224392247
10.597505226800545
10.820469880798923
10.953283582704795
10.780657541078252
10.585488209468101
10.063245988636362
9.097356190979745
8.505434986756715
7.104756807928107
5.936584250569481
5.23711477717293
3.9924223220206874
2.0851424167453634
3.380982786520309
5.799371495905551
8.786907961453931
9.913063004617353
10.917612958998179
12.162605455595136
13.24060116716147
15.302509322640338
17.26538313082021
20.212014830129974
24.614162213770793
29.80532382196215
35.35732501261424
40.38389799718536
44.83695161579676
50.03607096431237
53.80767057029928
57.42042524141891
59.43861925473113
60.588417917748494
61.51722374473088
62.218355162215204
62.560776304757965
63.56195557678745
63.748415724801546
64.11425836301733
64.2833373855098
62.70998352899446
62.018195494965404
60.95782697287285
59.062408265386615
56.52686002009344
52.881440606897435
49.4678525382599
46.24747284346717
42.3941796038783
38.76815040327316
35.184080584439585
31.62734641090694
28.42445530270126
24.821367139003286
21.90519328876941
19.01655760385516
17.320727461034323
15.495298124396502
14.270791074513905
13.113955130977253
12.00151170623461
11.325347024147668
10.60162952265144
10.293936912903492
9.817905752850184
9.319908031059105
8.71367384061053
7.527636892963298
5.361066495238004
0.6873833648960354
0.0
0.0
1.0182941347940773
6.7939240419789835
8.399870106104412
9.259657162934406
9.955861036995577
10.123992914862814
10.269259128654104
10.36128662766039
10.365927476080861
10.799737122595626
10.952352675998936
10.826963562294175
10.738874316160734
10.388550138045467
9.78796204562618
9.360721166012137
8.697532789310166
7.654417724945383
7.228688795232347
6.415976353139391
5.135688606350628
7.254566308214587
8.182194093373148
9.36319365796847
10.193807129414527
10.806423047545795
11.770442884261193
12.975624470291232
14.60066959930822
16.62578055326823
19.17106656002923
22.626255114524326
27.559905761687638
32.63115392626197
37.58735036363404
41.95370758294371
46.80939894041716
50.8092768441186
53.74919254734206
56.674575272338494
58.94645884796655
59.957411688693405
60.8868917581757
61.2446116028759
61.8689378509024
61.84383473271243
62.10165870219269
62.28521447334936
61.64887685540817
60.41090752833496
58.998618879072914
56.82857067513516
53.1738008360405
49.94946583457697
46.47013833986177
43.32835414714921
39.78812155200972
36.519437359036246
32.9340982575397
29.75920833375737
26.59748584435271
23.463235821697108
20.888405776356073
18.20199651194052
16.76739435913166
15.039257594141615
13.888852401467622
12.831635824381493
11.66759202270371
10.99462663048115
10.619196710925847
10.37843444149075
9.705527789642979
9.456393332318857
8.89295491014602
8.190322990811234
6.515897400514578
1.1280682502758201
0.0
0.0
1.298062653466097
7.153106262608905
8.684003678651386
9.498490167325222
9.760143881439792
10.041749723278755
10.233225716559767
10.336840772268703
10.32150030643402
10.490431107235489
10.749940197354894
10.88611672233788
10.75693414861954
10.67616248730342
10.354078789098649
9.921425336559013
9.450303525796091
8.94152264807224
8.230548910965679
7.552189817149389
6.882767187386636
8.47274349159153
9.058131595418422
9.614210530911922
10.132413678565053
10.691137018290954
11.709702059907709
12.830096168002093
13.882008803266244
16.049014881593315
17.688931574385535
20.711443494111254
25.05933645385985
29.938254030686913
34.40480612634599
38.848679489087694
43.06074305841457
47.05290898801307
50.025424153578705
52.95320124474933
55.857207011750745
57.85947669575458
58.987173372193
59.592297561103926
60.03615152748369
60.08961153903932
60.198020425636415
59.69115051155148
59.0461106280076
57.18907178194202
54.799203343191444
52.09967341787706
49.550587618198534
46.64805461369855
43.25376441672426
40.38691611792932
37.27311773530437
33.68764507750931
30.706670026511496
27.581965237740683
24.792170654565915
21.986461381064522
19.293141099495696
17.527611472971447
16.297425288065813
14.470523727055298
13.48694864669696
12.320012491264022
11.624442058714925
10.861273944781336
10.40969578130219
10.212361703099836
9.87414398324187
9.404842667703921
9.05552437157767
8.461520326638306
7.461263186433707
5.967231279736367
3.3237816164424423
2.6843167976167703
5.848538762623062
8.046353782219164
8.722204528457974
9.23727319265137
9.707998028651184
9.93720498150041
10.007381347324152
10.385358242338443
10.207754953459432
10.64498128586466
10.602067361872543
10.722144874966663
10.657678135902813
10.590592915603969
10.33698308412464
10.222455150942722
9.589303088108762
9.126556124553971
8.912790484433392
7.953902104428874
7.435822848290805
8.813895989701903
9.46748537144446
9.869227989828746
10.07024427223268
10.51883285626009
11.497733847988718
12.216134083131939
13.323000422185595
15.111860208707466
16.91938081116954
19.124433267334155
22.422737138989213
27.003053751957793
30.989048407313447
35.57102656479666
39.48982521941213
42.77424961329883
45.79723325474483
48.630202474657025
51.09838529190373
53.32404501316289
55.03552774030345
56.325392697062654
56.84024496659567
57.339440215132846
56.845626649559115
56.097203207077584
54.48296306644152
52.58972294611874
50.657583557356425
48.61676671853215
45.59058986339318
42.65594303599794
40.14656601748622
37.481254332879
34.487433709807206
30.93173434288269
28.57131376205905
25.574401488917545
22.676572664317128
20.56958977698605
18.15126687487569
16.95051301418494
15.23468730032092
14.075496891883427
13.01738413834876
12.058257263588027
11.277215077217488
10.83386804232508
10.16609742866488
10.023652968582232
9.714360794245504
9.45384274087895
9.04826315095358
8.707683969771836
8.001751250400183
7.386664308075276
6.509828333508301
5.875868179043309
7.53416298521132
8.520756791170266
8.810611335748394
9.393355934462395
9.657798439155638
9.857128001100136
10.068309213091998
10.228393301421788
10.165029669375098
10.443662910393417
10.508651216439654
10.5747622446268
10.555589754654
10.311897063733625
10.334471715557132
10.182058664781833
9.72060813566777
9.128614292525533
9.09012468132469
8.17612389223725
7.587138032744659
9.060370686237025
9.468559721593845
9.656164947092591
9.839277775972242
10.226295409079565
11.008983199087776
11.639859504635416
12.877920279657461
14.009774765142112
15.732457145336037
17.585830155415263
20.190646326304204
23.979160581996116
27.957253431336643
31.457684428255067
35.313800271632516
38.70770920652236
41.56392841217337
44.17804965784345
47.031865524876864
48.8641988174969
50.40418247733814
51.45942641587264
51.80675714851044
52.08692710811676
51.53394902152269
50.75000318834074
50.022589128663746
48.24540271693917
46.277907908630894
44.38574151981919
41.80243413474029
39.43364200349008
36.86449592665455
34.223346083824914
31.378139419547058
28.828274207374744
25.92751915240939
23.483391730631713
21.07442376907718
18.991675331228894
17.436586518596602
16.04579309806808
14.476761452290907
13.506550446045765
12.526963321710463
11.634767436300397
10.94304667383472
10.401425563454621
10.274730427502698
9.584191407434504
9.523109412844274
9.383712327314832
8.918395166183231
8.813384276541063
8.411101667937972
7.995967707493231
7.383730266955817
6.876641655348859
8.189545169065315
8.461382840488811
8.925737359592214
9.181290503395635
9.53740615097766
9.55993335474524
9.925792004715454
10.07474685468293
9.932222746425897
10.182375431375032
10.377143646064644
10.475058328062062
10.344074958257533
10.242103831344902
10.103417177752489
9.82950067733921
9.5312391619871
9.229542608673563
8.651488442096175
8.049650196498439
7.796043933384752
8.879783490190194
9.329585139492814
9.203556504532749
9.574613315656281
9.982794767522456
10.389942883187315
11.096443265265876
12.091873173980431
13.212174534538608
14.411709323968978
16.372091609439938
18.086546011687435
20.714990767386706
24.27238357509104
27.704596545965774
31.56426016133725
34.861188769921704
37.435469188491695
39.85121613984681
41.989677244254494
44.01052118296098
45.31153246433903
46.26278606596501
46.79521070687001
46.80663202769367
46.65008866089567
46.29326070907399
45.13500089412557
43.591648572252154
41.73878157608521
40.139593095072435
38.03570792196733
35.735557892992944
32.98414316855448
30.8188727577937
28.45013475383125
25.994649924432956
23.738951382932502
21.34908704833991
18.988364809664148
17.687668749861327
16.54967912863982
14.985336419070954
13.84275895604388
12.762821574370031
12.111787039026233
11.263462492883058
10.61504850668978
10.26587156751432
9.67450649690301
9.386221847949619
9.302110100822803
9.079732822153044
8.702813599930053
8.581387998260475
8.452300391808484
8.19579808387623
7.801721027177272
6.97875178575679
8.192873405114197
8.60118671058398
8.876081388216265
9.16746318523889
9.380367630189077
9.459331048355727
9.737750169157676
9.949868391571275
9.931588962878632
9.82276201123442
9.889308749618818
10.024027209295872
10.14257383597521
9.977874001931559
9.74323847663445
9.644939416481533
9.152172514790486
8.813801756305354
8.406030262007304
7.770763224454349
7.351489403300243
8.396333877822496
9.064311238391456
8.96081270258346
9.21587121724003
9.393437857348301
9.782839737775808
10.247614175745463
9.909702977972325
12.16991722981145
13.227416676677176
14.575429292808355
16.46095499949386
18.510731209082003
20.78196126376274
24.014993448884418
27.51629743485951
30.62571599354519
32.883959782036314
35.57648196517715
37.38715649538306
39.17735210647281
40.3183068170286
41.13620882730734
41.714071769261764
42.02320029165792
41.907465295551134
41.275523384393644
40.476176001840315
39.255331341905816
37.979752194019625
36.4331474342555
34.0599636291065
32.04736494590822
29.802510900477237
27.70120655870877
25.924818271953633
23.661535490433753
21.181116887451893
19.332276346927074
17.91809527863767
16.77437610575402
15.383499556523807
14.005064703275092
13.134799951776392
12.072471889011426
11.259133552524743
10.709123187615381
10.270860309221337
9.755081308618312
9.226099230639857
9.328519026290957
8.926422039289797
8.79651960313229
8.475721652513355
8.40356568719745
8.138092978920183
8.090211094976377
7.713518491670697
7.072636756560585
8.17280014901881
8.700295580303916
8.679793062156737
9.001883566294259
9.199873081445677
9.273961098093
9.381638352876758
9.725714036001573
9.766251224744103
9.550699875686334
9.624671247237021
9.717256931909526
9.523658812758853
9.640261711549801
9.457109725005035
9.387872716933371
8.79927040304844
8.558599725720185
8.132313521488431
7.380058153200283
5.159009861555888
2.1045826128999687
4.932694810477417
6.381184738930859
6.078823248775427
5.415348395240469
8.450129168025788
9.20563591932918
7.587397346930658
6.97953387358771
9.413579839555592
11.195201626611347
10.136975754249498
15.51252414714154
18.010532618007908
20.520076295577596
23.482029920353938
26.5011678551273
28.90697620104714
30.823281570440983
32.73018217553641
34.57800238016353
35.71059658525804
36.59996144653179
37.034348069058254
37.22433942513915
37.292112421957604
37.0432850269942
36.43232910077242
35.03736752895271
33.546947462904065
31.83843985784716
30.04377967611051
28.45470752402441
26.38977753730365
24.669648381606134
22.91888992232724
21.141971041161703
19.1828961184715
18.130242603203406
16.83495745110584
15.6295783203127
14.31414811510555
13.348044793917452
11.973273084248412
11.296413589036192
10.673194562392247
10.208554299022573
9.603668617992943
9.041285275291004
8.925350932713174
8.981347812052935
8.75264416445948
8.672865118128048
8.151758893164736
8.069246569418212
8.15957883487682
8.208115209973833
7.613557182230838
6.897613963956055
7.855355821308744
8.299262548358408
8.320946615710625
8.743391468162681
8.887699995987226
9.291046822565226
9.299511087783136
9.413494822107682
9.602353677500368
9.231041373568633
9.351456446513998
9.583629720546973
9.19893696319987
8.871257214433422
8.717286121278578
8.682161471415661
8.455931961903815
8.331536526213817
8.033256737627857
6.111990865953341
0.995486722732625
4.515114623620178
2.555654864943813
0.1252781723274776
0.9707265811515459
1.799501927172414
6.5266779731173035
7.971246909215129
9.173050150085938
9.384373684845752
5.563203578979152
3.5338803541578745
4.464405289231499
11.981196152155272
15.164131569165388
17.46381705819314
19.782925881647678
22.390642525195215
24.510316489818578
26.752738660877252
28.843686500278324
29.958518188474343
31.120732056596925
31.96474914522982
32.56333669686359
32.68720153643875
32.60924589408539
32.5224968466457
32.00549411290371
30.661517681130842
29.44846902338385
28.438110156985513
26.70329368799512
25.2137059269466
23.633816282959152
22.019734908307903
20.177457540575872
19.032837439299694
17.83417773190945
16.86262405819826
15.351394011092506
14.18415401274865
13.38336153064474
12.268528110076362
11.26768131585188
10.58463460055538
9.822079923025754
8.614044529242163
8.599121670800903
8.554418669004075
8.632071304726043
8.317365757921245
7.884598144575013
8.146679497568506
7.902911432571325
7.796782380746926
7.956844621624146
7.7228185349478045
7.438467411590666
6.7902743591715415
7.760690793677767
8.079405360610677
8.145508921659811
8.451387377497893
8.726889542319388
8.963162156648298
9.117637677571988
9.361846110241402
9.301356758850963
8.960614710753646
9.049591418341443
8.849020639564824
8.814245757292957
8.63609560808737
8.366309181798668
8.380311307192454
7.955924604251046
7.741418621502011
7.506405404568352
3.765213976645352
3.0972471076605923
4.56980630527243
1.4298826829549671
0.0
0.0
0.7079565021587115
1.4156912931844334
5.95052773937538
8.033073920715609
7.747936901170416
1.3028800130300753
1.6309666866207686
2.7300171977614918
4.805722737349109
7.141005863584147
13.154946025278068
17.132042300550044
18.78395768707539
20.57215460061599
22.58382090143016
24.575379054956148
25.503808336824783
26.58055892393558
27.570867761195284
28.15631343177712
28.3880928174649
28.607607447108645
28.55688978892968
27.99232720968419
26.89184024187196
26.10427749598108
24.957130096023437
23.59950036184404
22.388812761893746
21.06691923048367
19.93697335891724
18.51670320555775
17.451854162715595
16.555024256166448
15.265253494214967
14.177780175141864
13.202291605969261
12.387706089374205
11.237763310164052
10.566859792254558
9.29334001710286
7.921770562902324
4.841124486564153
1.7838579485489852
3.4602118283032977
3.059257976480639
3.1635147917707642
5.992625728359305
7.565963291566112
7.405104525417433
7.312168038606361
7.526810696263123
7.641334364346221
7.288637305108895
6.500849727575456
7.529103191087506
7.4897134188307355
7.789030420751814
8.11107183625519
8.360599267127043
8.520588883338512
8.895005530108222
9.15593786076347
9.15499700209954
8.742668190179263
8.629350480970922
8.551306839182878
8.681973004622558
8.605555397492573
8.042389404675934
8.097184739950434
7.848116097296815
7.587269564744347
6.204196716542542
3.1713395763886276
3.565300996650159
5.364733498933792
2.7809899676604664
0.0
0.0
0.156597715409347
1.7024235043264322
5.818422493090289
7.045158509591618
4.474683926308413
0.0
0.0
0.3445149739005634
1.3335653408877783
4.912753410726345
12.686139563466268
15.1003322096647
16.770320345170425
17.7950288957395
19.22016219283625
20.547273351469684
21.811642379016778
22.6157378746223
23.38325387276548
24.229382735113035
24.53336544687896
24.512062859793307
24.8092516241966
24.36382969731359
23.54932962211475
22.486009620062482
21.591050749379257
20.757600052566495
19.841854057063014
18.72402281279563
17.84102869486279
16.960808757669557
15.921139343246034
14.914993386212183
13.91792695435669
13.227599143525328
12.282187332690496
11.353301132564221
10.706471265952372
9.731290858199696
6.959006900484391
5.470767348584231
0.7344295074742168
0.0
0.7195881022467878
3.502354652584131
7.206413178846192
7.101184991023812
6.8366928418894455
6.531496972216924
5.273463294281905
7.0072965984777325
7.176375737832126
6.639123856657696
4.962582888016194
7.11231127734403
7.0470310716147795
7.3883091167299
7.870649905893263
8.399863186689494
8.36555608565427
8.673075413416555
8.731763022973901
8.787846332169579
8.611490311578738
8.465329468002908
8.400994523401888
8.339907861968632
8.169003415114302
7.78434065925919
7.650044791215787
7.543156710435116
7.258600225007743
7.175738844208001
6.614587993210379
6.3836102580018315
7.641369415541255
6.729630953952346
1.4171065745676925
0.0
0.0
0.9825580698981398
1.231358438678541
1.9752691879794733
2.0700421049098683
0.6489339417215582
0.0
0.0
0.7065346167059816
7.50361668688696
11.366241119279326
13.337056459971343
14.719802726905476
16.03778549101936
16.974125469484775
17.899442334796113
18.791869757106106
19.434071468941582
19.837086465335542
20.602068390075296
20.555526883298384
20.998899630927205
21.179353234795784
20.80566296870561
20.460580892752667
19.63614550048521
19.12000914307134
18.231024221305802
17.723043138675713
17.124220241514692
16.355116915555815
15.390024553966557
14.373379205830046
13.528138143705037
12.994702858534014
12.276052837763592
11.47212382742755
10.826434018378094
9.979610394635904
8.935183622670461
5.333830530510205
0.16824994976953608
0.1879172584912164
0.2505563446549552
0.469793146228041
2.336763585108132
6.578649270907541
6.43779492647458
5.76939959938617
3.7313753569323707
1.1616988653916571
1.0374736900036727
1.4277892939568673
2.4188811835356585
1.3875440853742722
5.574021208525013
6.749516308197433
7.109853903316255
7.5985826923239435
7.920427115029268
8.129475014538826
8.45097554761446
8.596574101623714
8.633049804522855
8.349567105058158
8.331397366292387
8.289962505081304
8.169437477731018
7.854090245189629
7.501310295332035
7.3052108732475
7.438379702280834
7.123954308902921
7.070128889075401
6.499437159939229
6.15866551179324
6.935541685017376
7.158173088421293
6.130819179454302
1.2921896097193912
0.7203494908829958
0.0
0.0313195430818694
0.0
1.2591016015921275
2.99758278868168
1.356890443880269
1.2665896089054716
2.629902489283194
7.6591629646123565
10.401099001467164
11.953855973141692
12.939040887749563
13.914379218552792
15.019959205914004
16.078134791029356
16.657244025202566
17.13495221639437
17.376577443967044
17.76966723941037
17.888813115095946
18.23330531350811
17.983084266914464
17.919399600047704
17.819735931002374
17.583562132491174
17.040156900335163
16.70869918122434
16.092240259181946
15.223305902969354
14.442656460555119
13.923147948582972
13.334286198902182
12.753362917040288
11.870983260416313
11.26897333803345
10.734929664636848
10.3249533324206
9.270321006657937
8.440692263178866
7.131865834151438
2.4384001467699035
0.0
0.0
0.1879172584912164
2.7521601095567667
4.655193841193425
4.474748168700476
1.9001335715771612
0.2192368015730858
0.44572728887145485
0.0
0.5127649236700995
2.8819347060426312
2.215407844028438
1.7320634034035025
6.498936072959394
6.775890151164165
7.005831173123003
7.693918908035241
7.902204295754733
7.9317666309707855
8.079612949324327
8.300760004298143
8.238900720562071
8.058383630915024
8.116424306051302
7.917865818691269
7.66370079671363
7.358846330373739
7.265648987508777
7.159325563743609
6.911460611389471
6.743850793048469
6.368605299480521
5.764345150141227
6.837861157851621
7.3530154839020785
5.113647615318034
0.2622085790151443
0.5324322323917797
0.09395862924560819
0.09395862924560819
0.6890299478011265
0.2818758877368246
1.5813398174536113
3.4612592007288843
2.994354186780786
3.93925078572245
7.293347589750998
9.705314035068453
10.790097355854352
11.69446793214465
12.738748438784985
13.17775505560481
13.802304200574707
14.47707122475336
15.19731109955093
15.43461082860893
15.908941758671821
16.17596581389019
16.239007020249055
16.47501260275477
16.332449937706315
16.136327465383204
15.914611220724344
15.440732363663574
14.866573296047662
14.307193091915652
13.799263950933558
13.345920609763159
12.835462361292189
12.227391154737106
11.745352462554848
11.154053049468427
10.626921453405858
10.20575603874625
9.697708256286015
8.878316062880902
8.027973603610262
7.128535999504925
4.9553834530647105
0.6882685591649187
0.3597837339873378
2.311992926245321
3.4617066705872026
2.8843042316388283
2.916803345590409
1.7239691321371147
0.0
0.0
0.0
0.17990218412972517
1.5755024903242567
2.482533495986089
0.9804160643534274
6.213581400527781
6.66739138215376
7.070292017577534
7.432441558769233
7.570933892550503
7.7744159483795165
8.039584515243066
8.190564087675348
8.021364685474405
7.909834261220087
7.964028157648847
7.7873573534341896
7.491564668665337
7.283836614785888
7.43505893985723
6.986159730114144
6.728698480519161
6.740292680283529
6.426166270251164
5.10503009027762
7.170132041105833
7.442208270737945
3.182633830333495
0.1252781723274776
0.6263908616373878
0.5324322323917797
0.0
0.0
0.8769472062923426
0.4071540600643022
3.606453520481263
4.242211092782806
5.321105566554072
6.7006605263545
8.97462674901331
9.954293711936035
10.749250909186774
11.42430476061942
12.259907877131727
12.817363032527927
12.931599741350261
13.28158307565673
13.567703288750975
13.967745400279268
14.146427400979642
14.053404417910626
14.449255550321077
14.324857080071096
14.194065673145943
13.972878193818532
13.715056121028795
13.392419768912417
12.99158156191578
12.625116750582352
11.935308860807616
11.58719217412695
11.172497900028155
11.00241675717883
10.450264579383829
10.186800876920222
9.816712016870119
9.112813503789145
8.57779165872131
7.896841917211908
7.072098242237887
6.2668504052048775
4.674624596649727
3.5660055043379093
3.3516930081359653
2.555577857990325
0.8842215262897384
0.156597715409347
0.0313195430818694
0.0
0.0
0.34315499126417115
4.0665020228049285
5.0553653043472195
3.7370222840957372
3.5173671120842807
4.424933312239897
6.445396334692278
6.486815534262145
7.00605017284401
7.194536530910081
7.613432673978915
7.807243862708282
8.150263350916498
7.929659501036442
7.575485894383116
7.656510328491014
7.658553743847461
7.35691558371915
7.337818434455284
6.980840577508339
6.976795212150782
6.58189371029995
6.702406531647473
6.273411675468216
5.661719507789845
7.109853903316254
7.445844673673206
2.628800858186815
0.469793146228041
0.5011126893099104
0.3758345169824328
0.0
0.3445149739005634
0.4384736031461716
0.5950713185555184
2.0023613864240706
2.826627702249001
4.215173906493614
6.895795513354899
8.140468155723026
9.315737582997079
10.147628819343613
10.7129812302478
10.982228201819726
11.507071370155348
11.59862971647615
11.957646444067219
12.124906062154118
12.425573190354072
12.739812106872039
12.800543694812369
12.84945946904193
12.838802178674236
12.891260837714542
12.59853553282485
12.502367559562806
11.986286139570321
11.729770976845167
11.330562190484732
11.157804849086988
10.727749850871929
10.238155981751037
10.316279635869305
10.001078316758724
9.81115985382084
9.409426162776786
8.8968461236849
8.268277249359997
7.556382982479789
6.939309338607129
6.230893084352825
5.063660603227539
3.3034739971436693
3.247565932799235
0.8018738628600943
0.0
0.1879172584912164
0.156597715409347
0.1879172584912164
0.5324322323917797
2.5140530175983136
5.609305220903767
5.286164437919141
4.563884791802046
5.127188759142474
5.771288086456985
6.403857896921587
6.559453662925474
6.832806229542996
6.900608429618707
7.545738325843139
7.730069728242436
8.002990255101093
7.746442726652253
7.649289466250336
7.383881623149207
7.551640703674754
7.22347192350262
7.097103859986279
6.77300903343767
6.6072653793070115
6.768041366536877
6.501297297148829
6.34991428926049
5.557212174826463
6.873592609622682
7.273133546631262
2.7194994465992317
0.5324322323917797
0.4384736031461716
0.0
0.0
0.0
0.9709058355379506
0.5011126893099104
0.2505563446549552
1.5387625708314894
3.9653825858751355
6.642828028103243
7.349777373397516
8.586441276871263
9.187164023578555
9.926983354606634
10.228084161001135
10.39110245475099
10.374532780975636
10.641613025158295
10.853497297012348
11.04766455315731
11.25933196578336
11.518840939817983
11.470712238158285
11.37808003984093
11.302340202098803
11.196858093931045
10.924117801218596
10.783283752796372
10.357248604092147
10.233302928122725
10.045728054635987
9.92023745557729
9.715420312448057
9.454829476168767
9.410330975180697
9.37595269834202
9.012618552436813
8.530286537775874
7.820822833618127
7.291900511301845
6.7425949085185515
6.050058844583602
4.099970616957566
3.3040519568717417
2.0246684028709616
0.5950713185555184
0.2505563446549552
0.0626390861637388
0.4071540600643022
0.469793146228041
0.7829885770467345
1.9614202686332207
6.086963763190241
5.482233649140674
5.262435909976799
5.930830382520162
5.7873407209263075
6.376206707698219
6.4329656334047
6.528927024645479
7.011387188411462
7.202094824213087
7.678944418128351
7.689103209320821
7.562326888630845
7.674785993091389
7.402750841211243
7.574637952755701
7.160308819910893
7.2364828228864875
6.864103569665088
6.879912881357417
6.706878478881218
6.512033533663269
6.136290743341811
5.5776950147030115
6.646097719448697
7.149454395562876
4.498294371671832
0.3758345169824328
0.0
0.3445149739005634
0.09395862924560819
0.0
0.313195430818694
0.09395862924560819
0.0
1.6082081771714314
1.70804404975555
4.925611029535977
6.769078251345786
7.667885589402307
8.511636335379977
9.209162781155452
9.49585321967239
9.460797547647164
9.586068034814607
9.201874362792333
9.401318974960589
9.709858173856823
9.875422530515102
10.166278857940538
10.31555340315388
10.372937381212896
10.332741579124425
9.89485332321502
9.63331943998216
9.353236929180282
9.027107520079424
7.948563442747849
8.060811196704933
8.542980958578777
8.894794890694726
8.987047371971174
8.916164959692784
8.732319662659624
8.451333191773383
8.31851226329962
7.487102043813667
6.732224895935233
6.199565661940198
5.01616722639898
0.9810146583536117
1.6620202637060513
1.9439673223464078
0.6263908616373878
0.4071540600643022
0.0
0.3445149739005634
0.1252781723274776
1.1275035509472975
0.8518620321405436
6.108783485384059
5.168860928281812
5.422268310645461
5.8497685997797815
5.948425791420995
6.2748644325016345
6.1302680724786285
6.715074680882405
6.959472409699629
7.189507909385244
7.514883635168532
7.504858988957466
7.340576037435282
7.454084557761145
7.362400067647651
7.275555921369492
7.157850679492682
6.914395357757593
7.037269403294552
6.615480387865422
6.636150991333578
6.627284239689769
6.555817747648897
5.531620478767523
6.699594036980548
7.2736251747149
6.642065338311223
0.9302175279093018
0.2192368015730858
0.0
0.0
0.1879172584912164
0.5950713185555184
0.0
0.0
0.156597715409347
0.0
2.067066817210087
6.201166642619921
7.366019587384374
8.166514114702926
8.67125192386351
9.015997439786876
8.751480037584548
8.289119151649274
6.92033457288968
5.451277691914313
8.090332704758525
8.596265426685044
8.971852529792187
9.208499281118133
9.43282782466191
9.101961826929125
9.134425201598201
8.783904151555943
8.122030160624506
7.185866706393496
2.650548652516328
4.068922077991614
7.174855270926966
7.926649194673637
8.32107758668308
8.450735234881561
8.490060663821312
8.036553969629303
7.744828653771436
7.109456752959388
6.210958471877528
5.383554533218073
4.200431464148063
2.425674160034705
0.7203494908829958
0.2192368015730858
0.5011126893099104
1.1588230940291668
0.0
0.0
0.0
0.4384736031461716
1.357297661116303
6.149654884294327
5.014334612851786
5.7550840071784615
5.8762269700981
6.157515671752139
6.230604942377467
6.357057813395916
6.8113022550899975
6.940477654569304
7.164280451087922
7.185044650124568
7.591785800896981
7.336448006416375
7.220181883110515
7.309182504424534
7.378015010997564
7.0713847736053195
6.888744922151989
6.853351428858634
6.706768979020714
6.582275838523088
6.432846674648002
6.371658535039298
5.8315897795246405
6.431460723837034
7.199527183934379
6.676244476868011
1.1870654908857474
0.4071540600643022
0.0
0.0
0.0
0.0626390861637388
0.0
0.0
0.0
0.26220857901514427
1.3568904438802691
2.7644775960400536
6.330802364538619
7.797568036766338
8.24490766351281
8.341395169068017
8.239732291101813
6.653214047181409
2.762555084212573
1.4443629476864654
4.855222228694084
7.202971421347784
7.697630785022508
7.998082264171744
8.165366463258968
7.9504580137445995
8.055492569669735
7.7246636356714475
6.7695613765731855
2.161321986589365
0.2505563446549552
0.6263908616373878
2.2301481320741225
6.898464631357419
8.138205064703218
8.485442404980184
8.144501636504954
7.808688284339138
7.40408550357017
6.78459045364556
5.639302227175045
2.473671554447287
2.118647666388682
3.0873657189411734
0.9299659037337243
0.6890299478011265
0.0626390861637388
0.2505563446549552
0.0
0.0
0.5011126893099104
1.1275035509472975
2.26373667558529
6.0318108311095635
5.137920507874487
5.575105021884335
5.992182755010436
6.0197402374301525
6.288845108408483
6.465878747827175
6.795288965810388
6.7707162640988425
7.134465211535701
7.140527877041529
7.404912359895581
7.3734472955248735
7.080693420349803
6.972331952890109
6.95548575638887
6.932989066872393
6.827250214254534
6.552046969323608
6.694911609789905
6.729080608742299
6.534592539794443
6.548886889073821
5.791176231871407
5.791389848531946
6.101214758566972
2.639914208113238
0.0
0.0
0.0
0.0
0.0
0.0
0.578238512652103
0.1995694928514055
0.0
0.0
0.0
1.9382296552330953
5.5956923284303866
7.674460073565673
7.9241049282633025
8.002993244606966
6.966152708129213
1.402756596259966
0.156597715409347
0.7866257370454324
1.7122137264163635
3.2745644829833163
6.63370792426194
7.170173897438718
7.2706367997051515
7.109429918760232
7.127668333851051
6.973738186365678
2.440137667992975
0.0
0.0
0.0
0.0
3.6373195209547284
7.755343758507676
7.894264720279646
7.916100769377556
7.879460596107654
7.372041101805989
6.330609629071006
4.020502089422294
0.7589227196901485
0.1879172584912164
1.5708641368216778
1.0195259843444269
0.2192368015730858
0.2505563446549552
0.2505563446549552
0.0626390861637388
0.0
0.0
0.0
3.963929969189691
6.021958690464736
5.01308391772264
5.477555912364503
5.860375691544118
6.205004535309079
6.2398280114031195
6.3019930730184495
6.71774957844437
6.872718853315902
6.873264110041171
7.18731850949733
7.3339183346382075
6.964918925127585
7.116283674911495
7.214735367682558
6.946052587650151
6.609667648506343
6.650776964930006
6.9410977003058365
6.634860395954422
6.453163415346438
6.308541803370386
6.25361776292046
4.250385726147385
1.5756335648629518
2.9367585747022376
2.8985011607326716
0.3855488089781579
0.0
0.0313195430818694
1.5302011811504517
2.217200796742527
3.0221781875898066
4.063333683622663
3.469193591358988
0.2505563446549552
0.0
0.8065151578153253
4.895097439894433
6.7998762093836005
7.619231628860626
7.762803358238129
6.4244868334217236
1.1645823466711225
0.0
0.0
0.0
0.156597715409347
2.7039371118977313
5.914686079649258
6.382993355563553
6.138189549835938
5.284146502388428
5.842117989442396
6.199610936065072
4.2978736547885745
0.4886990663135133
0.5011126893099104
0.0
0.0
0.8213744030177441
4.8573760264379615
7.860285697770849
7.817724630734432
7.657235259438412
7.037046028082519
4.0059020022779785
0.903411614171397
1.50987163356303
0.0
0.0313195430818694
0.8878586862884362
0.0313195430818694
0.2818758877368246
0.0
0.0
0.0
0.5324322323917797
1.0449171627874239
5.6947562214747665
5.940846756046562
4.7629138081727
5.517821026464914
6.176945965909527
6.162630154903431
6.176470130882736
6.404002107631329
6.694783192137014
6.918873639151995
7.095628975735357
7.080693420349806
7.28149406488109
7.156375795241756
7.194681796450563
6.9783795962622115
7.01150561975279
6.951896253434975
6.877128483934948
6.838167726140371
6.660469982474878
6.533662610911706
6.317044377735576
6.426272692343019
5.861260445623342
1.635192761123008
2.9541349999088946
3.7648306915898093
2.4608621675618774
1.0431592416876843
3.8821937398887343
4.883757259775115
5.035071333808769
5.036967560854735
5.358795619698104
5.547358054630004
1.2285552690038226
1.4012396311811448
4.841310830271543
5.810641574588695
7.3250633474768225
7.4874474439343786
7.527511053655386
1.7857375820694183
3.6335683401107333
1.4260843547821498
0.0
0.0
0.8384678807585582
3.4839650754490776
4.9966876308762265
5.233566370451207
5.065800825704232
2.221712568533825
3.613609731450331
4.854604785155532
4.845419617936753
3.6367149201162654
0.21122172721159457
0.0626390861637388
2.7631117906983778
5.214332410018547
2.5543287734219677
6.57300048919134
7.4711078976505085
7.271323434138565
6.929494041645274
5.3697145585522215
1.5088223794851559
0.0
0.0
0.0
0.5150008324881801
0.5159248628287756
0.0
0.0
0.0
0.0
0.0
0.0
3.8069813074206835
5.4863224721619455
5.007896570971905
5.6322444295991065
6.014670955619567
5.912957297081503
5.977573007484412
6.240210139626257
6.633376052807304
6.710304853332982
6.932497438788751
7.057432474387052
7.373060123653253
6.644729321557904
7.009927326294265
7.004738417095215
6.976632083648651
6.905904596101012
6.658831969721823
6.6768781795341035
6.620998678804271
6.506486977271003
6.416165849226143
6.20650751680446
5.9624462263522755
4.24630104508822
1.2350496404636646
2.168698278311789
2.515071626224617
5.509054816293882
6.013286932880884
6.1032908767710135
5.910831111295682
6.204863835381536
6.2403290983829525
4.0249900146757245
1.5896312455475472
5.465409716826349
6.155915472670904
6.515340949358334
7.582444229300432
7.677226922297621
5.066559049123759
4.601699014110704
7.48907263737427
6.054623240274158
1.4086883775965167
1.1785430374799906
3.3388848543196326
3.4768539818250117
3.6505472990612686
3.1621981666761325
2.9805895716949573
1.508387845293963
1.6738765612464896
3.720537510783153
4.262705826823043
4.268525549560477
3.5056816998497036
3.122083989643141
5.050289015443661
6.027721702643679
6.386929244190493
5.268973393185524
7.417508206204249
7.303472292114764
7.142150867660861
6.655831782003465
4.727219317783543
0.3087968821837881
0.0
0.8316969439955313
3.9414418633973254
3.7639387412792202
1.4599017137442696
0.5726221417447162
0.24917572774645042
0.0
0.0
0.37143596834752696
1.68816850333189
2.318131804049875
3.1638169426966547
5.636011122591029
5.9874233563460555
5.992970192182447
6.211578517614062
6.171972182685778
6.433441468431491
6.662107995227934
6.9574522687234355
7.140036248957888
7.056558718080271
6.745366526384542
7.034390528145308
6.892117667962126
6.9191462675146305
6.840350995618695
6.8432321133451905
6.811465383592129
6.5411665220994255
6.589877246740787
6.3827084449262665
6.191932047114125
5.9476618144188445
4.976231170971799
5.629942431716687
2.1523387985067317
5.017934085909957
6.430366491701868
6.421406033254404
6.479477295510886
6.5943963772203364
6.931044485830588
5.659546404218204
2.8778391859973014
6.594843880208144
7.018136000692019
6.643200808665352
6.79141181236013
7.859095595703739
7.713132800259133
6.957879829090807
7.610918715840828
7.506860233709907
6.602229257555609
4.740659143698982
3.6130892301461746
3.5594372756005965
2.463265630206656
0.43709298623766685
0.2505563446549552
0.0
0.9709058355379506
0.0
0.469793146228041
0.8433890932994419
3.646269533286376
5.100648713002216
4.88276451098532
5.5441520400416175
6.645079752432175
6.61595320939184
6.944168740976934
7.354649608822795
7.254791722332846
7.275591687049472
6.76466862072674
6.522115124827102
4.281170661051124
0.4487452205978559
4.317736308988717
5.494525397579001
5.909644319433252
4.689853864696366
4.538309186042379
4.605281203916102
2.8739320378613993
0.4472086446680096
2.1601769241058983
2.8540120416357206
1.723790030682346
1.6309571200664268
4.4338202523845665
5.972512751556468
5.983770656110826
6.19724096543712
6.316984669323486
6.826291439117174
6.627174739829265
6.979575761497596
6.962789284290889
6.907160480630929
6.535356796240719
6.928510785477993
6.976507561654423
7.017653831504572
6.994173885820811
6.897345183669074
6.723797221816473
6.351817629367654
6.44449137831846
6.363776006410641
6.06765242778955
6.1758970782700935
5.104925194554837
5.234591650623256
5.466274474856117
6.35708306534896
6.206626475561157
6.573697508298763
6.541667609079261
6.755563951569535
7.11480879066057
6.034733352232693
7.061138013609161
7.530753029648297
7.066014833185807
6.873755738124812
7.031550259503961
7.910258946518741
7.891518110798645
7.801334382579532
7.86872699313259
7.432111374175948
5.849296840298544
4.696029199630128
3.898114337702861
2.14571917024302
0.0
0.0
0.0
0.469793146228041
0.0
0.0
0.0
0.0
0.242541270293464
3.680455090002729
5.156292201215531
6.352714541346233
6.989272627118125
7.241704247940535
7.137269714497068
7.096612231902637
7.264893662543326
7.387661088804383
6.985294905288189
6.950530869044554
6.64193546523924
3.1229216182437476
2.233594817076738
6.426524027187895
6.320161255087799
5.83605344988591
5.529102463973302
5.449596670478454
5.257287473291597
3.5607290235158446
2.2889337892494184
1.7021988068740708
0.5705488746310232
4.074764870378324
5.31040654568566
5.545350827600881
5.729889711066316
5.841302273656822
6.4259158160729255
6.581179957759764
6.704485668578081
6.909212011796077
7.011825187853478
6.883940383753326
6.808530637224006
6.739647382593951
6.814960408819246
7.024738359685585
6.695021109650409
6.884466722686206
6.709293220477115
6.545591945775323
6.473191734625389
6.178427206234064
5.794803433534706
5.654040618838896
4.930897460004104
4.706451873856673
5.412555731125647
5.751255339404185
6.4453026278886245
6.760246210551216
6.80133660918249
6.971270587051277
7.126370592988248
7.229564264035527
7.36069220854641
7.29265079261881
7.085609701186221
6.946612866509149
6.9323879389282475
7.481002991961166
7.973601275125824
7.933551784071443
7.7052678012948155
7.4041928006101045
5.943506587648889
5.568279302288839
2.8348400798648603
0.4537629975050586
0.0
0.0
0.0
0.0
0.0
0.0
0.0
0.0
0.0
0.9201963159159052
4.8800718242467935
5.851152622518466
6.692587919828165
7.275100058965828
7.341858756164353
7.016806869640262
7.2849740679744786
7.185044650124567
7.116775302995137
6.8613878230179735
6.747630919034787
6.372969700598347
2.879778117842168
4.133896037384964
7.062348755223468
6.703123604847943
6.446113598014664
6.114687197490544
5.730995607488099
5.495182356888671
2.411049659988894
1.9603422650356472
3.4183051161062847
4.479546662989212
5.0883013971317235
5.600027924654769
6.064235853284531
6.178891765527542
6.554790321736181
6.589231949051208
6.846727138572308
6.795671094033526
6.855449679506375
6.860514066711194
6.464519697597411
6.4258905641198805
6.867927094473718
6.946230738286011
6.938654582021357
6.920893780128189
6.524391989873913
6.459975315164816
6.453163415346437
6.075178080148114
5.7544598131122076
5.205004151402033
4.125001109343684
3.301602360737715
4.116422864278314
5.270190278614028
5.821092693418531
6.621117637560968
6.636163463730144
6.805899909407474
7.010910582461548
7.154737782488702
7.121238562255809
7.36020058046277
7.062387361731365
6.925466539249367
7.228773173390094
7.627942055730199
7.634836935481047
7.640082039635197
7.6740610621439895
7.208518505155426
6.4116972226526805
3.655663756896584
0.41077058579088754
0.0
0.0
0.0
0.0
0.0
0.0
0.0
0.0
0.0
0.0
0.0626390861637388
3.4338520180715726
5.897423488001477
6.422455200337966
7.013353700746029
7.226347957823944
7.395529978970569
7.012260944718243
7.373060123653252
7.346849409188651
7.261941053213556
7.039727543712762
6.837347598475219
6.220250275197913
4.712398841772768
6.808912765447144
6.267576697656467
6.1306249487487205
6.040523787272737
5.771044301614851
5.475950891593008
4.403069039728039
2.972541499324435
3.608548089410052
4.216821228838626
4.891362767072601
5.586023715793891
5.766221963200304
5.993089150939147
6.342219174239138
6.4608080264617
6.565883434520713
6.6806330535673775
6.7520152977007895
6.971185568220695
6.317044377735576
6.426748527369811
6.562986523737369
6.500558292655598
6.426034774829623
6.54709520671483
6.468992393841323
6.033019876085018
6.245281140435859
5.788614738006766
4.754022848681868
4.06362368948153
2.74916844957144
2.2274088450174565
4.61075672470002
5.59200593422246
5.506168892909316
5.995995623455962
6.109713414266798
6.245291980979444
6.7074614599560975
7.040695777746315
6.902519070734396
7.21140347095757
7.0992184786892505
7.273470977693595
7.424921233966773
7.600428570496615
7.7243399911666515
7.465980896824242
7.513729689758939
6.80441119076933
6.554252427625863
1.176875311322646
0.0
0.0
0.0
0.0
0.0
0.0
0.0
0.0
0.0
0.0
0.0
0.0
0.6994023041408609
5.195516797034985
6.5331617140537865
7.25653030346558
6.939199838746625
7.294389373751546
7.2152269957662
7.412852781421723
7.305246638927482
7.167078863396386
7.081631979356284
7.0648455021495735
6.560311626175403
6.473837032314966
6.501441507858572
6.094824550648055
5.917228835996429
4.891630968223549
4.278326518171556
3.5397722333783292
2.855628797870307
2.1670567132833596
1.9213623394458998
2.640636218605559
3.7062739500098463
5.393208163145643
5.773414272242805
5.9570508353250835
6.058548317520598
6.528570148375385
6.527924850685808
6.76084733849536
6.836639213247819
6.760108334002129
6.542193948012142
6.321902433540702
6.655559264875995
6.542550824282235
6.501441507858572
6.554909280492879
6.563794838693913
6.315065561213405
5.5009336592181475
5.042144684094571
3.7077260490277637
2.9454953132440815
3.0910603780344066
5.418938517229491
6.209859359776129
6.606610622721239
6.636006780623836
6.774352179375419
6.748369923528019
5.905781484362013
6.39480373167047
6.328710364509394
6.2946652997047225
6.545243318255061
6.781029495589209
7.2488893445012215
7.1776316223620436
7.275155876685708
7.367737083215108
7.294881001835187
7.153879048315651
6.923828526496312
4.951932600154421
0.0
0.0
0.0
0.0
0.0
0.0
0.0
0.0
0.0
0.0
0.0
0.0
0.0
0.0
4.17794055145376
6.800453393979517
6.954612000082089
7.180356300489983
7.479455078778381
7.087943319610195
7.223134492440284
6.952535987887019
7.074225042246664
6.8306168218287615
6.128918982125811
5.390810468725568
4.622094620321772
4.314714066345445
4.362690989000821
4.119535624847484
4.713207904715178
5.203227731168198
5.599588936742104
5.453202230292271
4.468242986253644
2.899004883199635
1.7660350810381775
2.579150034756508
4.086002983219772
5.133255470723602
5.8074236196569
6.479527799416975
6.521350868380825
6.459448976231936
6.445111424054994
6.5743175540352965
6.519346520461482
6.3019930730184495
6.315616872655204
6.478356162794517
6.357558900375752
6.281676332320013
6.307658588167412
5.914319578649341
5.431015788275432
4.207695440516626
3.6557143523067657
2.656790172961217
3.8527556880334854
5.754694655730143
6.851152562248204
6.538645294143397
6.685424812409562
6.63715316529325
6.729462736965437
6.971348696722825
7.091547844697819
6.962460784709379
7.051494330875454
6.9589807816159865
7.008131201202939
6.709414660855323
6.7231955028048
6.821302611846744
6.604560030688176
6.607319176157599
6.625882238290779
6.658028908318038
5.812399010224007
1.3080557888670485
0.5754040098338382
0.0
0.0
0.0
0.0
0.0
0.0
0.0
0.0
0.0
0.0
0.0
0.0
0.0
2.461186601827457
5.669271868505251
6.104279227721236
5.826564176061303
5.442829698193992
5.252148046463542
5.430061058114204
4.9482199112123535
5.151052063678982
5.072680029838502
5.431158733351608
5.493983110798434
5.9357081110353835
6.070718485332397
6.106977927626101
6.492888429587291
6.537658913240576
6.394948501268466
6.151417524473946
5.895347453893452
5.7145024692425705
5.207147469116849
3.9829959082053628
2.1466761200843774
2.251055718808769
3.414888835086721
4.621855758044861
6.013768635236411
6.439301698196287
6.5564723929995035
6.405718034131189
6.52615842027986
6.385044417162659
5.87672633807892
5.920861074901822
6.221478811493542
6.4301285741884735
6.184763271025652
5.816747981813957
4.934740165483008
4.601579255720986
3.256557316181963
2.524684643068552
4.542935703055771
6.2192499997172925
6.9191462675146305
6.9320058107051095
6.963499912095537
7.209288852254602
7.042825418583014
7.207049711557402
7.150437651730159
7.157850679492683
7.255247584736503
7.187011162459134
7.309481966986325
7.418755159253341
7.628800803645561
7.6448977383496235
7.688575815557191
7.513414513557068
7.586442708418939
7.343001253001431
6.777424358010186
1.6588157816230098
2.1394710951602307
1.9270726136266554
0.8456276632104732
0.9344263551849677
1.5818971429095714
0.35174802535373406
0.0
0.0
0.0
0.0
0.0
0.399138985702811
0.1879172584912164
0.0
0.1252781723274776
0.5987084785542163
4.34943645411697
5.790501329564591
6.14915174559455
6.675433239158446
6.96124287179392
7.270407520141823
7.250203941077939
7.237335466406635
7.105603553123686
6.833165899058002
6.830112721348554
6.634503519684329
6.498622399586864
6.20149748533848
6.344529894522484
6.494247479817056
6.308448096566733
6.292196671936027
6.3543869855044015
5.89096438890764
5.966057728008184
5.650363265497802
4.42093854974865
2.5982006233672066
1.959956202525165
3.1525060952506365
4.470649148412272
5.835268868786257
6.356819895882521
6.514301051049052
6.398787175556111
6.404023848802175
5.825941650556843
5.894337973050155
6.259593440659755
6.176113254612644
5.970747517586297
4.612933537261086
3.9114179141588146
3.1310318373831794
2.7031749767110616
5.20547370866942
6.621916773065443
6.907542608854068
6.877401112297583
7.0910562166141755
7.014500085415443
7.157586982610872
7.157095354527232
7.47599125363486
7.352452324458476
7.293142420702452
7.511883811586264
7.181795419060929
7.401432356802188
7.487281735376458
7.7168803914362085
7.889677667251991
7.946521852508967
8.192430120745573
7.891357122381808
7.786389509241661
7.509183059588253
6.272153606159335
0.49113903831184264
2.05708856958688
2.1792136383703635
2.52257046345914
3.5095194802654044
3.3787852520167663
3.092268145013512
2.298478679614876
1.4696311875786745
2.270713759443254
2.6659562261450227
2.7383351792104262
0.7982779714056217
1.2600560432721708
2.1296394039323507
1.5592119024614888
2.1408604319009576
6.68332042352591
6.989163127257619
7.334788203112651
7.43732491475359
7.534389432583567
7.388608579291689
7.468795022772781
7.365839261412578
7.202367452575722
6.917016626677933
6.820243795745071
6.839423610670289
6.553907106533208
6.758326110539332
6.552378593640656
6.539688513112963
6.553261808843629
6.2270621750162904
6.293512239824102
6.458472054225308
6.108113215185562
6.111165361004432
5.323890540566292
3.305781508022957
2.310942839242692
3.0797514263453585
4.531200060184959
5.557251474692665
6.315043820042559
6.433560427188189
6.412173057679472
5.383791460955651
5.5953923623000055
5.585308171470518
5.112855554093422
4.3873682439690205
3.7287599473800808
2.686253309137898
3.3583141801278
5.732638706841857
6.603247504016257
6.769842507792063
7.0510027027918145
6.995592898852861
7.243024935170153
7.171542122657058
7.400748563196697
7.545267783061506
7.541574529144257
7.39549421329059
7.471940125637843
7.781212839806472
7.707979359580772
7.852600441859503
7.671620132937763
7.920749091862946
8.147151925333171
8.065614909405744
8.068493519473693
7.903397711774753
7.806868080043431
7.600273668226645
7.146466020553127
4.491173186403467
0.7853664932970904
0.8958737606499274
3.517647282819012
4.677942822246825
5.085909310091922
4.760260439408911
4.296485976175354
4.047073150762239
3.994693933828391
4.300597147421826
3.8937436922460877
1.534730880012855
1.00222537861982
0.4537629975050586
0.954413695475715
4.192928890983594
6.727324742228103
7.191474421719807
7.5301741565646205
7.741363331056011
7.82373043151596
7.324348831839833
7.451715159914874
7.31462901985249
7.400940728718546
7.32306611311076
7.186522375203412
6.898710568059496
6.885741525008513
6.91167961111048
6.670329449182166
6.750280564643709
6.586794969002639
6.61456890720903
6.760465210272223
6.852392653721272
6.315829538215556
6.343816141982297
6.43965857446638
5.905178917656608
4.002703172526482
2.5753689723446787
2.632763304607979
3.6293587952881143
5.075975747918722
6.179557085388951
6.217125353450454
4.579651408099215
4.946345496478381
4.636874578575581
4.171731203800403
3.3122364328635006
2.620698184696618
4.314927605620572
6.256226039842594
7.0244407228776575
7.460286398154553
7.138297667825154
7.380440226563715
7.532988282513161
7.53024025329856
7.292842958140664
7.365311867648959
7.619163971590689
7.790181528931841
7.713480450969784
7.702237255681051
7.906369652989614
7.831981836376783
8.113935005639922
8.295085557668354
8.240617444870514
8.307061821742865
8.174173021798286
8.171801052812931
8.146058468365887
7.840084999736687
7.50805524312915
7.0603822428889025
6.088665255402882
4.960464799764935
2.2779736961142776
4.363052400678237
5.499323746960001
5.84193542082155
5.583494577605735
5.362342229919675
5.098323323113664
4.96034970533926
5.38289311679669
4.957302822572272
1.156456391032093
1.2809841091709742
2.2961504566410103
4.1422390578354635
5.5459496751758035
6.728485814958811
7.263946172056025
7.532635456587912
7.6837958825227535
7.744258562129909
7.553978209931073
7.643247899788827
7.734363467819252
7.570080516297067
7.315911738581564
7.1791065066129685
7.317158691630652
7.046047815447497
6.959895387007916
6.944101097449314
7.081513548014958
6.796422570923324
6.803124970881199
6.980932214407194
6.9551036281657295
6.69996653809853
6.605091568724881
6.6897377227245824
6.658694093172737
6.122780773501302
4.577142443564642
3.7211356401466107
3.278972340422926
3.4703337058690025
4.180694786108633
5.63768110459325
4.154478906905602
3.8344838478413124
3.5549312297057916
3.3206272515763837
3.066984541073251
4.9747320515517215
6.695646799002877
7.2448400913113336
7.3591457929355295
7.55239602864021
7.500772095280471
7.3912470456816965
7.616924516622359
7.720309948471639
7.76484921871472
7.6124697886286965
7.629700688902828
7.828117502239689
7.984940791067339
8.00790866228049
7.991641361841519
7.908746867617951
8.013818142409242
8.241534472737747
8.281505482916907
8.325769519959408
8.32593050837625
8.36057219298865
8.215859174913719
8.034239147744087
7.595162381040459
7.297833611164959
6.735538645790956
6.143869240490084
5.189873769794486
5.807833734633114
6.259809617002305
6.1988629056891975
6.016963166070144
5.978321037860286
6.144975037590506
6.05809422366465
5.758094847722146
5.465895055407811
3.847198086910976
3.8188749966630313
4.368991281524647
5.537122274681569
6.203836688912945
6.9917157454026055
7.54210192290788
7.7614172165591375
7.932153275568517
7.8759485698582
7.8824817644033525
7.883531117304571
7.855103593709642
7.802257798258957
7.664331613427155
7.411797993894481
7.262468446977177
7.393563466636006
7.302824264189255
7.0979776162930595
7.149910257966539
7.113061278047012
7.257777256514673
7.253805625337644
6.91817194282817
6.9536846151336835
6.871462968785985
7.047522699698423
6.824697596109551
6.5076333619404165
6.09693512285706
5.40468206587053
3.412970061227678
3.438346472753393
3.450742251552725
4.190639482223617
2.843184654180016
2.633609509873513
2.575410240888904
2.7802379017381593
4.937204324331901
6.442126643346824
7.127623636690246
7.386798466798993
7.5665225769196836
7.58749749594618
7.730345791948179
7.633285148208239
7.7586503678271885
8.005965510268867
7.954470805302121
7.983701786366428
8.093022372221432
7.998580670105479
7.957898144353971
8.08442456256355
8.240934176061208
8.116203123991102
8.42515543998814
8.425960382072336
8.50977794952971
8.601331520386275
8.385917325030023
8.35146664627885
8.344913583129664
8.325952336871659
7.988774300875341
8.022099220876429
7.469310904999789
7.098888594624778
6.900573962277222
6.921698885659615
6.732716524018875
6.571201532295778
6.439038528729846
6.512704083305891
6.406852304734911
6.283103837400385
6.316449583952088
6.087320639460333
6.110342485885971
6.301055385059699
6.396016474909248
6.525130994367144
6.933409454686835
7.512938599113504
7.567566558158975
7.753793638905979
8.047034737655448
8.139995463446867
8.10556136754812
7.999859990528233
8.0798883258612
8.156108163281193
7.838115305015317
7.705857417702351
7.730376123002142
7.508723323094566
7.510109464773552
7.386306838715356
7.442244036417926
7.297306217401339
7.29420225187818
7.266703775036018
7.222148395445083
6.971949824666971
7.0910562166141755
7.108870647148971
6.986269229974647
6.799589096568931
6.492744218877549
6.334452373029103
5.683398314504285
4.486003609238863
4.076618055095811
3.521663655986244
2.7615571108423578
2.4121345199414703
3.3852613936647007
4.671929721520716
6.118473749693851
6.86024143834856
7.122221818423095
7.3579703712463935
7.399921706871287
7.789059084134655
7.802125473224964
7.986137280946634
7.826171360722193
7.936588717497394
8.081602747832648
8.230775384868736
8.072431715636622
8.274585158371174
8.179113303672972
8.25633743674195
8.312477033002613
8.351101012454356
8.470739029381798
8.491085359677061
8.551122752736571
8.554878573672847
8.455910133408407
8.687219038516485
8.505627746858611
8.394111089515578
8.465072976655453
8.24958088835289
8.102187341052307
8.083706888261114
7.764088459123251
7.530727679278726
7.45964911355289
7.524814886136703
7.3620926396258355
7.3088411855298565
7.237628160551482
7.150381115019305
7.052204958680104
7.0634203984646255
7.358985505261316
7.40996742464204
7.532605449041355
7.5677940983832706
7.8018617763431575
7.88513520690991
7.964462220265558
8.25074916192459
8.215220466889345
8.380720598007768
8.172483417828118
8.124869362441203
8.012122922149167
8.002485461355167
8.011624516215434
7.778211910761738
7.8186767097967
7.808131274006498
7.779427686705813
7.805818727142216
7.610059967925463
7.474060506980276
7.355704396350033
7.375976967303041
7.252671012976971
7.227588820220137
7.099828538114217
7.106258309709458
6.936763629621179
6.7546901952627545
6.460332191434908
6.527780639976065
6.226013287376856
5.564716086014183
4.282064727070222
3.866245247051194
1.532394079375088
2.912355026436177
4.644181574358599
6.0746216397458666
6.385282334676053
6.944210597309818
7.165263707255205
7.315911738581564
7.5453712060114135
7.790577550847635
7.996671854803954
7.977866351319799
7.904584499888952
8.106587491692512
8.334389158112698
8.350356724577571
8.484694554478772
8.406110855857428
8.36614819338183
8.372040720011237
8.717936994360857
8.610933671893015
8.672002680223196
8.67344231677511
8.869390067889555
8.762759298661132
8.738961676114663
8.635221179104924
8.591165809778882
8.583475731340883
8.719382280793637
8.560492780459398
8.416049893278341
8.46358125176155
8.128909449346937
8.256655328100425
7.991210288730677
7.8950207597300315
8.012187589913227
8.039955394710546
8.042225426753218
8.04741690813249
8.024750224189585
7.918223664442153
8.055359473113455
8.244318675844408
8.21659333966882
8.167881741839416
8.24539669212848
8.461785211889202
8.404282045765948
8.600235689163439
8.470247875182302
8.391092223556873
8.306322365144895
8.36144262055907
8.276167968401166
8.086108920890737
7.96084301143044
7.923985054406655
8.049685026483667
8.070376477841956
7.715499684383242
7.735952581308036
7.642916545637077
7.5555292827189415
7.457984657578217
7.632813572164494
7.592049497778794
7.419510484218795
7.261748887691704
7.434759477295445
6.94818222848685
7.023153975574156
6.695785366096685
6.620115463601297
6.213557334136233
6.30916184910692
5.448799220635764
4.247426379279038
2.5841751562585316
3.691096349518046
5.35043597947292
6.222099136674202
6.465878747827175
6.810318998922714
7.215226995766202
7.412589084539913
7.4303319837147495
7.856651676991639
8.065409168028756
8.221356050274242
8.280537924843824
8.315998191086846
8.350983681028332
8.59753077292512
8.793338094584069
8.63834107732277
8.565367530647976
8.70693759375895
8.818908630277853
8.730829449701972
8.769540472037598
8.71574660144925
8.992719121122413
9.080834347958312
8.869951087922075
9.187763001188364
9.040657821513701
8.939247515056909
8.899246511238154
8.876409014930804
8.767444312522542
8.693049190472408
8.551635735431477
8.55214617905826
8.570600162481139
8.374380369215217
8.365643399635905
8.475795326948564
8.471813032109225
8.482315628630777
8.799190075035396
8.676476129262033
8.558883695443908
8.637035238500593
8.74170806394014
8.667172856559496
8.646965686185665
8.70605332735869
8.773816886399576
8.713639063884575
8.583594332300965
8.652241737523978
8.565321334589035
8.494839911079277
8.410326544014751
8.456743823402931
8.65477747639648
8.257382691559048
8.25358751330804
8.230551213302666
8.148090781695812
7.984940791067336
8.088747918709396
7.918796886980295
7.746111372500505
7.710386905263077
7.575129580839341
7.403593875486527
7.159325563743609
7.353015483902077
7.241967944822346
6.858603425595504
6.779635566301245
6.7744711381321165
6.637034206536552
6.287392351375066
5.8607885868207426
5.347772776584785
