6.802369645915746
6.837306749390069
6.954320453927067
6.555971585463793
5.497959275258136
3.1276675252826744
2.8688067201093865
4.8238434357188
6.129394162602423
6.594634294733733
6.753543810593341
6.596282426070938
6.761229466718499
6.704125778807615
6.651541221376281
6.684836464021895
6.697313878989236
7.035646412675225
6.9083880360552685
7.030199897247268
7.192460518715009
7.2330972440208745
7.634639335333178
8.100359245445766
9.084184819633412
10.308967050236214
12.233211450369488
14.532120933552825
16.773553800715607
18.59636679033123
21.068601269140427
23.208132145185704
24.43117893688792
29.717544702929395
27.27597572107279
27.643648988659283
28.726986270966876
32.4524512859614
34.100869142639866
35.16184674062501
35.97046730365145
36.108684182621396
36.19879884368446
35.86109622745901
35.6985582022062
35.06726712801596
34.31657263818415
33.446949737246655
32.16397720787374
30.733812793648045
28.631100915309894
25.64700007768581
20.936061799242882
16.303031913329406
12.08008256123559
9.968782692885044
9.39785545031438
9.425536336327557
9.464581549439767
9.260562425765452
9.26666417023098
8.915464779738835
8.810467795480168
8.623189892134594
8.546576898796587
8.310853310004383
7.972079818906975
8.025366064786567
7.967322400144421
7.640413393786942
7.68514625852176
7.683760116842773
7.667595524868781
7.371549473722345
6.2897706775129
4.365365615997895
3.835809152801101
5.971076907187794
7.400299110250435
8.243447327314595
7.102244822199542
7.330301983742846
7.42601715883592
7.217909516204177
7.020829992081654
5.678872709319592
3.9357487183437176
2.496738726461306
4.172746672140881
5.8388046317453535
6.321282387804169
6.327831118156106
6.6416722957728
6.5189896441913895
6.247497874471426
6.445230382811691
6.302825784315333
6.382467016630672
6.45070497357115
6.361032933442193
6.512678831352847
6.117347029092873
6.2000503644190506
5.934478989475056
6.394921419492194
8.190754315523384
10.268880176653216
12.417364853797794
14.520010275141543
16.379004463995344
18.013162478342643
19.269459511184472
18.49858146113801
17.876536803561255
19.292973006932705
20.01179871910827
23.286335001883288
26.781919348096686
34.808173606891096
36.577814828921724
36.8862646194768
36.74902069273164
36.48897174838666
36.04040507346628
35.461738954991496
34.828489871557196
34.02430068707315
32.7867932815793
31.619541086325853
30.4933862206624
28.356292417390783
24.492695401611776
13.763604281757258
4.191878104229977
3.2533903431013256
0.3874867513426219
0.2505563446549552
0.5806578503783199
1.6578271571413532
2.6279842075622115
3.649176096457449
4.9201762216809035
6.285356937367
7.466748271856846
7.86447845359116
7.689625168458426
7.716089300790775
7.441829311356171
7.500839752550404
7.408512997150861
7.567313667565115
7.367772848895086
7.093611675587077
6.106634225461747
4.233002471038872
5.1633674999196915
6.811499183391506
8.141851712843476
8.825434581840929
8.807022465490922
7.54829342132313
7.756797557456593
7.970657997293818
8.020181685704427
7.624507064068733
7.159711236245317
6.323647830694183
4.464162950710131
2.5528234597879997
3.534844496487745
5.395490812499907
5.89465056497119
6.062494954275755
6.038112618065464
5.8259651835108714
5.73701420280573
5.13325598317356
4.78969540922679
4.692678454014353
4.829614318555819
4.440449377142013
3.538385833768087
2.635879467061117
2.71290099099931
2.899543700552613
4.030903267413079
5.640335939112022
9.86741132068136
9.75119022394555
14.350261547666769
18.456735836506493
13.451218769840168
12.644429877946964
12.696420406806004
13.040826656619702
12.53865051330823
27.906860871306566
19.62636479683065
35.020322769895635
38.236924787990255
38.852451928468135
38.67211865903269
38.491933368123455
38.15488289772028
37.49296052045625
37.01162042762759
36.881234977591845
36.48829734932437
35.289270396776175
33.44073572467636
30.568511356565065
23.436543307252315
2.308263198723541
0.0
0.0
0.0
0.0
0.0
0.0
0.0
0.0
0.0
0.656350422082865
3.7975746714745235
6.592495137151512
7.118134596732655
7.138297667825155
7.055918983628228
7.216666114337146
7.02082035715018
7.108488518925834
6.634303326520545
5.041936554665733
3.660651401398462
5.529421904183448
7.471111674767696
8.808926495671564
9.14527401703994
9.486888009911638
9.57140202067336
8.19585827751959
8.260929781612468
8.432480307717977
8.424538560459181
7.996891123172657
7.721405873340788
7.242215928064074
6.438341989622566
4.729630974226526
2.501031162282997
2.5839044310712764
4.197468055719825
5.5954993675761235
5.476381452494925
4.9793015799798415
4.008538833715604
1.4602354963086783
1.1114734022243153
1.295012746352738
1.5178660736524092
1.2046706428337155
1.5555541081906792
1.7793886061193505
3.43935300900631
1.957092642766972
5.720817006064273
9.644515239608607
11.936287135825381
5.768010837523033
14.439633793418148
19.331510888308614
12.680150713555868
17.123773305631413
19.279594237579204
21.231680288922337
19.894098389800085
25.344109609432234
12.58173320371087
52.96091928306594
57.24429426045513
55.77386853416232
53.77619393648437
52.68695932358485
50.415975230525376
48.237277939890745
46.1775376087776
43.99481856224657
41.66653607427956
39.23676922058692
36.8409406504043
32.591329477409104
23.251204963218058
1.5072731943820448
0.0
0.0
0.0
0.0
0.0
0.0
0.0
0.0
0.0
0.0
1.0067384648002067
5.842022794854476
6.352820938384156
6.8970725553064405
6.687444953385756
6.676004423227323
6.587177097225776
5.959045057000816
4.222917402453077
3.59617060231495
5.946662798409175
7.982773665612902
9.054198332719285
9.615726173955483
9.664659036064984
9.851446392451122
9.670657461829736
8.550216657840904
8.566089539097327
8.787162867765003
8.690458765945122
8.50024947245817
8.15017079129188
7.778768921094372
7.330669103574569
6.424990208588982
5.260551858796181
3.1322949036819225
2.37166461731408
3.471271687798666
4.604606642112443
4.5040899866221675
1.690608475330219
0.156597715409347
0.0
0.2505563446549552
1.0123135671633685
1.747211698041155
1.5941479712699438
3.471880575527543
4.103716521998939
1.8100383876347623
3.8775182198389095
7.181843869765096
8.809528048950183
8.577505334054585
16.69178470941669
19.619495476554444
15.307651557201073
24.786781944347894
25.83827838313948
26.648155874585647
22.194719024284392
27.156329810854206
15.76775910294581
65.00808983588614
69.4312571427302
67.95538473698417
66.02645766575984
65.42644487007138
63.989806724931064
61.920143473680454
60.13696497833402
59.04814349902114
57.77236628404421
55.214886379994226
53.53193923144058
51.38412853750935
37.4929983356866
3.138770443460324
0.0
0.0
0.0
0.0
0.0
0.0
0.0
0.0
0.0
0.0
1.265126454908517
5.334574553367092
6.039258723290752
6.081989979966493
6.213319416622837
6.0870019099115265
5.279040664821885
3.4518859326254523
4.42387983135099
6.635484772288479
8.125772398212952
9.077244208166778
9.732453428398415
9.886123419092128
10.009988040882963
10.348381928104553
10.229891508996808
8.717170059386621
8.786696081129033
8.918036518327321
8.921693725520251
8.77023627164475
8.434823076981115
8.059154359681296
7.720383040367601
6.905190120220708
6.372695867501295
5.141982688809682
3.4554602106103687
1.932273819441994
3.480694620335017
3.8543428460870537
0.9271726694596845
0.0
0.0
0.313195430818694
2.48290321801218
2.2773295061164993
0.1252781723274776
0.8995109206486256
2.4060506770940755
3.6598361733515663
4.054883623959525
4.424646532524223
6.627400878458779
9.16176344912667
15.216670370449885
19.929968004513956
16.156027966069065
24.910616956702214
26.70440313708462
26.540335099155232
22.722198227525453
19.21939284089902
16.360860126646575
65.52568208936682
69.17038629127443
68.46398404079395
67.02558124564871
66.57343304148115
64.73553010043554
62.59845357745656
61.32432578356104
60.42517126018797
59.29409495049186
57.397902406976016
54.98931342817692
51.76946594464656
41.5008237331934
4.67360296240246
0.0
0.0
0.0
0.0
0.0
0.0
0.0
0.0
0.0
0.0
0.45376299750505855
4.291699607597447
5.841875326269466
6.1148061562472416
5.927337839620951
4.4655119899161155
3.0409669426947703
5.083982088125219
6.781468203176529
8.178286754303176
8.871221168173403
9.545096144037515
9.983428551069721
10.23632100598677
10.593694499875419
10.475316604346846
10.415433004436474
9.03054268731205
9.095961172634894
9.053356764314428
9.13042646230723
8.863937774928925
8.545786865792886
8.159074041130893
7.709395117828779
7.198890290310252
6.740411639040227
6.121216527555257
5.1633483171475545
3.3681488231072696
2.713796581398822
3.3089740155870184
1.466097198940539
0.0
2.182871432641175
2.353976519501088
3.0009492234931154
3.3871827551483076
0.7822065541384142
2.513088395719975
4.058005279725635
6.5158706414041
5.955956834339646
8.838797199976252
10.631174434936817
11.501462120023113
6.484182295408959
6.189815307692452
13.936944375880195
19.222604542568657
19.472202988679314
18.542195042334814
17.56071341804466
13.499019909282547
15.624690442531671
65.63360072841846
68.79485070496476
68.66627738560898
67.46557892453315
66.11070586075584
63.37858164502185
61.932136655180194
61.29791458102498
60.36841158022448
58.99442106700866
57.2702480692359
54.86016213363413
51.762624988489954
45.97044183081963
5.64551819705805
0.7589433539622611
0.0
0.0
0.0
0.0
0.0
0.0
0.0
0.0
0.0
0.0
5.174756987604626
7.277320448444743
6.576933680997166
4.2577956387498554
3.5050936608818435
5.713326663685079
6.639358254829168
7.8702625507084765
8.686636189988565
9.092758441567296
9.82170075857713
10.278259055777935
10.538833966032842
10.640559374955382
10.762447419829822
10.631651918828087
9.123922658672615
9.205014766876657
9.131970722554682
9.191793418814997
8.711622607620354
8.49549078416155
8.405781922161106
7.94765208537975
7.316103904103415
6.876145227767665
6.5690341671094705
5.824846686785165
4.842282840584382
4.839833373470712
4.451416999340028
0.7159715765202026
1.0685016247822567
2.5439875264464726
2.1122172721159447
1.9478793820540976
2.603908618007085
2.5193230750897015
3.4101215514594028
4.144280981486345
4.581806166008762
4.988664148004514
5.695333387945397
6.748255456022498
8.286142729795548
7.181195269934639
7.216507257706522
13.741455382490011
11.877730080298464
12.664792629807408
16.536846519653054
20.71624342299781
30.420560633537157
45.05266876187811
67.06034250483668
68.38968681302912
67.91131336771454
66.56476893856583
65.75081201759336
63.274395250329576
62.17589195412074
60.857936474317704
59.66139589323877
58.55649570323938
56.44079790403887
54.26276527374907
51.384963050141515
48.97126417695022
7.422445544239885
1.07497328759922
0.37947167698113066
0.0
0.0
0.0
0.0
0.0
0.0
0.0
0.0
0.0
4.522207802756189
8.434036815131867
7.796744340046009
6.953766509228727
6.775645788254947
7.333583406925259
7.5626224771026145
7.949948420038531
8.470449776567369
9.220303526007797
10.027010529657202
10.41846092557355
10.680487679104903
10.913086591014395
10.957103189284295
11.000847234771753
9.346593681497257
9.149785419592765
9.461405022793798
9.313945651554372
8.898340103961381
8.499941135170918
8.1358030320736
7.599637479851186
7.419018856135155
7.071494273465824
6.426247440389974
5.987363272668246
5.1557966790828855
5.62526815258941
4.582135041107278
0.9550176942472438
0.5557367011121579
1.0335449217016894
0.5637517754736491
0.3445149739005634
0.1879172584912164
0.9395862924560813
0.8922366006512296
1.7327455951348139
2.859678356295619
4.310233852996793
6.941301612712112
11.49983188900074
17.54478421982266
27.48180918144103
39.442082629507496
47.815270371953396
54.286946280551
60.399524582175594
63.69687539653161
64.78188040026272
64.66812273102583
65.26457068170151
69.04646043243045
69.034690893375
68.15978078529913
66.66402889269112
65.62543399862956
63.35892095093495
62.14488048862823
61.154859382612756
59.30333312247479
58.14244993549584
55.896516953364745
53.979641878198045
51.04255048737718
48.6345703751394
24.356133811691745
12.197381098968679
6.492246611529131
2.794657827975228
0.8915841969235025
0.4501258375063607
0.0
0.0
0.0
0.0
0.0
0.8034005067968268
4.5728521153079
8.335145152924323
8.309821894017121
7.657436733676304
7.386606301277143
7.805150584212706
7.711603395692099
7.620683974368311
8.213261272945502
8.984261482947957
10.056449898933677
10.70084323407369
10.86160254715742
11.13999768319011
11.100976126191183
11.072642344431223
9.47818271645413
9.2415078702342
9.316840320066188
9.421620361364258
8.945653261892641
8.351494977806682
8.163822938625149
7.442208270737948
7.397655731974929
7.044791930917581
6.921044129073841
6.398311340529321
5.86486877306243
6.4136209918679095
6.520106249169821
3.9099509984134557
1.4907451905469287
1.7990014833076649
2.4433273587017816
3.938347831100702
5.332721526219369
6.135425597765377
6.834552097121431
8.742229605219817
10.081524050235908
10.490917511016734
10.685213127756512
11.253335928641118
29.99069075571439
36.57124786003269
42.93091205207474
51.7323898055065
60.29094930921566
65.65014755247243
69.31516691090506
71.12203423105579
70.78286365563201
69.8097123207901
70.02339609715217
69.11716027435922
68.54443514872271
66.74357964657291
64.81993243094766
63.028402606334545
61.62713666681806
60.45005960095177
58.91166240877672
57.58560503361271
56.50776025848636
53.42715495043492
51.09098783180068
48.06483040787397
43.40505972349467
38.11557205820538
33.751325205845134
29.90678499125857
24.711304286556306
18.607795528225488
12.825100968781236
8.36816813247397
5.026394759928156
2.4825325639532205
3.004863934054877
5.711458884181385
6.227354168824401
8.09168964559443
8.541571177635563
7.8023550720979085
6.936033313101018
6.828708075481428
3.107235591842956
0.3874867513426219
1.9289494893660692
7.750983544262179
9.706113324184374
10.598601601514362
10.967695576156016
11.201892991063085
11.439989185860437
11.350326252347305
9.567483349687128
9.36744475194247
9.66566771196004
9.35617117222541
8.74353062808411
8.152897103092169
7.412605834162104
5.932199772837505
3.7398949508463177
5.032488375193649
6.65905096944283
6.411221387625892
5.6488800595553625
6.642843932395258
6.852446282362899
6.557813274447048
7.055106780196166
7.370491419029455
7.669681068304294
8.306380082972316
5.816067409287481
4.067980451829958
2.73501087257979
2.1985088570019773
2.123025580751476
2.6103050411531328
3.3948754557525165
4.555622486366055
25.756241777439882
37.1808058138289
43.948161540793585
50.6152938630086
54.360681557400795
52.572100478318454
49.51482962224487
60.347047936894306
72.14872783129833
71.60635355163325
70.73903971009241
69.584307066018
67.9017007968894
66.19085715364548
64.16199261487625
62.707544624799134
61.90228933717181
60.622971683787384
59.431817234046036
57.92589263917918
56.32985598804067
53.428166176840044
50.66241343137155
47.57639177646954
43.711171580035256
39.812278052850196
36.4073132475005
32.78985298515514
29.628456259267633
26.221729805525506
22.582432124561425
18.925339771627716
16.373052217082527
13.986848276620085
12.372415229110173
11.107416364332723
9.73182123866716
8.944485790139616
8.317155485487099
7.4200545267563776
4.29746022569419
0.6503185782260149
0.0
0.0
0.156597715409347
6.158841076165011
9.721130406569
10.805973812957232
11.187833888039501
11.436459445873048
11.625104900941157
11.562993089879386
9.372620288189223
9.370743660809124
9.339428638672219
8.947362962784773
8.011191435493354
6.835339478854653
1.9143440780698597
0.0
0.2505563446549552
0.0
2.0679052753548266
5.2774199403498745
5.907870422429793
6.844478538978914
7.249841337479331
7.718923806792649
8.155454832295769
8.870099096364491
9.385587751618964
9.36981335182201
0.3248476651788831
0.2505563446549552
0.7516690339648652
1.8791725849121619
2.3074088506045562
3.0165646388613574
3.6418377266910187
4.670310930287333
13.694932775530354
35.322339729122525
41.75356491749237
26.848543528564285
18.853772178660385
22.67215952099083
20.949249409304187
27.898005271555515
71.4013485046634
71.51561926729285
71.2252452266571
69.74127759351813
68.40802219173268
66.55730440582361
64.99888001284963
63.21648946268306
61.76609170495769
61.23774602513651
59.81638545266689
58.32290859743875
56.32012397441681
52.437125946949315
49.63285645169795
46.31130842452134
42.819736562468876
39.67829750141481
36.44130673863458
32.97549741180593
29.507051332877364
26.34386349525183
23.024977524637396
19.77480967433021
17.58741604730765
15.871818812226369
14.027723377074459
12.48937394494913
10.874632819373964
9.351904317405756
7.585090752214879
3.5804116263072334
0.0
0.0
0.0
0.0
0.0
5.797176205512264
10.235926065917562
11.039392488178978
11.39800396642652
11.674638669988814
11.639802515227487
11.697121221570514
9.432631540490414
9.2394189754825
9.41695494340548
8.772852604367376
7.521781001156925
4.304853122023397
0.0
0.0
0.3758345169824328
0.4224434544231892
1.1957910084754542
0.37143596834752696
2.374801022472737
6.154579964667726
7.0471160904453605
7.932707983564164
8.541856416893342
9.37040810481171
9.914694185249402
8.646300238834794
0.0
0.0
1.076516699143748
0.7829885770467345
2.167582038282288
2.190886507002666
2.877914380267346
3.996681086118145
15.432195341199924
32.15216079198805
38.71795016417206
24.079014289665345
17.077759208653642
19.420913734555626
18.254273975450296
17.988435442821803
68.65734261006325
70.27604081792478
70.94157805012159
69.80359632101735
68.54756066609488
66.99463837406722
65.22249026940038
63.761964848998915
62.480128507980666
61.312747705884426
59.853124579704186
57.71159303290604
55.10921484403683
51.25460975358387
48.4195643200974
44.95141711326486
41.585450239001496
38.69115788436148
35.2543396305752
31.84917255037516
28.92728951820979
25.745989319922437
22.699805863980114
19.969866744358058
17.753693729753508
16.027623459357425
14.400043715175304
12.735785639307784
11.105095001578958
9.295354939681538
7.429129155585803
3.7568818565324795
0.0
0.0
0.0
0.9877925540822108
4.605938734312806
9.009444511431232
10.66459230603842
11.120149946904538
11.645015453621284
11.782157299725123
11.789396571019706
11.875674374615393
9.429085286420454
9.278775441509966
9.047760318057591
8.474653057264602
6.453096389750667
1.6684228320434908
0.0
0.5011126893099104
0.1252781723274776
0.539685918117063
2.5011043555954515
1.4801687710269453
0.469793146228041
0.2112217272115946
3.413631954749548
7.451005724508114
8.874841675588867
9.692965130682328
10.165221236092611
7.757380728192394
0.0
0.0
0.09395862924560819
0.0
1.286915134902797
2.1633989190125487
3.2264353852571097
4.245220975473832
14.578385358914668
29.46273584426893
34.76193946488677
20.92142682171262
11.359279799505076
10.438766274934785
10.659544239561871
15.383508414576312
64.9175272996525
68.0110286087013
68.79142941946037
69.31032501410559
67.84841045660419
67.15391620654812
65.12069635703695
63.64144887424952
61.979497399085574
60.84783502005214
58.83708513893512
55.88889004836694
52.099952078755415
49.58917137188938
46.57263961775106
43.310131795626035
39.88081382118412
37.115988346735776
33.4425757849041
30.596828019240203
27.432514737080982
24.52226620041873
21.516758753111134
19.17657670075248
17.227413347955277
15.916382197441582
14.009835197224623
12.789331176768302
11.23064829849625
9.632030685724706
7.604253335217925
3.069654570942314
0.0
0.0
0.0
4.779562596856109
8.02495187817306
10.085508670353528
10.923868605449345
11.540480530831493
11.631841491777806
11.897658074069493
11.944701160231856
11.859724742307845
9.288649897001633
9.159857222142405
9.01325487536373
8.22553329576506
5.074726256532709
0.4413081059644364
0.0
0.0
0.4071540600643022
0.0
0.1879172584912164
0.485082540586928
0.0
0.0
2.2167441736972306
7.013057021313949
8.48022384946252
9.573846115281453
9.891304810337234
8.08943632338795
2.249820483653804
0.8742272410195583
2.903788262829975
3.114088825464825
3.8340173973325617
3.6779983020090325
5.388538980652811
6.424372868893156
13.990825016606042
26.68201229360558
30.884461114997997
25.290370491712395
6.978707562950225
9.125542023251988
13.057872667855952
21.22657076077776
60.96426577373074
63.97937033037247
65.46428951753374
66.12327097659217
65.73225615883113
64.61453480829941
63.54774041797363
61.57752222337368
60.395830108093534
58.457913174128514
56.32579345935077
52.62711421595191
49.82108819959919
46.81022581552939
43.94405055174924
40.959645773268626
37.891985815164965
34.814204283905504
31.61163217004232
28.701606997993597
25.8776751633132
23.233036595011818
20.650213958778956
18.29423494645019
16.96079115940759
15.411326241334407
13.939997240312557
12.718512950152807
11.368003224287339
9.585597495989102
7.724086681218281
3.359343981080082
0.0
0.0
0.0
5.443706453289166
8.488268968254971
10.135225996988522
11.11525702891999
11.730618962567364
11.807161197628908
11.976958452676262
11.945081969174216
12.261483365566269
9.240011016656393
9.063580037296132
8.888934029978538
7.835772989305712
4.620201451329446
0.5164020836687974
0.0
0.5637517754736491
0.0
0.0
0.0
0.0
0.0
0.0
3.8449275645595113
7.163705438351958
8.440400546191762
9.384342959722611
9.566025106167652
9.497482638172334
6.5210002810738255
4.148529268429367
4.757064941072276
5.550058031618849
6.87772646318718
8.200698800367874
10.504261071615709
13.52651505549848
19.375508936170153
24.210420891304366
27.87851281183202
29.65235665099777
31.237981844505665
37.56563435024036
42.13520048052084
48.43614020775688
56.3726209606838
60.193927601708566
61.3721701429261
61.733659707545
61.628745304772345
60.904741310198155
60.1252472138875
58.72125458059886
57.05531278930971
54.793284609704116
51.99958251906827
48.7219243688968
45.8738290999876
43.46026692751506
40.61915878129751
38.04252967220049
35.33610936186176
32.182420927543916
29.444238741385156
27.173033527637873
24.51251530796701
21.89111339219231
19.627163504328426
17.546270145585407
16.406176669436274
14.881707133494858
13.691800209571007
12.549812272605044
11.300418959833474
9.92609122248522
8.105538242936621
4.173230264228085
0.0
0.0
0.0
4.754679476501065
8.476652231072663
10.10088230635719
11.123145884804266
11.503754554902502
11.80573094921762
12.007477887756103
12.104687396625446
12.276867772746295
9.354509586722912
9.213950908678276
8.949871489118083
7.939943430943857
4.637086607154425
0.6955016106180893
0.0
0.0
0.5011126893099104
0.2505563446549552
0.7553061939635632
0.0
0.0
0.0
4.044846153850777
6.860067843702499
8.196158425857861
8.999600218414558
9.466895875244441
9.461684292737667
8.632337520346208
8.821781782841038
9.460022485902078
9.873993620741555
10.763418649420638
11.778113446569064
13.359865055825331
16.327738481153755
19.01273494062873
21.99906575295929
25.26157280786937
27.45662171145895
30.612141748069664
35.65675772152569
40.02081614074371
45.510560252761614
50.761445107041155
54.276216918710254
56.53100122338762
57.11197115046237
56.66423197994078
55.71307182095857
54.55198256250944
52.64902677045779
51.05052582577467
49.42118850939418
47.77013509284236
44.760677330424485
42.20974918335517
39.786335472407764
37.45491922924983
34.759295616510116
32.29530047716967
29.351238579420574
26.98503522003105
24.575446470301447
22.131805837620117
20.28019558947542
18.3699185328775
17.05414590204825
15.904451342275147
14.525539904304125
13.222006361880819
12.272054603128144
11.189727832686874
9.872589056532641
8.204608710060878
5.110600172865638
0.0
0.0
0.0
4.17866183055882
8.525349523082404
9.975870892016868
11.061226042429155
11.663357070751966
11.962566947127087
12.189166366675597
12.15348883837414
12.105388660878504
9.163103253118138
9.168002064394907
8.944252901984736
8.062752322560266
5.310408598295168
1.0139302477091523
0.0
0.156597715409347
0.0
0.2505563446549552
0.84124974884768
0.3758345169824328
0.0
0.3758345169824328
4.675869655818376
7.1344852635756
8.09274400617869
8.933487539472662
9.441104922717345
9.573557917997341
9.824753336494526
9.868974953627614
10.236351116017687
10.809830048134966
11.815939402120046
12.788254292693425
14.049268551870561
16.469155776602722
18.315615936460844
19.975372835222274
22.631693394538328
25.502169764875454
28.58498877010084
32.70440688100683
36.83861003089869
41.271652291201775
44.89541953319796
48.03070777986979
49.94032145560417
50.043958260903985
49.5997947422627
48.9131749944541
48.15991777341601
46.971614988665344
45.69799410840504
44.40336871189049
42.54897920225937
40.40565338133733
38.13901700932635
36.215254299582625
33.76482727418
31.433271156926196
29.050917348935407
27.057306524093683
24.575068074174165
22.61465220808848
20.40794766170294
18.988337912760745
17.408356398539308
16.568258944045716
15.099459929299101
13.854226571323512
13.13086052846183
12.02801790673692
11.21483592885803
10.295343014035788
8.40470352492394
5.71386040352387
0.0
0.0
0.0
3.3853168025786857
8.339468124122059
10.141134873694826
10.957551246383915
11.712324685896778
11.732223786153526
11.934693528072676
12.11838759012881
11.832044515634456
9.388575092331566
9.150054859170769
8.973903149754387
8.511171185068227
6.38545910086633
3.3562161420796994
1.2506510839149807
1.0275616929780305
0.8252196001246976
0.5557367011121579
0.0
0.0
0.0
0.3445149739005634
5.058575205472316
7.431317689732416
8.334043262629185
8.909186439258354
9.561451422636233
9.810783227018316
10.262191662794008
10.725503438563477
11.05306209757363
11.840063805380709
12.6437395780691
13.455102497425042
14.680753986315025
16.249179621171468
17.449708708176356
18.609706383292686
20.51882056955705
22.64694639771624
25.434969909398877
28.615527394625996
32.283546998819055
36.10592823904239
39.19797125513112
41.404204689948315
43.08563948725453
43.11788429450048
42.91247522270036
42.684661595780206
41.939319602917706
41.008727650909854
40.118490506551595
39.42813779305109
38.12149879837402
36.28986136560661
34.270816820942855
32.12995177223771
30.02799889045476
28.238206131788683
26.4188989897363
24.408215442480532
21.98519495518311
20.49527041583569
18.829052130709925
17.556907368247188
16.824207907012184
15.250953624162838
14.362127746099361
13.452768504870905
12.544723976953602
11.67647212266658
10.78678541470645
10.069982343310164
8.541957120836793
6.21681737394601
0.2505563446549552
0.0
0.0
2.670028853923049
7.9101192415751305
9.814402080066388
10.771004593937581
11.483867520538285
11.725095850679715
11.89797563523002
12.080348532348076
11.953572224716051
9.192589719945078
9.209482837777465
9.198544814057811
8.980369957027968
7.663010779151242
5.665803069778139
4.172544187779354
3.7886056478921737
3.430496983102974
2.419736527308637
1.0785485447815801
0.0
0.0
0.4304585287846804
4.371542486636192
7.948240301525864
8.713092261616667
9.454270936281016
9.738011371788144
10.320392185004042
10.799929366050542
11.157381080038924
11.880233506261634
12.226168292804653
13.018421313854889
13.655266235774572
14.3242511379232
15.542425526831561
16.45739435534324
17.286280153967496
18.56860674188438
20.48666175733525
22.092628441969268
24.737723804760172
27.27309561030324
30.056838732003015
32.62025226081186
34.95937973961162
36.34313385667274
36.79699897394245
36.90614923363112
36.95051176276453
36.68080175202192
36.120896357134946
35.417084851456885
34.69828025172563
33.681066159462944
31.96267135719845
30.24602668334233
28.702981289116835
26.84236816612491
25.128331496130908
23.33181147979953
21.870482650270446
20.187214222302494
18.632673528489885
17.532342090762693
16.745948190954355
15.853299134436721
14.405870308841493
13.511591665648508
12.854849793709278
12.204916363962461
11.554373139732071
10.706975747592503
10.034681077477437
8.602949807658623
6.034966336029196
0.40275551142939636
0.0
0.0
1.958048072615302
7.859849749199988
9.74147324222542
10.692509710850159
11.335495597459804
11.474629547030275
11.781863920299978
11.85256092113288
11.772968557035002
9.137829988398003
9.115950762328216
9.207081171795755
9.160396101298407
8.374439939851882
7.117427997502433
6.419883722866039
5.584903405530879
4.575456823425765
3.7522939484322957
3.2475246642550117
1.6962248462376057
2.5124076227330874
4.6537407289817025
7.08916676274753
8.011543636245868
8.712772858660898
9.871714598415096
9.881513038642364
10.271930922505897
10.91780907950293
11.11138624103593
11.60175909001543
12.403183633409425
12.939731045505095
13.566438834917776
14.053245705964546
14.942680475189222
15.741417797295378
16.65876200974504
17.416001020074816
18.48562728525845
19.943561453813995
21.216700773234887
23.23165973547218
25.118864622046736
26.974771151793156
28.776416253403934
30.202414206526747
30.608605097329292
31.086081413730927
31.111602638086527
31.477858054000237
31.06644165775088
30.33863430381872
29.753375729099623
29.02775048145707
27.929722350599963
26.31578096314977
25.207926265203287
23.70781123218475
22.306738245562123
20.992972762254404
19.75012789771042
18.28084696187318
17.319444170401407
16.67378372663904
15.624080815693915
14.725166182648456
13.702734892820704
13.268995567821571
12.54308994977669
11.827103074829722
11.225665887100918
10.763928099884183
9.840465656953954
8.850170245833517
6.248706779780749
0.7641559259625178
0.0
0.0
1.3987813447178168
7.624564656981791
9.737503887816674
10.566689960208935
11.10654544699511
11.330909496210117
11.480306746190756
11.626871687435585
11.653797588372118
9.05947315922511
9.151441980550178
9.058464283058777
9.069193599310834
8.69531151749362
7.935381472820326
7.151822094655058
6.802852342518564
6.311329493737354
5.85262312883562
4.979967044375281
3.5291972796250386
5.680130989493186
6.755304544613636
7.746963125253858
8.277163916346591
8.70201918657955
9.34090802696252
9.848362169624721
10.280669719350175
10.762440773636676
11.293125408166043
11.671896333784195
12.253422926069879
12.688711735522766
13.221088376365639
13.697924953449322
14.40549486206329
15.300649844890808
15.87973098942169
16.578171317895524
17.124331667963204
17.787178892987367
19.002051951272254
20.138308773017055
21.34145951965822
22.74420810357293
23.872565751769642
24.796594895930998
25.614497772330186
26.223392189908267
26.334610256675404
26.499049809954165
26.313212518765205
26.292510929877096
25.9185287566613
25.003854427563777
24.045869749480673
23.041330548628764
22.19499063288857
20.78402870199617
19.741565482721317
18.838596063230096
17.725039286065694
16.901041112889793
16.33737431969027
15.401110363829272
14.404829198474511
13.756974540632948
13.262553775064193
12.74885817899637
12.008435609623602
11.369502882329936
10.956122778999324
10.681093848676243
10.083073244319422
8.887035047376772
7.157154962132734
1.3584397364073542
0.0
0.0
1.415202584875263
8.239819879870014
9.875091189653308
10.387353058336377
10.962945062870658
11.287412647313962
11.316248572942232
11.363982558310349
11.312038985085962
8.970604590417373
9.032192922639187
9.121833763920918
8.94192399392355
8.971022070181661
8.667991637473527
7.765115905102407
7.558597869033618
7.407695058563959
7.157119280657157
6.534342787659482
5.904243618938296
6.756475432225925
7.345566690459579
8.05297206344488
8.569494635289601
8.819245137257251
9.397570372251703
9.721536707358748
10.185051345770436
10.771552480454035
10.986463266117353
11.435908101152576
11.854529037505866
12.52497330927618
12.854777737412615
13.382525139419993
13.852818951199728
14.376995544392953
14.856987278395668
15.65518361620952
16.29114911018412
16.7479129599258
17.363766030767806
17.831180532007675
18.612518963659056
19.451338092377444
20.308539523245237
20.986746334156145
21.567308070955683
21.893268312420947
22.15689416896585
22.448638969650286
22.29237132449459
22.331816025556197
21.867997516550748
21.656554874558672
20.64926696729188
20.065327309689604
19.439161097908627
18.42427173862047
17.7724496345222
17.012598016547717
16.663494710168447
15.834706191457014
14.930612960742822
14.292225166435644
13.49976547410482
13.124555028156388
12.63958895992997
12.057224322060286
11.469129710912735
11.154231363054876
10.77008186502658
10.747618163219105
10.040173505497824
9.227040089303788
8.297429429838685
6.533243351214014
3.8966324042771197
3.190792270396163
6.324677986636432
9.192594165164826
10.063895514262958
10.66609329919441
10.81427677688293
11.129072513806516
11.297917847799004
11.245237333858784
11.18329569780715
8.882036482329006
9.086556048753067
8.981092277858437
8.875147814944334
8.802802355703447
8.653373349169758
8.434527969331366
7.997383465741239
7.898910053259162
7.686263268692911
7.130457814678688
6.4343939940977775
7.506508827518263
7.75541141577761
7.995866912719759
8.415340454124761
8.72708688937735
9.10405511314285
9.665749560188061
9.966025314949352
10.287021346054532
10.495645811888547
11.051644678213233
11.565508852010328
12.08218846414796
12.54025826961989
12.98648903908043
13.293454791223377
13.788552113738119
14.226215114499151
14.699300543086935
15.065534708808691
15.844692998256303
16.22791972600394
16.679699635303894
17.26725359378691
17.493858347180947
17.80273339418948
18.321962154331146
18.814717334041216
18.92337993278089
19.20399043091899
19.297374588710404
19.263570299366634
19.042605445311235
18.7360406965812
18.7145466389612
18.368530892782758
17.949144829752324
17.303695580479072
16.87014418380984
16.396423682364517
16.019884729177665
15.445902565186453
14.31890575273164
13.875485184622795
13.512500088306817
13.129942542946647
12.41826413038436
12.022976348769037
11.769890708093481
11.379390808794845
10.839621073558733
10.8097158911608
10.289450605700875
9.944188517376993
9.38433786977486
8.902536190310311
8.217427690124854
7.012481392121508
6.315210435048168
8.485800611256602
9.533065791221858
9.9771893014189
10.425178558992807
10.647392972803491
11.120328260490991
11.006170878418812
11.072802576331107
11.034467619747689
8.808932655997632
8.83937229199914
8.791520254911875
8.98495185722797
8.924898019716837
8.744822536830847
8.46966940700117
8.182620380525176
7.81116181962026
7.703550305464088
7.260260656712248
6.56662946433544
7.568694374618077
7.875421176094581
8.166279405651002
8.331397366292386
8.440459112263069
8.71260110741717
9.10466105970025
9.523816878190223
9.987844978713094
10.209494347167354
10.523325169847926
11.032007238751461
11.48638532635501
11.989570208328203
12.598261268929582
12.902751549959559
13.327123095822865
13.52782469082433
13.745282100023914
14.378370732049731
14.92180260921105
15.305726406520728
15.579103134152424
16.031930708430632
16.26411928896321
16.635776253960795
16.891574655688014
17.055044696510038
16.949204716442427
17.104508764928262
17.48784834579053
17.36199004678544
17.356919464878157
16.983361032613075
16.932564986787863
16.888594206386824
16.554649031800967
16.157179813088444
15.757358897063472
15.064281407143232
14.580299496109593
13.886123302265899
13.604511497098583
13.26410434263385
12.909059021286945
12.590793997886706
11.78852177438961
11.2739207533866
11.110901143505226
10.82942465263351
10.682297837113781
10.156251651759037
10.171770796226673
9.879823857436158
9.618436192787716
9.31269202166042
8.821340652000455
8.097845230270334
7.816264035225674
9.327739752551947
9.516327379188116
10.191418231908372
10.397603418746124
10.602644257297191
10.60792054943568
10.650536858369417
10.891758074495854
10.71288952555282
8.640884692763148
8.59617845035483
8.894808151306377
8.667545409798905
8.75992752596008
8.484885765294464
8.515948796001979
8.22828603825748
7.88789251415133
7.824228208710563
7.225739546319544
6.893946594838366
7.569382042313604
7.825608915763533
7.917584184895492
8.047556068053918
8.176323808723438
8.552944401010938
8.78201106726762
9.072358341057269
9.51351737429626
9.897976226617955
10.239569109265389
10.554080846986219
10.96501133643475
11.187340873627754
11.824195054030875
12.490025566905421
12.795919733054921
13.047496872947955
13.286549033898002
13.78475390759487
13.906684934406531
14.177553486850313
14.606515511445405
14.922039249331634
15.122445760383298
15.214834166533771
15.59899261189489
15.586519132315178
15.811246865670665
15.891646864549653
16.023759823231604
15.955249704249903
16.056298570283026
15.791728032599186
15.576383555932512
15.23036517181297
15.008868538435323
14.937183657892852
14.454104051023227
14.094701114705478
13.71493533498721
13.340243054643116
12.975226214120942
12.478451084282122
12.09440454482897
11.667886679017483
11.317038649883244
10.888577812677214
10.564268208643199
10.422034673426882
10.243308662406976
10.062070038099076
10.174126839673237
9.608455240464224
9.646560621571624
9.288012033796692
8.954498315842962
8.470077223327959
8.063577440349961
9.39806242322628
9.587056429901272
9.747731121481166
10.092755068483687
10.343154890827643
10.477827972914351
10.737418779773
10.541229699104285
10.510870313294381
8.455792801982385
8.415493253592622
8.480084689541089
8.692650428390783
8.501083162452689
8.425843050646316
8.355345448522005
8.002777374544584
8.004019368751361
7.65519184408195
7.006864209856258
6.313209895428584
7.155814215141524
7.436042196024514
7.451575971284984
7.487639609456227
7.548764997366878
7.930716013272146
8.374377625192626
7.8492380026280015
8.82087190947674
9.0231366162474
9.257663168434274
9.670390478858813
10.02895209543038
10.61465000624227
11.076817731739322
11.770141678331445
12.38674820329688
12.58563041524363
13.10573347431628
13.126708670676525
13.46819206180071
13.869081763918466
13.885015064097905
13.981627876955882
14.025415516291796
14.155222854881183
14.334015725775075
14.339006985330741
14.610991348383566
14.60543129877411
14.536087303492893
14.329286874955185
14.519126859299739
14.405566945347877
14.529645784654592
14.046447146457426
13.879800844867447
13.601346873468021
13.464643327684602
13.227808107363964
12.66365850399502
12.614762795782497
12.088694985131749
11.752238033109784
11.390984155738344
11.028173508925917
10.559627360222734
10.270549924080212
10.368835334073834
10.285082151630366
10.063058542462464
9.991285768249263
9.652802182653433
9.533819134169532
9.16048276460244
9.023333963305365
8.793104701266083
8.575414640295277
8.061693592340976
9.35435585544394
9.492260893216358
9.47536777538397
9.920233335033675
10.186417743485201
10.355549404526103
10.370399665218306
10.104603755465897
10.179068837788002
8.272917336696535
8.16538719578505
8.193551794020463
8.309679790789703
8.358486891549715
8.170057300565967
8.184397298476979
7.947381553610504
7.521447551745176
7.365575564530764
6.856732822241975
4.29862201015389
1.214187196230492
3.783564506632437
5.351145692558561
5.055335471496418
4.642830231182577
6.810973755508486
7.4573888875536865
5.815768852665393
4.747945737131598
6.256802822293304
7.268843853281723
6.186868193228451
8.770583445058756
9.827450305403843
10.644022777662345
11.157664725102872
11.606208582331009
11.96941522681268
12.412165726923098
12.94601965030789
13.146849398115222
13.285716339657618
13.35224957133825
13.469718847278136
13.30107811316761
13.698521072436808
13.7505842597105
13.852708568396663
13.761597559214666
13.724640117684988
13.944274377010261
13.665713641957748
13.633339328186102
13.622372752130604
13.582406279871433
13.384918021894883
13.167666560562953
13.112940121639728
12.671610268852064
12.372685610092095
12.395748368720485
12.02968245291545
11.450548536518408
10.977112528336267
10.714734463084602
10.19390735176404
10.14906843325815
9.908893106542612
9.812713082794811
9.657224465295148
9.397511234133182
9.360902706603596
9.192428419147136
9.103443476066328
9.053859597210412
9.010239692732098
8.766699206043716
8.396029715209089
7.87107019549787
9.266102779432492
9.203879106128646
9.445416717365308
9.737316193415154
9.8462790972916
10.041238878698728
10.069313116809285
9.943697192694469
10.018481552879093
8.0924957499801
8.052715572097428
8.180625382573753
8.18019131995704
8.031954549777712
7.93965730381207
7.785697184369153
7.585847657385385
7.441260780250643
7.456018145243653
5.820321388245003
1.1181740127041728
3.649280663282288
2.335077991672527
0.0
0.4806633576799096
1.6029257121793445
5.309484542432124
6.748369923528019
7.068280808082161
7.375454068355021
3.5408430117058907
0.4384736031461716
1.4744732489022814
7.009501589909445
8.43830869388358
9.623115226728567
10.527876072333838
10.934147468984714
11.268680962434747
11.816247349229197
12.267951904711158
12.42511052244423
12.462263241375629
13.011071288821187
13.131050308778718
13.167899885123965
13.189177232797153
13.306917646827753
13.469511981076629
13.28737280523463
13.488715856475588
13.458296910683593
13.131571838157484
13.066592686920627
13.054618341129903
13.021638290622382
12.783529794258573
12.610004148986533
12.407657136703468
12.285934127266326
11.857380214990203
11.682977031875012
11.20665344745871
10.894130422661094
10.663341695902727
10.071495045937061
9.403802518302234
8.438102360153332
8.908053597077721
9.22275670599422
9.130380585681339
8.953244183394686
8.663882024395209
8.881233188713642
8.75250500453805
8.57960976949125
8.67561369135718
8.696941060517377
8.141969821271966
7.7622318604084395
8.661881896140686
8.873689880927872
9.168365452668926
9.421225667248324
9.691660817365864
9.657352176440154
9.851759163681141
9.88613339463409
9.787834334481174
7.777182797111468
7.905244218686558
8.013695194693314
7.868604045416664
7.853582137490793
7.665815028945099
7.5171592467943755
7.358882096053716
6.972331952890109
6.996576155020144
3.4323668947655177
2.4388340136540307
3.887261777156112
0.868150109022531
0.0
0.0
0.5324322323917797
1.0470709901894923
4.995365424190614
6.632329709102199
6.080399353947505
0.6991008543550301
0.1252781723274776
0.0
1.7997605799287306
3.5397427462192255
7.6403754045490055
9.836306236739551
10.553486622228125
10.712098742831076
11.216545332364138
11.660363063776435
11.888136896671073
12.021172866489247
12.253574231195353
12.325822611998154
12.59131431439042
12.598971843761232
12.817895779027374
12.650281596761147
12.711546395903282
12.815645251843552
12.716570806295874
12.642016702848823
12.362332525163241
12.461131187575631
12.258727238866632
12.18576950573887
12.114464274204702
11.807653585506701
11.44420861899987
11.330325946557037
11.089428544562042
10.713389795322215
10.232361270703645
9.659563688249412
8.640038841546351
7.811843389694995
4.794818939649537
1.9902153446038016
3.443668507813466
3.0001514787483883
3.2853147697279605
6.33800853143879
8.168498621368373
8.081168685215932
8.120799554336818
8.290279236271997
8.1164732086851
7.80911296963779
7.327301769183046
8.315310580428672
8.51015177230318
8.798256501763463
8.936866426822723
9.158870486852583
9.132810378874467
9.307042413385703
9.515267860985556
9.625659552981057
7.723345928711427
7.762275964474501
7.705200144024887
7.518385114541462
7.394439425763347
7.375449573539418
7.316559766507074
7.230811217084617
7.029802746890401
5.636318259518045
2.6244475241018104
3.2360368225065703
4.68367646926731
2.5221435897342346
0.0
0.0
0.0
1.993573557241453
4.415081684139484
5.855814803596995
3.4732684944148944
0.0
0.0
0.0
0.1879172584912164
3.2669598559887727
7.918411118929629
9.248601454195802
9.993641936876264
10.311290894162287
10.550110807804497
10.981241117023924
11.250514871022451
11.522373253813388
11.502276524306906
11.76870141087987
11.85146322447529
12.083956835974064
12.198502253409842
12.281969840452982
12.225854968932488
12.08964502824764
12.285805026326914
12.136580196990739
12.108954542780573
12.03886200083194
11.952611032342704
11.627133126535307
11.197429153806214
11.101248678973622
11.02553972353867
10.673717679764264
10.548437537666027
10.417854756002216
9.818273412273427
9.292639788539422
6.6956436397801395
5.350564396429395
1.0624759525750709
0.0
0.6489545759936706
4.049647128316196
7.66198556375616
7.384936410676444
7.489155617306751
7.190066338481739
5.898184924229105
7.695134424567896
7.957002620535112
7.430207322099601
5.75923265306846
7.8293866767998255
8.160195714405782
8.38125540919808
8.54128593837778
9.025056924809153
9.150172828316698
9.240997751946216
9.206686477679822
9.317670494976191
7.462832247882591
7.595514820494211
7.441804351964139
7.470388338365036
7.131109730436542
7.091056216614178
7.066320386400501
6.931514182621469
6.643303863130034
6.595899638159844
6.341007907107739
5.926575925541552
6.984699867996947
6.502540599291966
1.614676101526835
0.0
0.0
0.0
0.5702028040184993
1.2863522825900358
1.4704544790312193
1.2074638771077557
0.0
0.0
0.6053635702793154
5.412233018235556
7.749473272266011
8.5998473775276
9.467913566846521
9.892361942450904
10.354493391952474
10.473587712634608
10.647508937232345
10.692228378591958
11.063780662621365
11.325538637603366
11.272720808948305
11.369065474121301
11.58266396991678
11.378166109846957
11.559980769400703
11.5554229146431
11.615142621500773
11.397945954007916
11.55556243694568
11.311823050788098
11.182688557978905
10.990271558720085
10.897816451271014
11.014402231102073
10.61083426490433
10.50951566229578
10.3066605477375
9.851703549195868
9.266945264853126
8.436341749247028
4.811487863541569
0.5011126893099104
0.0
0.3758345169824328
0.26220857901514427
2.7702485720074006
7.136541223730771
6.988483889641925
6.1776655701155345
4.01594806284934
1.160854939666999
1.3130026502194465
1.6172725754842832
2.1894024102374514
1.565185599554161
6.201432573946487
7.872059276329079
8.053552491517385
8.504998702271743
8.569984519955037
8.723516392677569
8.965686183237974
9.369834130951231
9.247706188030792
7.433020896162707
7.475799088113012
7.342877778011617
7.292650792618812
7.309182504424533
7.164389950948427
7.08511807310258
6.680667764416617
6.800835522202655
6.654412880206583
6.108113215185562
5.803283680014735
6.303420578098821
6.287699003183196
4.873741863335397
0.8312348293053873
0.0
0.0
0.0
0.0
0.6882685591649186
2.3872247368602277
1.5243377364693722
0.8762064519282474
2.0305621059598526
5.789695614714776
7.390791183278033
8.329321927574368
8.86991504166206
9.438513479196647
9.736869856041782
10.10429337032476
10.097497280622076
10.47191444249614
10.65220716598701
10.780738829797626
10.850726293526487
10.62773027768821
11.010411473094793
10.888704744453653
11.158200411979701
11.116408863713202
11.1679658221429
11.082510162980363
11.081240489092902
10.811894364090788
10.81657751380573
10.676682002393877
10.525114404415248
10.454961049378062
10.301347406176252
10.089998779621848
9.926168631517978
9.584835017207945
8.823868821425515
7.938608086374852
6.669806273950215
1.9514077339716582
0.0
0.156597715409347
0.1995694928514055
3.505713158712543
5.979856505408169
5.300997541434899
2.2035201579835113
0.5754040098338382
0.7378541597878508
0.0
0.47702619768121174
3.6569618254561673
2.951977800122768
2.101991244272811
7.2797554837483505
7.571694589177881
7.9703623230762455
8.479923701124253
8.405664628182809
8.592451377328882
8.689606778486056
8.944187113011806
7.302296870425632
7.091056216614176
7.2176879770123294
7.295339705066769
7.020657228648047
6.84601651076766
7.027409409171894
6.758827197519167
6.72869848051916
6.6463356369620925
6.0046369164678755
5.499672596268357
6.288131355868296
6.423529339930446
4.01872760427644
0.0
0.0
0.0
0.0
0.0
0.5637517754736491
0.8842215262897385
2.3728205367702215
2.0612304203123935
3.5455484720645813
6.025369981911741
7.540860341520708
7.956195356011775
8.556319479758825
8.88508774296453
9.219078023325265
9.461505012993106
10.09156849077028
10.376099380207172
10.207074322967841
10.472206714208916
10.398011654887753
10.550110807804492
10.603134462439673
10.601577156730057
10.510264143723047
10.605469523723253
10.761243057620847
10.616605812399401
10.55444277277922
10.454586808664427
10.33845018683467
10.030457951006307
10.238682414697431
10.06879815168564
9.96627184451798
9.669898427884238
9.494363651486589
9.232630265979711
8.495303997874213
7.731849446717077
6.7675622108498015
4.8586951589866505
0.3437329509922429
0.23450556165986025
2.674968752780002
3.943784262292633
3.9767939766968428
3.7637593701760697
2.316467404974435
0.1879172584912164
0.0
0.0
0.41380915178940114
2.3783173560299122
2.8298351800372608
1.2384193483712254
7.070611643669359
7.436006430344537
7.731400579475423
8.16468005896846
8.254548198166086
8.381138077772057
8.604837232455184
8.76627734593263
7.165755335338848
7.0470310716147795
7.283004714811991
7.098463153723796
7.212505158466181
6.979620458658401
6.873373609901675
6.42674852736981
6.714692552659267
6.404979029637956
6.174801197506768
4.949745291475262
6.445111424054992
6.598320713916399
2.352185655134205
0.0
0.0
0.0
0.0
0.0
0.0
0.0
1.3998828555944403
2.6464838939595503
3.841039269631101
5.675865761594866
7.073300498126177
7.672580028782106
8.371066600561226
8.674164637605577
9.23064922442658
9.38330248335314
9.676938304538151
9.477475251108189
9.818824546642729
9.759831110209774
10.072285158360344
10.170597574503713
10.342836271687775
10.385133961481658
10.126183396293511
10.087959502768477
10.041804686129876
10.086826278631891
9.960779416497589
9.87458858616051
9.796264493223166
9.914071028878253
9.801308272439188
9.966837651949128
9.73662679538261
9.252171713957724
9.053679365910318
8.863691120999288
8.088972090275467
7.6757785579747235
6.994149404790892
6.537393368048765
4.265935834483252
3.326757831591935
3.4342288596644197
2.965970038336867
0.5047498493086082
0.1252781723274776
0.3445149739005634
0.09395862924560819
0.0
0.32135251261246023
4.616208617127392
5.828635632890111
4.586382705119134
4.038641595198667
5.162157750411034
7.024747291166406
7.302225339065672
7.613557182230831
7.811595882236974
7.997052111589497
8.372354707179342
8.511218855615692
7.119763678004884
6.861879451101616
7.220631654861277
7.306757288858386
7.10564825028449
6.831728495648937
6.8546854230601
6.329954424832146
6.567768823683359
6.432226628911469
5.8765838463681925
5.065266753205131
6.266740475577382
6.465428164753429
1.7703074526467955
0.0
0.0
0.0
0.0
0.0
0.0
0.3758345169824328
0.5593532268387432
1.6426601895251833
2.8638483687033873
5.6412777221828705
6.8853057681437475
7.354510420192904
7.940053325727873
8.627458695765778
8.66616269084946
8.871535534276282
8.96995757248131
8.989703938490775
9.258006293950656
9.362618121552545
9.488533187897573
9.7722373635359
9.869170640888743
9.788708792598719
10.016282178727012
10.022712920437456
9.691915513363837
9.689492881296562
9.353102225549993
9.344125012943255
9.4231507162282
9.197324685450019
9.213556214562347
9.225981261493928
9.263533192661326
8.943216215051391
8.809920036059303
8.603229549670708
7.892376858714009
7.470388338365032
6.818987911215155
6.336826735105895
4.79984947816991
3.735598976993456
2.745465059303037
0.9818173155340445
0.5637517754736491
0.0
0.5950713185555184
0.0
0.0
3.420494059885308
6.251757905154986
5.790171485813365
5.437666376743683
6.2809373278267815
6.42864705441981
6.675230707884853
6.964264168541813
7.55239602864021
7.532247965939127
7.832877910508121
8.069020095515148
8.319729439505124
6.967252543551561
7.111586393796085
7.167834188361837
6.821390180414486
7.149563895423381
6.873852458428837
6.701068753022511
6.2267052987461975
6.288726149651786
6.099084581331616
5.9815196442395715
5.02789271416737
6.381061252721143
6.437438050204485
2.3763583554580427
0.0
0.1252781723274776
0.0
0.0
0.0
0.0
0.1252781723274776
0.0
1.0604865504207655
3.42093814114845
4.985193628670938
6.406413313391093
7.303999685878385
7.742872420450934
8.19284305535049
8.366221867817035
8.677571960484862
8.80405917534312
8.430674143844076
8.391348714904321
8.879017199987809
8.83510475790202
9.038381410069915
9.10148552637169
9.233902540794308
9.053482018852353
9.332671780987875
9.100508621447744
8.880600689189059
8.637852149810287
8.6357834686715
8.55678753592885
8.763832031854491
8.805494936739185
9.000644507184305
8.758226705332806
8.82008447713263
8.535322276381288
8.305591097495904
7.810282225104119
7.096011103958492
6.656060351855832
6.021153587667433
4.279900697175506
3.407621706752511
1.8754046307344707
0.4071540600643022
0.5324322323917797
0.4188062944244913
0.09395862924560819
0.6693626390794463
0.3758345169824328
2.1469321672449806
6.548989943538503
5.860304873858927
5.937057431429341
6.43853744175001
6.136387960927665
6.79128339470724
7.243934457156911
7.289401561555171
7.289034441723449
7.8077268279588035
8.00466332241872
8.026878143687352
6.75371971865195
6.881331894389466
7.061895733647723
7.047617177425198
6.693145179383959
6.753543810593341
6.587559225448915
6.33138192991252
6.357652607179404
6.040404828516039
6.010270225008462
4.972774222882824
6.1884467383143695
6.371658535039299
3.954950005629456
0.2192368015730858
0.0
0.0
0.0
0.0
0.0
0.3758345169824328
0.0
1.0801538591424458
2.148238089477011
4.0683696461799395
5.968643874978688
6.831640927081194
7.363573286516223
7.80601476675409
7.891128476695036
8.082751495245928
7.917838504459242
7.728937957617372
7.692987068223929
7.922847168926267
8.181595398549984
8.340112507376288
8.607645907126766
8.68502583543901
8.57524800199758
8.505376621336568
8.23145540134705
7.978600115199538
7.703947041864833
6.731771362460496
7.145166335937341
7.786672425657762
8.161000656489977
8.506862738002873
8.494448030964854
8.54532007915692
8.281869489169347
8.089654409090777
7.389730633111331
6.854945271866255
6.003752261710013
4.712748108208976
1.0854283339590403
1.4585635199408007
1.4953229935682386
0.5011126893099104
0.0626390861637388
0.4071540600643022
0.4071540600643022
0.2818758877368246
0.1252781723274776
1.3608043901037343
6.412147805726428
5.569665216132068
5.597097700360818
6.233279281051181
6.252186747057888
6.662490123451072
6.721385493720947
7.068544504963973
7.3703025206732535
7.662970431140206
7.8178273391993995
8.109128684243563
6.843354392762172
6.867435466390075
7.069800389493889
6.981095342909326
6.815724665265522
6.861497322878477
6.713928296212991
6.594778505443474
6.245017970969416
6.341454917792861
5.861521796769406
4.964024320826324
6.348227410815103
6.345005729549276
5.967572013784767
0.7157841736840593
0.0
0.0
0.0
0.0
0.0
0.0
0.0
0.313195430818694
0.0
1.6296590583538173
5.361455686101312
6.597813292775906
7.15338742023201
7.552431794320189
7.484338434762736
7.316403366665203
6.992097873625741
5.999450193815094
4.607323641474834
6.962501633794525
7.030184875113539
7.5580385836800446
7.757627641989117
7.975711803366484
8.088264953458875
8.000774028889591
7.690259927864001
6.933514925972907
6.355456323593487
2.617592203595097
4.032121231492344
6.686764652474017
7.621858960949241
8.194561381512312
8.079618241167193
8.15099756187148
8.031635562449909
7.724272333896718
7.167629203526821
6.6188753721282305
5.112364306916603
3.967873072174413
3.039105439404653
0.5790411698325361
0.2505563446549552
0.2192368015730858
0.6263908616373878
0.2505563446549552
0.156597715409347
0.0626390861637388
0.1879172584912164
1.6882321132740912
6.402282949793397
5.491529512343694
6.1264728805326705
6.261716467891669
6.465004991520396
6.865897494601329
6.879912881357418
7.152404164064727
7.155993667018623
7.473486541248725
7.646878931062165
7.810830465468519
6.759481954104939
6.8666712099438
6.8875985374825754
7.0519323303174675
6.760117792898323
6.663019475884323
6.4729033132059035
6.466906173739891
6.349889037307444
6.274745473744936
6.209909584238091
5.667314473823468
5.908746134963459
6.400923899563632
5.864500059382131
0.9264279411675819
0.0
0.0
0.0
0.0
0.0
0.0
0.0
0.0
0.0
1.4086386843200265
2.022554067806768
5.512456372456535
7.083643188851656
7.365647095890728
7.263188006262652
7.143589986231802
5.8566809800914585
1.9017155023716987
0.6796342565311306
3.9823610866134684
6.373009540873825
6.889004770958145
7.357970371246392
7.371022079958724
7.291140142687905
7.271768162240836
6.888895271097642
5.966618142312235
1.6408729780777755
0.313195430818694
0.3445149739005634
2.197763507064377
6.516568741968139
7.790020540514994
8.050170981240058
8.20375948784673
7.700188405698585
7.36338112099437
6.619733335378159
5.634213314121264
2.845786297099738
2.4834605434681407
2.182871432641175
0.8448869088463783
0.3758345169824328
0.0313195430818694
0.313195430818694
0.2192368015730858
0.156597715409347
0.1879172584912164
0.4384736031461716
2.348022818403824
6.524323814467431
5.394068005108472
6.1012795741963375
6.491529379357527
6.309518725377013
6.466379834807011
6.70727006600055
7.0796715576746205
7.267879196725154
7.46936931651777
7.464642360375289
7.545175166399539
6.6470998934083685
6.812558139619915
6.76831399489951
6.615069994188866
6.68938084645449
6.730596342078374
6.771796240570151
6.328689081406035
6.4376542265470365
5.97121520152198
6.1913120013775895
5.497854086108917
5.409155444529246
5.549485225950789
2.215806462821368
0.0
0.0
0.0
0.0
0.0
0.0
0.6322639304541663
0.1879172584912164
0.0
0.0
0.09395862924560819
2.1777668697004215
4.941306538402226
6.984427239634313
6.953738243775309
7.109853903316256
6.149571471839689
0.8920320013675258
0.0
0.2505563446549552
1.1544451796663737
2.699369427616147
5.920248359822613
6.586964431665426
6.559789077468848
6.736897696020721
6.4575635870692905
6.4113620875534325
1.561453872317077
0.0
0.0
0.0
0.0
3.723035901215399
7.629120960531818
7.934748273950742
7.762735700968191
7.563289059496127
7.275591687049469
6.219592541664259
3.9683068926048373
0.6170158046395046
0.4071540600643022
1.9110424649036737
1.2657044146365883
0.0
0.2505563446549552
0.4071540600643022
0.0
0.0
0.0
0.0
4.3418456981462565
6.362510942428654
5.449954462011008
6.149081831681683
6.211960366393074
6.438299524236616
6.653673875713351
6.8860700245900235
7.115027790381578
7.236257732512577
7.275100058965826
7.4951241685787044
7.683895431382637
6.6745854101952755
6.721122324254507
6.720621237274671
6.740793767263365
6.744191765026546
6.626316776579336
6.533615617787817
6.4801225932004645
6.384806499649264
6.23975604577031
6.122407285020814
3.897098763201588
1.4924790697311436
3.1847373584403664
2.7999516490245537
0.4653739633210226
0.0
0.0
1.2480825470933021
1.8534781178296478
3.1297501260742258
4.347951431711578
3.33842430833879
0.0626390861637388
0.0
0.7271259557682577
4.4399938896839934
6.1208202601519455
6.9943370143229435
7.021258356592194
5.826170827530946
0.919514851899783
0.0
0.0
0.0
0.0
1.7541096890182164
4.8903269178017315
5.53745666363611
5.216530653593557
4.888762925357576
5.145764800784568
5.4184829761861595
3.3952764016345283
0.9781595212632341
0.5637517754736491
0.0
0.0
1.0019606905349354
4.701840156563574
7.702759214818656
7.5331954564264265
7.452153811106553
7.186522375203412
4.147269053445817
1.1612010102795227
0.469793146228041
0.0
0.0313195430818694
0.688247924892806
0.0
0.0
0.1879172584912164
0.0
0.0
0.0626390861637388
1.1973302931603391
6.018776932040458
6.242869971228583
5.451173336605659
6.174228144894123
6.3019678210654035
6.199576658229383
6.519346520461482
6.760083082049085
7.080163185758264
7.0791827704189005
7.383653691947375
7.5785022868927925
7.479228645148448
6.410788755496664
6.405599075374489
6.709681794096076
6.535738924463858
6.70700689653411
6.61595320939184
6.549362724100613
6.657588864748384
6.51494634873863
6.292294168966007
5.976363962508958
5.535989699168212
1.3787496968594994
2.8121820536258086
3.60968410704826
1.6532324345234348
1.0315276415996077
3.542931883034146
4.507265564736263
4.617663780733008
5.181440078242966
5.094465560875551
5.0756152600029845
1.1838668943671935
1.366133196089844
4.315853101814138
5.730194800318043
6.617622532571566
7.068325505242965
6.998806094282858
1.1207465202656754
2.855598081872841
1.0638717989843438
0.0
0.0
0.6139978729131035
3.5117075135450166
4.692892422277759
4.6133105054165116
4.0513646354285875
1.7658972481276347
3.1096393841499967
4.379403696319681
3.912365446089405
2.565037118437074
0.31683259081739185
0.0
2.5496513905527203
5.491304835372636
3.058777110543431
6.369366684080973
7.534881060667203
7.479946706862023
7.126685077683766
5.344859692638568
1.305127174533468
0.0
0.0
0.0
0.660544907537522
0.6958064126863882
0.0
0.0
0.0
0.0
0.0
0.0
4.177641163848911
5.7084207789907495
5.406571332973038
6.081752062453099
6.532948858371519
6.621788187203592
6.505434299405242
6.800835522202655
6.945084353616597
6.8929355530500285
6.999291901667257
7.084845444739943
7.322797372580466
6.412529933949566
6.614424696499288
6.458183632805824
6.560956923864982
6.6938747249809945
6.638997398210834
6.542550824282235
6.520849781400989
6.480266803910207
6.226705298746197
6.100014510214354
5.681712911685586
4.079715669510382
0.9462033149877875
2.110214841530995
2.7238073740814723
4.931201667250935
5.45405251876736
5.559330383355897
5.536368457647626
5.60323239836279
5.699640224347593
3.550174972379694
0.9969481873493317
5.2119019946728535
6.00807523214374
6.254547691803198
7.0363509498269705
7.203235118229597
4.515544664096935
4.184444888340367
6.734508206377867
4.902374031957308
1.4214965314128492
0.6999207935251077
3.4257639586609
3.500674507457126
3.8098690785763294
2.7916332567458055
2.1211652348416354
0.8805843662910405
1.7792719954871201
2.873547400352164
3.6314719016567265
4.039381238831491
3.43123420979144
2.738695941832062
5.150175755294388
5.7685043300979535
6.248485773857762
5.055147712988946
7.289401561555173
7.306001963892935
6.960440643733186
6.394922969871295
4.493032829144231
0.33649989953907217
0.0
1.29130955667806
4.183210765764346
4.0416874818855195
1.353065758959971
0.4368270202410804
0.22287396157178369
0.0
0.0
0.37947167698113066
2.0634374811284135
2.7550034451176484
3.579294864921011
6.0543208456737085
6.405361157861095
6.198646729346647
6.5483858020939865
6.674848579661715
6.777296384639736
6.96572403065901
6.83958673917242
6.932755045017657
7.384444782592808
6.439132235533499
6.410907714253361
6.63072339369801
6.465759789070478
6.5678877824400566
6.751360541115017
6.715456809105543
6.39730916656965
6.3498890373074435
6.493440020473216
5.964100652656857
5.719520536815375
4.530158225110868
4.943142352019474
2.0202048789173195
4.592696124483067
5.664073668214768
6.024942912284653
5.983357760834199
6.211578517614061
6.378113558587583
5.072494475986829
2.445986955696142
5.634175623697544
6.213795251649628
6.727849976165426
6.781555666313128
7.252561513116465
7.167105697595542
6.344284829446377
7.019454972759756
6.858876053958139
5.748846061301459
4.367590106032835
3.737135552923303
3.3633246082240427
1.286997671991247
0.3168325908173919
0.0
0.0
0.0
0.0
0.2505563446549552
0.8631116978432157
2.9996851920425835
4.432617542601783
4.3835579457054665
5.245141598724079
6.35627209522292
6.568796249596075
6.961608959695359
7.35661612115736
7.376829247330281
7.340037509370268
6.872609353455398
6.607374879167515
4.151765181342531
0.5761033427220724
4.753965276473457
5.9706963761326834
5.823049768769858
5.196881486710433
4.531609283236314
4.753652619412671
3.0970221604764117
0.6811362465997981
2.4135787817155325
3.4665614132497207
2.096195548125227
1.779549416096161
5.032698052924268
6.058072482493806
6.197954717977305
6.552532263246593
6.739910552060391
6.842402526783841
6.851299897693485
7.064572873786942
7.120856434032672
7.165601138317542
6.363130708721062
6.5464751609782965
6.63333188306187
6.840297366977068
6.618120574578148
6.769350879708421
7.006923929150789
6.718513834890646
6.391380481954244
6.440134409493171
6.199338740715989
5.833225309856459
4.501959510113279
4.533524706044771
5.1310353501906505
5.694089312965648
5.9008147377692834
6.341502190360877
6.314827643700008
6.391142564440851
6.411026673010059
5.430593016672205
6.472467770641062
6.506750146737442
6.602711537978223
6.617481722284392
6.649893749727031
6.9506939975466855
7.030575934817504
7.159817191827249
6.975811955983498
6.5262306653567945
5.532533032090158
4.157680956187096
3.4762966563690534
2.437711225390328
0.0
0.0
0.0
0.0
0.0
0.0
0.0
0.0
0.24917572774645042
3.1797811533050826
4.497368987306545
5.464863087248961
6.437416588477767
6.974556071453583
7.0843387945225755
7.2090190647198895
7.30747684814386
7.34038387191343
7.005831173123004
6.931063403622977
6.574876172360722
2.9549993251994837
2.65939504847723
6.232226882629545
6.493126347100686
6.038685670678108
5.72707250368697
5.5124668340170455
5.670383213603953
4.12497017589141
2.2268726628137516
2.0183083361468266
0.4821240792043518
4.374505316017347
5.799177545422044
6.3366473658938265
6.302587866801938
6.561101134574724
6.5739606777652035
6.836542492943794
6.937070197909928
6.978761724485349
7.353279180783889
7.1716934788504485
6.309875601647105
6.539450595599567
6.532299770455615
6.681541520723395
6.439251194290197
6.856213935952651
6.493007388343989
6.2874140925459105
6.576491364617427
6.260883756594787
6.0016202085954555
5.470819807105597
4.765243310612298
4.245147800365541
4.274759351929048
5.45343915802985
5.91329243218075
6.493627434080522
6.220726110224705
6.500295123189158
6.608759181350325
6.5400201374300115
6.560693754398541
6.799197509449599
6.946230738286011
6.959472409699629
6.989272627118125
7.265421056306951
7.295795567470432
7.15932556374361
6.871353468925482
6.645167790565959
5.508099410116507
4.392724642915913
2.897904617168123
0.2192368015730858
0.0
0.0
0.0
0.0
0.0
0.0
0.0
0.0
0.0
0.877265807018072
4.583025432941821
5.955190175552242
6.361937610371885
6.9108058548037
7.236257732512576
7.329526606737494
7.07187640168896
7.257777256514673
7.109853903316254
7.061365499056185
6.681541520723396
6.495295475909664
2.9553232089009565
4.224149338048029
6.701450881245649
6.371420617525902
6.357439941619053
5.977573007484413
5.851725675131109
5.726203634324128
2.6194036998725267
1.5898749353935777
3.535918025915187
4.752137445910385
5.679145430990466
5.966392863107433
6.444394160732607
6.4265106098564155
6.565501306297577
6.901604465342468
6.9248117826635935
6.996194026797006
7.115792046827852
7.016357097889505
6.2130814991094425
6.2409238921664425
6.399500928096298
6.446827350554851
6.716102106795121
6.749134179974295
6.734746123891263
6.3783514761009785
6.2473789157147275
6.063305924401795
5.380683159195008
4.787408405724308
3.9444736190738388
3.1958378948942867
3.7560212500656887
4.436798842357161
5.23683883058007
6.155082761374021
6.213081499109443
6.408593483187814
6.5521406761272605
6.642054423995938
6.603857922647636
6.6810151817905155
6.84825565146486
6.715074680882405
6.932770067151386
7.157359051409042
7.251347484919432
6.833266467437683
6.802100865628766
6.631089617629132
5.531424149220001
2.6648178116533496
0.1252781723274776
0.0
0.0
0.0
0.0
0.0
0.0
0.0
0.0
0.0
0.0
0.0
3.0887055278505993
5.482506088120864
6.439896491979775
6.9612607713983365
6.964045168820806
7.184238537345408
7.032651947012572
7.196393543384145
7.293855889335021
7.163965966392406
6.931514182621468
6.896417798720669
6.384186453912729
5.410412080346128
6.706615309414778
6.650526267860133
6.43019702903908
6.232944145951932
5.938776589267272
5.224583254353245
4.61849484188354
2.956497985235361
3.26791870006292
4.472314131879751
5.355220823949998
5.788462402743111
6.6143057377425905
6.548097380674501
6.370299484809534
6.674886304011327
6.88404988361383
6.736155678027117
6.988016742588206
7.157359051409044
6.065479176095673
6.102425679421628
6.199457699472687
6.4162416050852755
6.424769431403512
6.344054059495694
6.417312233895556
6.418364911761316
6.177356577423785
5.530916057838086
4.468499438726689
3.3301017843276894
2.531367560728953
2.1646829715547344
4.327163524664815
5.203302964634006
4.941676754685647
5.206662052651085
5.63327751790979
5.377270320993919
6.455347132477848
6.614806824722426
6.486671323552403
6.586557051489243
6.773468964172445
6.656060351855832
6.889718239590714
6.987033486420925
6.930258298091552
7.030949131559818
6.836639213247818
6.43077036109585
5.53676622849812
0.3437742195364679
0.0
0.0
0.0
0.0
0.0
0.0
0.0
0.0
0.0
0.0
0.0
0.0
0.5953486507370225
5.123038554083934
6.539688513112962
7.064691305128268
7.280128680490665
7.286484717905382
7.319616832048867
7.182056275114819
7.267914962405134
7.436533824108159
7.044190802973433
6.827819952009726
6.567029819190127
6.41288681021966
6.500558292655598
6.425032600869952
5.95420460860736
5.028375372072235
4.53714996663552
3.865782258944521
3.084646090862643
1.8289401331985031
1.6038096285365258
3.179288823495718
4.800430338921186
5.970216564881703
6.231679081969947
6.411935140166078
6.562366478000835
6.675230707884854
6.799470137812233
6.8831202560881755
6.7748532663552545
6.791916220000251
6.04908733098155
6.232327610997598
6.478619332260958
6.473573862848527
6.438562693703055
6.412173057679473
6.370681613032672
6.0576401298087035
5.7406315717903755
4.710630486283133
3.353922309959803
2.3414184565999046
3.0355363778070896
5.1716634393289285
6.1429954190609655
6.094467674377961
6.339642053151276
6.380946425241321
6.05907266888461
5.518050582143161
5.9811994023517006
5.781006032050527
5.994226336977658
5.930698807796626
6.445636282788401
6.456968793285803
6.9365249411846595
7.053010064211525
6.9810953429093265
6.825790352137338
6.622000852763942
6.383685366932894
4.386157247417163
0.0
0.0
0.0
0.0
0.0
0.0
0.0
0.0
0.0
0.0
0.0
0.0
0.0
0.0
4.352763603727392
6.446326263575015
6.722052722703285
7.048873061955113
7.371585239402323
7.171683500365203
7.336412240736401
7.227479320359632
7.114808790660568
6.8039425546120205
6.15852152882351
5.49537610658732
4.740794070188367
4.606335815340054
4.199532599547277
4.098431120096005
4.756748983603547
5.291362157297385
5.944659624492085
5.731030949612959
4.896403954718913
3.6208412862906303
2.232314872900195
3.4164109504473616
4.697357775884087
5.589141561613691
6.2045536727912065
6.45139698494049
6.507727068744069
6.634121391461191
6.874738994292096
6.6764960513109655
6.6742032819721375
5.716367204560965
5.990742713265223
6.111108181887137
6.411315094429543
6.212367746569257
6.261240632864879
6.453639250373229
5.482402332833512
4.525433948302549
3.744388220688306
1.9110218306315607
3.655178482093523
5.792836674344334
6.37587157259897
6.487971825480838
6.505866931534468
6.5411665220994255
6.706778437916909
6.6761139230878275
6.780399822747521
6.9452474821187264
6.829498813847931
7.1185815276554925
6.470351842242889
6.345730722354439
6.37767136821419
6.527086443003269
6.508288756301191
6.45592278749027
6.249036752837421
6.328982713427903
4.999905953341677
1.3346107443885362
0.469793146228041
0.0
0.0
0.1252781723274776
0.0
0.0
0.0
0.0
0.0
0.0
0.0
0.0
0.0
0.0
2.3928628862688064
5.577190945085575
5.887785621670438
5.734364522394815
5.747764338576452
5.568092450304358
5.732665054129164
5.283204264424196
5.585283961607337
5.103796565975203
5.281295274647329
5.713745317827751
6.105766168708681
6.658879050269415
6.657992924264283
6.315685327505812
6.388777829469214
6.268171491439954
6.1717342651723825
6.260072786468745
6.223007324386093
5.582267711820966
4.3656846954982615
2.2339315534459785
2.849543674432355
4.159391128319897
5.5240164009253885
6.086509669334296
6.641171208792964
6.5879666056250965
6.719856980828395
6.5989407596529315
6.6855595642231105
5.737966674866679
5.975042879520441
5.972966845412414
6.0993007576741665
6.272907357150307
6.063305924401794
5.397547908750207
4.392998682129203
3.3067366759256034
2.26371595144134
4.272922099382924
6.186414718256363
6.706521602611124
6.903655996507617
6.9727454713022015
6.782210422898902
6.765291679963647
7.084626445018939
6.975215911444525
7.193698540283281
7.1521404671829165
6.784722191958736
7.048505955865705
6.972044302393748
7.322605207058618
7.474185015232196
7.537751332349066
7.427802311936584
7.338734033352631
7.105976749866
6.565938482535833
1.4966610344400717
1.5556160110070163
1.005862538618518
0.469793146228041
0.7159715765202027
2.3138186106051797
0.6453174159949726
0.16824994976953608
0.0
0.0
0.0
0.1879172584912164
0.6103607129144054
0.1879172584912164
0.0
0.5637517754736491
1.2592327518196256
4.6948119167390665
6.03443999801934
6.681985858753886
7.234648758545843
7.52342445190553
7.894275233488897
7.91569171764305
7.7223207577532
7.549896687916
7.441153483210703
6.937255257704822
6.866602559168447
6.891134411794843
6.865415325413883
7.015974969666368
6.8622929695137085
6.865252196911752
6.920543042094006
6.707498524617751
6.517724300765277
6.417694362118694
6.450730225524192
5.4797687402212665
3.242446593480704
1.9381468882587725
3.3954196757938058
4.982578143605485
6.328808319606859
6.5068691054941405
6.566503480257248
6.6742032819721375
6.601565153308808
5.288481394447072
5.715794151948322
5.646773635388754
5.700219144288974
5.924472576557731
4.893536839798856
3.964934468266361
3.139220796283086
2.7673845811383964
5.378512285301288
6.652001563827769
6.867053338166938
7.0722585299121
7.211512970818078
7.103163275667123
7.216577358022897
7.328543350570212
7.368161054028816
7.129634846185616
7.280282877511971
7.234024682468282
7.132732721055869
7.1355729896972155
7.31482118537434
7.519140439506911
7.927073879972283
7.800671674276047
7.757920002253771
7.793183411162752
7.47579365348699
6.940114444138552
5.763594722602809
0.644698187722676
1.8748885738227374
1.2447666489132836
2.4521707213024255
3.4391725542809852
2.981566667236565
2.9716386122360907
2.073164746044763
1.9690972939834945
2.169425514378156
2.73855493602896
2.7499048764821654
0.5637517754736491
0.5950713185555184
1.05608800178586
1.7759121676699265
2.412944186000446
7.38952314492693
7.548355706931133
7.91913430449719
7.822443055609899
8.029255358315693
8.084858625180265
8.121230627447659
7.658138304300765
7.35990111790098
7.318864347911334
7.065556129954225
7.203350708743005
7.308954573222704
7.357442977482772
7.028819490723119
6.8827381278650375
6.855449679506376
7.055216280056668
7.072335104920543
6.856636913260939
7.025994244215502
6.574079636521901
5.812466375352105
4.010869961628617
2.7382732763940876
3.614596884937609
4.73513893329933
5.767131140688013
6.329500330976201
6.392451110764526
6.411816181409379
4.776495264270295
4.955003321030023
5.440096365590355
4.945809328359675
4.29479177308741
3.2907041704189104
2.2789031760688396
3.3532598935517455
5.862280754958942
6.77852389248107
7.307251757769942
6.891789168380615
7.291895467653359
7.472690078941368
7.212582061488068
7.198833753599395
7.440997083368831
7.409304087796293
7.2825130867283505
7.215226995766201
7.288507047959829
7.529630584851126
7.535636385632662
7.659081137611079
7.852600441859499
7.976766506540323
7.910853997552292
8.281064547085153
7.870341780498343
7.572977307906959
6.851963585760082
6.545974073998461
3.911580325424263
0.6949030166179051
0.8099302057658107
2.9581766442862825
3.919662483371821
3.966701788670214
3.9230321441066143
3.649230600481382
3.6436608272007627
3.8590879743146247
3.812139648944391
3.39264615392868
0.5557367011121579
0.7356388852418828
0.7858230798649994
1.1295494511465962
4.811878657081904
6.964996068437394
7.7226582610159005
7.983229683048796
8.14603554390115
8.241063672545133
8.321107604127468
8.152092114808093
7.936399512772954
7.957597671568666
7.611575989518299
7.518349348861484
7.4700531101232635
7.266173540444478
7.363804058545974
7.224075892274687
7.217187417447864
7.267387568641514
7.120474305809533
7.384444782592806
7.037159903434047
7.157850679492684
7.047844581211659
7.015210713220091
6.542710998991912
4.474928014407405
2.6596223962386034
2.6904877852250793
4.370599879889438
5.1999156850239
6.083667939225105
6.343816141982298
4.716522534974232
4.439774815338355
4.378712616862133
3.6042442573378946
3.0397453019490603
2.1551890495580035
4.046744386330557
6.019380911420474
6.902619111698708
7.067303642567784
7.275368799496123
7.357179280600964
7.430139818192896
7.406579409668354
7.303280126592915
7.514205604202497
7.482193094028273
7.468966431006068
7.436874424011854
7.665614332156229
7.60695633041575
7.487786223890658
7.8361186716195625
7.9678305078432565
8.077462208599052
8.28203047758619
8.318995228550142
8.144362476583526
7.89680292332482
7.450731903747591
7.148891236119277
6.546976247958132
5.576943138478965
4.664799009269576
2.429259841130503
4.489252580539227
5.926754954329654
5.952935024496353
5.88290910263904
5.626820005921581
5.4182998538688025
5.450491699382121
5.5593161512042295
5.222478557052897
1.5317748511027913
1.8786277057785643
2.638976994423313
4.60612908918569
6.140685786104212
7.325269474385668
7.8858436641688545
8.166781897059936
8.460367403832693
8.476709610793208
8.461692248026713
8.426560678748878
8.225974309115367
8.145391590233796
7.701378507765692
7.705403115834679
7.628138095342073
7.458967913745502
7.5404520843470735
7.28296894913201
7.35967318669915
7.381615648252848
7.485637331441679
7.3811240201692065
7.5686998092441
7.359373724137357
7.198626593428439
7.296130795712205
7.096994360125777
6.726154482231598
5.354312138993438
3.697097573801968
2.6102887343343903
3.7393821127212297
4.717760708650111
5.760777410271136
4.030822790603106
3.6718045560425168
3.6241635047782923
2.7732299794746553
2.6334031671523856
4.191925267111076
6.322608141685649
6.924802323767399
7.078673279373609
7.171103457723066
7.354718299354834
7.501589705853927
7.43627012722635
7.600164873614812
7.376432829706701
7.43033198371475
7.4810706492310945
7.5262632504596025
7.7948011880343815
7.684385498930284
7.895519490110813
7.718524795370977
8.03363060660121
8.185641595020753
8.221421535760467
8.135281701675126
8.233586662113794
8.163626814485795
8.063463026511261
7.771176996329933
7.422349319384223
6.98631901054062
6.374586620835748
5.88962557665475
5.423289898592021
6.025368532631385
6.732334395795737
6.478738291017654
6.668155638600036
6.614315196638785
6.753271182230708
6.653410706246911
6.6143309896956355
6.216927744061925
4.323650093833877
4.3645843953531305
4.815148403980917
5.563690805842134
6.626983478146305
7.438332151910507
8.108784061192312
8.29549779178966
8.425916725081521
8.451152714645849
8.665031770519564
8.426721667165717
8.58620374560867
8.350061407518115
8.061355896576922
7.8837395237403936
8.003585306134648
7.850059249308449
7.9154030098790304
7.71344539977474
7.668914009277819
7.698538567137787
7.763398409271683
7.687453370760019
7.434128660581909
7.63988600002332
7.52402379549127
7.363573286516221
7.204070268028478
7.006213301346142
6.645907264625232
6.0036821231828315
3.940712069484105
3.417989193289414
3.568234806161746
3.875647545315432
2.992104250684835
2.8663859515398302
2.9709465466998486
2.6881140434964514
4.752671806218958
6.1279393343416935
6.942572584556762
6.936469069965783
7.084735944879441
7.377979245317586
7.500043290243045
7.33391833463821
7.567014205003322
7.639094909377891
7.745753498420735
7.595813568571058
7.765570206970078
7.938740275944836
7.722818534947801
7.713119480249012
7.963829128531094
8.226296285949042
8.078390077502394
8.162619529330936
8.226339942939859
8.155072661818732
8.224344898788559
8.29108417835619
7.939493325889359
8.097293836227598
8.004614419784918
7.907624422820772
7.720620217321371
7.346773976254038
7.1990849454391705
7.325151056786651
7.124937565070209
7.013898957471298
6.969219055886129
6.916696184245278
6.894451286386103
7.082168304600731
6.955103628165732
6.80971787097857
6.469281005382723
6.680013756841013
6.78241663859994
7.145234380728524
7.476456033777033
7.968586547293651
8.260452062004934
8.525302645110253
8.605643981008267
8.793338094584067
8.606016534247681
8.551436739904677
8.475327270778536
8.47616223030712
8.276972910485364
8.291479829625077
8.210189973926912
7.984727910510822
7.939226230701228
8.073026766670175
8.146567411785467
8.11301797777269
7.830665082602937
7.835313405088331
7.729278637597003
7.656779397034744
7.779826698127488
7.535372688750844
7.44046968960521
7.330438331544818
7.148882304638453
7.048668077120102
6.347968605123592
4.529622509645513
3.765326724012188
3.0214580254669423
2.703481647490422
2.528677497815472
2.804895593169048
4.582173712755664
5.983004960109659
6.702371820798233
6.935923813240515
6.9772332115927975
7.218934930061423
7.499448239209493
7.425448627730393
7.679539469161902
7.59571086010609
7.755318799115645
7.603567910722219
7.898910053259159
7.986195560898505
8.007998919568118
7.997476796888145
7.9668394348939024
8.044362944778864
8.180186028114175
8.139283080987292
8.269601265705553
8.250266196674072
8.205705629364234
8.31091879549061
8.292167440283249
8.316298339425114
8.321107604127468
8.320711952858584
8.211401904489428
8.048707804973075
8.000600142220165
7.901972401150663
7.842034986635751
7.675480763084044
7.646291765412698
7.69151374450899
7.739050784191731
7.605258172139975
7.857525236851089
7.58287783684363
7.629870522857805
7.845670675086074
7.960467228765589
7.965122263510214
7.918149619360024
8.060385062878522
8.354897746358862
8.50155121862272
8.705914167437257
8.73185287602366
8.724929732559893
8.732925609217027
8.683893957956164
8.774692272534978
8.495629944082982
8.490433217060724
8.610094332017637
8.414513683545158
8.455470825148709
8.336265396349456
8.29452052407919
8.176989590886208
8.143123471882614
8.200620988125015
8.074055880320445
7.827370840107356
7.72513108181208
8.068542422107493
7.999422938405646
7.710015842739313
7.4474268549640765
7.14744927672041
7.069909889354393
6.918601010789361
6.18514188846659
4.960894352408189
3.7865958637625203
1.697788892054246
2.908485977321931
4.026213062813568
5.603559655527012
6.416479522598672
6.741940151932779
6.868691350919994
7.002022670448102
7.23118945747542
7.154862304482934
7.585847657385388
7.516471579098853
7.600324042084231
7.682766054387543
7.9380361286341214
7.827203463878331
7.866979880732841
8.19316663403755
8.014788976107642
8.02044765760717
8.067625394240261
8.175412072699073
8.18309810013271
8.430439480992032
8.434038047218209
8.421385780222028
8.491179593073614
8.456823147718994
8.591094674411798
8.52175838899655
8.510430092146043
8.497683716141278
8.360705665581502
8.330188379035866
8.277777852569557
8.248699123573033
8.290740373027106
8.094804535816222
8.104644339680881
7.980726531198658
7.946110525373952
8.053421157997166
8.246818513741639
8.19505862727826
8.3755538884299
8.46215903466268
8.265643543384206
8.505277022114605
8.535696099154764
8.701458166547031
8.554600253829985
8.851026946030121
8.907454597489709
8.96391327009066
8.902989071562773
8.894538743472255
8.730453129143731
8.99067355802273
8.707170987076928
8.685807612940069
8.47558376212599
8.590514936696609
8.506118901058107
8.420610855582218
8.551502225390903
8.250432430733895
8.251027481767448
8.22222647784466
8.319478193800661
8.004614419784916
8.006882538136097
7.805986103371244
7.6926361893061665
7.463064053174451
7.1509292798138
7.120255306088527
6.867435466390076
6.660460523578684
5.996605226792386
4.694887121929073
2.8896697859880947
3.8631211716653966
5.098277293415503
6.163895218885416
6.063021013764509
6.42674852736981
6.73703889323009
6.9582165251697115
7.175173481943837
7.183534000193663
7.515037832189836
7.593398313241805
7.691342664289144
7.849705619586047
8.034768816528643
8.028982284115822
7.887400171582751
8.194490650383102
8.220070445276518
8.192072081100935
8.426165027479994
8.321458328871472
8.485603393397025
8.469861644948738
8.661881896140686
8.62953333916653
8.511030388822583
8.536367531198385
8.70801032695231
8.635292314472007
8.710783267744977
8.7013190066256
8.650882495538774
8.661976129537239
8.461061933905786
8.496419977086687
8.465468627924336
8.712745917219456
8.571582034111062
8.5077701024326
8.551685042303154
8.636989711905443
8.650488113803956
8.65750395003246
8.796286854586159
8.874541868386933
8.922788599590127
9.128811639583498
9.016584424098243
8.996089772979461
9.24640413653708
9.274822578844892
9.132218337700575
9.25141837198588
9.094965305464923
9.063348872507625
9.06103956034907
9.18084554119178
9.07730968069531
8.876081388216267
8.883804370357673
8.860302740356392
8.784250767050906
8.596974133239394
8.465212136576884
8.415845247870687
8.556925426316225
8.44011530693398
8.191728275771847
8.186348731837345
7.932266132873842
7.770913299448123
7.5880248897098
7.3470415747105
7.38771910934483
7.208797224170961
6.743086536602193
6.588705610118328
6.48009734124742
5.676942777284636
