6.972044302393747
7.341103431198901
6.908729842608631
6.725632465403905
5.6271503229508415
3.724093680310456
3.1191204417949066
4.950103830000231
6.393657626445183
7.252067044204905
7.003592032425799
7.020820357150178
6.799852266035371
6.935923813240514
6.768586623262145
7.010910582461548
7.029802746890401
7.1656397448254365
7.131977396090414
7.258268884598313
7.457353121873708
7.583034871094516
7.700985746663352
7.9616899899423235
8.046752644203732
8.366084730160287
8.76960412273631
9.49133435020141
10.206539846483782
11.240416532373068
11.98851742939687
12.201187071187773
12.173076943395728
15.253353836021454
15.352329558510332
17.43981736453494
21.1064852303928
27.50621331815781
30.470071525107628
32.51546091355972
34.357024933470896
34.78082912205602
35.25112861145196
34.8515913129088
34.1774962884253
32.93823421495824
31.328678560486534
29.897769936932107
28.164100186575865
26.0376441780269
23.287371405390754
20.516109830840044
16.951526007830825
12.561987783295658
8.420772970386645
6.69407467281997
6.729272383988373
7.688272610736062
8.498827956173407
9.029268613472365
9.580978903175208
9.619814472029825
9.643533626738645
9.562106676946266
9.327496244741116
9.207673212969645
9.192777236637172
8.942121340981513
9.150998262808573
8.855056706462463
8.861375473549755
8.737754163346663
8.711130537551265
8.238822079412277
7.073521604174487
5.7894789016348955
4.645840620407965
6.472711522592572
8.014158949647877
9.014702939971926
7.668914009277821
7.781212839806474
7.780023690925538
7.670435402532585
7.326124613428875
6.324132499384513
4.007463736011609
2.99109277113348
4.6751997911843945
6.195649512794402
6.555410367472715
6.548598467654337
6.589087738341466
6.734746123891263
6.648866323814316
6.581693517136166
6.519490731171224
6.610669822466013
6.4329656334047005
6.336193272037881
6.238155846689076
6.440017447281109
6.107495064215734
4.815063355255209
4.651621047036351
4.63145482981527
5.540730757386894
6.553999113197257
7.395712990785741
7.895484826759416
8.523905526352648
10.278524108273363
11.015045754049579
11.411237094502269
12.940044455305568
13.916357150648055
16.495546532415432
23.027617947151924
31.31554507261008
33.954712819175946
35.29857486749773
35.66730836463978
35.64567033377493
35.27808712991969
34.14530843055587
32.74893090099169
31.24878974064187
29.433360043916707
27.6804181869839
25.98751378840106
23.584315615258742
19.267781743153744
10.12217750538936
1.8230644973910703
0.7858230798649996
0.0
0.0
0.2855130477355225
0.9950655961679048
1.3277668498301354
3.235182029867744
4.6539059031915935
6.735817056495544
8.18499704369232
8.575010595122945
8.675380298039197
8.558262839806016
8.621538690760103
8.526370997956814
8.395923316754633
8.511358015537118
8.410809509265269
7.82823440937218
6.548874424004088
4.902890618538411
5.340699307638795
7.277576330729035
8.77782750741135
9.807064289178934
9.571089249443345
7.949224033476859
7.959946222814157
8.174950935943968
8.24107333598264
8.194125016558607
7.577341801394703
6.73625568681215
4.556740706627316
2.6053093293613814
3.8664816338162353
5.521121672120311
6.279005504428499
6.439420656952985
6.362009576004693
5.974707744421192
5.941826836607093
5.623698699091038
4.746771737182844
5.005179319118014
4.925521818826251
4.576769954861495
3.2902500920123154
2.722513421121062
1.8124943083500895
1.7443565609507776
2.079235042486206
2.8634548592851754
5.495497109754293
5.125927433000479
7.266127463937358
9.245286811946041
7.963125127775213
8.326179937384387
9.026558397479524
9.778452691423821
9.798370932292015
21.83928472408297
18.12560172752345
31.933825121946445
36.49786391864254
38.171091327910176
38.70911271131409
38.70227018477547
38.39939285767487
37.28479347872243
36.398536484410144
34.865867987863446
32.91294678946732
30.263857836586727
27.412653063529923
23.810332880310703
17.06870558530146
1.325333076701564
0.0
0.0
0.0
0.0
0.0
0.0
0.0
0.0
0.0
0.4340750545112657
3.6104208255141357
7.182421912215581
7.90037621903202
7.892485954991176
7.9260921843409955
7.98241536364654
7.96802953696101
7.82360819828498
7.277968654272746
5.827958186799867
4.751987430059722
6.040498165344462
8.247967790708062
9.593509929753953
10.195841166184247
10.172583133226443
10.238061644415172
8.165318720792952
8.238278595390126
8.5612828134631
8.549777349581204
8.490969297785101
8.195452962813203
7.598550023284958
6.584077147987235
4.833509792570135
2.5218750247329345
2.930884206091871
4.64294644821458
5.730656496164661
5.883090011370089
5.649587856319724
4.331404373724095
2.300246635680128
2.174053701099251
1.6600296866124455
1.4632626961222737
1.257934671999571
1.5200607139262656
1.7280473387632966
2.4060065825874366
0.8827237864316044
3.3575568543805567
6.041241440814153
7.494178535251738
2.5801426879004605
8.140689806025977
11.093020673939362
7.51627516840718
10.774143662864592
12.868329510819061
15.39123325992631
15.886051100246268
22.292745061025084
11.437813431018034
45.52450357894302
52.06364897431468
53.78940545601501
53.676143967413815
52.277789622154614
50.252510926326785
48.12576823284045
45.052255098744595
41.07824972133478
37.62478067921264
33.42909189646724
29.656704340713123
25.07037768726541
16.87496242646069
1.3360053128861078
0.0
0.0
0.0
0.0
0.0
0.0
0.0
0.0
0.0
0.0
1.3109231110331407
6.234719322796396
6.8830421464166225
7.068763504684979
7.157551216930893
7.279103567990498
7.161972132199996
6.687124597039944
4.395230769158388
4.496079440149597
7.026838190123643
8.567125460065144
9.807300917863492
10.192102857763137
10.47931662990241
10.524073651275195
10.434025343332237
8.599545959655272
8.635521327443195
8.847684770340567
8.960789916935097
8.985866499997757
8.381124438225632
7.9054957318007215
7.399622244309495
6.560633766542323
5.143150442583927
3.073134872224822
2.318978547876296
3.783822620233164
4.422721544374261
4.729451049457189
1.9944647437700893
0.6890299478011265
0.1252781723274776
0.2192368015730858
1.4697137246671246
2.0559673116807193
1.4225061932261838
3.299969344470517
3.80746320402629
0.6292047301835402
1.7800653845803591
4.551880718254225
6.175853132401334
5.600779935385904
10.668650419907596
12.695488676488344
10.020954978096574
16.58541679901992
18.71704003302176
21.288577014234686
19.103320763567908
26.162662979259405
14.21040343984142
60.17881261370324
66.20567585081741
68.19548887031203
67.84885223176292
67.05073587441598
64.97182265909679
62.57697669680854
59.92715620588138
56.365497484735585
51.96528494985924
47.69671428044125
43.111845167330394
38.558191890272006
26.099403806612454
1.9647554838085608
0.0
0.0
0.0
0.0
0.0
0.0
0.0
0.0
0.0
0.0
1.2368248435530484
5.389396566932549
6.589851994787742
6.357796817889147
6.617866864007902
6.434291107842056
5.3319182646004375
3.605555596707654
4.703280841038464
7.117919801318022
8.787380245846563
9.93178457548186
10.48615652259496
10.505017125731245
10.724682590961253
10.935932095396367
10.955794285972614
8.838074063907762
8.880030175863709
9.094589573595021
9.124518774864137
8.860728430921759
8.485450593929166
8.12658305104389
7.5985826923239435
6.95685114077929
6.314373549844062
4.994178256423253
3.083936099809325
1.4945822392041428
3.491084236202873
4.110468332957033
1.455483685398062
0.0
0.0
0.0313195430818694
1.9576101338002043
2.0931599235793663
0.2192368015730858
1.0335449217016894
1.4300290626832328
1.970491045643509
2.737132076818755
3.00405014514469
4.562101135418597
6.716469614110508
10.923960625575207
14.69287176528239
11.711555081486258
18.944644357052347
21.827368887387788
23.25229805614759
21.270419448383684
19.618859041169134
14.465954982363021
64.75159136347125
70.86386960110333
71.84210330249681
71.35163958978062
70.63089501420536
67.87457218396199
65.34812785871276
62.38362291000987
59.93719667955793
55.8929194009655
51.49850906908207
47.04647979320482
42.003155826533224
31.356090283326292
3.4394434242057197
0.0
0.0
0.0
0.0
0.0
0.0
0.0
0.0
0.0
0.0
0.6292253644556527
4.653146006753937
5.971366646331181
6.182517774254839
6.106779416908841
4.678058769158892
3.4798991771988703
4.854013305727875
7.052235694527401
8.670145585496273
9.571721546763508
10.139027094271613
10.74049522037782
11.081274498559457
11.244992805873164
11.345801963665739
11.311728686091708
9.032659709275158
9.023485433737438
9.171380001643948
9.549958909054249
8.865827094093188
8.600818537691367
8.506244383985386
7.762404346816451
7.28808307714612
6.729844865188575
6.057622464183412
4.719958316671688
3.5354179052586203
2.750757304181922
3.448830558744712
1.1689525511169405
0.156597715409347
1.4640034504863695
1.6781215833325656
2.7069743675843325
2.902693289403619
0.48508254058692796
1.8275983523617114
2.9736884817309126
5.009698913936128
4.160042258465602
6.906074296475206
8.382491482957242
9.387963314838782
6.395973687035003
5.925170789922264
12.24032235059799
16.967513098714615
18.181112853907855
18.68845958951288
18.17927580257227
14.022923708522887
13.205249096980081
67.97345513895655
72.38197629975818
72.3309845295534
71.96773682991294
70.43792754787533
68.39804181376103
66.37039087823818
63.47760751890982
61.299448805985676
58.07601703649499
53.75079450648895
49.97085134380724
45.09029254064587
37.42109540138381
4.883501897894181
0.5360693923904776
0.0
0.0
0.0
0.0
0.0
0.0
0.0
0.0
0.0
0.0
5.200866775239899
6.787222407377725
6.2668416744966
4.332315568898124
3.37527081204238
5.485690250770601
7.067465854743046
8.504718907940358
9.045009518141445
9.8795116631824
10.354426682385197
10.740884540131178
11.282903993408523
11.700314969848831
11.546264835389772
11.704306638520897
9.265676430518585
9.24092120313503
9.27847532974667
9.224766222833876
9.143597565818654
8.636711392062582
8.130562648060524
7.820338915181437
7.300258826731109
6.943227341142535
6.434185180370175
5.598634058363156
4.955003321030024
4.887945865368847
4.837919213535415
0.8565185089344544
0.1879172584912164
1.7130576521410208
2.4419931885672623
1.8095501566583265
2.442538457415009
2.1485453240178223
2.8858851689431595
3.5611099729521696
3.935755458521091
4.1914909538016945
5.350553349731279
6.4444737549183975
7.679468753433914
7.5260968582615835
7.541119564648481
13.449312197771546
12.203010392421165
13.330492461876135
17.543766703681037
22.29875432872714
33.8337727615006
48.90201923447015
70.77214201384062
71.99375948273257
71.24867671600781
70.64258663385998
69.22669526252098
67.0917957061449
65.43504413008841
63.33781535179336
61.13247302453406
58.789578767862345
55.24246012707146
51.21651176255791
47.25715331038528
42.57124781714705
6.765939114749264
1.2412233921879545
0.37947167698113066
0.0
0.0
0.0
0.0
0.0
0.0
0.0
0.0
0.0
4.7753981379097885
7.934143845599121
7.545267783061502
6.740045949475264
6.482553070003884
7.251819675621639
7.758374304121439
8.270384379294336
9.0904750936876
9.824181674065034
10.557808851508723
11.034261281364412
11.717702258021514
11.824370506953908
11.901299406091185
11.944191022107724
9.403196888667921
9.321743587634094
9.37901340806991
9.378226564811932
8.86948430128611
8.560214460616534
8.219565651530594
7.679012075398285
7.493050359204206
7.05628608971764
6.500201416385504
6.018347188808827
5.316322957417428
5.8417350435489706
4.585099940800726
0.7231839937012609
0.661347564717955
1.9547549967098259
1.2207214258288102
0.3758345169824328
0.1879172584912164
0.4071540600643022
0.9002516750127207
1.3998622213223275
2.9363162760847046
4.41591212423691
7.266421708047577
11.445983345344976
17.216767943336475
25.972463259033844
37.13123861915946
44.98957911675137
52.25623767143808
59.841604417910474
64.87032866153545
68.07241124901107
70.40841343951986
71.15772419046905
71.45215072303749
70.69138724733122
69.63006613118296
67.54186949797783
66.0154110723427
64.38744998402586
63.08482758690599
61.81114627567297
60.417068191980626
58.88061668820253
56.08867722853709
52.34978714069144
48.871635349505056
44.878561114702855
23.747884628029592
12.381091986320863
6.454085168490942
2.873716393964709
0.9547757148052382
0.3758345169824328
0.0
0.0
0.0
0.0
0.0
0.7540758305077643
5.163870189367738
7.984258796699068
7.921446851361474
7.472136165249721
6.850472549245895
7.591454446745241
7.74518496731521
7.595629126482982
8.111245263268676
9.26285514779279
10.56718016535142
11.254573948393828
11.64610933940014
12.02476028002478
12.229665091460141
12.096412235940132
9.624370762979963
9.748599072966213
9.63932339785975
9.257067980260599
8.68952834476928
8.347314795138915
7.917876545160151
7.529434545239248
7.380404460883731
7.051494330875454
6.916471369952664
6.493771644790265
5.710294382019987
6.412471385648237
6.454314153107024
3.618289608076637
1.4775234706753992
1.7377795213527407
2.694744430622499
3.9678386480294106
5.720447427473333
6.654177915255875
7.52329821948227
9.129193889139328
9.99197166103853
10.42652311128565
10.867896280489418
11.552267697444192
29.61996260384805
36.83175693088961
43.10019641733083
51.39772619850568
59.71191797341853
65.25410306601063
68.84953041912763
71.17108632484397
71.47817337585714
70.70038721068626
69.87517149364085
68.8923129326013
67.38644633001
64.94769635699437
63.55190523991439
61.9597240088477
60.79766898474056
59.78421890371651
58.97610972142514
57.598728039907044
56.07292901838223
52.72663907969311
50.13757811370785
46.32708089192491
42.247400979868196
37.84607362563084
33.68243898147162
29.350139467381343
23.83918750284556
17.608698451104082
12.195887177791352
7.8874366288183575
4.798310609503605
2.516826201437611
3.202342450221751
6.045617455317521
6.553797606672704
7.9192366132539185
8.344348549540497
7.752114183776168
6.936905007329323
6.712776362652053
2.9197058618983447
0.37947167698113066
1.9544545035085887
7.659833210934037
10.188272442899311
11.412060852139271
11.884539074443584
12.104531798373184
12.336200402811054
12.361988694932222
9.697889365182688
9.718476812289703
9.748733290743724
9.165542876677138
8.41500480029693
7.651700001438515
6.91077092297578
5.749714482614626
3.7285766910059897
4.565357947720724
6.905140339654736
6.580747325630536
5.611791064518682
6.752708058080298
6.874629494431591
7.001037352202344
7.33875554624353
7.453831277798395
7.973124246508758
8.378670514717587
5.785872162430049
3.802347500956546
2.983757439443948
2.1585490247435746
2.776124105568382
3.37549907319887
4.491486708162799
5.542363184173647
27.91203285583006
39.66336667828381
47.2432908928691
54.672724125175336
57.44004835015298
54.90073180810136
50.586474579641056
60.7984469674637
70.8934159989248
69.8109971107088
68.57511724723152
66.76673668573572
64.73985046134092
62.92169164791229
61.46739773579685
60.391562333000174
59.17489429203072
57.65384693371417
56.80229197466006
55.90733397177294
54.45213777288313
52.47032228430424
50.48591377635459
47.649335097246166
44.17709531529039
40.69675470814986
37.37824789766419
33.65379788432524
29.590214547652884
25.718209805742738
21.77467243407208
18.057788266193068
15.770141359573383
13.271094063220021
12.138376552036803
10.968695323083518
9.930947922682046
9.143378048407671
8.27608998553772
7.169311996291079
4.207494735080504
0.5474049712501231
0.0
0.0
0.1252781723274776
6.231716917038191
10.24728710467751
11.543214861347721
12.077275550063456
12.41221916249987
12.632084827976689
12.570617915662025
9.857873013617949
9.60003078740479
9.423463487458223
8.76575425472216
7.823205848633793
6.274820409541291
1.988567627391084
0.0
0.0
0.0313195430818694
2.081357761872892
5.172389404665765
5.767419209879202
7.026179304010394
7.206300477244857
7.708798506259235
8.415524124188575
8.945873706980072
9.254813155623777
9.192605726289868
0.5047498493086083
0.8456276632104732
1.9418116710759006
2.691705607497558
3.122404959110191
4.069499192324853
5.109373234705107
5.990328412345405
15.302262235974256
41.27619750637524
49.36630388155001
32.291051274357095
22.9181468475096
25.990659476593166
22.36760115029007
27.32747583301072
69.37311555180321
67.99423819522032
66.74037341464843
64.99209478218495
62.74021194403262
61.12159555173846
60.4035614797362
59.5807678749486
58.30011654974304
56.10163873728055
54.539232423875376
54.293766957057834
53.10275646100681
52.259082456092194
50.340624209084126
47.865884184437505
45.095651899321396
42.3869929280156
39.026505557737465
35.47092346191001
31.5653019241238
27.97057776379908
24.047922446127835
20.358692480585468
17.92019573204923
15.830747349202433
13.834301538466113
12.24605272062006
10.842133802165229
9.394042749609403
7.915946369210725
3.683662889946716
0.0
0.0
0.0
0.0
0.156597715409347
6.16161289399034
10.773017770989876
11.806661475818608
12.388253295050722
12.739844936902973
12.789678287327419
12.846443105772732
9.764428477394539
9.57782864184018
9.559242386258495
8.541482594119865
6.987623377439828
3.878613609916493
0.0
0.0
0.5324322323917797
0.4930976149484192
0.5790205355604235
0.3051803564572028
2.5948662048548963
6.300181420143932
7.559125262797235
8.111945207131606
8.501272898779856
9.270085068366077
9.811408769478353
8.691764181357529
0.0
0.1879172584912164
1.3780598956022523
2.0816384833981703
2.1675820382822857
3.451361479825021
4.413843018180156
5.480808317496294
18.20405720410234
42.58676292360792
50.354486667228755
31.883075108539398
22.860792370798283
24.230140433009982
21.38722102229891
17.974682349887846
67.5334913167093
66.65728682733342
64.96747952223343
63.0564596597792
61.32533756658994
60.31595282505555
59.59281749205099
58.49689999559887
57.18620762825954
55.163703477300515
53.814034109962385
53.2094364354975
52.094850577639406
51.24091721633303
50.42699468755617
48.52242494315457
46.08730929180789
43.11952262183098
39.98756692132324
36.95734256790798
33.07210500303026
29.090358830025156
25.52002242943953
21.77616698976552
18.853633033697278
16.86662464219764
14.981900463936523
13.210404075252269
11.558084546432497
9.840842751723912
7.493119990540814
4.081963024962678
0.0
0.0
0.0
1.2649676315676253
5.281159603729736
9.905296281570246
11.539622600794512
12.150339521533445
12.578410155264665
12.948423992590174
12.9523860700586
12.906317228297029
9.776602297237611
9.787706623336167
9.38967725179344
8.467923692380216
6.03314735772829
2.017734626629288
0.0
0.156597715409347
0.0
0.0626390861637388
2.052469650952981
2.078835981036937
0.1879172584912164
0.27745670482980617
3.765674017111146
7.712830348817003
9.02380074994133
9.628474494051211
9.966518374086606
7.55708955750306
0.0
0.5011126893099104
0.469793146228041
1.1821275627495451
2.3378844679617665
3.097923936661555
3.9868774885836564
5.528106847337087
19.16801159284812
43.53112959988959
51.444965607015284
31.77498653935195
17.075863373671293
15.304020529513949
14.386393826117784
16.61546303671175
66.90671318707595
65.9970425290263
64.47065662819433
62.719135862136156
61.242554914685975
59.932220843088665
59.13593736682334
57.33226001346245
55.414570430830466
54.072325675519586
53.15138717690064
52.22041727444237
51.563165656913085
50.770016143471544
50.093278996081814
48.90745174810328
46.39222206289943
43.50112674902092
40.2381099485377
37.49021505521547
33.92494132599446
30.131230473595263
26.33260257873438
22.9761105581278
19.912574742716593
17.430691793231063
15.672221187333987
13.587140527028978
12.120469914143497
10.054708159647754
7.904434320568372
3.6328907516543634
0.0
0.0
0.1879172584912164
5.511357255036701
8.506358414927922
10.655613183640252
11.859918762586933
12.657157198664088
12.958677110530873
12.916409046320641
13.262355451805009
13.009076453543225
9.79581657071085
9.662029881371884
9.261750132703732
8.022090548550155
5.004502696570776
0.7384527537880353
0.0
0.0313195430818694
0.469793146228041
0.0
0.156597715409347
0.9030861778309855
0.09395862924560819
0.0
2.123645320772746
7.294468315163492
8.834137986979451
9.528318450377178
10.090182105252127
8.27597277355736
2.646363740208566
0.772212268868234
3.0971462412066035
3.4070437470244403
3.963211568372381
4.522869885701635
5.5462300835258835
6.62833097319863
21.602834613126753
44.32467679391903
51.92407241206877
43.60677821018709
9.912129684900558
13.957567759434124
19.47154199219845
26.834369024087582
67.08061482937926
66.26182269809102
64.5610062077173
62.1799183120518
60.98210466407223
59.67643581237961
58.403358970221305
55.545725857382244
54.21145247576524
53.19913324498827
52.45883828767686
51.5336443008888
50.70109142275676
50.29865870878167
49.74196933213672
48.59782166638771
46.607790287170786
43.939173794150015
40.650548026637196
37.91144847532807
34.28646916938483
30.302769416797094
27.082014364902587
23.44144122869746
20.355689615304264
17.607416048652226
16.077939650065467
14.255037098941472
12.629497787188138
10.673524110208707
8.540132626726718
3.5227355256316546
0.0
0.0
0.09395862924560819
5.564695396677109
9.002591810521889
10.78995053493667
12.082150233518778
12.584032948795356
12.894023842170473
12.981906866558727
13.262041998924296
13.293834351857159
9.897920612132681
9.533742902281446
9.247760563648034
7.600838818651893
4.47832757727692
0.399138985702811
0.0
0.6693626390794463
0.0
0.0
0.0
0.0
0.0
0.0
3.3083412228859586
7.2075313611558025
8.54895946310209
9.427224093013086
10.040607481240347
10.115138153589685
7.122652074915148
4.598731070415405
5.403910505057828
6.815010139631871
9.30813769756281
12.576477537632817
17.899764455576552
25.315642856111175
36.79302325355023
44.83107444231885
52.21313191900499
58.28927174431683
60.58797725222497
65.8313380433932
68.26458929262931
69.02154750899686
69.09975148421358
67.73177454359144
64.95455278819159
62.76228718017509
61.0528351176806
59.5543172227683
58.34069639410186
55.28096819009185
53.9168956145487
52.64101097219196
51.94038539052799
51.24083724106478
50.08413881893288
49.64573294063162
49.025529848601494
48.022761740546485
46.34343952556821
43.599161486589324
40.107357777031226
37.6623596288379
34.190435194574405
30.569752179104086
27.07558454640207
23.67622177307563
20.395631101471118
18.24005763427373
16.531567973173694
14.616261839316827
13.000102437724802
11.170478645600383
9.09606442448109
4.70766603450016
0.0
0.0
0.0
4.758081776152531
8.907064328039107
10.896637111212014
12.120196788973194
12.802315503684989
12.88895399886999
13.132320318845613
13.26110571722794
13.240116549019799
9.80522694342543
9.6241095603495
9.182984704031407
7.916788603235581
4.57250259736583
0.8448869088463781
0.0
0.6263908616373878
0.4071540600643022
0.8135673657645087
1.4930181933875029
0.0
0.0
0.0
3.8823898578458413
7.196146702216246
8.497479345667003
9.321777088920244
9.799863961004775
10.244483493404223
9.78380226863032
10.372091612195776
11.653469887472722
13.315250251106017
16.13174198372606
19.32429020557972
24.29897008972147
30.95347578666414
38.39965825693957
44.80115949600109
52.08463298487576
59.113581564263924
63.98564209663449
67.98581662389928
70.3241401461038
71.31409661434249
70.24882975420479
69.13698695803076
66.79704449038309
63.72234817421898
61.56872837163889
59.67161183443476
58.44633053884285
55.39973772602562
53.94401049047723
52.27457410191221
51.33777639533977
50.51459434468467
49.49560971888769
49.10271982888913
47.96544556596395
47.41017336989077
45.35073666012351
42.70079457622782
39.87437457456937
37.33101800280889
34.0221190201407
30.284891484836493
26.94948008058178
23.854117886978642
20.709202636222585
18.142301931986008
16.79232183209765
14.861638535061644
13.165162350970123
11.522680929899352
9.391920003480093
5.6361859319594565
0.0
0.0
0.0
4.018686228574519
8.910466431685542
11.01868382464966
12.064161308151734
12.84663288608962
13.22810518636674
13.332746793536659
13.414851840288467
13.238616081041158
9.811472625050857
9.643062789101428
9.136525741460053
8.069838664565076
5.067055800271175
1.2154030213750404
0.0
0.0313195430818694
0.1879172584912164
0.5047498493086083
1.4304616443122136
0.2192368015730858
0.0
0.1252781723274776
4.689043504747896
7.17714966761925
8.561591874103163
9.294766664406087
10.155375459186759
10.396118202607736
10.673745785951771
11.490964830524208
12.499523572342435
14.187387433754028
16.74624229195381
19.542927832108315
24.403719870731972
30.834727599446627
37.758634423816225
43.59992964811552
50.82776972180584
58.29411541822706
63.593930783609544
67.80751964008832
70.97358264628905
72.5767703086829
72.07232922842786
71.03376491244126
68.29659032873093
65.2555544546647
61.87332220939795
59.88358880406129
58.47686707501828
55.7198683642726
54.31368735112757
52.709908430779784
51.09182031115503
50.01492142702885
49.35850113397822
48.47460266477307
47.61030110563551
46.18892720828628
44.46625955080917
41.96077496213339
39.24066465024172
36.626445834749255
33.14209367503593
29.771838902117054
26.89532139875048
23.75957681027849
20.73077111375308
18.482127092693375
16.833538972727233
15.15570172768887
13.451136676818178
11.690390893594977
9.777132193549376
6.379090104301789
0.2192368015730858
0.0
0.0
3.072630220686932
8.545117002116882
10.916920524243826
12.207859852855488
12.828937964606162
12.997971026860638
13.123558315000041
13.286169473264215
13.214259888997447
9.885755033376839
9.743110765489442
9.422837944998188
8.668540395180587
6.6765681828953864
4.232763075800304
1.6561513694110055
0.5513175182051395
0.469793146228041
0.5047498493086083
0.3758345169824328
0.0
0.0
0.09395862924560819
5.081577965464675
7.7226183816578295
8.984756100979576
9.454040087936917
10.040045794352812
10.397124960319797
11.072361874767738
11.937454485954705
12.99145020836922
14.496821147435327
17.01789630277034
19.574670936690126
24.096813014853257
30.056233727668225
36.35546299505605
41.874736723089335
48.47867475882937
55.819780101821344
61.67604143139458
66.263784798791
70.46416853712336
72.32905438907318
72.0474128317302
70.6881437070483
68.63088999974723
64.95405817639208
61.64578139222436
59.694503157815596
57.899400902415024
54.837628104974854
53.276111179671624
52.03528457105807
50.49490864636554
49.790134572748656
48.81841705323817
48.219381184575816
46.91027244248702
45.43668031176708
43.52947394758258
40.621921003204655
38.358714764799295
35.69750517913195
32.15053924066141
29.35644993069276
26.309932655758743
23.427942310598368
20.542087063905534
18.209018671047936
16.685018852006163
14.916812708311138
13.494887648454357
12.081786613552403
9.810943289900539
7.201172113814337
0.44211076314486947
0.0
0.0
2.4201690416062123
8.41696915402592
10.70252266897167
12.093611680019897
12.795286555509295
13.05262995735226
13.131149311909734
13.23940039336621
13.450538753971415
9.863860886864481
9.977997592532953
9.75995058026755
9.316647713426347
8.267668201494317
6.764378554373622
5.155504917666202
4.3826439671607025
3.2214105015102117
2.269461275620792
1.0974131963228273
0.0
0.0
0.5942686613750855
4.731100110851004
8.52589518960688
9.387257890992093
10.040483890638955
10.299610280465274
10.785419368340387
11.278285727921183
12.221903876589872
13.204645542770537
14.57289248664404
16.766542729733573
19.03276914767784
22.972964471178408
28.20939073352023
34.040469817906846
39.41420835965374
45.696703967568894
52.5370275769288
58.733148478511175
62.91172999224123
66.70280013326176
69.21913902131875
69.99287054226731
68.76421850466133
65.9187600328251
62.78107577778025
60.40422828357116
59.09326473195395
56.755167197776416
54.05340304215695
52.805163526652436
51.57030468023903
50.68163126695833
49.74199821752487
49.009905280927995
48.27017743942786
46.35940891992001
43.913874746344334
42.20962710652615
39.89400064871656
37.33514618491128
34.623007971231175
31.379734916201578
28.66081995969422
25.441871012390166
22.68826928419771
20.2780996414021
17.965845900300344
16.72250507250435
14.934158773293746
13.50670761892867
11.910155635438032
10.204620945114973
7.087807895919658
0.6873833648960354
0.0
0.0
1.7994393198210017
8.189937475042255
10.600274606324215
12.05247695843529
12.713593221422736
13.085757857761681
13.133349357036506
13.338660162038925
13.286849866890599
9.764938670340412
9.880076893637286
9.891543750452783
9.374429912997048
8.788855907516805
7.893486405258591
7.383001776189522
6.302106822883502
5.3411730768847665
4.421783202788824
3.6684606033067615
2.5427490699018804
3.1018891456884123
5.3117343587853005
7.527603266540346
8.305786079466055
9.125984607300568
9.93522305358704
10.51438843957394
10.856628884490124
11.57280485883488
12.212749904342799
13.216222316882716
14.379239272693079
16.458636776234883
18.556077819492774
21.58956441533883
26.28220194644172
31.648477121217883
37.07694193530354
42.540350784082854
48.38278326608863
54.511587776724824
59.26675987236471
62.056665324465754
64.53696539973669
65.63099147071551
65.3320523805866
63.281930947311736
61.13880308729586
59.868899588114964
58.2762081908527
56.22854433267266
53.71270542901115
52.643160665696385
51.88263748784561
51.01521125554579
50.14226359056869
48.222121836126135
46.9377296281539
44.93752022059514
42.972853140268484
40.91259093942325
38.77682555775834
35.95077888292623
32.94386564464311
29.89370700083965
27.34274381330154
24.6487167863391
21.920548168846487
19.60213174803441
17.792836598017132
16.406078029553676
14.83211602638626
13.468697830404867
12.067344689859928
10.319415445575281
7.4594848283204955
1.1111630732992146
0.0
0.0
1.24703837510759
7.9233135102033065
10.531289887114465
11.893158085999339
12.8093713670706
12.862288540710406
12.979607818300947
13.079023584572024
13.003750208834834
9.811472625050857
9.662214941456895
9.729823547413268
9.533378562451874
9.158870170408182
8.435233799166173
7.983218821115909
7.644888101620139
6.957094912620979
6.645579212696809
5.826599025237748
4.591278448471243
6.255494351624006
7.464262686508569
8.29209833672609
8.784959827269715
9.313514911178418
9.771184351965843
10.119569980586947
10.837009694429767
11.383147027871887
12.034368364881052
12.98701581377247
14.254121560833491
15.713061378672588
17.387445970693285
20.13671771943849
24.161662679114084
28.978865768812874
34.08892159298595
39.150074466992
44.18711237056916
49.47371754619421
54.20270674492892
58.34385975152144
60.378865489917274
61.46352081311923
62.046227272210785
61.011571922015484
59.97627599376281
58.82829008719278
57.057703323536586
55.324899464993415
53.37208465055119
52.35269050784982
51.16156760636926
50.68193497922908
49.42011962777162
47.491261855731175
45.16201916100317
43.571063244195685
41.469591406332725
39.33083611321579
37.00147907813607
34.28285513533069
31.327421576211904
28.68201802779524
26.114252502652892
23.68924588973189
20.935189060895354
18.879007076268035
17.431314320799807
16.172020516753438
14.584905312014799
13.467214390502837
12.183391703735206
10.45022381549589
8.336524566169919
1.6261189130542089
0.0
0.0
1.4540291550891975
8.448305959668987
10.695338659167396
11.988952152784805
12.494981192163173
12.88492676628128
12.974348194683573
12.963242768000985
13.0287062921826
9.782594942661913
9.765696044489072
9.70344803486446
9.472745977576905
9.045767885231928
8.72048092218234
8.501339653800143
8.149280883762916
7.7956599359497405
7.393609251918621
6.721028617450854
5.8800426431400465
7.319636870346452
7.743456716686712
8.616766362917057
9.143984340885979
9.464391160430427
10.022085643522688
10.238746270269933
10.715721172933524
11.095784911342452
11.807383004646208
12.628258700386274
13.704343654517238
14.99705249022993
16.925933079484214
18.850133414405832
21.875755094942264
25.93355846606985
30.74530197100678
35.70707983934038
40.306328279122845
44.62985106294513
48.99573620839208
52.17933955222035
55.996948483423225
57.664638815761506
58.398384685489695
58.66273240435085
57.64453592419854
56.67305682521903
54.89483978609208
53.81197224951239
52.36452619073568
51.142237238198014
50.30008665366772
49.472388764056916
47.59391635260194
45.53498732186925
43.921137601238485
41.72738807985171
39.62966396408966
37.55842619553161
35.011880824523715
32.36555902132413
29.725307377555144
27.30377633683084
24.950042158734497
22.305121804857475
20.012268709189023
18.40146620479858
17.09549787818627
15.444517897989318
14.095865939994633
13.198536635300151
12.000023530523809
10.754799835498387
9.60544652241375
7.422182410347936
4.705531121004047
3.812433515366301
7.084806686543131
9.503150931026186
11.078578454292845
11.917205528604537
12.583298129258013
12.658694899036751
12.71903201015858
12.888429146509475
12.934486851419624
9.801049455897612
9.784835183579533
9.629725578971284
9.435684680699332
9.353420370854733
8.937333213458695
8.787661288570314
8.391135880547688
8.101603599026891
7.87720632919524
7.233952090361588
6.531649215812882
7.689035552050881
8.048847289341547
8.430629217319195
9.106216100414587
9.368152217288419
9.80522455733654
10.091130394484132
10.306908322026608
10.850079153401232
11.326647817200733
12.032871113426403
13.13996654203012
14.200475449701123
15.924980795319208
17.685156332188786
20.260336075430317
23.43565347529878
27.563649131208724
31.990321445147828
36.55669496777149
40.10951650664508
43.67694298854332
47.0142631905956
49.990303519834306
51.522424532482916
53.37925015073071
54.09338748388731
53.67638205027684
53.08217661172183
52.756433879910276
51.89841569079586
51.061749915041666
50.030807739145594
48.981160616983175
47.24541025646954
45.60074971609349
43.789164475120586
41.702030991879575
39.78493228197213
37.846151627846616
35.768946427775795
33.06637122560329
30.324503776442707
27.63270476686476
25.694487371056262
23.417066670262678
20.951429793271764
18.962515676801793
17.59542854239089
16.394330118484138
15.095280185068507
13.987766060478647
12.961085396667057
12.017907315343706
10.889016636009686
10.262027796660044
9.204160274546743
7.771434766749375
6.972711794856241
9.084635492724317
10.159568850693816
11.283535841969563
11.811621624081102
12.360038533968966
12.523549037762363
12.644452053553723
12.736469748384451
12.607979293499897
9.5500743332263
9.680371431182303
9.299395663611076
9.536677471318528
9.063543991036115
8.94721495434236
8.813429203065942
8.486116376091928
8.155116318809549
7.905179550922502
7.30361920557582
6.7508900330011485
8.042277318892893
8.346065273848938
8.545104500777697
8.839605685317123
9.212262082117238
9.608555230663546
9.99577268327807
10.35058668131339
10.585674581378939
10.88112634885054
11.438278418386021
12.28010010786979
13.44634258057958
14.788281192383252
16.523464238929478
18.313174790975346
21.003259746501815
24.219582561992805
28.32738638804047
32.394606475779824
36.130311068648645
39.14749314320555
42.25922432319182
44.93497051758053
46.90394165825011
47.99587219980686
49.22919649603287
49.78845427685268
49.41578002313361
49.561807058976335
49.11928344189035
48.385469838620345
47.26531580250925
46.4843862779759
45.02240861908723
43.17919925743662
41.34122732848879
39.3218257044664
37.5697571888248
35.504870672609975
33.284353700452485
30.561751352501485
28.00095429396587
25.881906537270407
23.74721292872936
21.650344244362216
19.593746687292338
18.123336668134797
17.028604364384368
15.80111682504776
14.628884179329535
13.36145578588668
12.565973661394347
11.683326553526323
10.950682268202739
10.303490900742313
9.892119533425888
8.853838496991665
8.057763598615828
9.880311713209222
10.730419814095539
11.129499535514368
11.676882678317158
12.047609343356761
12.271124596472172
12.498413007446443
12.540068211814608
12.32214435534021
9.470933205769304
9.371089933325283
9.126335336107875
9.105566188548565
9.028230229608246
8.815875130172044
8.853182562215764
8.496625892028403
8.04886879338991
7.890536415167351
6.987731050761476
6.898977755834041
7.734099770937442
8.117019357084855
8.461011357500048
8.675752851278613
8.726472062555093
9.204615332342609
9.428441676647015
10.033685414847382
10.258831802237774
10.570005431777485
10.989118805055153
11.618412083897987
12.659381254356024
13.763154300116177
15.053385486170736
17.039234454030332
19.07551342136853
21.277431961286005
24.782332389832476
28.364277078271048
31.719437131132352
35.17721030458389
37.72422632900741
40.05176554243385
41.80854098997114
43.45458450899094
44.53972724226831
44.89414529456331
45.5016589605454
45.27054806878521
45.02493310285038
44.7731273386421
44.02516216781177
42.86335669567255
41.50721925240606
40.22451359076211
38.68151309062931
36.895477393403
34.847864060454505
32.573918847050706
30.55532889630789
28.264817622985262
26.11349532286472
24.065863527021158
21.733649434598593
20.003787245653214
18.458300713955914
17.246191452834033
16.371010251890194
14.713478564899232
13.767272645425368
13.061214230425634
12.340154969639872
11.473248763527677
10.808688210757948
10.495129259318976
10.221160360153442
9.42229567389203
8.206191304536178
9.909967223149117
10.487048997967419
10.889257645382925
11.311552335330214
11.83397477601658
12.027016083484972
12.063679803473521
12.134783199237912
12.257752626605765
9.052064543186585
9.299593010669037
9.273999689326889
9.043905763806702
8.778362740339556
8.57496968215472
8.450852566307582
8.005097385035434
8.115453472352902
7.725259401189942
6.906867927228172
6.5034317798215735
7.644772108040398
7.933725548112666
8.037477385308724
8.15055825361178
8.415457785550783
8.631348026742625
8.829756848136858
8.241609619979435
9.709882436403849
9.868970833084001
10.037819722959703
10.667510778854865
11.72893217497748
12.788049117156708
13.759374164524342
15.679490567218537
17.086063763146807
18.969725470622652
21.482114075572536
24.389555256654692
27.402118941390075
30.377897386712544
33.17828009794814
35.531238545914235
37.484597638436725
38.854491589096234
39.803625698767476
40.64686760142002
40.9979032280849
41.32029115310074
41.02148036242528
40.56223213909635
40.21988589212325
39.39784767523767
38.63203288799876
37.22041757311143
35.709458693569076
33.72586819593978
31.403551177382006
29.75759182761983
27.90467702460408
26.085944427521312
23.96686447459588
22.153409002045564
20.13754989059686
18.45698662813456
17.293476876519545
16.374040324699568
15.357709742212343
14.038251858967831
13.365396700524682
12.529748111938794
11.786858363352286
11.015193501471662
10.651808665539495
10.316009612868362
10.144828172978405
9.47551452836206
8.315278625913384
9.77891940699274
10.258088560894164
10.541685579885991
10.888968188402863
11.474465134994604
11.74405933423254
11.745042291396567
11.993904822685412
11.901716326397768
8.849918166576735
8.726611222476524
8.862806854599029
8.622100980326683
8.58233059324637
8.440650118124296
8.277292538782167
7.975647135602426
7.726180434713308
7.435742733462725
6.688638521300975
4.450198097807648
1.6258184536322267
3.9873488823542065
5.623586696724596
4.96351724453231
4.618436894553652
7.4731687620124845
7.883415510587013
6.32173386677469
5.306343987646642
6.862235005715835
8.143864572161982
6.779522967111136
9.95867743701663
11.453537674695552
12.851227285064217
14.01745320689778
15.879285204165905
16.97926626827057
18.856850675263154
21.118828090952
23.632797995698905
26.12349176729701
28.73129581816519
31.110749658858353
32.567385123464184
34.54120100519448
35.878784539220874
36.57026995713808
36.775471148216994
37.17603609392276
37.20114795072067
36.80038133159765
36.758961177761414
36.10648526708546
34.78534370789901
33.54314371431503
32.064835509580334
30.46130739032918
28.803511807119584
27.075341108004515
25.390729752952
23.67356359222057
21.467407141686714
20.05855231533339
18.320296731297365
17.21605467433182
16.30489972961933
15.022465455161633
14.021127841370308
13.347085570864682
12.601779078689685
11.803675871065415
11.183838721073302
10.698921752277345
10.254040922092722
10.08171871850125
9.880826026698713
9.171161147366083
8.26926233625241
9.646624477144123
10.050714410254118
10.447004729389048
10.823310226264711
11.10647923259595
11.254453488934969
11.526490786993891
11.603331255157144
11.588375106684554
8.798911755192536
8.564297908267344
8.560892812075078
8.348547368725958
8.264658086724753
7.968193514883723
7.969860603189604
7.5040321326320605
7.381088254489227
7.286484717905385
5.668762185107179
1.0194831743447073
3.634348165978812
1.9756831382974325
0.0
0.5665656440198014
1.40420503879056
5.494119968923917
7.130423874752572
7.821335501183475
7.757672643296507
4.105635469354494
1.2928707408080253
2.200336400166239
7.902010412882907
9.77490272084868
11.491705277309853
12.862642558528218
14.328851656630938
15.810704221106047
16.943959472901557
18.758753546963256
20.43004207604973
22.643374249432586
24.717180001110265
26.93765960788255
28.821180888965774
30.128298843937593
31.44493263659139
32.02518044084968
32.516461960034135
33.04866348963215
33.06187467027552
32.649396805668275
32.27785503034973
32.19889168954451
30.937284831480266
29.699309234825346
28.594761273977436
27.331166421890998
25.823877496200957
24.366003753514363
22.827043823959166
21.12542866597728
19.41059167433739
18.1206258636778
17.018860580222018
15.828245057971873
13.558443615480234
13.320118426704987
12.910153696116478
12.238640418954263
11.43953946926506
10.75121487078352
10.65265506983502
10.296503244322118
9.776544948297609
9.49817739609521
9.3030180602265
9.029733703177556
7.866164225668563
9.175999542976832
9.488651758093566
10.110032202733345
10.542012175959547
10.895862276894212
10.818693069253671
11.015070749831013
11.058418829371972
11.044513751883285
8.545904197218906
8.677148830839718
8.49036900110856
8.32729813551274
7.8620328101705965
7.61256855440163
7.59831899544214
7.294389373751546
6.832010582907765
6.761993723164774
3.164071380158286
2.3384566367394037
3.726394187439066
0.6722177761698238
0.0
0.0
0.6336651816347837
1.0721271767850575
4.947078462966087
7.123205074590375
6.411026206961992
0.8337820679490339
0.5011126893099104
0.5047498493086083
2.8300128832415865
4.515562774690383
8.899999838356452
11.907695938949356
13.202133172701432
14.161609955224524
15.518254626167801
16.821244157849865
17.975996314612217
19.293257019786033
20.883587628532027
23.043494966051203
24.461887689454134
26.220890009946007
27.27071157902942
28.136225559928455
28.656939526744733
29.04975011745868
29.07771945574442
29.278026311000133
28.94465056545584
28.46170276274518
27.78860648093916
26.774065052559827
25.726142974938504
24.73835021301217
23.32360853430336
21.88558767078475
20.710393468729578
19.36372583925187
17.779378776984007
16.764439215917452
15.287890173689108
13.195921983750354
8.491926294976325
4.304545836689746
5.886053354753092
5.3754298816817006
5.169315090595359
7.625298627659101
9.992410876479049
9.477754521052058
9.267649901098222
9.138532079669222
8.94258812761748
8.878004848874111
7.827288370893346
8.811190116310634
9.173577035175706
9.794758786963023
9.943937867264752
10.426274933706628
10.586782270069536
10.699877902828446
10.553426279373046
10.71319010313208
8.29132576062315
8.311475435176334
8.140795159888073
7.985542229913085
7.64430268731607
7.359145792935528
7.257741490834694
6.84182587986962
6.77283312537906
5.864138864730622
3.0546079618362927
3.6134044469565043
4.841025598565533
2.563307686533826
0.0
0.0
0.0313195430818694
2.6186158024273656
5.137231877443819
6.664018636343624
3.763921038244388
0.0
0.0
0.0
0.9315712180945902
3.819000841714913
9.219128695581505
10.648238106070348
12.18506394835903
13.011685036003843
13.898365096694322
15.060543356837233
16.31488103683182
17.40213433596898
18.42993822548241
19.843423023233868
21.07130213703126
22.072434885547235
23.322030274223003
24.27602547827606
25.161827701629896
25.398662861467102
25.779224087256615
25.751032457376255
25.662240268907706
25.31780002567982
24.77206203369273
23.863961635817414
22.844778430552626
21.821410679587608
20.960280071465156
19.610708969966016
18.5615464916516
17.49706337277966
16.565994660544593
15.147381010565265
11.343394372478054
9.33450678287197
2.1904312287606404
0.4384736031461716
2.9273338130642945
5.891359953346595
9.583473439844221
9.163738309499648
8.686708376111248
8.281620924259768
6.756089810536019
8.279807615153599
8.497889631082987
7.936094914208045
5.976463001859575
8.224606532240703
8.747959150598069
9.183785136228483
9.669637225253773
10.087957893494183
10.233319432276781
10.307903333022505
10.409321540588557
10.668704678323378
8.075889936054905
8.063897089127973
8.256333351266747
7.857236721967997
7.662350420714623
7.135566899044312
7.025502616131858
6.820679552609837
6.6734390255258615
6.633620304481354
6.145095435902093
6.010350659118921
6.9772718181006965
6.077174417430166
1.4731560041009901
0.0
0.1252781723274776
0.0313195430818694
0.8328581925342172
1.308445611720979
1.6864940944914997
0.9308098294583823
0.0
0.0
1.0884462656854414
5.986030141141821
8.83658326041931
9.983139073433689
11.18776349350456
12.000085346323452
12.902458661680225
13.568791170257846
14.590381549014152
15.486857185552173
16.57693739383196
17.250930904448584
18.238350559436757
19.061363733786834
20.120974423128995
20.57047060648252
21.505845150466367
21.672719854135757
22.110225909964434
22.37580313295333
22.32542873972275
22.247248869554547
21.701794096756778
20.624650183630813
20.114268519998223
19.22896385300045
18.780832171211774
17.719854205781026
17.100631928416735
16.315700910813856
14.807021381744196
13.338967866369181
8.397764359929674
1.7050859444805764
1.3817703246022064
2.0596044716794157
1.605146315807855
3.821092453019176
8.588582482443002
7.978101281581536
7.316114483504809
4.830011755010109
1.3709207474224498
1.1487182130816227
1.6884513365714133
2.4855199897768916
1.5633330116512005
6.488348009794151
8.415332265175781
8.665014097817233
9.102039609968294
9.574975995689009
9.764693875226515
9.91501996974442
10.209685913884865
10.509515662295776
8.167480045203957
8.069738911986793
7.974685679222089
7.752313212893916
7.528379757712006
7.155884167158115
6.97390131486781
6.773105753741695
6.607757007390653
6.514301051049051
6.1191204869383204
5.54226752315716
6.800453393979517
6.757487065081792
5.550819117589469
1.0693362824197201
0.469793146228041
0.4071540600643022
0.0
0.0
0.3598043682594504
2.2583300388061636
0.7982779714056216
1.497375473478184
2.4375801508516313
6.424422634410047
8.676408145991038
9.726201240140483
10.55124300857449
11.101871312914435
11.676962794267101
12.602949667795075
13.25875742308028
13.859247973735968
14.631393352179565
15.585780497770582
16.511667499187528
17.090088512688332
17.658161435986887
17.977754903073446
18.5035986842798
19.087295154376786
19.179397998390147
19.128230355567343
19.254617848982612
19.20100811383324
18.925472531280402
18.383916344455212
17.672853377064136
17.415134465707364
17.121659949018493
16.489248164847886
15.678155435287522
14.75244908247307
13.638178472235644
12.15996670047093
10.361873811077977
3.9728570281792632
0.1252781723274776
1.0910240705943146
0.2192368015730858
4.026493160543456
6.225960966633648
5.790550378449305
2.7693892048026774
0.7938794227707159
0.7808259372299093
0.0
0.528033683756874
3.798904111780266
3.1211375454689856
2.124874010633927
7.757273786171287
8.261412746862982
8.63696661387597
9.081139833796334
9.187924301986305
9.664533711008858
9.765568333344058
9.846847290811633
7.810811179403732
7.876956122422756
7.684392601227421
7.456302927427468
7.593699336339588
7.13058517750084
6.9350500569337346
6.674366410474268
6.6416722957728
6.3433403069555085
6.012951797781637
5.208065463001853
6.6101812078827455
7.046047815447499
4.664786525816767
0.732001725243185
0.5011126893099104
0.09395862924560819
0.5011126893099104
0.2192368015730858
0.5637517754736491
1.1674893971199856
2.959500655060781
2.3997827997614114
4.0867832077629505
6.473057174711912
8.403136858079096
9.22963750892513
9.938138523012688
10.469807797352836
10.896020905331461
11.557936467856871
12.19502199787558
12.800856422803268
13.357907681086687
13.84402651026798
14.411726160029932
15.289037789085649
15.95686813201978
16.44642767272309
16.66565130596888
16.886211978708797
17.12657414333013
17.172148898059888
17.361277442159043
17.413481713385412
16.962359632812163
16.822979023777325
16.626147449935935
16.12243526844082
15.499163241919785
15.001118531858511
14.183068699903647
13.31837508719122
12.43747927957692
11.38812232356458
9.895722137842384
7.156253138906348
0.7095319141602702
0.6796342565311306
2.9750129643536827
4.232536949803578
3.8665716097338887
3.680930899551159
2.0953019291240804
0.0
0.0
0.0
0.19153378421780173
2.5056165292522756
3.101129609998951
1.0763787133015683
7.3238745160869465
7.736216278189855
8.384836564723367
8.652468211427044
8.944149788323326
9.254772257041157
9.409426162776784
9.743929534463822
7.952084213355717
7.874427113639353
7.835644759240073
7.374922179775797
7.273625174714903
7.140264180159719
6.821772308637624
6.667773510376898
6.499675077452624
6.241399727193233
6.129513121359119
5.14824174465988
6.646226137101589
7.073117264085149
2.8763204290719666
0.3758345169824328
0.313195430818694
0.0626390861637388
0.0
0.0
0.9709058355379506
0.469793146228041
2.3824017550460774
3.3578042170140328
4.692306644809623
6.148318037886819
7.861468147228352
8.60699503404449
9.258121718122705
9.891617581567248
10.427029709978347
10.81748391432714
11.10326999522558
11.599897947279617
12.069158764735175
12.80339786249158
13.213690898980737
13.623718300233445
13.994255316281032
14.449506862089732
14.73858618502368
14.993763392762073
15.318960166775712
15.559564950761931
15.65301316659063
15.49871845112263
15.37833099209193
14.849401221593752
14.601152809303146
14.53188576637045
13.755194923700179
13.53849673776547
12.93791378687282
12.419826656174827
11.443161457552092
10.340816506696205
9.4032907816037
8.058625823748468
6.188860241904207
3.701248006268559
3.325643180680017
3.5588325078975065
1.6037797261772193
0.1252781723274776
0.9082667493742119
0.5011126893099104
0.0
0.2986260036201538
4.868250764575947
6.190292600950635
4.595117563956031
4.069048500700657
5.3469692826747615
7.485865262643516
7.7061942064801165
8.261937020567444
8.656941660465879
8.903909384223045
9.24487915574786
9.5558934792465
7.673196879602614
7.405859850382885
7.599373782969374
7.24491771332419
7.136550155211595
7.014390585554938
6.912866844865042
6.589087738341465
6.481243725916833
6.1367448371977575
6.127500027001261
5.273391092513137
6.525920502766465
6.914504857618097
2.2328457709136624
0.313195430818694
0.0
0.1252781723274776
0.1879172584912164
0.0
1.00222537861982
0.5324322323917797
1.5680296340034132
2.2910524994290684
3.8710644617471415
6.393841423431099
7.518426251883368
8.283178550234531
9.225786459409841
9.801370468214857
10.012616618599802
10.462577124081438
10.43552230618678
10.856594560129345
11.111428389078796
11.315291749609328
11.921707551461877
12.40607720894364
12.761464787976626
13.027544987780141
13.375678024627927
13.568532354451982
13.516947400865085
13.506192608692695
13.524630277565773
13.436601813564074
13.541858665905384
13.179639790811532
13.247387267782162
12.951112737009945
12.98015496974529
12.422416649176464
11.950073078553247
11.501131337961121
10.57780968659713
9.854456294490353
8.807330536941098
7.877676396193165
6.652837316340813
4.969421596245084
3.6193991715679164
1.2204001640101303
0.9709058355379506
1.4720185248478603
0.8456276632104732
0.7516690339648652
0.2505563446549552
3.6309111779668592
6.545163103872421
6.052292706018301
5.3330443527586775
6.322428772473582
6.521110295697934
7.324120900638001
7.627518084916485
7.829375261576734
8.270201562382091
8.636411243724309
8.917300292113355
9.408962205241666
7.454867751548567
7.378020382659492
7.428593402582015
7.216177327081424
7.181339556657265
6.864546652512272
6.729462736965437
6.660723693045124
6.377136636580957
5.9850769186721315
5.838437010593602
5.226818480829482
6.519346520461482
6.832721210712414
2.643935549469236
0.469793146228041
0.1252781723274776
0.0
0.0
0.0
0.1252781723274776
0.469793146228041
0.8456276632104732
1.2134471058314142
4.169590742996308
5.989540975173395
7.108819859335264
7.723938445312623
8.551028519340019
9.127986205091622
9.43539648341522
9.529970009753624
9.770622665078312
9.869291845401252
10.022204461946307
10.48108782290913
10.721775730056539
11.134042561245204
11.43451424959731
11.543205708823654
11.751072846387123
11.959521165876101
12.130438776524798
11.982196003792227
12.099892609084
11.89911383683815
11.943717221735405
11.836799645343634
11.801998812355272
11.865710018159616
11.693424174693954
11.426354540038213
11.017391716186234
10.579631811841994
9.92679417397801
9.194935678935025
8.15591072340789
7.237819784087388
5.759825740217553
4.756798370510219
3.237259144817431
1.1588230940291668
1.1275035509472975
0.0626390861637388
0.7516690339648652
0.9468606124534774
1.8551273618276884
2.529154296978069
6.821772308637624
6.281870315299334
6.072110616962076
6.831618995788433
6.579269316644074
7.047140571475283
7.354350146261008
7.6301138534285915
8.09226633277104
8.344444052471108
8.895261989711797
8.996987299991378
7.077705045340054
7.308199248257248
7.189472143705262
7.2236232796960085
6.970732546644952
7.11676028086141
6.83539610827438
6.707880652840889
6.313086465247108
6.226824257502896
6.2470220394446345
4.89971999192552
6.5080251172687085
6.8177320266852375
4.127887915266934
0.0
0.0
0.0
0.0
0.0
0.09395862924560819
0.1879172584912164
0.0
1.1697345740252605
2.426322060416697
4.5276393243205835
6.581100328771042
7.413968758330773
8.333824124523533
8.807214162668027
8.78911986735862
9.032893102593142
8.84007247195309
8.988869307289637
9.223492964719869
9.302023721645753
9.583763212032434
10.060727133816622
10.210258570673963
10.642840573425625
10.636944827502974
10.596214174309408
10.645241320909879
10.542047821621871
10.16232547997413
9.043420893996148
9.522025142605393
10.219551332230134
10.498903907926332
10.788575853034226
10.621036723608965
10.760676226823104
10.238810125842443
9.770803604619703
9.123321420789459
8.435184767227875
7.254989232031999
6.0790340390605655
1.2659885824327743
1.9143833248091706
2.574027344439525
1.79248827566395
1.0961840078654281
0.1252781723274776
0.7516690339648652
1.00222537861982
0.3758345169824328
1.7100015452809805
6.9975533205345215
6.25884316043321
6.235628670619051
6.735400880477035
6.810059150116558
7.103409109587289
7.311832810364594
7.774415948379508
7.930638122808453
8.231258350119255
8.62331774014969
8.804386802057653
7.189208446823452
7.084626445018937
7.390470635414236
7.213752111515277
6.978761724485349
6.977778468318065
6.755181823346397
6.378708352371072
6.574962851724875
6.4058369928878856
5.998462800795492
5.150620174715161
6.326836530524188
6.694256853204133
5.831795605404262
0.47928609305387276
0.0
0.5011126893099104
0.2505563446549552
0.0
0.2505563446549552
0.0
0.0
0.0
0.0
1.8586101519226275
5.837063009192048
7.082774462451045
7.960408948813722
8.314162660863857
8.405290805409333
8.059689217071492
7.750260595956539
6.6272669641169895
5.280719326323844
7.950558878326292
8.455475000541036
8.96460839318209
9.353694266723881
9.256199586610483
9.63205424940731
9.571330372141121
9.334939687649214
8.816836001706514
8.100264663229929
3.416475845276744
5.2468764732352255
8.480725444285978
9.70071987406093
9.918368638098002
10.040298830553947
9.748107748283687
9.585709475325496
9.313122762036372
8.41393604321249
7.559139165726179
6.644785662342822
5.315030140626112
3.4934197265287263
1.3279902385246165
0.0626390861637388
0.0313195430818694
0.7203494908829958
0.1879172584912164
0.2192368015730858
0.09395862924560819
0.0
1.8961094433510837
6.747640377930982
5.8326286606507045
6.328858544068822
6.533352448321376
6.933371195095531
6.764286492503603
6.9951012707692195
7.738091772931546
7.89486072449937
8.179279537732793
8.305500840208275
8.470013212330256
7.099719038253712
7.185994981439791
7.144499508218559
7.103190109866276
6.926753813968237
6.863830941302453
6.710555550402855
6.82705569556345
6.609141309573462
6.422909294193911
6.086033834307504
5.543079750111494
5.918125371167209
6.6416722957728
6.052693860661541
0.7497372632500653
0.0
0.09395862924560819
0.0
0.0
0.0
0.0
0.0
0.0
0.156597715409347
1.9664691338863538
2.2931676772797647
6.037788185588967
7.7053712242447325
8.163972922151872
8.134686650641573
7.497477852784902
6.118415869594349
3.1412002739360543
0.9103619286717188
4.794556402971083
7.2666680093560405
7.78817167283645
8.371457168022802
8.437039098238143
8.602611438055408
8.628943258842572
8.15251897189045
7.129786069420391
2.47486996486897
0.2192368015730858
0.5673683012002345
3.2203056242498653
7.784361056859527
9.438085283794571
9.522668930469253
9.374429912997048
9.313753394444161
8.703622717406578
7.695373660170332
6.899888812483906
3.4522481820132986
2.5453176067235574
3.3167982078717366
1.7451499500440166
0.0
0.0313195430818694
0.7829885770467345
0.4071540600643022
0.5011126893099104
0.156597715409347
0.3445149739005634
3.1514180926551214
6.729353237104933
5.863723818556888
6.391117312487805
6.705231007231968
6.542550824282234
6.650776964930006
7.079819664043025
7.442208270737947
7.833959325098506
7.980031761206006
8.42980077296766
8.510334589215432
7.096502732042132
6.848528279827494
7.265903752909765
7.115104365390021
6.967581043133073
6.5746996822584345
6.753086893358939
6.316687501465484
6.363274919430805
6.553669189019812
6.385282334676055
5.6590978743847336
5.544225099763494
5.679991561559443
2.5215702962745845
0.0
0.0
0.0
0.0
0.0
0.0
0.7071332107061659
0.31683259081739185
0.0
0.0
0.0
2.0647716133524505
5.68897022576496
7.468086597788699
7.784574739571981
7.873850817241926
6.4342077992006965
0.9625293537994768
0.2505563446549552
0.09395862924560819
1.0298869744992432
3.2233326951206274
6.679977301983572
7.507740066927282
7.336680981266691
7.159784266975189
7.411223700149494
7.361188880278538
2.708063161500935
0.4384736031461716
0.1252781723274776
0.0
0.1799021841297252
4.493890611427709
8.807420444399895
9.125395111100556
8.954287708173343
8.68803216954966
7.899212744028056
7.142436682137033
4.795711096680227
0.6796548908032433
0.2308890359332749
2.324862982877991
1.2545748441823772
0.7516690339648652
0.0
0.2192368015730858
0.3758345169824328
0.8769472062923426
0.2505563446549552
0.2505563446549552
5.015267588893241
6.707260607104356
5.577367613229041
6.3333564922657795
6.4518728199672815
6.625170391909922
6.808530637224006
6.912606996058885
7.487100376142554
7.512384685421863
7.729615426374769
8.1187890695023
8.38626113035911
6.8872164092594375
6.995592898852861
7.030199897247268
6.975429827760361
6.90628672432415
6.829608313708435
6.638158352753294
6.378827311127769
6.605251572491474
6.432608757134606
6.078529923119786
4.170745934748882
1.6167020614905272
3.247705723822777
3.0143785005626005
0.3168325908173919
0.0
0.0
1.4909770796624764
2.0081209978328114
3.041063076589214
4.389831857411018
3.510487430410659
0.1879172584912164
0.0
0.9206335461234035
4.918596241124379
6.5525591206180005
7.440783055095941
7.663111180306088
6.457581509626965
1.132111791248538
0.0
0.0
0.0
0.0
2.5136946475741047
6.136851591066347
6.572100540555604
6.641315419502706
5.671509110359507
6.206182922359025
6.65835312119466
4.999605528145548
0.7655778114152475
0.7203494908829958
0.5324322323917797
0.1879172584912164
1.2600868687899
5.595916942446634
8.722204528457972
8.490199823742739
8.416078641188669
8.078508571994403
4.332868021184459
0.7734315219840523
1.0641237104194632
0.156597715409347
0.0626390861637388
1.1442674654880574
0.0
0.2818758877368246
0.3445149739005634
0.0
0.1879172584912164
0.156597715409347
1.166609344078654
6.489116770595363
6.447770696769068
5.510538113310006
6.466787214983193
6.533496659031118
6.6124203485799455
7.03089550291819
7.183569765873641
7.441141643660652
7.618843423726894
7.774943342143133
7.835416113553297
7.934146835104996
6.8139771526519635
6.643965065111627
6.85016629258055
6.911078483166335
6.8884036430140005
6.726787839403472
6.866016453358028
6.522115124827101
6.3419560047726975
6.362654873694272
6.0300356542651
5.546802448819548
1.2944693409109573
2.6582688635876437
3.588419719577555
2.413913842191642
0.7975794053957068
3.8702406871990362
4.829719707845103
4.814510662094199
5.497722038340384
5.693136840904699
5.388900588720386
1.4684448567830835
1.4191999976901326
4.774717508583534
6.046148995780093
7.153991389004072
7.4951241685787116
7.499133936337302
1.565164915464267
3.5254892752853046
1.3906976955295474
0.0
0.0
0.8099302057658107
3.6586838222717253
5.301685297392904
5.595230108970067
4.908469884927751
2.196304731300754
3.848886661350967
5.4447350137148565
5.615466307932125
3.776975121161442
0.5856756272855226
0.09395862924560819
3.0070137123353886
5.920178277820385
3.443225741679153
7.286206620167884
8.361098815229981
8.099018795684897
7.720547125425422
5.923308250069677
1.417914536186499
0.0
0.0
0.0
0.8713933501538342
0.4889093011434259
0.0
0.0
0.2505563446549552
0.156597715409347
0.0
0.0
4.494888277636895
6.361721760806895
5.8283686299671436
6.316806460222182
6.85277478194441
6.6404164112428825
6.53344615512503
7.217451114329674
7.5310167265301065
7.421372540341341
7.637573453159038
7.7748702502471785
7.897400963864251
6.764286492503602
6.897345183669076
6.823300821530176
6.912757345004538
6.852173654000265
6.787330681322596
6.764627464481681
6.466999880543544
6.528306978908946
6.301636196748356
6.143556737016134
5.907888088055087
3.64604863132709
0.776576231641961
1.9695440277952658
2.751527238081821
5.088009029982113
5.82720078357101
5.927081366027807
5.941856236889859
6.163538342615322
6.278551131128426
3.7926749194583818
1.0123993415529118
5.558943497708505
6.289860979143761
6.579094375433334
7.466032376144299
7.751981858742174
4.671102262905322
4.574322752009993
7.37465848289399
5.694269590501344
1.678319031819716
1.3418025272974827
2.9627523708835857
3.5886494762417662
3.6533127074000094
2.954421542417368
2.7509309560227266
1.3299075466169676
2.1363151299295606
3.833315121437644
4.7039284753503505
5.17796076593623
4.110892831033819
3.3617094966138312
5.618614250432654
6.4376542265470365
6.808685669187761
5.677617448598937
8.192795754570067
8.154682256192833
7.7897217924381446
7.051662542782752
4.9747431954729
0.4481878951418967
0.0
1.09280476832688
4.840959793388055
5.17542653735626
1.7724096369396503
0.7206061887923876
0.2694209961962024
0.0
0.0
0.4027555114293963
2.4476085130028506
3.5538576259534254
4.188755220685835
6.185466812121697
6.6825689466361125
6.532826109388496
6.768696123122648
6.989272627118125
7.312695432369982
7.3282081223284425
7.457720960696403
7.745117310045279
7.666141725919857
6.798451643380341
6.878274868604362
6.8204069242472025
6.810441278339695
6.790769835330838
6.706158392180375
6.944210597309818
6.385495000236404
6.357796817889147
6.185358064809139
6.093894621765317
5.521682155483689
4.531621740112581
5.2534842167961875
2.11252941108021
4.89278227337884
6.2421474530710475
6.123610848807524
6.410550837983267
6.508134448920251
6.699218074709105
5.515227890572697
2.882760261173822
6.207343355433323
6.8875985374825754
6.826454567619305
6.804872483494758
7.6119680687420495
7.616525505200687
6.855962559779856
7.650044791215791
7.615413866691453
6.121925689361154
5.0744691457234286
3.9627051664425252
3.711065091195241
1.9708584144340648
0.37143596834752696
0.5011126893099104
0.2192368015730858
0.0
0.0313195430818694
0.9709058355379506
1.1748919258922257
4.414751931090296
5.741601709476617
5.482265402982198
6.120538228624437
7.22688593098896
6.983393195653322
7.416421136109521
8.011800945315489
8.191477030067382
7.931509321901164
7.341103431198902
7.204055245894749
4.746375695401425
0.5440996962527366
4.937929191199393
6.1061343986633885
6.537276785017437
5.705421891927646
5.5539653575792824
5.36083799676224
3.55189036792514
0.5973278616457116
2.839879531385557
3.5730394666472534
2.117863712348233
2.0095149151423555
5.068866260464841
6.49970032940567
6.660579482335382
6.834631851828105
6.7942962507469105
7.169954897717712
6.982460727299745
7.373183598643064
7.681447569978497
7.933985846688158
6.67054454297819
6.715838937328681
6.770334135875704
6.8409521235628405
6.76831399489951
6.829348464902278
6.649630580260592
6.538635835247202
6.4259158160729255
6.247022039444634
6.009124119783174
5.704224645248746
5.01855893522375
5.228201344674595
5.393466138668598
6.123945983906773
6.30916184910692
6.5754891906577555
6.687827081608893
6.806237867885178
7.218899164381445
5.828111580867483
6.9156001665643725
7.114053465695117
6.974214792315592
6.866561710083295
7.0060501728440086
7.648063598503255
7.5253422799003244
7.530489332766488
7.669840414463121
7.389855532340781
6.056464803780686
4.687034232890491
4.208313704136343
2.198034360274436
0.0313195430818694
0.0
0.2505563446549552
0.0
0.0
0.0
0.0
0.1252781723274776
0.3729173241440817
4.499113091936819
6.15129856571725
6.724802409276516
7.2895110614156735
7.904696749844453
7.772620011772623
7.871508760943746
8.077784185432735
7.95171333388824
7.90143039920944
7.374943265077805
7.211258205417089
3.4043539637384734
2.796192149515167
6.907269980491433
7.017980088508834
6.530066963919071
6.396880324666749
6.14066973278207
6.050640536938895
4.3855110530573205
2.950049588202714
2.2261567580089476
0.6644013602172367
4.868872495569349
6.0347303941803006
6.324213153824048
6.496311958747643
6.668537766823174
6.7854864484050115
7.275896193259743
7.164772079171566
7.589746196666464
7.383354229385585
7.6597158970166666
6.337836953460804
6.552641763107096
6.709027037510303
6.7744711381321165
6.735128252114401
6.65001270848373
6.80776638077773
6.417600655315041
6.576253447104031
6.260407921567995
5.714790538433759
5.1827269780001926
4.7086909737181974
4.595837506879247
4.916958768162654
5.777259615866556
6.204243789645002
6.335144104954319
6.759080908089413
6.627810578622649
7.127727045897846
7.058152033672526
7.2473758537424
7.160494894779837
7.059890614805261
7.2305475202028076
7.085111982449677
7.623653750779387
7.593367982187839
7.588422340595481
7.510565327177209
7.208305596087319
5.828815866718536
5.345332132581389
3.7218745306529324
0.3794716769811307
0.0
0.0
0.0
0.0
0.0
0.0
0.0
0.0
0.0
1.138504659491461
5.80684455540577
6.753653310453846
6.957014269281421
7.888193644384231
7.87053782011022
7.561959768799122
8.084311316612729
8.11555917032374
7.9350608734663535
7.811407715052108
7.428774433802477
7.35107464221072
3.5707870981123033
4.958155303222375
7.297341983081313
6.9965761550201435
6.801718737405628
6.794456058588757
6.930477297812559
6.436902506765604
2.8194033084013475
2.0251934750115894
3.7509862025324123
5.437742180357426
5.977962369807008
6.292867221578649
6.648484195591178
6.722268708923921
6.779535525336935
7.0580336023311965
7.01488221363858
7.41132641785074
7.573412085008615
7.878592470874229
6.360769484531626
6.43960807056029
6.7520152977007895
6.662107995227934
6.637284596446514
6.729594168118702
6.739713790792056
6.528425937665642
6.262231251647111
6.204528700282288
5.692305193896987
4.953440184614748
4.187676022802917
3.1588607123608057
4.115031341989327
4.839817664422559
5.807592730091392
6.646743017138275
6.507370192473976
6.792767737854359
6.854958051422734
7.067561248796687
6.958980781615987
6.997286782824792
7.0902919601678995
6.8914070401574765
7.30649863562506
7.735623209098538
7.811425516502067
7.42436628701302
7.399993238231245
6.83706551121639
6.0560181895566245
3.2745981424467208
0.32484766517888314
0.0
0.0
0.0
0.0
0.0
0.0
0.0
0.0
0.0
0.0
0.1252781723274776
4.468835185971496
6.71483676336901
7.081252691961068
7.616397122858738
7.842310993304155
7.964620219176525
7.6423929629993985
7.889027325772444
7.8076942218839065
7.666473080071594
7.723082231829608
7.475078423365063
7.231293913687439
5.48477134494103
7.2389795698126
6.90541296801737
6.712848319741682
6.7789060207042064
6.483571094869735
6.2175541953533555
5.026002610265242
3.1918929156858336
3.9683052289771363
4.8682615278199055
5.727332073924125
6.233755116077971
6.514589472468537
6.68268790539281
6.7740890099089786
7.0944825910659395
7.06582875831686
7.254720190972886
7.4948604716968985
7.76313471238987
6.273505382271869
6.469709377719584
6.561075882621679
6.515303225008723
6.720358067808231
6.800572352736214
6.424531513890117
6.329835466075449
5.993997338651038
5.759814005560079
5.030976643833076
3.7388343372661987
2.301301816248222
2.184188861122785
4.097161510431442
5.193629413398054
5.358827129908518
5.759314637579258
6.030727665634442
5.787144038182292
6.590898506701807
6.807384252554592
6.977505839955431
6.918163011347348
7.136556245864496
7.25221126274097
7.5858834230653605
7.694685039288642
7.424165909001319
7.464678126055269
7.309446201306345
6.913884811881564
6.216811959522049
0.9394276723417889
0.0
0.0
0.0
0.0
0.0
0.0
0.0
0.0
0.0
0.0
0.0
0.0
1.0040708538968628
5.826218531293435
7.3325848280954276
7.669706597495163
7.977001215592244
8.036472271937575
7.97251388152369
7.975866403971131
7.946580132460835
7.779826698127492
7.6831650658092245
7.364100680279842
6.987142986281428
6.6813973100136534
7.191474421719808
6.765815005396154
6.611254515287305
5.522254686892622
5.093843001136447
4.170461986203706
3.6343743024186947
2.3797610742032087
2.2984673134299567
3.6954496758270015
4.84157982676854
5.997257831365591
6.323261483770466
6.411408801233197
6.560336878128448
7.130484121462475
7.160800447994533
7.1627698011570216
7.304227617080217
7.280247111831992
6.431127237365943
6.206626475561158
6.446827350554851
6.515065307495328
6.412504681996521
6.323975236310653
6.342983430685414
6.261002715351483
5.679545527320445
4.757777620984106
3.6498133046230525
2.2425452218076556
2.511693060344084
5.120954322372329
5.795183842758829
6.1435349958452905
6.3436971832256
6.395924864386839
6.345545485813636
5.563722097737223
5.959813097132158
6.1102308340129
6.199311238912274
6.27352315459303
6.842351149703625
7.0420611621367355
7.164508382289753
7.0816380700091885
7.392472913428783
7.390843832156552
7.082659932684368
6.749516308197433
4.786501389567213
0.0313195430818694
0.0
0.0
0.0
0.0
0.0
0.0
0.0
0.0
0.0
0.0
0.0
0.0
0.0
4.494794841360681
7.055794461633996
7.437733171927218
7.561959768799125
7.712659743755336
7.7251310818120835
7.8956158107635925
7.79328510347746
7.551345115202995
7.203036224047487
6.618087679948998
5.940838064098624
5.171650976585576
4.684343073659135
4.652520637777514
4.352282607341542
5.317755627701417
5.770986285726407
6.389976850878451
6.263543308752986
5.019673875272677
3.545977552268311
2.3445189254147536
3.2478975443965883
4.406559563544593
5.626310648632392
6.225537452350065
6.766393894887627
6.7756175228015305
7.145710695587677
7.2451456445260245
7.4177719030860585
7.144946439141401
5.985076918672131
6.3860095045477205
6.544599230711845
6.403977135122411
6.254190815533105
6.398787175556112
6.582063172962738
5.913940159201035
4.643571214850532
3.6491461235694533
2.2993318734267274
3.648493251297998
5.621360417687747
6.271786224433938
6.569770516433206
6.547069954761785
6.657970992971522
6.527686933172412
6.811793883173639
6.9517867535744715
7.02082035715018
7.168097885243651
6.988949210941784
6.806159452393056
6.577751575693161
6.697131494694867
6.613156977347806
6.329881090015307
6.438353321087204
6.444074575798572
6.045245292566502
5.424612198985661
2.2336231439658665
1.017514772978707
0.0
0.0
0.0
0.0
0.0
0.0
0.0
0.0
0.0
0.0
0.0
0.0
0.0
2.448988739143779
6.212617325886196
6.360660569533257
6.208393581546576
6.220300808750214
5.75177469131899
5.937247293287896
5.669531722557944
5.697545562082397
5.457818745152509
5.7148854848205355
5.821849650673169
6.3003406234335255
6.900111406506494
6.755181823346397
6.93025829809155
6.906014095961515
6.754417566900121
6.640406952346688
6.4530192046366945
6.4318192487352865
5.899054454136199
4.349573066154834
2.6869926326586535
2.9184249667700186
4.269359384958675
5.5709168622952925
6.620998678804271
6.677754949341255
6.8458533822655285
7.121839690199956
7.2509324318442365
7.168743710348594
5.886403500960517
5.905280199913738
6.404647405320908
6.3230235662570715
6.337123200920617
6.364132882680734
5.695983233014977
4.236567676425402
3.4035966229281236
2.630132712038326
4.496492188445657
6.284678326461089
6.4655218715570815
6.599917681659559
6.653658082656501
6.7425949085185515
6.883161105173325
6.934884685854354
6.81419615237297
6.751426949313122
7.020929857010682
6.9305309264541854
7.121694424659472
7.115300418744212
7.536427476278084
7.681711266860299
7.330965725308442
7.648131255773186
7.3013608285108464
7.198235533724478
6.329201534226821
1.5864513870220256
2.0698610602240577
1.7176716301410941
0.5324322323917797
0.8252196001246979
1.6628435551585983
1.07854854478158
0.09395862924560819
0.0
0.0
0.1252781723274776
0.0
0.5790411698325362
0.156597715409347
0.156597715409347
0.8842215262897387
0.7554069328516132
4.825369628725874
6.6151796700755305
6.960740066827446
7.5333774421334745
7.733942616231383
7.98159807752012
8.03950843913154
8.112665119572577
7.851844402409108
7.724536030778529
7.563025362614313
7.310429457473625
7.410059412761747
7.1257018215164845
7.0136263291086625
6.917608295725884
7.217232114608672
7.0652835015915905
7.0194013441181315
6.561075882621679
6.581511582076813
6.406542701032833
5.148108692675826
3.3285362209906877
2.469838366286457
3.7662708796447566
5.196474669977074
6.552739260137075
6.68720703587236
6.894683065663587
6.957997525448704
7.0056680446208714
5.880022162044058
5.79570575391786
5.98450386605949
6.007286003188546
5.6761248772698725
4.990694008417117
3.853244190014598
3.2420661758613396
2.8726200619920905
5.1576233754570335
6.4035387450011045
6.9894766047054055
6.843877411034769
6.723177176079939
6.750662692866847
7.167721847673415
6.951185625630326
7.167230219589772
7.129500865295191
7.142494389376097
7.258197353238356
7.276083315133107
7.216751607084101
7.362554264668957
7.63988600002332
7.7255853836797534
7.895909124214421
7.772434755666972
7.82363315767701
7.519140439506916
7.287877564895734
6.131925333362978
1.0817378752661815
2.2809806177042637
1.9382087910751098
2.511695311373445
3.5111914566332825
3.272501109343268
3.283512896490104
2.316934773058319
1.6182344628986427
1.9102398077232394
3.029775978404361
2.68007400740948
1.0408192416990856
1.3693040668766658
1.9547962652540527
1.7191390343485813
2.433798602099942
7.5154968541985845
7.941764433746407
8.31009727055399
8.490939280340712
8.681411984590039
8.420624495128651
8.291340669703644
8.09350533747195
7.962224490005687
7.6359889968472405
7.64503305288949
7.615274678061564
7.441980339536117
7.585619726183546
7.229528498355546
7.2434428290732695
7.106640437932593
7.236630929254892
6.903120198678542
6.930367797952055
6.762757979611051
6.749015221217596
6.179991049759185
3.836866499445657
3.0236460587465537
3.637936448499306
5.027291434183029
6.157738281158045
6.80585573966204
6.927354941912384
6.965122902714863
5.348615256921241
5.4532966663191225
5.896227231098397
5.459979763827876
4.421356972199418
3.45603024466705
2.736436225849312
3.2953686803081887
5.650116964260295
6.761176307642914
7.239471197896237
7.157850679492685
7.028342884773204
7.315875972901581
7.076230161089133
7.34730527159231
7.401767585043959
7.27358940903492
7.167203371648305
7.280282877511974
7.474261918254081
7.524814886136706
7.6766995285340025
7.9619240172203805
7.762140649934637
7.891131466200912
7.8865710402364035
7.859896063667239
7.828317484543613
7.5162755394869745
7.254791722332847
6.700383377170907
4.225332773381639
0.8014172762921853
0.5360693923904777
3.531761067774362
4.707423307137664
4.980654848081397
4.7472246476931765
4.094784330535374
4.076366459202554
4.17523714780207
4.507900284885722
3.703355403570991
1.577104063454729
1.5054318163838998
0.4224434544231892
1.291397474822105
4.9685654847385585
7.5137126968062535
7.952174470643342
8.510898148316073
8.520545226347695
8.555530716289187
8.547368201334352
8.45099737610987
8.191911092684096
8.225952480619958
7.9938605775588965
7.837359265564926
7.723812597403034
7.813137577706778
7.742608723569112
7.556720099270989
7.530758401310223
7.389028676015371
7.352295924616606
7.327476723492914
7.159325563743609
7.103915759804656
7.279719718068372
7.167606257160008
6.497256372082414
4.756215637537858
3.1713649859720343
3.0308719185365396
4.420804416951663
5.811063033552531
6.444776288955745
6.645114463281414
5.0185843065230875
4.598891943640298
4.5872847065929
3.750112088855589
3.2464306476152056
2.520043195181687
3.748301888474742
6.129527285984115
6.817866778498785
7.109590206434445
7.40438496613196
7.493054233294232
7.341331362400735
7.309937829389987
7.339364850066168
7.471635291414127
7.142002761292454
7.324044325629557
7.233533054384637
7.651006962081066
7.470424104045015
7.448745339373127
7.903075410494037
7.851844402409113
7.997479786394019
8.068198616778407
8.176511917478553
8.097001923038187
7.977990070558013
7.506669101450164
7.152131535702095
6.633476093771613
6.28644447742291
5.222983792362452
2.0239808469974605
4.606295051614739
5.824012183705096
6.113995186121204
5.93477701927532
5.390836293804572
5.660275489820439
5.702149600916536
5.6478656127120574
4.969228222479099
1.6137946457195125
1.9923640840124355
2.554480209474572
4.963705612560002
6.440886831317882
7.4282616574527385
8.243996699010731
8.641602320865708
8.888283156896264
9.024070189519339
8.722110295061423
8.849626586122222
8.648686740435483
8.426195044924379
8.252439997981096
8.086972142926797
8.169115500897338
7.877514454590155
7.973108932557243
7.888760639384761
7.819339418100187
7.770855019496254
7.852791046845359
7.664859007190776
7.727769548202087
7.656118249267249
7.597024437163
7.569879105023259
7.261221493928087
6.7777994302892015
5.572018705240502
4.117542991818088
3.381285354716666
3.8449879900699457
4.803472689300968
6.426142178408883
3.7958983210667743
3.05261535858173
3.227089359902879
2.9245026834359886
2.6862999824534644
4.19498387016095
6.306931454848236
6.920333501269194
7.081404048154451
7.238224244847142
7.271815062222208
7.538414040652552
7.500534918326686
7.570210459175008
7.553450816167454
7.72117413101302
7.614323313484233
7.521447551745177
7.4417935456761874
7.672938617346817
7.856052683266039
7.98358970058339
8.04557455089434
8.254616626958306
8.274085610268234
8.16840836408075
8.315954534096027
8.320250816103476
8.054677478745187
7.9559735068848445
7.3361127781746065
7.044190802973436
6.474431826098456
5.9966052267923855
5.577932932216409
6.039399882142454
6.2752213087717275
6.541047563342728
6.302133772945991
6.101063397853789
6.273051288415924
6.412173057679472
6.297841004802397
5.836723720084407
4.878930956181649
4.764102173877302
5.389373474678616
6.241513277545355
7.111099809360929
7.8309325906106775
8.440934087848015
8.677266162265736
8.938194694210587
9.108150630804246
8.997812734483254
8.946931577636974
8.944536246946246
8.686101378798245
8.380881586424605
8.395966973745448
8.184080613486167
8.204188304820462
8.144201488166686
8.079296264333518
8.133057194114883
8.11038422559702
8.196346534612973
8.081924724666322
7.95727569473499
8.054581605167652
7.999696012605521
7.930328597152116
7.7075126908891605
7.668521930054069
6.958266305735684
6.358999060848642
4.459842013404296
3.7201245589632363
3.65373521708688
4.847471875459637
3.0055109985013533
2.4894460517326746
2.645096670056803
3.3079594087663615
4.67813461018683
6.109576789884805
6.902901198957537
7.002733298252749
7.083151560768013
7.343756577966879
7.319548141516826
7.553388530559449
7.712390612247504
7.894123971113756
7.619231628860624
7.901032948323754
7.711800995839965
7.7641894999171175
7.944273973408742
7.849503192161978
8.115234203984194
8.129784008592434
8.355631957313847
8.0788622017168
8.25205889775471
8.365138605889978
8.310292252524142
8.33646843990373
8.386100141942272
8.088928433284652
7.842912432149896
7.792850294100935
7.352714974335867
7.114494305965053
7.073803410859878
6.960668574935016
6.873655169745132
6.700975046218858
7.072954135583022
6.957615397225566
6.801158458546634
6.722926479010066
7.097069920060165
6.553287060796674
6.649539886957311
6.810986227905054
6.8489637295323496
7.360681524812502
7.990652013600624
8.475496448144355
8.684499904513558
9.14466237996341
9.177845214044673
9.202579599608804
9.144807230403973
9.323471289556007
8.901194017538947
8.92464248552234
8.797650555206067
8.562787556566471
8.80331406886429
8.663138715780354
8.607111095936455
8.606450559416674
8.335562677327385
8.41487931736965
8.520829196071414
8.390131538698826
8.230731727877922
8.050007003317345
8.077189134399179
8.115668266600908
7.634475250275346
7.810898122738449
7.568963506125911
7.3494718339251355
6.541782040098021
4.66701613297235
4.421048771907769
3.6337386220357724
2.65561361923296
2.610366943969473
2.793181455992521
4.364573577711156
6.152929531851972
6.689236635744748
6.884704640199602
6.868895328507273
7.1547467139695256
7.419018856135153
7.447918483047712
7.681778924130234
8.150456705314596
8.154044690337667
8.016249162868752
8.052275121668522
7.953097886322766
7.888004599934367
8.112696000939014
8.224967023960506
8.329132191247202
8.36495578897773
8.231741315369774
8.345377663190765
8.436315829006888
8.5398968782316
8.530248530665913
8.420741826554673
8.450757063376969
8.400255066803917
8.30483505804551
8.341212352155768
8.156682527988544
8.02883258670854
7.822461202896209
7.6541728222346945
7.533600009609242
7.5841955438036495
7.449976578782138
7.407038112899937
7.594257061157164
7.569619219267382
7.665791085703325
7.880860095950272
8.001896798133805
7.987224998995807
8.203228927824076
8.37517732163384
8.568172750381832
8.847503873639981
9.059742598803112
9.055218885739643
9.10153140299758
9.15930122722853
9.064333379267968
9.111485236401288
9.165497000051246
9.100077881071794
9.004481945677325
8.935466066914826
9.18542970166513
8.72248284830084
8.866011180539495
8.71101666106296
8.605548478077653
8.525067982258207
8.469764909931783
8.375941350749804
8.23158557259592
8.068542422107495
8.135603678508806
8.152960286241408
8.149999654034687
7.716983099901173
7.562622477102607
7.557407766966512
7.068508739283993
6.4876619423346344
4.931522996606962
3.8314952850597357
2.3189991821484064
2.7254651225777566
4.359374263968317
5.313650938131995
6.218628334945834
6.6761139230878275
7.164881579032067
7.047140571475283
7.114808790660573
7.560780473019964
7.751454464978549
7.667786129854632
7.869093398479369
8.018662504506512
8.265853434434845
8.239190377614374
8.308907168486886
8.153421422996512
8.095350684215973
8.006721549719257
8.336111128064124
8.282213294498435
8.467354492150873
8.558461835332816
8.709290244621457
8.71876776635248
8.715946788222205
8.876243646167165
8.748004077122948
8.678405650479391
8.668874634339724
8.661509342901272
8.490434486594788
8.435899618776661
8.435797196431126
8.511292530050891
8.32563036003798
8.133223474374592
8.310714150082957
8.330188379035867
8.468252831030998
8.637024801012506
8.464092964922397
8.622840436924653
8.694023622303527
8.740429103423951
9.011801353437948
9.092721441142963
9.144872037532014
9.211993276195846
9.214773798196278
9.35541439912682
9.480256690892196
9.585639839412542
9.351374523628078
9.56685202688664
9.449572017036107
9.311838777856064
9.401974587580012
9.140377750737054
9.044182488776707
9.049088585445457
9.321279630098983
8.97599866449759
8.902486883438632
8.909586158492926
8.570423828214738
8.57510884207615
8.65041570890281
8.465392209466545
8.375070923179385
8.320990272701444
7.953499971603725
7.742154421701449
7.7608579312055666
7.5696776307853675
7.423410584035868
7.013898957471296
6.38306532119636
4.83812971580769
2.7823021293850974
3.3369676219160844
4.9430784200616245
5.696578242350299
6.151417524473948
6.336885283407222
6.83958673917242
6.962297656207248
7.317768032064646
7.695704061135903
7.660203582408258
7.806014766754088
7.883349889636784
8.109499563711045
8.338969005605993
8.505277022114605
8.410413857996385
8.316642144754201
8.346269919256594
8.488087205763229
8.779561372842696
8.715607441527817
8.712740267338603
8.687452431834473
8.94953912497407
8.805154049412998
8.959672901988702
9.131162688521204
9.052790687419384
8.83867211204519
8.887313537364314
8.900677892287423
9.00461350376236
8.723699121762428
8.857215433460846
8.814641096180734
8.851830239645485
8.839372291999139
9.025480386845043
8.996695719536861
8.857224313725704
8.932239600097848
8.957383863589866
9.05888111805122
9.221677036364943
9.223120727924854
9.486278964310811
9.61572281846246
9.401510257551129
9.725962951659085
9.52759398060429
9.703760806094479
9.544273254519513
9.703320323719455
9.773296881738458
9.934705234468623
9.589430799253762
9.702950203549436
9.450543832012297
9.372586786903089
9.246409510611802
9.34021738446772
9.284114823528542
9.091577569593873
9.095181614768913
8.987930993599587
8.78558791470362
8.5694946352896
8.50021945501378
8.470804514868025
8.31680313317104
8.338835091327548
8.24222208339592
8.12656126874836
7.832377858292584
7.646014748520779
7.108870647148971
6.855831807729514
6.581511582076812
5.99271460904376
