7.051713330596462
7.24363499459512
7.099013493854236
6.59154966318317
5.64707712395037
3.8995173666704233
4.005520946332615
5.435715989379156
6.63646416742428
7.264629965661517
7.305774032691101
7.268178659286944
7.298097308046769
7.22078301105466
7.159965298195652
7.170182828919544
7.179109347440889
7.475834853792992
7.188260956336146
7.425845045353971
7.503979155740103
7.602906762954731
7.472555228711303
7.647771238238597
7.764239407227265
7.956442864688128
8.05440152356696
8.37935766999405
8.393203482683656
8.32207200469367
8.380565946185243
7.352173815664028
5.443348425274309
6.1697425993463515
6.330268611076087
7.496993145385167
10.611085169347575
16.119490125736494
17.568188024262877
18.713338883525154
19.71608470772569
20.152826709096907
20.519361021463922
20.496013828888092
20.349056024629732
19.754799269188084
19.552506742217336
18.60777054416335
17.839466048555717
17.17597404396623
16.440082116881598
14.951771393094216
12.71577335391573
9.692761418054536
6.686295146008883
5.629790583136321
6.330647158703149
7.066827330679037
8.424886922927074
9.127640116692058
9.54908153684487
9.567605528719302
9.706403907557359
9.607969696122154
9.478826326227567
9.476849708648148
9.213984409964418
9.18956788557806
9.063866592632007
8.86808394137821
8.895633617542133
8.762575212214825
8.952272521443186
8.45204510122869
7.031789325925538
5.8161647406632575
5.220173581517943
6.6545344097700525
7.832848649712687
8.749072613657301
7.544020830012409
7.387169460720747
7.780348657265091
7.578568383626731
7.030676503197183
6.28963390063778
4.388500236895855
3.105769024723838
4.858626681538708
6.325701685369295
6.732269065680667
7.006322801206643
7.060476720615677
6.9851914960805885
6.682161566459929
6.695785366096685
6.5015604666152695
6.601208277038715
6.607638048633955
6.355698763166152
6.677635990584557
6.416568981108514
5.682396159251746
4.569159795460036
3.831858979584144
3.7681845074450053
4.133146823513786
4.381532101599781
4.716250822121912
4.299170079710128
4.470199781790754
4.1550734030981475
5.027602600766988
5.172076254268895
5.479189978091333
5.755989578120352
6.14687678990197
12.45865475374009
16.485527386130506
17.656643893550267
18.449932395756736
18.52806770543582
18.851444548682792
18.845053276298582
18.524205543915397
18.228781730905883
17.815425424602235
17.23157170126101
16.858795414537163
16.302924822005462
15.052572643500696
12.69788251184474
6.187715262612903
0.39553768947699347
0.0
0.0
0.0
0.0
0.5898907470122922
1.6635283148122262
3.2427407464288933
4.947034264180905
7.0842880896740885
8.107852947618706
8.625127873398679
8.708800359956014
8.719382280793633
8.603305968128499
8.546605646706915
8.449922103848385
8.62324648439827
8.575995647544522
7.965173249571703
6.72635335006356
5.22080909627724
5.7137510491792405
7.387475913105002
8.64141095679838
9.380500431281845
9.642035201730803
7.840337510238566
7.799217875327127
8.059360852425618
8.129607255045341
7.964381664743038
7.5920619717378495
7.003699997623199
4.877759777682251
2.999611890641119
3.6403459433380227
5.5445898047710385
6.288488232138391
6.4518728199672815
6.527661681219367
6.24492398472164
6.152931250850987
5.440681649591077
4.9564363837121315
5.020376938496628
5.045608876806754
4.5922890639404645
3.2242707449047887
2.5645903846253044
1.6110426799896966
0.8645335832959458
1.4829300048439542
1.1223436136761835
2.671883237381868
2.301737550668172
3.294529900553296
4.2142676630907925
3.234937671251125
3.4394161091031945
3.965545699020872
3.638058435045574
3.9530197767295485
8.056107782776229
10.163886272672976
15.26133169792833
17.17523455302466
17.781563533096676
18.263032488841215
18.636545029580017
18.349338331240794
18.316445172823702
18.0737998485763
17.299537827561828
16.612654898802383
15.634476279936694
14.300675396317164
12.710819350451866
8.860005962389259
0.37447453434604056
0.0
0.0
0.0
0.0
0.0
0.0
0.0
0.0
0.0
0.7473712242180093
3.924785703075155
7.332328328629414
7.886123126180929
7.8518063617082
7.962033113497545
8.170949556631802
8.269093528653627
8.186291547854804
7.706893816354773
5.642230187066495
4.610165866063018
6.331192246972362
7.882595803923256
9.483919090816215
10.02738715645972
10.12275422829305
10.047186264624624
8.156355323510457
8.38481473622796
8.435518876588265
8.445346027509553
8.461015532892384
8.343267789233836
7.820139886063684
6.8469966897824115
4.930447696652805
2.4492028172273033
2.500398871385414
5.003373771046819
5.584812649337872
6.077621735407893
5.722151957910753
4.401735107408699
2.665089415118897
1.6140606117160976
1.4428133644922734
1.5528021424608636
1.4748942962103504
1.5745219310924896
1.1517045801214771
1.9943188072524305
0.3874867513426219
2.5243599736064617
3.820422267541817
4.058054169063838
0.5696248442904276
2.9459656958365463
4.570254533111837
2.4370248717340997
3.752635149879245
4.871862718857989
5.98510875322682
5.916128798641841
9.398330728540042
7.282957181035409
16.373216544936252
18.904779070249106
19.934705439140103
20.324867426615317
20.371811037713478
19.7632120926929
18.767900737305908
17.793080299656385
16.68329143496088
15.532193288880526
14.315904578242813
13.077221341104632
10.86887528198417
7.063194892962994
0.3445149739005634
0.0
0.0
0.0
0.0
0.0
0.0
0.0
0.0
0.0
0.0
1.1527033859954676
6.347449199038667
6.9798100744430895
7.335201053367281
7.232167669994217
7.573184153806783
7.453308461764814
6.661523623693
4.767055378070924
4.263383128698671
6.653655575927133
8.434432925691263
9.555524333596153
10.133727967423468
10.251407294251916
10.424223910137101
10.357046367380644
8.602053528835627
8.679303177491303
8.813756829780477
9.01952433557935
8.829908030879766
8.579961763769315
8.058567543796602
7.516812179002549
6.690079443712829
5.090194846568167
3.0883581135568394
2.3176199960832418
3.9484365757495166
4.963182169296792
4.666653249120416
2.4532459514736895
0.469793146228041
0.469793146228041
0.469793146228041
1.7210520922303993
1.4837852967535303
1.4319431530404048
3.0177396819802995
3.1674007709345986
0.0
1.0685016247822567
2.3750952816600166
2.8923076487883024
1.8132093817724746
5.159307276510536
6.186100946558068
4.336609091927915
7.120923857719937
8.121463315776143
9.159000082420091
8.480536267041472
12.53023530045499
8.76129307996235
22.735110473235203
25.9757189117542
27.45204282939858
27.506987550662163
27.644158963574124
26.87628144974533
26.11258693507139
24.658279409280773
22.887548163969115
21.324567546957717
19.148327953879054
17.36010520999632
14.790743971812692
9.40411338235341
0.4384736031461716
0.0
0.0
0.0
0.0
0.0
0.0
0.0
0.0
0.0
0.0
1.3833870051479902
5.310721003903234
6.343459265712204
6.554289234756346
6.608377053127185
6.458334647242265
5.445407163780519
3.4645339193803126
4.628446623066956
6.847275418227889
8.727620804311494
10.018849286960226
10.132796812000072
10.463197894363693
10.502255534483824
10.67872780007496
10.742806021927525
8.919548872161492
9.012611932445301
9.030703354453387
8.90096062422096
8.89753681034602
8.655661742796743
8.244820349531174
7.592716080172306
7.093061335456644
6.547912980567566
4.917643382018169
3.135886896897191
1.4945822392041432
3.701205660905569
4.019358309496358
1.1780269805682564
0.0
0.4071540600643022
0.0
2.077556103016481
1.9844279568866061
0.156597715409347
1.2600560432721708
1.3376632619761166
1.14562744812445
1.1203850370396078
1.5740861317283286
2.323849035930769
2.8024571219508503
5.5506204915348345
7.096803855646383
6.010969626761724
9.118908336347033
10.72760351866681
11.380659645255221
10.785072345157875
12.357418911041849
9.822771899790398
28.39300346303022
31.891187034892482
33.1602103192464
33.466253976772705
33.22893004288408
32.406308503069425
31.16534123815072
29.727560776198466
27.605519126185715
25.67901449317857
23.14543717216682
20.23262820569971
17.55153753300205
12.190806346332012
0.8099302057658109
0.0
0.0
0.0
0.0
0.0
0.0
0.0
0.0
0.0
0.0
0.5280543180289865
4.737930715184144
6.013570124519155
6.108188691600572
5.856364323255608
4.653219540736259
3.19970310307378
4.954714407176777
7.2312644090798
8.696668526567946
9.57273502847934
10.018855793592722
10.441009229969977
10.68649115545767
10.91696483476155
11.044616524104455
11.134758113933517
9.053787504690373
9.165453668399232
9.169452407690196
9.127950158831608
9.062134434418953
8.703787719380072
8.440251722832828
7.795270301846133
7.322113578974974
6.833103338935552
5.948130415346178
4.994753492969128
3.566008812276964
2.7603502987062862
3.3999592750744347
1.2440052602770761
0.2192368015730858
0.1252781723274776
0.6890299478011265
2.2432263528962877
2.67411963457333
0.43409568878337823
1.4150897128648774
2.5390728390806148
3.5462949452144175
2.850426172684932
3.699661706378262
4.541568330165721
4.979488324433715
3.7934309484618733
3.559983494600429
7.192039224195506
9.244861018408459
10.39647774497949
10.66121984816561
11.117522527974208
10.272856182319886
9.250846213138093
34.92239341252649
38.61529603382457
39.74452903801605
39.9150281404605
39.12286035074206
38.23448876101852
37.01940799789141
34.98737905628015
33.08899646581568
30.42795377891609
27.479436319615665
24.288893874969787
20.875616857672913
16.225199819205802
1.833276626085435
0.0
0.0
0.0
0.0
0.0
0.0
0.0
0.0
0.0
0.0
0.156597715409347
5.017039531895036
6.388778580379848
5.96486708126105
4.263381203323962
3.7478498425060676
5.527414419350663
6.766319999730035
8.185503871078131
8.780261552796643
9.316169963866733
10.010294305480478
10.552820109801706
10.896162854473472
11.211606784077336
11.340514483391816
11.177857707048336
9.256986057374691
9.246240290765252
9.256548031606746
9.377021356517753
8.937934103153568
8.400607061081985
8.259120497679401
7.862219472464413
7.07593069852734
6.741830652072275
6.418840746788108
5.909016527655083
4.8739563865843145
5.101106901300678
4.62430562598266
0.9504977724521753
0.09395862924560819
0.8135673657645087
2.3809181482201636
1.908505928539025
1.8062342584783082
1.5673095139114301
2.692661791226821
2.861069464448018
3.027065225857829
2.9233261297077346
3.058944504986277
3.6005008819877533
4.190530084607721
4.331464038806509
4.206587277196866
7.854675764456111
8.228101863533865
9.119999708662796
11.264713265745591
14.442919409633541
21.075595968104867
30.38144165265553
42.46930105511042
45.634131153245356
46.612713690863906
46.597079630970384
45.90857472865174
44.31457473615107
42.969335075425256
40.82470545363415
38.38987963221709
35.724198353813485
32.41286454577251
29.27431975596596
25.349140129630726
20.852641580711087
3.051811624120527
0.1252781723274776
0.0
0.0
0.0
0.0
0.0
0.0
0.0
0.0
0.0
0.0
4.807014805443899
7.501594749502418
7.1309852084423095
6.472129296099496
5.9835901971588505
7.005685907582519
7.4274351921048645
8.270657407294332
8.921891072578214
9.610501493956605
10.071998266651525
10.968870281787845
11.111400142586708
11.297693206033903
11.512315562938246
11.516737030457
9.599263676372589
9.428095404130858
9.412404949618761
9.262556287737377
8.79074924023771
8.301199312557845
8.213064434321202
7.754552667862249
7.363609052196204
7.104010237531433
6.5510195434108915
5.89376492043751
5.431241882684267
5.818005543126634
4.590625920153282
0.3794716769811307
0.5637517754736491
1.2017948714712252
1.3387252781588916
0.8572798975706624
0.0
0.8769472062923426
1.0335449217016894
0.6577104047192571
1.0694907756743697
3.026612562615787
4.365675369741509
7.1240250479581455
9.870432497551715
14.213033617087705
19.607663125948168
24.204609448189256
28.301691488915857
33.03537573327748
37.45569593598568
41.30455403179953
44.9982598829226
48.3663538615617
51.191060125550194
53.04123474633274
54.33351453112964
54.25966887957091
52.9846605519675
50.78277394678572
49.27193592572571
46.9435935960794
43.98464515851313
40.72048165380221
37.773763023064916
34.33897712611585
30.418739234463693
26.26186922669311
13.4086781826765
6.766165464232986
3.700379762764237
1.4144101039503136
0.38306756843560347
0.0
0.0
0.0
0.0
0.0
0.0
0.7498690557209746
4.948095053757843
7.431386771241992
7.4967063498695765
7.261941053213557
6.616090974705761
7.216085729939253
7.219690255026875
7.061990428493182
7.717012950665392
8.983987748726877
10.112892709307875
10.854919238098944
10.967695576156016
11.426677442844078
11.77675403488558
11.915185061600425
9.629100036511248
9.414486274851484
9.65496062495129
9.222261792146835
8.645753793070867
8.020447657607173
7.616194151048943
7.369775126909633
7.09737039769601
6.908034236937709
6.766293853923318
6.209289538501558
5.602801837460872
6.376835499873269
6.341851659783253
4.526495377440994
2.148242609059023
2.0834580172024486
2.882895749264768
4.519468058255813
5.637431477006057
5.991806740142054
6.551057478989144
7.623536765385877
7.974754549915829
7.445319373624241
7.058079962683406
7.591276960018208
17.80040774455682
21.832536105578637
25.985562196629203
30.781148028095867
35.948192955637396
40.48996023630831
44.82882190204389
49.737274318257846
53.862639063333106
57.27543701120314
59.68387287697517
60.72706913226906
61.33141958551122
60.96340646592269
59.74653395628787
57.793221149843234
55.23690905944492
52.21727946356252
49.4236576251638
45.74858432444069
42.250353314057826
39.076189005175195
35.40575408919205
31.29623553664192
27.192542802745827
22.89731772621281
19.57300389324864
17.055584562762647
14.193671201139416
10.710478836335936
7.572568149857893
4.929143353796023
3.2188300982332527
1.8328642986471078
2.943953305779248
6.160300105839262
6.610910753479782
7.829205002976944
7.7440975737130735
7.296044583974272
6.584577955522945
6.178251816814589
2.917447697806823
0.36781944262094163
1.6531534985613647
7.60346801620827
9.986670724692098
10.966820719043803
11.316657291268257
11.766503463787423
11.898286831734545
11.923030801518037
9.77911263350709
9.559174320799741
9.823132131404439
9.130588998787694
8.25848178965503
7.364590874887567
6.928795054049272
5.488406382546037
3.602356889201112
4.477855013165362
6.59284261237474
6.351222835584165
5.708524082728443
6.7477498777914855
6.702105637831422
6.847414056270161
7.173848028245659
7.475228614533356
7.963135721917461
8.355724588857022
5.7071793656204
3.7018164399462585
2.1633410209120085
1.0137776409702783
1.3933492899611393
2.7032134019529583
3.218679170052509
4.44003437710076
17.750155184707193
26.126982638208855
31.16643571445416
35.59498527395133
37.86459386649301
37.722968692602706
37.70436206618296
48.73286830644237
61.15717612593574
63.7324223615825
65.69295145783134
66.32027870492085
66.394896569478
65.35056320393593
63.78603128386376
62.14028817292623
60.19570795462811
57.67721414882516
53.8365122102522
50.170156603864484
46.42242443142413
42.917978219962464
39.50549059549586
35.939844567268594
31.712497678427226
28.113812679985998
24.55704076977293
21.22853702530149
18.48672089736108
16.628360101810387
14.33277836405118
12.574821497341233
11.169988675985879
9.885777556416606
9.41696312825704
9.218188122455242
8.700279093143891
8.260441467481737
7.845926498148468
6.7343060209154
3.8490950904439094
0.42632916388154024
0.0
0.0
0.156597715409347
6.179031615028282
10.073499801845507
11.201398827480077
11.565200072450505
11.991411061771515
12.085672761733788
12.105154191382232
9.753155573385438
9.578297908047372
9.638611126693025
8.875004242932228
7.700839112939438
6.110025201570721
1.379277610611043
0.0
0.0
0.0
1.8371782992119567
5.151912128150094
5.91178945068537
7.034766565715543
7.144117379995428
7.502820945262944
7.9842587966990655
8.400263255752897
8.938387629177878
8.99169115611614
0.3168325908173919
0.0
0.7516690339648652
2.179234272642477
2.2840631133399536
3.2674026431511844
4.489775441149027
4.628689329283778
11.328690887483482
29.122758962511856
35.036993399782936
24.29671474005636
20.032380503542683
24.3175318872384
21.70843350555549
25.311656158855783
67.11041628727978
69.36145278734364
70.60074741490105
70.26848022121321
70.09105632782222
68.50300391175503
66.87615735472694
64.76596324685868
62.493118412258475
60.38392752907889
57.74051662677141
53.576139182543876
50.104602994259544
46.779380556668784
42.84915906315611
39.13941271176318
35.65126313124538
32.05679881062306
28.159704598773025
24.585549653427584
21.513707986929223
18.636506785833447
16.866259404113787
14.992794919318177
13.414082762964934
12.128903588533468
10.977602532973298
10.326848029421086
9.552174700292108
8.453390514805953
7.154020290886372
3.3379419025063473
0.0
0.0
0.0
0.0
0.0
6.130640303557672
10.538353465190282
11.37931002775912
11.924641018710272
12.272199099287372
12.330862125324083
12.408443516985578
9.822449240004403
9.598843558057226
9.36568354873442
8.656251239641836
7.0076629890521565
3.684417020105774
0.0
0.0
0.2505563446549552
0.1879172584912164
0.7625805139609592
0.3321013509041663
2.4734598315286016
6.003264251519231
7.1720605849398575
8.006201315290113
8.376271516532459
9.170744628818042
9.604644636764016
8.029698028588935
0.0
0.0
0.2818758877368246
2.0627119290405846
2.2607999131637997
3.1451108338303833
3.995084140303022
4.626921209328458
14.32762242733177
32.483093622014145
38.740529958811045
26.08074327609913
21.624320460556024
24.241207010607667
21.914336802846606
17.920954860592257
70.55162351470507
72.30483553703742
72.45881866084558
72.4979245234752
71.94275260465456
70.10067130135599
67.90240234322611
65.91043217635463
63.84038493474293
61.526814331005866
59.565086621034006
56.567019463952505
52.24235637798275
49.44685181419441
45.956015767286296
42.57320483265266
38.84295756660161
35.42102660262884
31.1337621003147
27.572595724829107
24.064933349602693
20.765085647225305
18.14448005369884
16.45527569705371
14.568198768996256
13.298201541853176
12.099163172772437
10.94423196516406
9.92861028951463
8.465258419576067
7.245808325344884
3.6828057166197827
0.0
0.0
0.0
1.25525975019031
5.091067039226478
9.481560627839684
11.060676756728489
11.920962536635534
12.18102635035965
12.521336945150896
12.642085642508937
12.510452719655701
10.052086048052535
9.732823548568435
9.123044062162851
8.478837290936736
6.131070677833214
1.9214894861646465
0.0
0.469793146228041
0.5637517754736491
0.4304585287846804
1.8347306649268318
1.7742748528520298
0.4071540600643022
0.0313195430818694
3.4768672907020597
7.4878901168302585
8.763653058354222
9.594676945933152
10.04723152412303
7.545601091016738
0.0
0.0
0.5011126893099104
0.7829885770467345
2.2796026618887093
3.324200736643977
4.203667401223722
5.410721606159345
16.188762255360235
36.18034210678547
42.490838521933114
27.557159703514937
17.097132495818357
15.854444705732984
15.10514388738016
16.971368343712644
73.24621304661211
73.72800811490005
74.11849829380398
72.69301735397441
70.77981821871052
68.82408065914171
66.67575224434489
65.14436424854104
63.088939789006716
61.571711442105475
59.54874383781675
57.428352982218705
54.33897740772063
50.87525964948981
48.75539886493098
45.15493858171088
41.41590776270454
37.98066421693769
34.15675367238099
29.945054738327485
26.472234489331722
23.17136141034691
19.943094394638045
17.705034615908506
16.046232752254582
14.201114064837851
12.990690068981547
11.768050075342009
10.447614651500977
8.796330262502716
7.301094390376565
3.002073845640053
0.0
0.0
0.2505563446549552
4.932843061691688
8.097182685549496
10.04325784933234
11.182768452233583
11.96485123072657
12.415011697593968
12.540844228584795
12.73832196242084
12.807782715815181
10.063065049094968
9.789896021946284
9.218603951297302
8.217644270303023
4.965405116574597
0.5477216267506667
0.0
0.2505563446549552
0.0
0.0
0.1879172584912164
0.4224434544231892
0.2505563446549552
0.0
2.0578554528662703
7.331347540560859
8.625088638038019
9.379034622383093
10.040171119408937
8.431287459604409
2.6021803942973496
1.388594893646375
2.66801554166965
3.5503555031084897
3.9389341890357015
4.425398532149989
5.377709770703834
6.1981425326594435
19.635789361583686
39.59963465066574
46.529733145131615
40.267981442322025
10.53274528283443
15.139643015998589
21.32028540566128
29.29625106138898
73.70793828980275
73.84217356109563
72.85990771725622
71.24908618216321
69.01318813635903
66.91456829732101
65.20576880509782
62.908459137732784
61.74720502962082
60.52831481118591
59.318437918169366
57.236906688784636
55.04303416758235
52.430414666230746
49.87761060486985
47.235916988862385
43.575227460382386
40.14340930098937
36.70894016327613
32.41237336011684
28.696558395315474
25.00427835567448
21.51654710246105
18.729303036909812
16.863855870023368
15.04084647279704
13.767522049364528
12.610699614361751
11.163082266776888
9.792757734388582
7.937563676285399
3.2209203943053093
0.0
0.0
0.0
5.193113329096717
8.549050004955141
10.286324497542012
11.607479948198204
12.281488929582041
12.529478456640389
12.747719814297179
12.90875818829434
13.038861408315462
9.988472255627853
10.067989935229479
9.385363196298576
8.02280797916425
4.6634988110734055
0.4734303062267389
0.0
0.0626390861637388
0.0
0.1252781723274776
0.0
0.0
0.0
0.0
3.134991253994457
7.27103507839354
8.558505388322244
9.472688186471826
10.093257020342325
10.108716304600634
7.297995061996617
5.073411998094345
5.780137513658246
7.131031715671786
9.750731426594964
13.192811265715843
18.511541454524373
25.31936012743016
35.12371728584671
42.894403511377625
50.90941584773506
57.25587053054703
61.753674313422515
68.5349249461489
71.76379988613948
73.91884723347484
75.18107157825222
74.54361609792753
72.35731759790474
70.3954431280483
67.71081951824883
65.20919688738903
63.14064606882164
61.117338141645845
60.076763035859194
58.86696898462046
57.6826886604759
56.444727882469444
54.93720719275985
52.46947070602172
50.33029309655924
47.88167733510999
44.68816996729538
41.44661156997438
38.076072757009115
34.46026403221261
30.407537292808648
27.06600806173367
23.132743299490805
19.920607918840673
17.773172120680897
16.087347903102632
14.460736659245141
13.072936611265783
11.701761814599957
10.144085908966662
8.358984515793233
4.42345074729503
0.0
0.0
0.0
4.571137127690622
8.476593313082784
10.550252350312212
11.666740247965768
12.399294759508722
12.73836101580535
12.976024331767563
12.974221712475954
13.184712526113998
10.160168638813087
9.656541573895113
9.535701452547457
7.707895453606681
4.847226430430712
1.076569333872891
0.0
0.2818758877368246
0.4384736031461716
1.099821167864126
1.6307718915277136
0.5244171580302885
0.0
0.0
4.1248887123981515
7.4361244569660165
8.409844810850572
9.27286176773197
10.102604840752708
10.338480046979178
10.201701289440248
10.970089045129155
12.321766532738751
14.170922763361872
16.989477385803728
20.566178689934233
26.044528417674808
32.19464348850992
38.96021203848401
45.88877416829916
53.88445926912628
61.11838166405236
67.096275695549
72.13171390752541
74.64568358510012
75.50334406316576
74.92981142830965
73.70628164315688
72.62647209094094
69.96038393362225
65.99242207003702
63.04016873398533
61.37374856298917
59.64876553947949
58.31182256509799
56.3371914630995
55.04446749183006
54.239089662911084
53.57361463030483
52.479615683639636
50.368537697195634
48.11170168121321
45.32572397747378
42.491993643217285
39.0895530613288
35.926892245939534
31.82883637987054
28.36512654648878
24.925264855310427
21.568334650035634
18.831276326770396
17.013260406858212
15.143854442264132
13.758725771095252
12.30868603524216
10.702728756184854
8.843862619842149
5.263904499984377
0.0
0.0
0.0
3.6301386682655337
8.542096711703813
10.508219863108001
12.008920882930992
12.537041902695337
12.892762647296435
13.061391961197831
13.212676996393252
13.219661481359815
10.09799033975933
9.759269423322246
9.772441217226362
8.431028846373836
5.640465134693432
1.4017024447596615
0.0
0.0313195430818694
0.0
0.3598043682594504
1.2833605119925489
0.3758345169824328
0.0
0.0313195430818694
4.856863032671711
7.482314293997148
8.598012089706799
9.605391383736555
10.184828309634119
10.479670818033405
11.080732202263848
12.222998676853218
13.489354469901997
15.520637864522243
18.374345276664407
22.790710295528353
28.12484008344271
34.60312515804711
40.74452508293065
47.49403825745119
56.14974684989396
63.13322207496054
69.34886870649882
73.0114927777363
74.52449576249087
75.36233890055587
75.23127745857444
74.41173382153268
72.3163752533811
68.47777900972741
64.19577157906846
61.68319455754521
60.323056925609656
58.39745388936925
56.35464904244194
53.874660545653455
53.14147297439489
52.71913134681372
51.870761810641504
51.18179053942102
49.851844210730256
47.97908970410629
45.38178714776611
42.907360723898115
39.615616100362146
36.91743444315793
33.02861859027259
29.416465612221934
25.752015016703627
22.61954542339675
19.647612616828987
17.660671204075925
15.904578464831463
14.307929308317377
12.933764119957294
11.124416733165878
9.386143734973059
6.100863667135309
0.2505563446549552
0.0
0.0
3.023059133084952
8.342611294181616
10.53039092351999
12.086467069858346
12.840455333962527
13.0133070389697
13.21841174678275
13.293620789448042
13.400884080651899
10.264128075091152
9.949124030687624
9.811090143249992
9.00453002614075
7.502851056874169
4.701484405279244
1.638788632249623
1.0242858330926243
1.0400578530628775
0.8099302057658107
0.4384736031461716
0.0
0.0
0.313195430818694
5.2286142652065495
7.975205210496291
9.380784839129824
10.103974092462245
10.447985139674019
11.011953438850876
11.977394017960297
12.764971338392522
14.171528565266662
16.35482236387557
19.45098765553984
24.020832136169542
29.262140731046912
35.74719604413561
41.59006172089095
48.72156308387607
56.87335290284934
63.189249975347465
69.34735370736857
72.54719014617889
74.51386367120946
74.64805330168095
74.50873878366917
72.24925176663403
70.72376461231545
66.18570195740179
62.01070824539192
60.37913719963067
59.179490485878496
57.40632420047849
55.21558902271403
52.48574943951045
51.55322422993488
51.200796896777554
50.4655912581233
50.11276392847806
48.725497801337184
47.356841558283854
45.38950187555256
42.73677576364619
39.81019877213406
37.13774550244909
33.41290047886632
30.15817564377305
26.943258773731202
23.670516937150428
20.1035067044874
17.849207240235785
16.484921566477528
14.595400444558491
13.34724391348762
11.856522732403235
9.83865556677283
6.799962762233002
0.426039345877662
0.0
0.0
2.2852844422127707
8.264214317442766
10.754649913979588
11.93003978467486
12.868450663305595
13.208937024276263
13.295755248446426
13.260203218250139
13.385105266805226
10.33698308412464
10.126995733293281
10.175134863934137
9.959437613534822
8.905218058696917
7.465036535870345
6.056839579366165
5.1461393445134656
3.4881301471162853
2.67590615004072
0.9228153893690039
0.1879172584912164
0.0
0.7029180909793963
4.982223653419218
8.69281543115159
9.834925855535532
10.308909761801774
10.4979773604547
11.158077623564681
12.106922318097869
13.255119720098909
14.75125448590648
17.0623902322403
20.126046540626948
24.68622541778239
30.200888733470602
36.18737278019646
42.01986878019506
48.63524867413663
56.4702713139705
62.55846314117548
67.25432133587928
70.27085817456324
71.35288848448238
71.71625797522915
70.7320634927037
68.85753317966703
66.34946434971714
62.69609791735307
60.008651482292954
58.570479496417974
57.27553606449047
54.99803032278736
53.00576891613607
50.855491152977294
50.220051468378045
49.73212648297716
49.24122987968511
48.95382471220282
47.75402781382328
46.38568638049959
44.59448987436982
42.721822243120506
39.76348683555573
37.49615570748665
34.046865670223056
30.820733986366207
27.30381805901793
24.256004543939845
21.1657693988739
18.27740392203957
16.901657563816915
15.183620965723497
13.768923182615303
12.149719523478387
10.187620548506574
7.385979510152303
0.7106878336164136
0.0
0.0
1.9383064204841653
8.182365507410482
10.608642986521817
12.075375729790622
12.819321330360133
13.066525045602127
13.397800720069064
13.490811982903683
13.470977124797496
10.33871197583688
10.240307088696975
10.360702706800895
10.167915278656237
9.617873019673082
8.615338996211753
8.144773376261146
6.8505125914715475
6.216458314590029
5.185513421313831
3.826278737577442
3.0308791101997254
3.6069961117471636
5.4711896289309845
7.993654601484884
8.9606602373488
9.548757131886829
10.445383825171959
10.618698880198362
11.32920822845543
12.303558029145979
13.400359399985955
15.132697227970754
17.247093420031845
20.28918969461179
24.828761839425667
30.33879282413363
36.39431495518097
42.033232819983134
48.485569595465776
55.76823443854473
61.01118350948207
64.76334197925755
66.99632936431945
67.29077488971625
67.16001783999731
65.55227220729505
64.72429987328778
62.38892033329617
60.16491443016708
58.34345303328809
56.581942633726676
54.686534282801745
52.51538835008354
50.779579528010025
49.94762169598614
49.51055208965769
48.82942088742907
47.88557399226064
47.07953944271728
46.46486889159599
45.40362549423809
44.34088916387713
42.35336203776979
39.76297638998894
37.300575489779945
34.46526537513161
30.9049572133566
27.88566683652472
24.731716633034445
21.69973374838129
18.990002672039267
17.14273373085129
15.378101217096889
13.988692130129007
12.659827488302241
10.803492876145974
7.808945578520298
1.1663031420131964
0.0
0.0
1.2640534245121515
8.34013789805876
10.909464707527743
12.290348005319723
12.790090230001192
13.224984346081
13.291223830027338
13.513460152095385
13.33775620537713
10.075169158367189
10.35667212666701
10.327645765709935
10.081034092646487
9.727608004403034
9.014955695991004
8.793976944844873
8.127945478737274
7.5406419703419605
6.81380810170589
6.202040649509756
5.186223688019466
6.714976891479506
7.832950277033578
8.759052784596532
9.28881374277346
9.49377993562703
10.337615601123058
10.804798156570499
11.535987411733561
12.415936949944797
13.417946969622935
15.239929494342894
17.30661873386229
20.280005429829597
24.602622767023853
30.04763420903946
36.01763531393646
41.36529930494436
47.32360236298565
53.32544788295547
59.3426141169723
61.98546608769315
64.25300487667808
64.07548659510182
63.14901374281236
62.318353784761676
60.89400390210056
59.164744037742146
57.58467017942598
55.679019441309315
53.9829295757872
52.0033830679911
49.602061834207724
48.98463190723463
48.3659455532101
47.74358395548852
47.25149123480501
46.39389005802359
45.64886571308677
45.1991755767347
44.50763678585535
43.51207018301306
41.40277417872365
39.19969872472432
36.88183193036305
34.03047909390484
31.20937249303527
27.832349389319724
24.58777275876417
21.884792459652115
19.015847361550573
17.219921453622575
15.710549930233498
14.26047720231292
13.078411761828264
11.272306223417031
8.666273876118298
1.7735529857194177
0.0
0.0
1.8285188950678628
8.884271781908897
11.257687922896736
12.332439743196286
12.839140892310938
13.267298755892405
13.261596330537445
13.30130021851904
13.20456306113953
10.232324421280882
10.316279635869304
10.210808636025769
10.175819489788907
10.074097278533792
9.542396627139405
9.177489111162638
8.808762562762217
8.13944406940413
7.734998227224831
7.066921514344645
6.435720441258102
7.629839373040547
8.139781811368065
9.057153099684907
9.477441749822043
9.841473681214861
10.513112244858766
10.641655749669205
11.311921122924199
12.321732282605383
13.344988082076105
14.911179517568767
17.19525409922158
19.877347645576762
24.236640818444123
29.44733700894088
35.26825967071405
40.46464494023017
45.87868213999044
51.493600117267334
56.88593337802813
59.90479410298724
61.241964558792105
61.15026427863139
60.404282391027664
59.37158271720049
57.75415572448041
56.042158308851015
53.55730441815937
52.40021681386752
51.01411625861646
49.96002942158836
48.19499139116634
47.624030183350115
47.09767866277641
46.464776929711945
45.66896435381829
45.01554297926574
44.82525750304153
44.20809990790778
43.5848114863259
42.60335253026711
40.84304545056151
38.701958296369625
36.34591639964642
33.58823345726883
30.726157722735138
27.599113508942253
24.68106902999553
21.747584493065666
19.638271059104635
17.413089589652138
15.977487603740984
14.588166841584345
13.280409909901033
12.015004666625655
10.362192168217497
7.7614051464191975
5.100253032520368
4.259692481036255
7.681948229700935
10.02227058079578
11.506789443153586
12.440155246432033
12.896319453435586
13.252390115989016
13.255704124865582
13.46305043445411
13.321041109834121
10.294685394330763
10.242806710548326
10.129507101860785
10.044849475974821
9.898118685482693
9.691213828358345
9.361464393491127
9.006510393019138
8.550795126022035
8.231419338536096
7.5036534875214125
6.7351522430444435
8.290306310410392
8.627911264637133
9.074681906787609
9.379462817785168
9.862803754750805
10.44593411610449
10.727001369444652
11.234349625587498
12.048445431662223
12.970842035141137
14.699383052959277
17.038071365970104
19.420257439881173
23.350115687029007
28.345028107500223
34.117793348461966
39.28759411917348
43.82080784211558
49.47627456885243
53.740326942753256
57.26278829750241
58.49447685233512
58.761821093183464
57.76174147290053
56.38708022568276
54.649880695563745
52.49754074784137
51.02386207631245
50.358178818778505
49.75261523626835
48.64492114719261
47.18724255105147
46.064742015544184
45.50216850477877
44.50011438717604
44.45811799284456
43.75096333590853
43.37373867192814
42.77758692527161
42.164351243843875
41.353490420166175
39.74672047171671
37.99550625152274
35.526998931929505
32.93672619441982
30.33251308428152
27.123766138135938
24.541975564746927
21.702823954596695
19.61463010221561
17.634431105232302
16.291664509828827
14.679331784715677
13.250204987056202
12.335082345254264
11.049804461538079
9.773666198468733
8.442287086746587
7.5482326075241515
9.826206043130492
10.708484024423818
11.66023369482862
12.379851587677289
12.795397665190475
13.187941609431657
13.24804847788682
13.360532124078455
13.297751484402934
10.045041042692338
10.050586699109108
10.161419072099
9.988855389062879
9.86878750745372
9.673944810015485
9.565125387851198
8.913542231532366
8.869951087922077
8.25974262285135
7.669050991488806
7.203719103656567
8.235420717848257
8.764204585093907
9.222692532522785
9.341751528767796
9.88562493614295
10.358371158234746
10.38132005077189
10.832565575678556
11.799840119155522
12.84130031035311
14.173355446729138
16.32110232656494
18.665662642032157
22.419487135812215
27.194556364896613
32.103938319499576
37.53228155286202
42.026339630921456
47.12014707763739
50.998496356112774
53.329871732583186
55.28125053517845
55.433646368881924
54.64774675770008
53.18811504041858
52.01647242780326
50.564797649159026
49.46664350445343
48.61672937388102
47.85544507313852
46.85679886892775
45.86347742162716
45.007142184189746
44.31357880038408
43.846940975651016
43.44094056323611
42.92288459522644
42.15522807561358
41.70400681634348
41.05511207939419
40.3290125406955
38.76616872294173
37.06586145323856
34.79935604246177
31.805795676244593
29.17696971126673
26.810207330670526
24.12493291643356
21.76994367483942
19.03317082399034
17.386860950471494
16.110203706107583
14.51499240282161
13.615944595897245
12.243878937932339
11.355222874286513
10.570093623755032
9.48540666518038
8.500610167902348
10.291958980353298
11.105247748310829
11.735640343040426
12.31235867941986
12.575212575184926
12.898568833110444
13.100023881344843
13.149524570014123
13.24204521953925
9.948990464544273
9.915138788168044
9.781780219573253
9.69072250367582
9.692419851311367
9.504488593089976
9.36823414017433
8.797556321809514
8.636778147082863
8.148732433026176
7.5995500139728245
7.575817802867931
8.323479573112822
8.8151078828167
8.927751933294399
9.185917330120514
9.53722109089265
9.61100740235834
10.226833727715217
10.541577592390833
11.417621310897367
12.494104246247046
13.448710354242028
15.559296205408815
17.931110321844674
21.28831030648434
25.7054774954269
30.669592230342133
35.50163476050684
39.916064372861534
44.41178195192474
48.19155972212628
50.66426166241885
52.01239278167817
52.18981394602982
52.11246660679447
50.96486775041406
50.49492084519735
49.075331321584294
47.779040604178306
46.990830530441364
46.09472395003124
45.325268879989174
44.773167876608774
43.78797030974798
43.28037725189352
42.28577283448958
41.85107103376433
41.439279897101585
40.95340329471296
40.69343178150105
39.93106712307068
39.13607523193741
37.88243335028348
35.676048602000506
33.58345205935144
31.11505358505378
28.555450429944845
26.0058170166444
23.358837277302314
20.93911714715427
18.860761459946442
17.336912954809442
15.755249260724584
14.481366849495831
13.441505622905964
12.584368690187336
11.450175505384392
10.786609635621007
9.98876893868478
8.798582606245924
10.684094547558562
11.226647957483898
11.859360367274126
12.063679803473521
12.655586596280953
12.874932428412501
12.889793256743985
12.999791511353616
12.96948164721539
9.828182342595076
9.650548928470812
9.703320323719453
9.639259542287242
9.466267787810528
9.127322071397694
9.064968752093877
8.707974280692293
8.462597073388316
8.111886155657452
7.306596295935508
7.060454599727247
8.187068697721408
8.615686710308777
8.576021856386733
8.837806219202621
8.915025159098029
9.144638644214034
9.499450067822231
9.179877230346245
10.932009883842946
11.666256948750103
13.026625927139385
14.35722780951544
16.864377784558673
19.510646512602076
23.591810504441735
28.48740991919287
33.092012231156026
37.74114593203497
41.67089385745929
44.830246137037385
47.40446171540288
49.20322137298463
50.098164130188
50.28015500513478
49.04986212902347
48.559606407535
47.39181399316556
46.341191366904376
45.443848663469765
44.941400661257006
43.89819702683703
43.241031260452296
42.68900585673006
42.04935856327906
41.37288192127035
40.58883500964359
40.32282699260898
40.035311800183536
39.65752238793892
39.02488594111047
38.14315190022181
36.58361414254707
34.40219183043151
32.0994708693542
29.708438893946244
27.413292872057788
24.900946907638456
22.74930161764801
20.119232840752645
18.18941875698796
17.004494072305956
15.756721957125258
14.31364239424633
13.170867537455143
12.207829932201223
11.292303506278696
10.855502050657085
9.908204285486342
8.780582622655123
10.397472853606347
10.975104162880186
11.616041177929205
11.99964341638342
12.467487351964644
12.453137346495962
12.693207609878577
12.813190009823305
12.799643623143403
9.561925406297394
9.399075090283269
9.658685184246139
9.445614064423276
9.189451511304993
8.733298162456437
8.673581476696546
8.490442675543763
8.054221263186028
7.742608723569119
7.108186994285567
5.100492739422692
1.6877532071001184
4.432256879096812
6.167133814191506
5.785996380062347
5.1738686196242485
8.119761581709279
8.646272388198906
7.171562009102378
6.412983238263916
8.56206785805946
10.210512620113333
9.38454920659694
15.063969381727572
18.147382004536716
21.686111280715917
26.408195815822708
30.8069777163422
35.27504652015881
38.895612632183344
42.17033546590978
44.7120414403754
46.84237756960301
47.57169751122382
47.84409562243062
47.655344874895135
47.06177865711124
46.04796922185144
45.02790064266042
44.1797632861652
43.49773426995261
42.78353934815679
42.15664900580389
41.70116407302065
41.0735105049165
40.40650944862788
40.19380439846259
39.71828130201041
39.06682968380163
38.98217128940883
38.17353486514225
36.96724499750219
35.05306356357934
32.821208469456806
30.73327172968513
28.46099531721725
26.29783408753007
23.731290987171842
21.294607082896775
19.340908161627606
17.67853518145889
16.669973243099285
15.154726946455158
13.880383085991724
12.957531261013044
12.05676497781276
11.340810437444768
10.519957413748683
9.869668472203772
8.823729135089579
10.153244837965394
10.88191693819471
11.397342518134323
11.748918209959925
12.058461300106893
12.259111118343457
12.349145876257314
12.588652723522602
12.582165556913562
9.340895739989563
9.220926239366976
9.145632348451446
8.881394489511589
8.696494832842756
8.614967812672154
8.295980757040178
8.096316614717006
7.753503314961022
7.549819784894114
5.9662792852053235
1.3918710185340422
4.346422170211694
2.690714257516348
0.0
0.675793033352184
1.7254976908272524
5.99119706250291
7.533556813618693
8.453071735825075
9.130025224390117
5.2440610916256505
3.551813328022903
4.745328186095116
12.186407726898516
16.206142261277435
19.640000311812535
23.976751613721394
28.372457604445767
32.13125235535573
36.1368885279433
39.26885096523672
41.99251189204445
43.98386764805774
45.21335016931429
45.656971443145004
45.420410325506815
45.51997278003606
44.67121041719219
44.134206538904714
43.21214529194164
42.347161507909355
41.81003369179015
41.251601901368105
40.81742815981389
40.43836553016693
39.894811179251604
39.45773562617858
39.209966546968644
38.49962138094075
37.740190753590056
36.728097226268744
35.062153178329424
33.61741709250377
31.50609434185301
29.452062758997492
27.184918710211864
24.61947513741501
20.951915709676186
19.451277548184013
18.37817910864996
17.170996808648237
15.785308844106957
13.86508422249806
13.40219819106078
12.436029634273076
11.517359909160588
10.927760972442542
10.496251981459881
9.868509899407307
8.584560474983432
10.10347040614887
10.662558890114674
10.845023394752982
11.283054987978893
11.752021634570859
11.809322406789105
11.92584212359246
12.1380594525051
12.00356238732268
9.12262315215278
9.06323850519809
8.980091637185112
8.974369936390355
8.591078495797246
8.125535144603965
8.126924600235862
7.821992696434279
7.293861979987928
7.329034978653851
3.6731695995262115
2.5547526493248625
3.99835574309341
1.0642038150354012
0.0
0.0
0.7356388852418828
1.1779695530203091
5.371527934985557
7.805487372990473
7.296598241781409
1.0996309494920447
1.8507261520998322
3.0580108505099823
5.452901069681941
7.82965787554204
15.316916766304173
21.284982120697308
25.63070621862748
29.155472896750993
33.1191444481519
36.61555038596818
38.80820223662805
40.68127234960616
42.440099635554745
43.51930644838992
43.92546648864024
43.433494388852836
43.40599027291067
42.725588727224284
42.31823607824138
41.546908913973034
41.21861193232563
40.6884048613377
39.97796698145466
39.68042156076725
39.22755332372265
38.78301461250236
38.301495872909896
37.821961703389334
36.32314280722275
34.89914473986091
33.674979855610545
32.220455437472765
29.79333021527997
27.68812479513091
24.95191422803537
21.854045662598296
14.414697167642188
7.236320326150402
8.932080442791307
8.060613307196462
7.359748946045019
10.528352211962273
12.781356807272099
11.633631827304757
10.996138647834
10.544915898669046
10.051164253256413
9.589437554113895
8.482537293659925
9.653248445368911
10.347593084537097
10.479182623912957
10.72898853744168
11.288322582032302
11.555272404158213
11.58380949333692
11.856296709493222
11.878498543047224
9.095451054346913
8.786696081129035
8.85604846687093
8.459985187155775
8.242989413855868
7.978783379187031
7.802180763670963
7.568824317496022
7.287467974072666
6.15425130174786
2.935043498587098
3.6654563740760855
5.073384917963085
2.960484332866355
0.0
0.0
0.0
1.5801080435920645
5.852670138962166
7.004575288593083
4.136152950475789
0.1252781723274776
0.0
0.9853925727164046
1.9264946538985834
6.239932918911255
15.797983842095718
19.18472391855106
23.256324785194476
26.658128979564072
30.121428437140345
33.04028632149652
36.23070620604447
38.16328974515733
39.40516054737765
40.682823853350364
41.37401143248883
41.680515863730925
41.46772565437222
41.4401108733643
41.039004905891396
40.474393932402876
40.132427915561124
39.656502778161894
39.37775241363981
39.21805690454306
38.634617312901035
38.16405444755694
37.412004599232446
36.6148757952222
34.85084638845677
33.598758037766494
32.23230070374746
30.344551245425166
27.979196374678956
25.94226801996588
19.677491800831355
16.951107747258874
5.60915305117798
2.6554691793281755
4.796894460356619
8.59925932995342
13.64091771076904
12.771905559256698
11.548573254206767
10.345501572331285
8.344514481770858
9.702618084644406
9.605837646452025
8.955147878690864
6.843315225340127
9.107611646250197
9.593604166237965
10.056326308332281
10.461696724357923
10.791122267113895
11.00057468198932
11.24012975001
11.264032826921682
11.421028006090205
8.794899755289913
8.593808351343714
8.796577822012704
8.431975890008625
7.985014836149461
7.573724736014402
7.5472489757740435
7.434531546093612
7.235007938635564
7.179145113120868
6.5896956700123095
6.373179043846196
7.411699614593055
6.594756696757796
1.6617485363539823
0.0
0.156597715409347
0.2192368015730858
0.9769225880666894
1.8110709199090789
1.9418122850225847
0.7276238108803919
0.4384736031461716
0.0
1.312992203625103
9.260970163812265
14.841706855896835
17.532968723294584
20.50132556928997
23.916322037119542
27.275707830400815
30.112371712616053
32.501395495550234
34.941525090845076
36.78042998149161
38.1867154670682
38.89707653478605
39.26975068384655
39.6591168359417
39.72081921055488
39.6670225692781
39.594932800860704
39.20606623241436
38.87059361490178
38.58986278775683
38.14192763158229
37.83969050150958
36.97771398178417
36.178241994718896
35.03399893086159
33.77858973365547
32.22995031702752
30.36140059568095
28.61804139233484
26.55335478939986
24.0341515118299
15.391463592662138
5.245380838468346
3.919548180480253
3.8146645468949174
3.2155025338967023
5.767077024084005
12.287753961950326
11.450220486101053
9.906438546157474
6.65654620231578
2.1227516203592556
1.6506367536382376
2.0167287488291006
3.0224565431003683
2.1128968646002737
7.526625703684933
9.236173578163374
9.387889143274382
10.141389644350687
10.327754082137877
10.560810249544371
10.809859880386472
11.091654562378173
11.082534229336657
8.87204724743713
8.603049476781049
8.476184058802527
8.225149840872753
7.935926009193912
7.388764979133561
7.405596153501074
7.248361950737603
7.138561364706961
6.891243911655346
6.511830326999112
6.244472339696041
6.84443436923348
7.225695514650724
6.31307876233382
1.0176513756396377
0.0
0.0313195430818694
0.6577104047192571
0.2505563446549552
1.076794031325252
2.996364966409199
1.4777081647565036
1.780567414214225
3.2660140250789644
9.661670589398557
13.73980130769609
16.270710394702675
18.49262288465555
21.271022081476946
24.2578693922794
27.013189391643355
29.34051382047146
31.459354219191514
33.57664995027874
35.331274691497136
36.296749276098936
37.12228787162907
37.97180977442551
38.068337936039775
38.06826691520758
38.380815079706736
38.1590680567691
37.87587483432014
37.51644795243961
37.100583800783504
36.38981431246048
35.37564761398175
34.547809368808466
33.520852171537754
31.81163103050726
30.15272840309995
28.656674201190803
27.186424324175757
24.673460645787674
22.217720547086
19.44676876463789
8.969897231678763
1.4560616451261335
2.3658349698108303
0.5790205355604237
4.723648325988962
8.138827584768961
8.072909601795413
4.291631655630444
1.9405608212136456
1.537769446011368
0.3445149739005634
0.60174704455273
4.346340353368758
3.6573883877715314
2.479156557493207
8.805578411144484
9.016399419294796
9.524081227820464
9.915815098277688
10.148513127822685
10.490529287168778
10.672265105897413
10.948861671795518
8.495696699103268
8.286605079436498
8.24445783576584
8.185543789753151
7.942095787898153
7.674226707737817
7.393264004074217
7.135572989697216
6.86945560736627
7.028725012996342
6.180513985223747
5.593633667289919
6.968836927662991
7.436222521996315
5.021420257145279
0.313195430818694
0.0
0.0
0.156597715409347
0.1252781723274776
0.0
2.0915930892417087
4.061487063504371
3.4646650562809755
4.615253782603289
9.226039070633089
12.573462434493566
15.022625427914761
16.983754539752592
18.951897424640595
21.483538909859796
24.122789314509028
26.406206561059804
28.49686600755218
30.347893368140312
31.901746542825222
33.38858240256901
34.349750989650175
34.940538916335626
35.56501290169064
35.883191112580384
36.12763328549957
36.322771536444485
35.86656188638509
35.6581544247589
35.17072067966545
34.8127349595175
33.024197751701436
32.06177550061504
30.886898902845616
29.554632800779295
28.225297438969704
26.837231776147807
24.98058285285058
22.95569886253484
20.587762336037112
18.22871627998829
14.72570608859592
3.476275467164541
0.571026095471045
3.4314063201767473
4.387957014684085
5.552714169741063
4.190933201276769
3.1243118705429094
0.33150275690398207
0.0
0.0
0.2541728703815405
2.368852529374335
3.715872377061066
1.5859383024091231
8.138052542643768
8.691576425663362
8.951522358101835
9.300300476014982
9.744483054922009
9.938406958567706
10.256964368452058
10.520293735993427
8.396237104639331
8.259630537068315
8.251092967253674
8.126158411945118
7.686624953898617
7.534881060667208
7.4250804746365615
6.873918866626942
6.984699867996947
6.8465081388513
6.30808770951444
5.302613715219884
7.142908381704563
7.620881467421422
2.725319600558216
0.3445149739005634
0.5011126893099104
0.5324322323917797
0.0313195430818694
0.5950713185555184
0.0
0.2461371617479368
4.437081714062733
5.533887505131543
6.558540955386347
8.465565123497665
11.661685300828989
13.568428183826068
15.683406378719827
17.42149972852798
19.304634897602128
21.333307929429083
23.334068311686
25.807219250292547
27.319145470600855
28.694981661134733
30.332589683617073
31.137480056345957
32.10922096737866
32.58314960750907
33.392437774049924
33.51135043245277
33.48497056492737
33.0433832341203
32.909202346857825
32.21709387285634
31.646949053293568
30.902333582615718
30.408427237670267
28.99567255420909
27.73681966235381
26.570200329001516
24.905599730835664
23.28983499140459
21.283439297032196
18.997673050833395
17.462775434097765
16.089610035739724
11.289218057528988
5.097869982482484
3.8872791454035096
4.9122450212146145
2.399372932177016
1.1937797971097344
1.7342271038630042
0.5440844667519689
0.0
0.3919673260325957
5.345633496041439
6.323014351963251
4.944506801243703
4.352714637337644
5.648017206336484
8.232242101688099
8.554995905098869
9.02348543373744
9.14319558631073
9.697021413697637
10.122608263799394
10.249420126254888
8.27558110631659
8.174607084414998
8.073733903486765
8.127017159860483
7.745184967315213
7.5164358134188785
7.311180894606743
6.970966568499688
6.762375851387913
6.813431895926694
6.633714011285009
6.0348561758425285
7.254300094249203
7.314329557290701
2.5069001746163613
0.2505563446549552
0.5950713185555184
0.4071540600643022
0.0
0.0
0.0626390861637388
0.0
2.8795995665465353
3.874102015688134
5.2748357865456725
8.593450600650167
10.437446432809914
12.434829471075929
14.181571105642265
16.017112151481257
17.46697730544616
19.050899443986786
20.831358622918927
22.788185992115075
24.6967970418018
26.166795274200187
27.39736842942312
28.66972351590772
29.312356543607052
30.067500604078116
30.555278755154283
30.902638004012843
31.03589605781197
30.45556819377114
30.322529175357985
29.74942070596048
29.183729307253845
28.61854345668253
27.582907403152273
26.634527097547384
25.406975235188547
24.181665915205485
22.64675967135385
20.967450305298883
19.325519664545965
17.742736148068282
16.717146554723346
15.036441873053485
12.959696131893196
8.929570791613488
5.61599884330055
3.5416802433937487
2.249147678803611
2.190865872730553
2.144277569561909
2.190886507002665
1.635890560254603
4.0916492087896605
7.159609298923006
6.873660819140459
6.023733049638914
6.692271423077179
7.118959754303979
7.9832179463563975
8.435540705083675
8.616969738790651
8.964613450044613
9.463005013570697
9.878260652920225
10.130734041714385
8.071058796657265
8.146196532317989
8.105127304931399
7.813928668352209
7.723609625593231
7.6096678887017095
7.169463269634068
6.971840324806467
6.864651068967607
6.481005808403437
6.5834222231925015
5.854752398661987
7.241313188236574
7.245409341407833
2.8454323402285264
0.4384736031461716
0.2192368015730858
0.2505563446549552
0.5637517754736491
0.5011126893099104
0.0
0.0626390861637388
1.4945409706599182
2.943623601149323
5.367544500081726
7.884022125429473
9.484268796745432
11.356392107841819
12.9483479184513
14.373216547765939
15.819188476642616
17.225784431608066
18.333571475931514
19.874215582766563
21.485884077133086
23.10999433035251
24.283862726731865
25.347191308345963
26.638456937874803
27.10713527136581
27.344388571920383
27.754653420116092
27.509760537412763
27.46313242608869
27.124561966308956
27.100450978139
26.569698746635687
26.022471686674884
25.058272838334087
24.41492441725174
23.173089315217855
22.03767834413719
20.675914988265923
19.45463546624964
17.927884553249942
16.842270646107277
15.364577830683928
13.587807681408503
11.181107019650529
9.735578226022728
7.492258862385389
3.3476800489688356
2.0044507572396393
2.1908865070026664
2.0044507572396393
1.440698981765991
1.3780598956022523
3.46300594486024
7.819934469133739
7.015341868292059
6.944796703120235
7.238825372791288
7.408199547078159
7.836503507155438
8.209106711999857
8.309706864928096
8.787813740847273
9.291484848333171
9.767514596637128
9.851888609280879
8.14143911355543
8.071948750386106
7.932956733037891
7.782593546859447
7.586647993782768
7.4430351270633555
7.065031577018522
6.945442000809813
6.7881485664104995
6.694256853204133
6.41845861856497
5.922158624936309
6.95632907392859
7.173168363101373
4.6032788185868245
0.0
0.0
1.00222537861982
0.3758345169824328
0.1879172584912164
0.0
0.2505563446549552
0.7829885770467345
1.7829297897579304
2.981173017650674
6.2879793291972
8.52682269661546
9.945449628351149
11.784263855220214
13.047687509430173
14.207711199235213
15.416405502391735
16.548331090536376
17.310565622223535
18.304991515228625
19.77968613275977
21.11165794373377
22.22558842416922
23.269268346239077
24.17733200322952
24.40009514248491
24.441764857000692
24.70713065565675
24.28616479399335
24.330776334509185
21.58165830052851
22.178296998733032
22.81340316897648
22.55220520040919
21.858176802173382
20.82909914730731
19.93194329591845
18.937537405810982
17.85055676549399
16.798318125416806
15.45759917060542
13.619319118131498
11.471852210898126
5.167374578983317
6.238051174572592
4.746849705572387
2.4238486571179974
2.2760893075226862
2.1908865070026655
1.7888511156652518
0.3445149739005634
0.9701650811738551
3.1833204787966483
7.825154613895861
7.008474486593566
6.962865859299332
7.351924930694857
7.661001605251606
7.839608812336257
8.189111106448596
8.377828879996116
8.711344287777498
8.95772478265994
9.305920102497112
9.600407414207314
8.056115512563848
7.812879315450983
7.668386615514205
7.7942061370008275
7.61840864662524
7.278052668295601
7.268670287370587
7.1890162813015985
7.034772656368446
6.93113205439833
6.330906094885728
5.625496370859625
6.921784072699155
7.366753827047821
6.73152742513783
1.4227750004718562
0.6263908616373878
1.2527817232747749
0.469793146228041
0.3758345169824328
0.1252781723274776
0.313195430818694
0.0
0.313195430818694
0.26220857901514427
2.875628765421531
7.510810654809251
9.18160590217523
10.71627262365177
11.927788007799023
12.823837238958976
13.52526635558563
13.916952230141796
13.247131272718354
11.716763833550443
17.097373627642348
18.12338329417576
19.0507201459228
20.130055314398508
20.7818743617373
21.298138767833386
21.411258178682527
21.60630367813804
20.856375204841054
20.11757102268326
10.314826874565599
13.29185207919452
19.44755464480563
19.974253324590165
19.95022175446901
19.163586329764094
18.226077201112034
17.665625530804896
16.845047190666207
15.547594184548856
13.71382770561573
12.098867060056818
10.353535761918923
7.583743091821904
3.3772144698287616
2.4821304631910555
2.1318845808376246
2.377322256765692
2.0044507572396393
1.8478530418302925
1.8791725849121619
1.5033380679297297
2.2887104685570487
7.634573238599238
6.729751901592258
7.014117957192304
7.188370456196652
7.45414037548102
7.721101039117069
8.074641878482971
8.406169421928734
8.637900187147904
8.85034986410564
9.343961167171438
9.442853838952447
7.988575765032717
7.787605285185744
7.8017210271772655
7.580964301401026
7.231039148286451
7.142532995883993
7.016724203978913
6.975867827202375
6.833103338935552
6.6689198950463116
6.493627434080522
5.8068338911947786
6.431328717350808
6.933753323318669
6.705149890087727
1.0002373552963748
0.5011126893099104
0.4384736031461716
0.1252781723274776
0.0
0.2818758877368246
0.0
0.0
0.0
0.24254127029346398
1.7812419383086142
3.302969072468693
8.02101977847832
9.783654460864469
10.813214772119306
11.385572928240942
11.827037556686594
10.820408617502647
6.883110163118381
4.305522146404212
11.126535403462215
15.90610241219424
17.045508068442675
17.77742313585625
18.188615575856993
18.482804070066855
18.5480312625945
18.772228417505534
17.536078845491463
8.679859514857263
4.238643197120908
4.789762796793968
8.584282530029181
16.282854398723167
17.833969360614176
17.504081695461164
17.14450099576653
16.591058509855234
15.75662263886332
14.07802748103408
12.201121228276085
8.261669036032368
7.226046601251176
7.624045767039055
4.17939973893087
2.097668632121152
2.0277552259600173
2.1792342726424767
2.0044507572396393
2.0044507572396393
2.0044507572396393
1.0568493904220675
2.8901025293096687
7.21171406782075
6.475265862574085
6.925084411026228
7.250100531870338
7.248889344501223
7.706721600243735
7.872390630480818
8.183666077027869
8.471016079690598
8.813138548020502
8.913804385718374
9.148485913072928
7.755446466972648
7.73054183156006
7.839892748469028
7.5096389219919155
7.377223920352133
7.254791722332844
7.027250128745417
6.839533110530792
6.840942664666646
6.814960408819246
6.456179284886481
5.843842344495084
6.229609975337332
6.462423518712279
2.937978076653647
0.0
0.0
0.0
0.43045852878468044
0.2818758877368246
0.0626390861637388
0.7009042942095285
0.34011642526565755
0.0
0.0
0.1252781723274776
2.5990780274538476
6.929988393601393
9.540697709049656
9.714169227527988
10.34470747525595
9.720128034587418
3.2418833502648123
1.4310832232378035
3.009890894704521
5.304547624085367
8.488593450378776
13.86333217630456
15.454150199694174
16.044352702339996
16.431523094206522
16.489330302009527
16.54406912198018
8.517322547862921
3.7713693458368382
3.4265617037190226
2.5612858526302036
1.4675165208710104
8.97132229316593
16.709027731870165
16.70858939589742
16.0538436327148
15.340124220042185
14.22078029889191
12.51522057016178
9.529283403297647
3.0402196632376715
2.403776167449095
5.446697369162134
3.6769723289773144
0.9191782293703058
1.7538944125846845
2.0044507572396393
1.00222537861982
0.0
0.0
0.7669584283237522
5.282569181235824
7.10488346642284
6.211174648220079
6.942898841561022
7.101457619386449
7.179183081621413
7.690654996593627
7.737491287271971
8.28033033613017
8.425338256900389
8.708069783622905
9.106230322242494
9.112748696661104
7.505019262889366
7.694513959068794
7.578258177741083
7.510301630295401
7.342122453046162
7.275100058965828
7.048982561815616
6.866398581581166
6.649630580260591
6.640416411242883
6.569889475189904
4.508516877236681
2.0927330046199084
3.300836959636931
3.460739282780813
0.4042162329538385
0.0
0.0
1.5552365876023921
2.607917845039554
3.8690072838213396
4.88754239864866
3.555018981853836
0.2541728703815405
0.0
0.9164852229509342
5.694338323590493
8.112962909239194
9.127986205091625
9.353884044262873
8.279374673783662
1.9268510659410782
0.0
0.0
1.561599239730675
2.5985496354323847
5.438838555371637
11.790791570613289
12.81494500107628
13.134697264582222
12.26513482885999
13.629720051856227
14.239613845909744
12.298615008778413
4.563138919610265
3.510634131177322
3.0991004903898114
1.2709675232682645
1.9229792191191444
10.248455320653914
15.362633446045864
14.660810444289291
13.965564098582657
13.21049370971784
8.756744531859802
3.4425450397160775
4.347979527976432
1.1252001816098987
0.4828564564982705
3.5803645365747268
0.2505563446549552
0.9082667493742119
2.0044507572396393
1.00222537861982
0.2192368015730858
0.5950713185555184
1.3251269312628942
6.727103645609734
6.935804854483816
6.350641738576282
6.863777312660828
7.056668217940776
7.0136263291086625
7.466896495721588
7.658824543026405
7.816504912098304
8.072543801419656
8.642676323593133
8.706192487280116
8.900960624220959
7.677294579567554
7.52247737988039
7.708477243910494
7.553450816167455
7.297078286199506
7.122971052735641
7.107887390981688
6.914081880309811
6.528043809442506
6.646216678205394
6.371301658769204
5.949854550058393
1.7174148249680112
3.1123046235191167
4.117758528241299
2.6782501338765945
1.2197102628446346
4.465373185170425
5.50908121368439
5.496627364633896
6.006258856719954
6.137198931053703
6.205002006014281
1.9791141477036502
1.8482868930323006
5.319237154129724
6.666834382495757
8.507431126364006
9.08929861317621
8.843804334524162
3.0000617154195495
4.928843368340251
2.2389151667148988
0.0
0.4071540600643022
2.2613310774908455
5.317925994447817
9.753654287917133
10.625691724337106
10.631843135372357
7.4282674438476946
9.646018634815448
11.760530312384157
12.101823839562131
7.903768387036791
2.9410300253593276
2.5053730290950957
4.737758809500322
6.984362333483404
4.967450581957881
12.104291518087395
13.645209231587277
13.113890432189441
12.229082779157908
9.22741442014236
3.3508075263871833
0.7043193421600135
0.0
0.2505563446549552
1.818962950275041
1.205359904961406
0.3445149739005634
0.7829885770467345
0.9709058355379506
0.4384736031461716
0.0
0.0
4.655113687013461
6.793927343930506
6.322748841613192
6.911078483166334
7.0134073293876575
7.271385328769036
7.394815791347025
7.495129540240638
7.852562401158585
8.135598386665942
8.591445399155807
8.836827719405813
8.807859922804273
7.445388811269548
7.445797773691845
7.453101301593857
7.635168289632794
7.390485958076781
7.2048284338218505
7.1539913890040765
6.851791525777127
6.668155638600036
6.624142965997206
6.419341833767944
6.219774440171125
4.303351800681694
1.131511911477513
2.158465421243015
3.3604464534984313
5.7537954152746265
6.292794976501715
6.413363500859152
6.436626800634321
6.627666367912907
6.4163168636625825
4.694424374860544
1.5339391905964737
6.232243534951015
6.776732210122078
7.409070731007848
8.566089539097332
9.065625283951407
6.296927487972694
6.103955286015361
9.205815227327866
7.178375539468471
1.7946596443081664
1.4294356756801345
4.047008786181243
4.487577578982881
7.7154120331035365
7.262820737681909
6.788618244412723
4.490298170071533
5.404304018033755
8.909531715426104
10.251682769640801
10.173810656756762
6.517883946983041
5.090764365849949
6.624678763826281
7.374706563397348
7.970523770502241
8.79833724496808
12.638273874123346
12.107441073485157
11.579633947737811
10.43467809802046
8.095923774557829
1.754933271025887
0.0
1.5210237508870665
5.800040348085587
5.774722485304081
2.6096962476980643
1.0773374051921452
0.5457424158419777
0.0
0.0
0.5245178969183386
2.9772283448355834
3.8803734927080806
4.315470547527147
6.678638164544228
7.039931521300039
7.212205695904393
7.269090384094269
7.400113872393136
7.928830369690096
8.097539018566913
8.324557589396894
8.655183107319612
8.585179049752922
7.467351643640312
7.489186025067113
7.568891974765952
7.432229805517277
7.342386149927974
7.070019389214899
7.195555552757342
6.711319806849131
6.694256853204133
6.62907592204876
6.6131593530731765
6.109832373023494
5.778171879124002
5.945700550594488
2.6152223877452934
5.579974617559028
6.773359464311941
6.769331961916032
7.092267403983291
7.0576514741080585
7.310165760591817
6.384754003945718
3.726511268973042
7.196289294215838
7.586990154222458
7.349958418360288
7.431651817017749
8.681322131540277
8.919095346137183
8.036413221043132
8.898676610940777
8.984246620411497
7.240374989657099
5.998279732390048
4.507839897730274
4.2464471288051495
3.996485240448689
1.5318584781415563
0.825960354488793
1.0094790643451033
1.4013643643226303
1.2484038089119815
2.16734756376259
4.091108962339264
8.462588286227216
9.791557705294979
7.5900133202938305
8.414500458219448
11.121182931355497
8.79938729833713
9.723694327995728
11.943712998255062
11.583370691194254
11.058296565379163
10.330088155766012
9.983107538752474
6.170786716628399
0.7496158900899028
5.638823400831131
7.155815375318591
7.6991742659872235
6.438894318020103
6.167820114469729
6.1113297920790846
4.119007718703186
0.6189483422326237
3.0082632644488276
4.2308523125144895
2.625367423755713
2.5627341358785922
5.63760583334423
6.955213128026234
7.289893189638812
7.282513086728351
7.510895120792962
7.928472388475209
8.006287487102542
8.263154196772948
8.479432546924755
8.604340965309662
7.3824267909381796
7.267615499843345
7.223131651612364
7.207058643038226
7.20879722417096
7.051985958959095
7.049974749463725
6.951718102799117
6.714692552659267
6.920893780128189
6.671212664385139
6.411434053186241
5.235506220877338
5.777600328229355
5.772131399867863
6.518845433481647
6.616335337614977
6.8921712966037525
7.282781827258645
7.475043763147556
7.810769740396501
6.468458697678461
7.843360923885922
8.21526412388016
7.647338604591758
7.668122918632397
7.739039188890082
8.62685147967432
8.818908630277853
8.923758219122083
8.644801502116263
8.475613779570375
6.723248887938672
5.939201282840454
5.414387891556634
3.719892094348469
0.5440844667519689
0.3758345169824328
0.7946408114069237
1.0335449217016894
0.2818758877368246
0.3758345169824328
0.313195430818694
0.8769472062923426
2.0707943384302183
7.8736438175379835
9.710001039834177
10.240126023975153
10.885629484755054
10.97365390181908
10.133810550023357
10.266276626115964
11.10599919225898
10.70069294528406
10.438613825831323
9.90402795543699
9.050398324101069
4.244020264381195
3.1903289221070916
8.679707752248031
8.561573665154016
7.7385717942396175
6.974788017487529
6.486815534262145
6.847272395297577
4.870591139663454
3.2937603081064073
2.499442175338751
0.7465719193200446
5.451612794863759
6.598304920859548
7.031168131280824
7.096994360125775
7.325714216230255
7.3927366103105925
7.750103374494602
7.988083422464139
8.166514114702924
8.321560551933596
8.479967358115072
7.3057382670111215
7.135048436761513
7.167949778875244
7.299572192297693
7.335920612652754
7.317158691630657
7.05939898672162
6.621236596317666
6.688090251075334
6.692346212088443
6.562604395514231
6.179022000017554
5.571629254155962
5.0456311069796715
5.774441418711396
6.499556118695927
6.7861842966531825
7.173280703789796
7.19593768098048
7.452837604712046
7.725977462903505
8.053031161118914
7.925451220179509
8.1518190868081
7.834982050936584
7.764198269885357
7.564302646717366
8.587249000425766
8.774413952692113
8.507098670388977
8.521006363102801
8.260991329317367
6.485550190836032
6.421844613497625
4.990558033276588
0.478528187749879
0.5011126893099104
0.313195430818694
0.2818758877368246
1.00222537861982
1.0961840078654281
1.00222537861982
0.2192368015730858
0.3445149739005634
0.5637517754736491
2.6406202886512316
8.451384219991015
9.410365539353307
10.04249569343671
10.596210661591982
10.73824684937641
9.510257509688145
10.152195674811257
10.317436353438204
10.131984475000293
9.938400451935204
9.4701103162513
8.431039176935842
4.013976599937158
5.971380948306748
8.575321676432784
8.30609589124183
7.951817526968032
7.638038561314655
7.3556328649900795
7.018408629054652
3.268266626403719
2.4746034448489382
4.26287056553536
5.97865438117635
6.5457109045320205
6.880185509720051
7.191059368644611
7.282480161876291
7.392209216546969
7.600692267378429
8.085926103978487
8.314819221274707
8.311021217836142
8.48026750645334
6.987361986002434
7.323588463225897
7.392964541512424
7.315120647936133
7.3374312625836655
7.068517670764817
6.963757518324441
6.748752051751157
6.525920502766464
6.5815368340298575
6.369967860492484
5.568790380119126
4.313806232328196
3.3694865543272545
4.687624037312791
5.799703532126629
6.075880836399115
7.041788533774102
6.95548575638887
7.340875499997072
7.631342103331731
7.856622060422619
8.001868581826203
8.091188316486967
7.56585449695427
7.493607050759683
8.07606189665079
8.550612309109784
8.777420286802764
8.500293129448984
8.486027792576236
8.125887091162161
7.1921628819070875
4.323054174591983
0.5207861696812545
0.0
0.0
0.0
0.5011126893099104
0.0
0.0
0.0
0.0
0.0
0.3758345169824328
0.8608757890251352
6.0666008232337845
8.633096367371945
9.552184442291189
9.935573800868362
10.170830748081888
10.07580214096452
9.53422574361154
9.972513405599793
9.788772648171221
9.789653612921276
9.239616322540465
8.99591238323681
7.75806389109667
6.292103545088908
8.280125690722512
8.270239973729922
7.961486965097797
7.694513959068798
7.2912636176777195
6.814960408819246
5.878690943951775
3.774741353033502
3.9514843999159552
5.325785665943267
6.595517509936706
6.6814634110518485
6.998536576701805
6.933261695235027
7.435215339699106
7.812155882075486
8.089294067109147
8.19126713901674
8.160678679656298
8.33091440104187
6.957834396946573
6.9418619567521125
6.978856202212125
7.101949247470091
7.0952468475122155
7.082496804182241
6.825527182670898
6.615188952945564
6.432727715891303
6.487579790708421
5.800730678595221
4.410648814285452
2.9204775996116017
2.629895515722126
4.898185219444157
5.861755844754477
5.730619346593697
6.3540301092343086
6.762861804998854
6.411623212136066
7.154814056140066
7.45465308886667
7.9912166765428685
7.975055074074743
7.709328175043788
7.974947209230915
8.425725719220292
8.63610544550518
8.440972094957976
8.486655567629038
8.165643687132501
8.09482967826454
7.2014742588875045
1.48200804117527
0.0
0.0
0.0
0.0
0.469793146228041
0.2192368015730858
0.0
0.156597715409347
0.0
0.0
0.0
0.0
1.797086976227635
7.763589195481743
9.145743348649786
9.62730621816993
9.955554772398063
9.87509292410804
9.83486199996303
9.90914614274374
9.562812151387902
9.431066621453862
9.208380678315592
9.117402372936736
8.272782305967551
7.620156473509927
8.065496435810513
7.732382275106718
7.4485200762632875
6.429826101214428
5.633009635219559
5.019578974856167
3.8774737296601915
2.7160362762899184
2.4114350341215993
4.145582681257894
5.566414566970443
6.507276485670324
6.7843400637355975
6.933693604024139
7.288942858323589
7.659344834492894
7.836767204037247
8.173717176886042
8.141166039355557
8.239381383475596
6.961915527984107
7.085713110393819
7.032696644173377
6.888362793928851
6.980603714825685
6.954665628723719
6.850316641526201
6.508134448920252
6.049779342350891
5.356056903261417
4.003642588531406
3.0758579244857716
3.211291347205402
5.8416999226546125
6.569297336575911
6.7767639074709445
6.805909368303668
6.917398754901072
6.902862356125026
6.342449564370919
6.84930115613119
6.899361476569614
7.035398015275586
6.9156991289839675
7.1505795921468644
7.747167827698866
8.169190317501748
8.327397696181555
8.445634010789917
8.246613868333979
8.11521536499466
7.769600249665093
5.407006764536358
0.0
0.0
0.0
0.0
0.0
0.0
0.09395862924560819
0.0
0.0
0.0
0.0
0.0626390861637388
0.0
0.0313195430818694
6.0388787614340504
8.786742890215946
9.305064551344024
9.477754521052058
9.613458003598927
9.451679492760313
9.520364993839959
9.374545337169101
9.02957367191367
8.823714402594764
8.0685310949808
6.942568939479179
5.864927930258947
5.37971322704648
5.102982127321634
5.232372371279318
5.990101042794556
6.497851241256752
6.941326929846165
6.852405126117839
5.8172888662597835
4.144316387529504
2.7585435065693207
3.4488378770891615
5.3956060923183555
6.754874953700565
7.155811101135054
7.496178956105956
7.731995630508975
7.636451008361866
8.043194346760128
8.147746976366726
8.102837358084813
6.452756035170256
6.846398638990797
6.842208008092758
6.743086536602193
6.739582052478879
6.85293791044654
6.515065307495329
6.192299668265874
5.040202128230991
4.08504293772869
2.586780202433763
3.9345353791987674
6.343780055359548
6.84992505440687
6.983443983467029
7.109311487418906
7.128227605462314
7.245485916416282
7.026266872578135
7.378998267164847
7.489186025067114
7.566191222767942
7.591055044346026
7.334150873761983
7.132845672052421
7.185718765773635
7.196425407489472
6.9616022388614205
7.1332984400852535
7.037829905771834
6.911944845295
6.287527792723498
1.9289125249864323
1.1805635169329045
0.0
0.0
0.0
0.09395862924560819
0.5011126893099104
0.0
0.3445149739005634
0.0
0.0
0.0
0.0
0.0
0.0
3.104520962867027
7.647837832948173
7.908657582685528
7.537310224648085
7.40334383579523
7.003941895384489
7.007236199761421
6.694886944189408
6.57196256871074
6.3248823002711365
6.801601765071724
7.110452675444348
7.195857838242531
7.5790798069172505
7.821388268082658
7.638866978176053
7.674661484839472
7.447918483047714
7.434164426261891
7.188260956336148
6.953957243496319
6.54213063949564
4.9648855512538566
2.8262804742562
2.9809083701949444
4.779039231351013
6.369983634370503
7.1153004187442095
7.46020302724454
7.534513940835485
7.736148620919919
7.961924017220381
7.966247373366223
6.47711607132145
6.560192667418705
6.562222267291093
6.573970136661398
6.871681968506992
6.374274604855811
5.568274336288831
4.365655968125732
3.01414962858851
2.799407355347706
4.8423300336845605
6.445175820733706
6.902791699097033
7.116283674911494
7.219690255026873
7.281529830561066
7.425712324612203
7.4382605656908405
7.399202147585812
7.4338381157586335
7.60412182441386
7.70018840569858
7.903828460438555
8.131441310779804
8.269671996834761
8.233079124345286
8.140724382558991
8.322182002340607
8.12902161965745
8.02380018005461
7.186119987800286
2.20683513435943
3.056639266937819
2.6377051514209757
0.9512385268162704
1.1320166371276843
2.1515838900163358
1.179740225480359
0.5440844667519689
0.0
0.0
0.2505563446549552
0.0
0.711573027885297
0.1879172584912164
0.0
0.8842008920176261
0.9271326788271611
6.054705785807658
7.82348315259199
8.176275529118646
8.879136013086598
9.025096295974944
9.219458689393543
9.275098421797757
9.182022338147572
9.000752645964356
8.813919087731378
8.700995760257864
8.238571491994156
8.301081981131823
8.070919636735836
7.959794611715386
7.833472961541666
7.858075859371533
7.7864252749216405
7.644591807899705
7.436797520989971
7.2897897666889016
6.831956954266139
5.7642831324520705
3.3742682977783174
2.5971071157075416
4.584193117905848
6.004918848031293
6.976334446840724
7.512411205349881
7.659013480341148
7.82217935872809
7.866180451701323
6.274507556231542
6.294060040483702
6.408997073137671
6.463611230441392
6.2125209831616415
5.2816115114499524
4.47441316312954
3.0839392291169694
3.122795995609691
5.520525159065278
6.789015877321457
7.160308819910891
7.285993089821744
7.24632390704308
7.301697945302053
7.51868994876518
7.553119462015709
7.8953614911998455
7.5186130457432965
7.634052947132746
7.935928998699786
7.941008394296016
8.101195496580662
8.270883927397279
8.492107516464692
8.57298239401896
8.530305622248692
8.634899202271248
8.729313328548974
8.545788135326946
8.094544867372264
6.963542746062145
0.9023262200381156
2.8756354636752874
2.0130368027828855
3.2153466242671205
4.9323402703045724
4.920530200859462
3.441063711163693
2.5419967679097137
2.4756445916530705
2.793691911912685
2.6747283616893545
3.1207123484701995
1.6989283517600093
1.7588845666734563
3.0404978045349527
3.0734556362709675
3.4684008646378146
9.057269793391018
9.595001029616448
9.82999923494629
9.874274080475763
9.958963175780529
9.841231197531956
9.86385676632086
9.362656996913422
9.045826072368461
8.95313400219508
8.707916093555758
8.596259735520835
8.406213078919553
8.304701143767065
8.141111844878887
7.945331750441858
7.941398028399627
7.793611085967272
7.61170980648626
7.541672517468146
7.736075529023958
7.2423283222514945
6.578607632167643
4.378312082795739
3.092330047829851
3.9003767514330088
5.696876867833508
6.556228868422665
7.375118219387675
7.448410111131355
7.511919577266244
5.8956030370321395
6.064668205969634
6.410432158670695
5.613068828125952
4.521667246256361
4.02023571291804
2.996059655360761
3.4392056730408247
5.926587042509833
6.873910115644893
7.26273214385899
7.158570238778157
7.381387717051018
7.569982527973178
7.6122068062318275
7.721101039117076
7.886975486284098
7.972572161475559
7.962522466560249
7.9615184953583045
8.07554613072582
8.243066031597067
8.44580318815574
8.554695756760598
8.65178002255069
8.97383105723435
8.926751292621073
8.957796875179977
8.934070700381692
8.753541691471392
8.298011422316849
7.785990497819985
5.106340344166815
0.9349230557362909
0.7159715765202026
4.171689592146373
6.037788227847872
6.531966049857322
6.2750117018011915
5.786202656590918
5.329545110089293
5.281345275778289
5.728409930346201
5.417083525022428
1.694009772285362
1.4258773872282957
0.8399286022830001
1.5799793516646345
6.180470669974986
9.085178130022992
9.710244776201307
10.15531811024676
10.32552290963421
10.540136251110066
10.081146404437604
10.024084558235865
9.890802858478587
9.459643819585745
9.502578464423733
8.99753346453938
8.953564742571025
8.80716131303125
8.49724002753478
8.495586287092163
8.255528409182554
8.355601939869459
8.14500643025088
7.95819272260222
8.075009684091174
7.738490784353218
7.842734964117861
7.66756357031473
6.9710003912746465
5.497125894919497
3.479836911273905
3.406364948703963
5.136764297356631
6.341229996722533
7.217755620539949
7.1828144409081895
5.623021360573455
5.550705020048753
5.002841290098234
4.3834634541558835
3.2336843966152102
2.7825497406504445
4.142783008956346
6.313012497924599
7.133631249483332
7.594262495783189
7.680656479333058
7.801929433613085
7.526842587853077
7.847312639827449
7.7445899162816545
7.880989924753519
8.040331177375394
8.067947371073942
8.113446748546542
8.346130759335164
8.401719070919368
8.56611136759274
8.72716786216225
8.929510941058211
8.89654504993755
9.053554111372389
9.065481415355743
9.168132059350942
9.272636611361529
8.826353937348252
8.385222378574436
7.848211096114842
7.1434776455433795
5.71296630361969
2.7720837355982644
5.5344290795281434
6.753052182509699
7.046539443531138
7.067632142149294
6.631161862706065
6.647719939144902
6.523296109110587
6.720358067808231
6.4680140322798065
2.132727663207353
1.9980192909915349
3.6524520460443557
6.326518907979653
8.017833765422266
9.072912245614813
9.926040920372971
10.38215840626596
10.558183092222361
10.652265750081659
10.491031310895167
10.521704265630836
10.215669666587779
10.102003786084596
9.709557037965606
9.395280983442266
9.279449405569764
9.05998327751309
9.085263827625225
8.836046566666962
8.625828053352636
8.763926265251047
8.621422628868142
8.526173271964083
8.274729563935585
8.200877479472465
8.128513798078053
8.18525821817605
7.85760674555978
7.28572768044353
6.084567935731246
4.161823898046745
3.757818971889719
4.80628507751473
6.029689243432539
6.5631400821081405
4.84460721316
4.1234788818168555
3.513978083913078
2.8967808796121624
3.0723290770751865
4.75390807931382
6.707173787546782
7.295223462803696
7.401819528673813
7.706126549210181
7.763589014257538
7.9240527116765875
7.763330752001748
8.150953951080545
8.126812514452826
8.232287417569646
8.230248762627406
8.267941038210768
8.420924643466918
8.400211409813101
8.470204218191485
8.64628733472712
8.715656748399493
9.086520002493046
9.274789361685725
9.483555599758846
9.198900916939847
9.235114750353512
9.183728215637371
8.73367071569585
8.485164085137324
8.147061668045545
7.250396106599793
6.849347400244913
6.389477147722182
6.741567952171877
6.861497322878478
7.063862245982293
7.0326966441733765
7.086204738477462
6.687335453525252
7.038471659182844
6.7127293609849845
6.627547409156208
5.497673689827824
6.017643746800074
6.464749911766116
7.723073934757791
8.843918928884106
9.593912131647205
10.16995455550961
10.34611324745546
10.674600167180985
10.825914156658456
10.615331042708434
10.51709774157115
10.555589754653996
10.33470013169741
9.78939819063126
9.771618327708362
9.488731136005606
9.31084917969344
9.233500561286384
9.08087039421833
9.076638261609377
8.944383181641308
8.856245813928892
8.700250653779037
8.73173139834404
8.606854604589005
8.379246725500352
8.331375537796978
8.156194335093618
8.0810295252945
7.61538396628002
6.612758284120994
5.303422246215542
4.270735646401506
4.056316145089488
5.024231290531045
3.2270893599028785
3.4519188052809806
2.876737826539088
3.2066669134907304
5.1519081437247936
6.52934375248269
7.201603196129448
7.461604882563603
7.489713418830731
7.858075859371536
7.8220860275811805
7.94338859843023
8.049572940700633
8.241973780997448
8.239707336418201
8.310896966995204
8.39612796216229
8.601054470077468
8.59503896214118
8.530476274103037
8.800599315208155
8.875987154819715
9.038039877971876
9.13872942672719
9.515893403445592
9.40472724353187
9.439272513142143
9.308309020645302
9.214694420284243
8.845466546033311
8.717681772547465
8.510447907084806
8.034093209972566
7.662790025092474
7.318167344015141
7.587005476885001
7.307360552381786
7.389177110397216
7.502981219194839
7.3448432433417645
7.242070648781279
7.146906860823065
7.372842607761828
7.046342375102895
7.162588861625387
7.053195084249735
7.60069763904035
8.25882832580233
9.192346842608531
10.101307538694106
10.377424171061264
10.726943989110456
10.74057774437865
10.796556860776981
10.72771051209833
10.532464554832922
10.4978092871695
10.10959249717291
9.868538591796204
10.001133279609835
9.755587381020574
9.823881264465866
9.589557784106722
9.536588197637956
9.465958536074064
9.342259102081908
9.203484412012712
9.194120074809023
9.089693307292134
9.007044247056495
8.683419560589398
8.761872222095006
8.560075300695104
8.41612356771355
8.211240916072589
7.842575511806025
6.824182348483794
5.039515059499344
4.239643299014045
3.8858923183147134
2.587000572432756
2.505311126278759
3.375510052489106
5.179665211674688
6.567393968752961
7.064845502149575
7.4954236311405005
7.306457826296595
7.690026625000244
7.705531498176627
7.877997419840669
7.986403967334321
8.246496536907957
8.475305442283126
8.43158023873974
8.411066000612724
8.631024780374888
8.79319893466264
8.891348322915293
8.896961884929995
9.104202508557293
9.129124410813517
9.12739416391773
9.239418975482506
9.494832698969457
9.410249052294782
9.499938599303261
9.73113848790584
9.55807463676939
9.609487764013142
9.283074347159067
9.077899176895327
8.742111550493538
8.701830719786447
8.766000596270697
8.58509423739169
8.341804659166737
8.335562677327387
8.201628227079993
8.141307682898809
8.248047837006462
8.257027172983952
8.435649605158531
8.73107960953441
8.654019650863782
8.753279279085666
8.918860079796646
9.51201834823835
9.705281418959347
10.45320229752131
10.558638973004063
10.79429546262778
10.70393475371823
10.816080662470098
10.800978771686255
10.782278445295342
10.779967643745636
10.503271951218824
10.463093676651004
10.313394026588162
10.123566565292831
10.100732370635688
9.97025668250771
9.8301908016638
9.657670728010626
9.595729709275583
9.394260746866305
9.36243306146754
9.187170960014464
9.078752738598611
8.86901751465014
8.981217532396364
8.692182372220763
8.347126707280585
8.200620988125014
7.992779571768949
7.728466461649561
6.726835022649277
5.693532768212582
4.475246998527741
2.492239286006713
3.55377531024965
4.790166364391954
6.195820757452556
6.944974853756094
7.019182344397124
7.275594527877388
7.416189721795195
7.6548604899302095
7.920082862624936
8.26596552021788
8.198748521042717
8.25128102980891
8.475005293944857
8.620209466219286
8.697756032829226
8.881942248932454
9.129278426219468
9.08753295367701
9.13889072752513
9.37485810839912
9.411433134642571
9.446127329711043
9.583374298256963
9.714296938673002
9.627591958846958
9.588990316878744
9.869419556546257
9.686538509515506
9.772192301568854
9.533232783993462
9.777355550842653
9.397593441146073
9.295865906400321
9.203869275762765
9.314106952352313
9.27995506756661
9.27678112911091
9.358685116833925
9.054056944268376
9.45552202120109
9.422341088202833
9.612594346227224
9.789196648371785
9.81770767950017
10.026119729285488
10.22261571614731
10.113586227884031
10.571773559001373
10.69362001543245
10.741145778936843
10.711360326030707
10.790218482484175
10.913948502369509
10.850275427157595
10.902056090153305
10.880825771271274
10.8068420238763
10.69955218158255
10.55939543136503
10.441383470683611
9.971826393656142
10.278970687782442
10.069170006310387
9.878201569525489
9.828991210685391
9.759831110209776
9.527229640774722
9.31437130198256
9.042613542678863
8.978997396771842
8.89617249669814
8.736790301532592
8.51502652249176
8.36048193570102
8.312174336844066
7.84633094419616
7.493210633136105
6.82099527263487
5.292436718011944
2.6683805045050657
4.157174554257241
5.641365315038898
6.4037641901179345
6.87849386832537
6.760465210272222
7.223626120523929
7.507264152483718
7.540384427077143
8.0006784797591
8.186670708671025
8.150631974246867
8.4208073120409
8.474514139745363
8.631398603148362
9.02954523638445
9.064728073383897
9.068726812674871
9.213000219648471
9.251777019841798
9.556831792936554
9.715050192278044
9.588677545648725
9.766876767204133
10.024593016727014
10.0694319352329
9.855810711238142
10.177622717240961
10.02321487229609
9.874342056591882
10.075789928649456
10.097807665763204
10.006309467490748
9.863669971781121
9.845832759918231
10.04641918712325
9.859956814282194
9.967522203146002
10.007251901724413
9.983413151715832
10.023915942386893
10.269368586450453
10.550458701091042
10.443602567538338
10.396974342597375
10.62157651254581
10.655857539495594
10.912981037841638
10.917018296781189
11.163239375213843
10.911931385755349
11.1333497544647
11.159058255544913
11.102035503254841
11.230388153894188
10.970927929127777
11.02821192022352
10.909049353264656
10.593763148596977
10.666391523841964
10.605435199362473
10.395709966466113
10.350934903532723
10.150756962830199
10.027014575542921
9.759084363237235
9.755521790993336
9.692477200251368
9.59537114978647
9.38344797768458
9.038030047605998
9.05958129800517
8.72357867952367
8.658153553580677
8.314759186385935
8.215837346418306
7.707445033619236
7.4708442007687
7.206339083752756
6.656893195425304
