99.26410572257565
94.04367065416287
86.42572329830722
75.05849035741292
60.331803197007595
32.48833254654188
25.713831527107164
49.96711661312938
61.32277787501686
60.24275491700336
54.925569726936544
49.00235460966258
43.942406838773856
39.54083882432797
34.977422351701385
30.563454108246724
26.418206136409847
22.492969618485812
19.377684911087528
17.48210931639993
15.573940738784316
13.686949490516081
12.346911815890467
11.033549465421356
10.248815023394073
9.363297144218519
8.479548581528077
7.742815808170178
7.567039164395362
6.906512105788818
6.8229406245997986
6.310913144181766
5.586446311015745
3.240055214030712
1.9201856327860083
2.201529592304106
3.869396653035232
5.44883396725082
5.8743378841553895
6.449774765244286
6.364251841437431
6.45921105871854
6.487172410532238
6.578514519093993
6.579031399130679
6.333713089091748
6.4433449936490454
6.09329982798183
5.792982982565367
5.284558680032497
5.117663762406776
4.895733934356723
3.76365474764431
2.916706781224089
2.185884855471056
2.2672666353469375
2.5020841907382825
2.8900590201257037
3.0579907252180116
3.429212930560787
3.8766267957893197
3.3140115805919415
3.5824296749006876
3.787897198294351
3.9322846935298017
3.7326769492756284
3.756497474907741
3.7337916001875477
3.9659137187402496
4.176070130713878
3.81943232211899
4.186601428293056
4.233957330278199
4.182061829012427
3.41644604528868
2.3638443380456433
1.6841161782411433
3.381066832521242
4.549172684351655
5.163855001415871
95.46900016743768
89.43877229665476
86.14971176762818
80.1631213409971
69.82713802903261
57.740190551098685
35.212659494445
21.445243553
38.46682587730307
52.65973771810649
52.78028570853318
49.07068458287958
44.66059872837939
41.15636459475284
37.42239379680006
33.06641050432397
28.319610927609308
23.840078358922838
20.117650631062837
17.476585993151055
15.154406345390685
13.00072976050492
11.690400160252237
10.0236073679572
7.845943368960524
5.135665514498064
4.664398920989001
5.111282548421946
4.447460184626436
2.980557982873645
4.00661534998287
5.016962292018087
3.2320635839185985
1.7000842712161526
1.2287365001903015
1.3969864499598377
0.9395862924560813
2.5849886706437437
4.547902603726395
5.465831214328914
6.144248748385477
6.439038528729847
6.479145671193837
6.368558306356632
6.47371807355827
6.403501020651494
6.246903080687938
5.808421365842723
5.746525341022572
5.296066211949716
4.341757468597924
3.9552930876693573
1.3934431932345073
0.0
0.0
0.0
0.0
0.0
0.0
0.6220129472745944
1.0633416875111432
2.0579372545022134
2.9888246804152194
3.7000114508352357
3.793621576995807
3.820411572592878
4.034317867480727
3.8590879743146247
3.607515975586584
3.471817418449266
4.031380116059068
3.8659744461751315
3.8564367474728583
3.1863390322637266
2.0860163977609636
2.9117396166371083
4.392183035562372
5.393250659660998
5.8257213986687395
5.872738502744441
90.52894946920968
83.23564521639585
78.07637901746597
74.0365263867291
68.92278868006201
62.006704336649086
51.71842082978794
36.78441259585717
20.719686644987938
29.741819525533604
44.83443830276742
46.95918944023853
44.59282572184513
42.03755487851806
38.92924693474307
35.26327609269968
30.137606642225283
23.388885600490237
18.980812204286742
16.52960449891915
14.060034678444135
11.458143373411197
8.623121998994444
5.601791967769044
3.8369389055978216
2.9742109590659176
2.8983069797277565
3.620766597827487
1.6509800659549736
1.6875080065153687
3.2941922316353645
1.541427240282179
0.6263908616373878
0.313195430818694
0.5324322323917797
0.4384736031461716
2.5444279295465275
1.951982396707899
3.1987070592625315
4.013887361530687
4.967979535227133
5.841772252229152
6.337447060286554
6.122276527967564
6.534091452814607
6.5204929051308955
6.27312353349286
5.947492631200182
5.563563123684342
5.0210671249478915
3.613224630584207
2.7756584038449157
0.0
0.0
0.0
0.0
0.0
0.0
0.0
0.0
0.0
0.0
0.1252781723274776
1.6526338405232504
2.9886983951327433
3.4984452056332875
3.29576430951942
3.5832735249365424
3.681764179762715
3.8296784704190854
3.4707956362965273
3.799815322962323
2.6356803445146944
1.461861444941657
3.007899493150815
4.862869642438409
5.974594652993231
6.426391651099717
6.325837235674295
6.092056505170689
85.54911106827646
77.78847449224192
71.65953719582281
65.6777990866944
61.861054494187606
59.4433117361079
54.482099255269084
46.72116489912302
36.7386021753374
21.888417364454188
25.162424826685047
39.755625506593475
43.13052334250925
42.711242919808576
41.05216800620244
37.527009461246735
27.34624893204641
17.412492309319276
14.085284938998928
10.272610579866317
10.821832289761723
9.148356618850336
6.394990415107706
4.737005081984443
1.6812855420871955
6.142718735109907
6.744547485587118
3.5117478546965564
0.156597715409347
2.5974544950779457
3.248822920084367
0.0
0.2854924134634099
1.3012913561258659
2.040181340121399
2.014888081199256
2.640598958609965
1.3540146725177786
2.551321469719329
3.652083874991116
5.0089650149189735
5.230534382399465
6.206056931324127
6.2168538925374515
6.3619688841600235
6.254781371806962
6.1123800161358375
5.671415484244349
4.885197305379234
4.561557204468742
3.4409799310868956
1.9467605566204476
0.0
0.0
0.0
0.0
0.0
0.0
0.0
0.0
0.0
0.0
0.0
0.485082540586928
3.0613158914852248
2.9710909866046316
3.223064276078488
3.143397588918281
3.81860419578697
3.48681360554521
3.3645965569807323
2.179823598555467
1.4837440282093062
3.385625666076826
5.025748370085361
5.978542729303279
6.18514188846659
6.3420282498496325
6.202502890636225
6.1217402461603925
81.33229490060978
72.78077257438322
66.84739418431748
61.52966942299014
57.48298588330005
53.378399034617985
51.22483373516009
47.981878501361784
43.27882373333842
36.56129083002306
24.944703518540173
24.311570044360153
36.71823892028105
41.909298829958146
43.47430214300321
33.651619126529305
17.053673366883565
13.727153055177018
12.268879765402614
11.618700099471438
10.996198480520333
9.340327333249894
7.927767345005441
3.503385957305025
0.0
3.773011919941143
5.236326362767423
2.774361701560497
0.3758345169824328
3.6451710566576896
3.4542165191512164
0.0
1.595722874291362
3.1420898316548276
3.4490619626155445
2.6410474406157785
3.053892741128973
1.6088181373565347
3.8785852967370946
4.209242031084129
6.337145644134741
6.939513316194409
7.200628871442987
7.626028520287582
7.529366887969317
7.667203445645013
7.506389690928271
7.055743146404921
6.451143274370243
5.653948278805963
4.5661620812799075
2.171466628103183
0.0
0.0
0.0
0.0
0.0
0.0
0.0
0.0
0.0
0.0
0.0
0.5011126893099104
2.540453537808337
2.4469674173893656
3.3550369608717214
3.465201747464823
3.1888506069028937
2.9325147406560257
1.2869770377191343
2.3648417903191294
3.928011038545448
5.115777647766972
5.905619410558539
6.377111384627912
6.2544287330465
6.356387263753293
6.525682585253069
6.54092860458603
78.50918943712895
69.77419329994945
62.830524124662276
58.38037686030397
53.92802043754475
49.961659566617385
47.360223840148606
44.96209322471719
43.29004362778135
40.507573531614845
36.902613472152964
29.084985183609117
26.530034479337814
40.303554883332225
49.608347092074375
26.436204911586145
13.513580790319155
14.031930601756745
15.46235572615452
13.638085674964094
10.705082345623392
5.717965486843433
4.961831027320593
2.951263500955726
1.2866689780323637
3.2474223311568626
2.8466794977202032
2.453542796629167
3.0794060598790516
2.7705966350304796
3.263109108298378
0.0
1.9793188325294377
3.502879388145088
3.830800392356178
2.5860758167455136
2.117684188739426
2.3343504793236325
3.3021408240363286
4.3154595265276905
6.593514828246659
7.2990805642140515
7.345830387341388
7.801665736731275
7.803051878410266
7.938631179667675
7.699433080733128
7.261976818893533
6.66842826696267
6.106417590301659
5.149311937107369
2.4774513837900365
0.0
0.0
0.0
0.0
0.0
0.0
0.0
0.0
0.0
0.0
0.0
0.0
2.3686374175004845
2.982763855236933
2.947910323516929
2.3771984511330166
2.327399519242641
0.6183757872758967
2.910999371253154
4.262894820007567
5.490968258027606
5.954901116585234
5.902869030706464
6.261359591621576
6.5796261929141675
6.759099825881802
6.6677735103768985
6.4315813312218895
74.88329941786805
66.63075624898369
60.49020360244709
55.09061335781982
51.29011687821775
48.02221198544657
45.26365990389017
43.18414224994823
41.761658235818864
40.14729194049568
39.742901616961156
39.31010446240033
36.23494180170886
36.488114715009715
56.85071070476877
21.30649224781153
15.187840421091888
26.59206102081346
22.970533432117055
13.5271607742702
8.995446409083176
4.202509598744373
7.279898183212725
7.844441219223137
7.606818021761296
5.805593414655275
6.474536702317425
5.732381201422016
4.210060483819892
1.5518270665087084
0.985371938444292
0.5557367011121579
1.3371818666143638
2.6248444771721253
2.214889797854798
1.5968332749927472
1.1464301053048824
2.457486646106398
3.736197458827453
4.648154952302572
6.807955469146321
7.712592086485396
7.945814715692376
8.045410572971626
8.152687212041531
8.004180357168199
7.752709234809716
7.449816304850241
7.046414921536909
6.457920463339383
5.278893181829751
3.431583147721848
0.0
0.0
0.0
0.0
0.0
0.0
0.0
0.0
0.0
0.0
0.0
0.0
1.9942134197858619
2.4239311942064474
2.4077978741229025
1.5171459535604264
1.2199187686483777
3.076609613297479
4.201859200125308
5.557961170170149
5.865234591556721
5.873664356081624
6.127262109487864
6.362820825574858
6.586272420296083
6.528808065888781
6.695785366096684
6.673320066769164
72.3362288388284
63.97539585194957
57.97401275876194
52.12269334747693
48.77066848520626
45.750586580918075
43.0739974696616
41.419495388597454
40.46931574359997
39.96870480076017
40.21310883410356
42.13644438992098
45.410187096230615
66.5212790150336
73.97474838685189
14.867542358651963
21.798154713760947
26.787853140835832
22.128127892769026
11.060293656065904
5.809799367001324
5.615265744727764
8.246502081572833
7.167474999723442
6.021213022252415
4.980479178647467
3.587036740102344
3.2035701550600946
3.0219601307896125
1.1187064536774858
0.3168119565452793
2.250989548728716
2.726101829494114
1.2043564067051213
1.7565082882351533
2.535190301616519
3.5168679864492387
5.874742573943969
7.235974800763806
7.803686286691985
8.522635425144715
8.659786978251454
8.662889143847822
8.52532447360566
8.488093677223024
8.283816440536738
7.87853514410853
7.621537243526984
7.242388041546026
6.69866648382318
5.7713382381347795
3.7830554692230765
0.0
0.0
0.0
0.0
0.0
0.0
0.0
0.0
0.0
0.0
0.0
0.0
1.7632418467641373
2.7149688076737095
3.235335738710976
2.6568727100496643
2.707036270400669
3.776822923662233
4.801703718020751
5.449424703971605
5.422104321394999
6.020812585239448
6.273934503618897
6.487817708221816
6.527304804949274
6.411740425550245
6.567887782440057
6.542074989255443
69.4227055275035
62.49406885288607
55.985030467762336
50.21473526798493
46.727746201367566
43.64179089293082
41.57981379759579
39.68998694868952
38.97658870775684
39.473296645125345
40.75989238243806
43.261328404142276
46.34528276514846
74.0491984750321
62.022155535573866
12.582265781570596
20.71089651428995
20.080871854504274
16.712499248545257
9.365891020777111
4.905578749507756
6.290072815493146
6.151955451019622
5.182763311911485
4.648435326515107
4.753435468048407
5.449530803846483
6.350498836871865
7.656199197480216
9.270779962240317
10.31228413733663
11.17121182449368
11.07547246879747
10.61528129646303
10.232347297737808
10.455313154532385
10.395626795997536
10.367707024436399
10.367549334183987
10.042480470722582
10.005624841635981
9.788756165996762
9.25768623732864
9.226417091817632
8.882431176444936
8.778259626678144
8.264505287256895
7.9348998850495125
7.4880635802699365
7.137687608400184
6.54432660234921
5.439106684685801
2.3864197944933023
1.2481693343922857
0.6263908616373878
0.1879172584912164
0.0
0.0
0.0
0.0
0.0
0.0
0.0
0.16824994976953608
2.203962724913308
3.3843585065763593
3.006068323957311
3.1672593830946183
3.0875101588459613
4.095867262903996
4.384166194687528
4.0145814627254905
4.741674107589251
5.640178901688745
6.15718053665289
6.444941961392206
6.486696575505447
6.63048215552433
6.755946079792673
6.6677735103768985
65.69580655008117
59.95266374826823
53.473502032570416
48.810926245477305
44.67397719620979
41.85402045890512
39.672437365397705
38.51533256225608
38.2159030692778
38.58609594746839
40.588832443339555
43.50173240087001
45.59049665267123
78.78729922736463
85.6894240273946
77.72088457237955
29.220729675353066
21.826100031894406
23.48341348528453
26.90601322765755
30.856116808273374
28.861568102822872
21.664027683877755
18.46696600079653
15.64726114038612
12.806028279074127
9.771891333513679
7.464919975170027
16.10393345006781
15.850638886519736
15.074506714774177
14.26132050413909
13.719529582307766
13.313326043326866
12.64715664478755
12.501433048320166
11.942613801381338
11.526274631000765
11.16322107183201
10.802859282928681
10.700042386725036
10.319505490436084
9.869036423111238
9.454747553282864
9.140883128606927
8.77951644631782
8.481110654930898
8.124898738916587
7.809652730225345
7.308954573222701
7.122221818423093
6.405454864664748
6.138991880219326
5.269103053347093
4.72396069443402
4.284820964293413
3.5048612165796524
2.7672966742019565
1.7152133034115273
1.05896377314835
1.0311575844325032
0.44932318032592766
1.0239658015235575
2.562769640899269
3.1660002922779134
3.320080257791155
3.352250333591925
2.9710497180604083
2.7734156879236673
3.2908540314261474
1.1538992203953322
0.0
0.8369519391008243
4.907729672717448
6.2392802107435195
6.50825340767695
6.699158111906821
6.904376083208461
6.816729852725566
6.88596052472952
59.7272873859071
56.48362092463505
51.68972637736656
46.958915165981026
43.12861253879204
39.70985812682657
37.78115155567997
33.51942124593525
25.968056383069214
28.772144044679195
39.90528875440922
43.294023818941774
45.73230985735993
83.0775173640987
84.81596327113208
85.2357105389856
79.11153665697313
68.2148938845841
60.79528464552873
53.04093873963204
30.288806995144316
17.90599271051895
10.749914677916244
6.533392355165204
5.269715016025272
4.823481265793164
4.144081363328013
2.5205749457317066
13.480665550202971
15.55136210836965
14.720741006194922
14.071272781891812
12.646173663324596
10.845164920638716
8.961338601060216
10.39173997565591
12.430704038933694
11.948908646156388
11.521891956432192
10.951820322813587
10.95231333722534
10.299482569320267
10.183427916491365
9.621735101654368
9.308178074133723
9.119519394899847
8.760804181629544
8.153765228325602
7.751757155747442
7.307920870997466
7.231074913966432
7.0232634754346615
6.575344979948013
6.233636157321273
6.2941789992403985
5.745833329653228
5.615341337536942
5.673764619818832
5.308614289671438
4.7212790757327445
3.7921324433130925
3.5079684437663525
3.763144864435481
3.6683107422995223
3.875782945753466
3.5765224535140674
3.2580622477032817
3.180542325278461
1.4145530216810305
0.1682499497695361
0.0
0.0
0.0
3.858690200466827
5.847930483185151
6.541667609079261
6.756328208015811
6.654913967186418
6.755335492952333
6.757978693165432
50.18766754258003
49.740202046641
47.270639280802634
44.361732576044986
40.637178128236386
38.23787090115348
18.46512327872019
19.12766710486117
24.37833365249604
7.069715482240968
15.669643342346534
36.6035165216558
50.64245956111314
81.71034181377671
84.27906942018453
84.14062034488585
78.86693248005585
71.28731139919967
62.01816652665765
51.28351766655154
7.772006227546086
6.9265812265699145
6.1354580320449275
5.700118840933385
4.877802977632491
4.156437407853376
4.072739463165875
2.8031362147676973
5.827595538688686
8.347923686908594
10.519822769688883
8.324313521931181
4.866405418396839
3.9931662577715983
2.1128382424374608
3.8749847559919353
9.880517366179753
10.733115887395057
10.9898809191599
10.8932835903457
10.650795134654205
10.277784110069033
10.035629366709447
9.59625211453652
9.380930887530814
9.141077930691011
8.665701661931378
8.26904462601983
7.844906761816267
7.585516303233639
7.436270127226342
7.064463373926437
6.903993954985323
6.499127276793025
6.447065268068247
6.453401332859833
6.245875934219344
6.070405966195531
5.864010726154056
5.282139533568835
5.45276083606161
5.121572947109424
4.9404290847466115
4.4093177673025465
4.317655274965701
3.8924730066240283
3.1678167085505775
1.1886611283828459
0.0
0.0
0.0
0.0
0.0
3.3840868262433297
6.0684221993362675
6.685678522979809
6.826673567340312
6.693110468534719
6.838440354503005
6.898710568059496
40.802699885569574
42.15337569121088
42.17028688020005
40.817390903327315
38.44650766207945
34.527237042457436
11.255726508638006
24.865086054394034
24.686326797353207
8.444406880856764
12.826165380245607
9.004876218478534
30.885647095077985
76.00581617378079
82.19167970405712
81.10005111720376
75.66146774606746
67.35780973740314
57.96654442472439
43.59704183506133
6.801918426847769
5.981944444508618
5.283229774971615
4.615877255346349
4.299539923052241
3.7093980253956422
3.714987003659068
2.4807748080080314
6.4310596997344645
6.554552404222786
8.53264365731789
7.693351722784123
4.8091453629942125
3.8186749130978686
1.904561533999516
1.419488261499783
4.65596472361239
7.808587748019649
9.680069460698139
10.554522654086865
10.472401134921197
10.275725438498599
10.144079691551132
9.592900910778264
9.253738115081685
8.903222464880757
8.658059320184122
8.360337530136608
8.084816110358654
7.586938210592604
7.349043852725045
7.156567960763612
7.014609585275945
6.8432321133451905
6.4126488927062635
6.506223807804562
6.391117312487805
6.335955354524485
5.904826106057792
6.148213952094657
6.125683651577476
5.424332690766679
5.6442680301546275
5.011009993542266
4.783639016349199
3.930748117599957
3.1248304720933455
0.9235561437330991
0.0
0.0
0.0
0.6525091989039183
2.7044852449552983
5.457220064393346
6.4226303316706215
6.753305893079945
6.862630927991414
6.901604465342469
7.029201618946258
7.198117102383151
32.56040887442091
35.110702847047726
36.117100270237025
35.82120678073076
34.68977967104856
21.362191590608486
12.154725652889043
24.677850912658226
20.327830159902398
9.33643262721758
21.71780006456818
20.812878521799746
12.281187743726107
12.712482944711628
43.928884922638424
73.45521285904418
67.9183169108266
60.115087758875866
51.844914643613556
35.41766489511114
6.69619575977324
5.241686507877378
4.112817040379437
4.046403111130028
3.938780958915678
3.780346237804178
3.416936046825848
2.0251291639606026
3.7699299169039153
5.565091360120546
8.031309713222239
6.42912113932999
2.278342263579558
1.7509703841316515
0.6890299478011265
1.4435953874005936
4.172991160021101
7.201900666497437
9.070216064416272
9.9102056609463
10.263692832799789
10.188982465629529
9.98890384528149
9.489605594123153
9.34353297176936
9.061034819930954
8.58222456158207
8.15127592791422
8.129446266628499
7.870215843276545
7.529899653394862
7.3524880901384595
6.965902181294869
7.2142437395989205
7.007797685457568
6.404070562481939
6.348432769491827
6.567386695460221
6.238966816815115
6.504626840061403
6.3787083523710715
5.593958187883526
5.611451853873879
5.374280322738811
4.837891343708357
4.474784164621363
3.303819558776053
0.8448869088463781
0.0
0.0
0.0626390861637388
2.984502061874518
4.794691615269564
5.82175709628829
6.538924256666687
6.787603309685231
6.987142986281427
6.785473668848534
6.946707344235926
7.129892452414523
25.05260973171416
27.49453011864128
29.492780870644793
30.02919102160407
29.369517080996758
12.692763959198784
13.72634122321271
21.28142674852824
15.116994573772574
2.9215507380014163
5.704572868846519
12.648183164099004
14.237616879893519
11.332025727647702
13.38466927789052
64.08984685278787
57.792492602073196
51.775774598669166
44.96900409546628
33.98542015896704
14.943770398028807
9.75186145004377
12.592107071172173
9.285277144862103
6.236439920189217
5.2258454622628765
4.620085115587158
4.402593503855091
3.981685771480386
5.9356733602025
8.68609925768367
8.666158534911625
3.6403316296311887
2.521874250155759
2.9003528839156556
4.172850445853096
6.278016032962308
8.118758949292223
9.348428277736966
9.823000951349973
10.158361290817416
10.183309098067747
10.041113553642605
9.35776764350877
9.015925347266835
8.861558915224219
8.655984989164478
8.238344080876349
8.005936846886017
7.813333617318663
7.662516129272542
7.240454454063521
7.154862304482936
7.19158676240823
6.699224520104926
6.62047233987139
6.588204523138493
6.419316581814899
6.316211666438693
6.261240632864879
6.074702245121325
5.649065845839331
5.9336956455833825
5.354727998200534
4.87672216244486
4.123330779412252
3.5000759134569406
1.1332138251280524
0.0
0.0
0.0
3.0501906484843806
4.785161216713229
6.089095816304798
6.668036679843338
7.137539502031781
6.933753323318669
6.944483225672452
6.993954886099805
7.045064559280213
19.344166735005217
21.579180388701868
23.29396806655055
24.048826236935927
24.20775573303556
10.952754904634373
14.199150961333508
17.797533797583444
10.909295093994295
4.311607078719711
4.453474638157161
4.3671051065305395
5.003346367341508
7.09871015913546
17.676496234688088
53.91964389929655
47.91973468510319
43.6430918729447
39.278687064622765
34.991729827348735
30.943239981937566
21.628257886576147
11.80957313087865
9.704651253797119
8.509166744177184
8.620889847790298
8.964102270758438
9.77096163285812
10.38591466665294
11.012802541672764
11.865430048285148
12.110363369214813
11.202607021734819
9.989549128147086
9.720448826022379
9.728117880379338
9.746700308313173
9.932849676381338
10.260055229373947
10.458479175657619
10.452225399953765
10.079022164668299
9.868967364174544
9.551407341032283
9.178194031534709
8.937530560516658
8.71668017472118
8.261412746862984
8.11101164261183
8.056238460279776
7.62573293181582
7.461956288755248
7.393827163517816
7.378734570283037
6.872881981818034
6.866179581860158
6.547834211208061
6.716985321998094
6.50129729714883
6.372134370066089
6.17914095877425
6.1442487483854755
6.011448816286253
5.738163393800753
5.457216684350515
4.588883377238783
3.44828832796533
1.5521026566409928
0.0
0.0
0.0
2.9393641957368715
5.121461947126265
6.417363017245772
6.786948553099458
6.961533399760971
6.968946427523495
6.958216525169711
6.96513183419569
7.110946659344043
16.352331563248143
17.351658566179225
18.59435114617785
19.0956365882664
19.438485366648216
10.69213714615328
12.8258701216494
14.956618528094412
7.819154357096513
10.09327239437703
10.2874953998799
6.958506682098067
4.85192693207388
4.6141784643484725
18.836839875731208
46.65809078912195
41.254416715042915
37.48580445373564
34.394231159482246
30.882991194955277
27.490110073207607
24.27797942425401
19.82217608659446
16.66666133882242
15.326257017810905
14.8158838728525
14.521331846975736
14.287178957068345
14.205098697189799
13.81468734313213
13.821647038817412
13.69805716895545
13.216455981778603
12.677255840633464
12.132459820338712
11.801404890798054
11.182562335545569
11.07774178970369
10.921917949684916
10.577041684336606
10.453606398379458
10.295254055756677
9.822698155661916
9.509630628050587
9.353771449191676
8.746935724276378
8.645780001913074
8.455053345384417
8.122903694765284
7.976461455004682
7.646448811137499
7.433056661842688
7.288942858323589
7.159325563743606
6.920060872906558
6.742322280155916
7.034171528424299
6.618705909465443
6.354743582330369
6.392332152007827
6.11664427284187
6.206150640534367
5.989142514183989
5.763734023591471
5.47045420743441
4.641399829453192
3.601505072305229
1.5243583707414843
0.0
0.0
0.0
2.0820000190285413
5.076036563807507
6.294225992364288
6.439013276776802
6.7752353945783925
6.932751196942004
6.922845270329029
7.038963287266486
7.003224926336391
14.066748767222974
14.713828894233659
15.453663144399577
15.889023743570306
15.990652324072775
9.114661923442362
9.272810690753875
8.819322884833863
3.54458332959519
4.57294816309065
8.82777330087387
9.337311732104597
6.336397474720566
5.020659996366683
19.76512308881867
38.36184714582586
34.8723780278808
31.571308356942595
29.437101369764516
27.35164942653867
25.753708851383863
23.396191772255158
20.50630360563246
18.524303941850395
17.502188060690766
16.955275776464163
16.617060808633568
16.41529017575614
16.05727904708502
15.43999993299222
14.737018603029775
14.295528763143407
13.820827795670414
13.405827384739304
12.906744543497254
12.519469553269104
11.847671381968704
11.365542224290323
11.092622509515115
10.756783859829909
10.387405424257759
10.188790898912018
9.886695081521621
9.48927475557973
8.960417363695681
8.728949655574421
8.663167463690685
8.482724540511317
8.184241601903004
7.886049081098799
7.4429993613833805
7.288415464559968
7.226611654705754
7.194572296590058
6.9851914960805885
6.810222278618689
6.854303294836961
6.713308250476458
6.854303294836962
6.534906213166973
6.697696007212375
6.059240328889939
6.07412919250868
5.703651592636102
5.5454391914096215
4.912465697518618
3.931862768511874
2.3381046565176087
0.0
0.0
0.0
1.6838956553105142
4.615811738326921
6.066528063735109
6.735128252114401
6.962789284290889
6.934940557073232
6.918927267793622
7.219947861255785
6.84373652098531
12.604198432673376
12.80174046108856
13.294325785856598
13.65196254836632
13.741829977648504
12.180349947983888
7.462855087760703
5.447032447463051
4.0851627256676855
3.0194553268142816
1.8906387292712652
2.737197281558032
4.157128168413962
4.8348940147680715
19.614220639083253
32.214359204097306
29.331031392117765
27.18495316485462
25.623893093150294
24.814574843408913
23.28285965294463
21.90045008839133
20.17493996864478
19.040537420716507
18.357339275265904
17.820803604322617
17.26055475862963
16.98596292230403
16.734471079618515
16.020717657560944
14.966030334455485
14.268741007023893
13.895697824836729
13.65997622844304
12.975836987120143
12.806846922104079
12.051422769354867
11.483938136768499
11.149292371377548
10.649115646342466
10.300796858178684
9.99571533433807
9.822757890690802
9.40100013926315
9.164861627225342
8.781670792969402
8.751710591187546
8.334940552155434
7.997700968454222
7.8939629826969195
7.430859377478371
7.512411205349882
7.369582961387781
7.285501461738099
6.983224983746021
6.882315150556749
6.999510901388265
6.735128252114402
6.567505654216919
6.379065228641165
6.206864393074553
6.185120147295744
6.26416335448952
5.804819807061104
5.688213209358746
4.876683940885332
4.36299689589718
3.0041487363240855
0.0
0.0
0.0
1.2878735981729357
4.510592971624247
5.975120639697817
6.662107995227934
6.9661061588821465
7.06337061789865
7.16030881991089
7.049856318122399
7.170938153884994
11.42358787453643
11.713185493777823
11.846710426282458
11.987146305546098
12.101890255281193
12.029849513910799
12.230948822000899
11.982507456869895
7.072933528395685
4.483842487962593
2.7625992942519604
0.3542292658962885
0.6963042677985223
3.7543842473051146
16.9252042171667
27.02723631443908
24.692547442299578
23.09053838248295
22.50062524210866
22.010544132103856
21.339257835807956
20.539671878053788
19.514580169160013
18.559245072895944
18.33281393167186
17.74339501593835
17.3002153293455
16.96291004496496
16.414127945123525
15.66574685569132
14.97369718634735
14.31638042812822
13.858287909290258
13.37813855639515
12.91114947970872
12.476794881316705
11.864224213723483
11.556178380436029
11.095992398896978
10.825532285640316
10.169528205939628
10.160670590671732
9.828435378796204
9.38473256389079
8.913943545639802
8.690692159263106
8.445172874034808
8.400233238308509
8.010241448395726
7.819148813114327
7.679539469161909
7.4378523085172095
7.1093622752326135
7.221165139277799
7.081404048154453
7.044190802973435
6.837275052041203
7.010146326015272
6.535738924463858
6.399500928096299
6.308660762127084
6.384925458405961
6.116406355328477
5.977436383102423
5.745379235797283
5.238101038489701
4.3416556215457165
2.900661523531763
0.0626390861637388
0.0
0.0
1.1760271353874547
4.885718808254751
5.988560821828694
6.722268708923921
7.037707402736567
7.114808790660572
7.238487941728951
7.402259213127599
7.194462796729559
10.683180698301943
10.753992917764629
10.961526249364832
11.13863262093541
11.048873801282802
10.90048240146491
11.052411394578682
11.185768323818523
7.505175395045019
6.496744311432743
6.025815768745962
5.5072527685822985
5.65902325524944
5.2810096518970635
20.66073124458911
22.776104665865645
20.74191862660875
19.996654631946672
20.06587614313279
19.780430856384427
19.820845234872834
19.184320675733165
18.519039529478107
17.815573316223293
17.51007722360845
17.22011956541596
16.969612244784674
16.58239059890117
16.136039050725774
15.354387762571927
14.705278442166248
14.214089321038136
13.660979502491637
13.107779501153376
12.81086015950717
12.236196030124878
11.812399672243064
11.26366603494326
11.114721899255976
10.727449273292665
10.210756527169423
9.652750614053879
9.454270936281016
9.33105163878425
8.78247785390359
8.609816012174775
8.465594148299338
8.02866030728214
7.921012788744758
7.77777784814502
7.340048643671661
7.301541545460182
7.17218510693409
7.035139762457855
6.9156512422875105
7.052477587042738
6.69190821264643
6.724182363539984
6.618095322625104
6.473361197288176
6.501322549101874
6.260000541391811
6.122072149921567
6.087082721946939
5.896372808578858
5.3989898913053205
4.400401019548913
3.038032057036958
0.2505563446549552
0.0
0.0
0.6605861760817471
4.527860167930374
6.423063970341186
6.733938468622675
7.097853094298825
7.158342307576325
7.0701378205562255
7.2971140518794835
7.1378060397415135
10.090704044914157
10.290329169622165
10.235318346989956
10.316511564727005
10.240681329410616
10.199644574898333
10.188866501200676
10.255583698959157
9.027336749257847
6.9913336171794676
6.571671698652701
6.161668865113103
8.315599681005555
9.678817279360022
20.436812503632904
19.48977688608795
18.24614623600732
18.011400302627333
18.308603475483164
18.34580120148146
18.45141663514434
17.98201493407279
17.656686369151384
17.229571994407596
17.108726784746004
16.728767798047087
16.391179094516502
15.785268631420372
15.33451583179844
14.55742133560851
14.224156823546926
13.782597247942881
13.467424397590849
13.058174984430325
12.628890604582208
12.012325534387607
11.715871441648137
11.269950152236735
10.765403008573072
10.529066681524135
9.885877972344073
9.482419939010832
9.405896405566027
9.155947691129345
8.717075825990067
8.306322365144894
8.32650897655738
8.07522116438627
7.744657573551587
7.495124168578711
7.622892991187923
7.405296690939281
7.155993667018621
6.895174693747229
7.054061971154165
7.010910582461548
6.608020176857094
6.826673567340312
6.507420696380066
6.411578263895985
6.269123161493535
6.162392237390035
6.302468908045241
6.086509669334297
6.132519084349882
5.50835019637294
4.950251655990921
3.653485050482929
0.48508254058692796
0.0
0.0
0.8873608311763022
5.252092888716206
6.466260876050313
6.827995552908423
7.0026237983922455
7.050238446345535
7.1278454772391715
7.289593727077023
7.087196926125569
9.63970002466227
9.712671613039296
9.85245029616841
9.805422630686552
9.834300313075497
9.687353232604156
9.864065466846995
9.634901115218039
9.725777891574076
8.815893292781158
6.832922667390113
6.369739722592991
9.283536393376911
12.287767228628221
18.11404392482008
17.597729409630386
17.015646490029493
17.07696515311796
17.08108305153458
17.22246932288038
17.349818613030664
17.14961839973813
17.06849175463658
16.79763686477418
16.42624603424496
16.400920003971912
15.862088349403432
15.236126552334111
14.785495309374882
14.24585043539126
13.965536759438399
13.622489030962013
13.115635569028465
12.751733051700265
12.376757978534522
11.78008289351411
11.316507002478623
11.029661056868681
10.77479428888821
10.29017159833265
9.886126888001588
9.623611729034472
9.47661886030404
8.881591836569555
8.624710393634393
8.426260530410605
8.3150864088626
8.156516311927295
7.872588337763809
7.866924590286841
7.315612276019771
7.275327990167658
7.115792046827853
7.00741555723443
6.90437608320846
6.998051039271068
6.8774011122975836
6.819041539856781
6.51382521602226
6.295062214443372
6.275697143798518
6.391499440710944
6.21110268258727
6.1494604491226195
6.1594834919851245
5.611474496373455
5.526328551167198
4.804595430689986
3.3404598330298545
2.7242107909517252
2.554205818745721
4.430272284008763
6.216887435937057
6.795288965810388
6.9484012282078575
7.083752688712159
6.923719026635807
7.310465223153606
6.977286840234423
7.127668333851051
9.15028825248875
9.328136707514775
9.514955089755539
9.639763880234774
9.619380286818224
9.403748077761014
9.377795824435983
9.333312243761537
9.344635131231236
9.57677490397808
8.623692890661559
9.598933702439592
13.073725068437458
14.85101109889939
16.76026281685034
16.217232260086565
16.074980641675367
16.191176766208287
16.38886815145395
16.55413941016156
16.711757471921356
16.586638070802266
16.14755795811449
15.83258122549614
15.51362753221477
15.406437432744347
14.661295595981205
14.475346034650473
14.203466033942707
13.94964396518011
13.49619241243562
13.110993097933662
12.762522272863805
12.469500922295943
12.027244416567594
11.596790796652641
11.068218659601644
10.885197029430186
10.52721753684112
10.164591573088957
9.778230008960204
9.461486945679704
9.106355576780423
8.89361904383995
8.631304369751813
8.291801806458755
8.063089157537908
7.949719774351761
7.698998303631471
7.552659725522018
7.371585239402328
7.316403366665204
6.938708210662983
6.938654582021357
6.7703341358757045
6.6743569515780745
6.844487997875107
6.687589164095498
6.432489798377908
6.2890830259218795
6.261716467891671
6.0109622363778055
5.9019066157712246
5.896749142257428
5.960947320402447
5.927421467127064
5.703417750668258
4.975777255287872
4.703462709024748
3.9528809431603587
4.460696597856235
6.320374479536401
6.650234721705109
6.791001307448411
6.798333212039013
6.950311869323546
6.9851914960805885
7.11790666553082
7.303543823474723
7.232058170133711
8.979122017653157
8.959753230001754
9.03780648465389
9.047635063519671
9.05983180708102
8.96324913639673
9.074951346365612
9.0684794822295
9.154404960925651
9.439026142458498
9.023148610313637
13.279914005186221
16.17231622459586
15.680383026810652
15.341024290103226
15.069259167613012
14.92818949376817
15.188215985150753
15.641219457704604
15.821492053893511
15.707110704111432
15.649872832150452
15.312297322820932
14.912663404152829
14.595362488473612
14.171099099181742
14.008516323726264
13.868640131263755
13.61218238322728
13.537702756056833
13.054066092258983
12.812491767866362
12.505825777732856
12.14055246350459
11.710566122233448
11.22098136651946
10.919775296916152
10.68651421143109
10.080400309099222
9.919491360238906
9.635086175303048
9.258518957212512
9.049160677965496
8.653176002111794
8.449960272794028
8.386180735792394
8.2439064417231
7.97478199987487
7.650376145367536
7.636554431311783
7.1459386267895075
7.035154784591584
6.964646296764951
7.075208298413949
6.698810694532922
6.801718737405627
6.642436552219076
6.513774712116171
6.343816141982298
6.3165685427087865
6.151060648203855
5.947438403976836
6.122407285020815
5.9907015146859
6.065387825838557
5.887246957139059
5.7795518263171335
5.472461434463533
5.404831797747205
4.76956440569522
5.431756831170734
6.446708391798153
6.760371503468569
6.656060351855832
6.969328555746632
7.00533954503936
7.195937680980482
6.974884571035093
7.037651531517688
6.853320038669678
8.541790353188931
8.793154008137758
8.789303953804932
8.66267192914439
8.670789517574338
8.707772553287526
8.485653969802764
8.555807766597987
8.552198024998052
8.74693572427638
8.513891956353934
11.894787163456794
14.254228095065264
13.978370476862608
13.935014778029206
13.955719638558366
13.84780724093947
14.064003169574326
14.534774886955232
14.42354442760533
14.678527886572542
14.568851276183825
14.258638210530982
13.87971953852099
13.79467967396563
13.692669345691098
13.713466114320545
13.516468861982853
13.17855040351881
12.941472802356902
12.724855190694388
12.45183452354759
12.080157570428973
11.704850942770356
11.182500079586932
10.874376925571507
10.507487473435903
10.266373519372966
10.201643489611511
9.547163611843073
9.333971287507714
9.068404211078976
9.0700107983097
8.746479700467304
8.233683021094173
7.972148247699194
7.836408615472535
7.523070870377945
7.578858600436569
7.402750841211239
7.225628398538474
7.140036248957888
7.024901488187714
6.88824051451187
6.780781950970659
6.555028239249577
6.37668254272501
6.527423763705972
6.192645799654309
6.259690658245607
6.14412978962878
5.982665749464858
6.2612406328648795
6.005516693672818
6.149125314023371
6.050709271233628
5.8227883183024325
5.745379235797282
5.8455103608794055
5.4378582830417646
5.647900954836917
6.601565153308808
6.694137894447436
6.919036767654125
6.6651650210130375
6.927323551723429
6.9706939401370525
6.919910523960906
6.8272188240655804
7.207813968003676
7.973272910479959
8.175090095865398
8.43761065575652
8.324627250275453
8.226296285949042
8.222226477844659
8.331814846056679
8.19122348202592
8.354368180811536
8.535183116459859
8.128926032199356
10.519382848787776
12.589157391075634
13.043973304536625
12.980536940667527
13.142806613696944
13.235264022118265
13.121987471940542
13.34210239415559
12.03638899858215
13.413030392028746
13.508339687579197
13.320505029977284
13.017320840239483
13.10016731606054
12.974601216104265
12.952994115567172
12.856508065591878
12.636004016375999
12.232648308372914
12.152482906482382
11.919325655678543
11.378466687426217
11.092007231110554
10.8436838227941
10.845213022316207
10.437027245975017
10.157667772241265
10.017605360306815
9.66907553836624
9.050019613743515
8.815107882816699
8.743646689976073
8.456371270163515
8.22099155861895
7.837843184001613
7.848225193573981
7.6220715694885275
7.319403504518604
7.237732616763501
7.218706998859592
6.993300129514033
6.974828699816215
6.857019041484076
6.772823666482867
6.632949754838732
6.583040094969364
6.265334711667854
6.391737358224338
6.108329391528113
6.232965887122775
6.0863907105775965
6.062064393373838
5.9793463925456924
5.797479138979139
5.746240357601117
5.778405721091843
5.69027157784148
5.410759042807719
5.345852177443882
5.481734524790962
6.638549939872626
6.79490683758725
6.700959253162007
6.968727427802486
6.945247482118727
6.867927094473718
6.945178831343373
6.854344143922111
6.940769200724325
7.646351537298539
7.73650959164068
7.726545020112676
7.901956364003182
7.788795387252854
7.837957306104355
7.9191787330102965
7.827203463878338
7.828780210543178
7.917120505709762
7.659554777033713
7.27375953732373
3.1043656909964734
6.920847182526945
9.11582679482533
8.967457743147607
7.976572938162661
11.789166169135093
12.253890858537975
9.28467774391033
7.346701708312039
9.165498385791985
10.39005095645906
7.758332444360098
11.043678400595706
11.60987409775439
11.87662663382436
12.132018171194334
11.990233743955509
11.91101588065732
11.588110437992565
11.455459060008398
10.876220878991916
10.825682574429946
10.552303557232138
10.641539785240354
10.31576308329973
9.902587689888293
9.567413713774167
9.194156121069044
9.027813394615801
8.882139595990418
8.695799033235607
8.395849642319428
8.058541629825992
7.791966682032506
7.666049109257895
7.7021695984111185
7.391261726059665
7.2642070281099125
7.156103166879124
7.060382242888902
6.855831807729514
6.741940151932779
6.504626840061402
6.2236018387254575
6.128192038370602
5.977962369807008
5.737159780286191
5.764544003941693
5.844845958009646
5.566191459009983
5.766263161779626
5.594323787554714
5.716652187982421
5.651890900099048
5.569048974514194
5.5831956750858
5.407317641362117
5.465436139861605
5.513210888168729
6.595924890112888
6.680131966587542
6.728698480519162
6.84382378239314
6.942353584835755
6.729080608742299
6.863971303936542
7.031932387727098
6.869455607366269
7.183536841021584
7.3578988398864364
7.547284741454026
7.633684159629911
7.517294561334241
7.5813314212327505
7.624678144288582
7.609992310655536
7.631838281457247
7.572221982941506
5.837601628997113
1.5620122152692149
6.155940373994282
4.167488859947164
0.5950713185555184
2.8612095743428427
4.2554385914988995
8.826992671224993
11.035963966668236
11.421388433412627
11.103277433546804
5.2676223102012205
0.7829885770467345
2.068676416794818
7.487221603689768
10.082665680380739
10.874304064979206
11.35025759894206
11.274183363058782
11.077332849682412
11.181583074431856
10.855828037141475
10.464392706075838
10.283469224346979
10.255647554531663
10.103225611034977
9.829182125768739
9.68578937645408
9.486273183970358
9.154089644721758
8.677849010793663
8.395527665485751
8.355828413772524
7.996128695910072
7.773991263080867
7.553124833677639
7.297990011006829
7.386043141833544
7.188252024855324
7.095027847791208
6.829730593125416
6.6700662797157255
6.590115164254182
6.650037960436775
6.1904038136656965
6.085482522865704
5.880595214656702
5.489890139223156
4.54533594194719
5.008118280873033
5.3429916367495585
4.918081509551668
5.012363261643822
5.218367931047276
5.385214802043388
5.429234655655144
5.371374751550722
5.51891907600633
5.391058444405794
5.002153143059916
5.090815435701754
6.695403237873547
6.471068427949349
6.410096744127322
6.661989036471236
6.695785366096685
6.910696354943197
6.506512229224048
6.749898436420571
6.875885378961509
7.032696644173375
7.134098105446289
7.250031841338298
7.090072960446894
6.897946311613221
7.136103224288756
7.257249862751053
7.307479688971777
7.0663203864005
7.0925311008651
3.841516880686542
4.151888172214167
5.956566340969191
1.551587008505833
0.3445149739005634
0.9628907611764596
1.61477807071513
2.5659926445460757
7.884557956895241
10.275403321381175
9.335907935202579
1.8429177802113401
0.1252781723274776
0.5011126893099104
1.5124513510696165
4.0156831884506445
7.593496783025484
10.264511601774174
10.563662039071865
10.611064435001605
10.71485034612276
10.44089326554113
10.160040927668083
9.932605879860919
9.714667058843014
9.909209998316244
9.37309690519107
9.29422012736432
9.159067833910544
8.959519836683766
8.627547279281472
8.546455553813924
8.190198453850854
7.957359117135178
7.715235987501428
7.737007368835286
7.631040258613892
7.325554975560463
7.198161799543954
7.061895733647724
7.042076184270465
6.866780709804304
6.755563951569535
6.348530266521806
6.251040641832601
5.681506434586215
4.451484389322127
3.865687921595234
2.40358442075655
0.8397726432616585
1.591149408642687
0.8869388304695721
0.8212405440352072
2.997047332120942
4.255868632052195
4.928501496449295
4.884155671839476
5.1191009620133645
5.099494799638293
4.600449705397738
4.796972391627813
6.168966219695018
6.268290450196651
6.1426268081333975
6.178665123747461
6.595924890112889
6.55405131724295
6.657328708782314
6.636388908846974
6.54245067208276
6.982407098658119
6.913699752086673
6.892772424547897
6.811957011675769
6.948291728347352
6.68560072046817
6.806682556230767
6.783180899509706
6.892662924687395
5.854062670628913
3.2038090305850284
4.72415869458709
6.563557287782973
4.034078901368807
0.0
0.7203494908829958
0.156597715409347
2.041480574502264
5.932799744367552
8.857209593425678
5.625931622534176
0.1879172584912164
0.156597715409347
0.0
1.0961840078654281
3.0836449282049427
5.82557973890107
9.054809979953731
9.864301369239497
10.1223812322999
10.024593016727012
10.167840921088057
9.95517163896304
9.703773093067433
9.495865222518374
9.402979301816446
9.310800473966692
9.143859086348053
8.80996934293098
8.678787083983655
8.31446428369065
8.17435588491041
8.005965510268863
7.897400963864249
7.593998798901381
7.5820190889282655
7.46648823854796
7.206567014954584
7.134589733529933
6.90944047041328
6.9213256889173
6.693492596757857
6.477260282031193
6.189958466248266
5.885518846202654
5.512466834017046
2.9888466234452107
2.239102856902013
0.1682499497695361
0.0
0.0
1.6247171358520192
4.013159652961564
3.854900171543013
3.786917947820463
3.757034166091588
2.868098918911698
4.351747381572113
4.674227288817048
4.066279974676806
3.842208084411675
5.954703878190986
6.112646880773095
6.16365730137202
6.176805265981984
6.541811819789003
6.586939179712381
6.481243725916834
6.487172410532238
6.629339091515201
6.504864757574798
6.545829863288717
6.765366468974911
6.656060351855832
6.572695334339092
6.487291369288935
6.6757317948646895
6.542431865525537
6.864259481848274
7.0292166410799855
6.544671475788779
7.538487010565666
9.836680552111083
9.748373881255057
3.149469627041442
0.0
0.1879172584912164
0.1995694928514055
2.8072208671328633
3.48205989592889
3.8844654006337374
2.6766740538328437
0.1879172584912164
0.0
0.7203494908829958
4.059404168166623
4.153652160358336
7.519577354981167
9.207207059990289
9.273961098092995
9.505196058435919
9.557539258282493
9.364663312158457
9.224766222833873
9.116220201906224
9.187101412468307
9.071486461112006
8.666566910002096
8.531099668809043
8.310992469925816
7.969380627444953
7.954412525350257
7.9331823892187865
7.712991097907077
7.554065919240905
7.407520809502755
7.226048495262157
7.102440875553731
6.99471914254608
6.945629610341864
6.812339139898907
6.43344146843149
6.248449544525008
6.257354965453343
5.63602782324851
4.971483210574544
2.449152280595883
0.0
0.0
0.0
0.0
1.3442977194291037
3.599228328234261
2.9819382842435154
3.0641644215813586
1.617431805718209
0.3758345169824328
0.37143596834752696
0.7741708455048104
0.9532291039098775
0.7852657544090405
4.609476662482817
5.684201841070237
5.6779865268185326
6.164121860665498
6.607255920410817
6.507752320697113
6.309756642890407
6.390663218631859
6.52487161512703
6.398192381772623
6.18535806480914
6.22765696879978
6.254190815533105
6.418220701051575
6.562986523737369
6.465615578360734
6.594684798639822
6.3505090830439785
6.56638452150055
6.6143309896956355
7.391813727394467
9.253436409900056
9.703204899547401
8.461412462609335
1.8588256072487939
0.5011126893099104
0.5637517754736491
0.5950713185555184
0.2818758877368246
1.199556301560194
4.535452426140163
4.213005664053374
2.245097396449645
2.5698854937140094
2.9362993577009644
4.193486248115702
6.410249894131619
8.219367393935128
8.975859504576162
9.17434867399308
9.181649151251552
8.919634225293185
9.011406659322017
8.822121804739298
8.880878396003949
8.496142926777885
8.405327742268641
8.30567841147754
8.154842426887505
7.8903754267505155
7.67446007356567
7.589323786388752
7.362026870905338
7.287959602156305
7.449009036254934
7.235265544864467
6.768805622983153
6.703361522361338
6.7812830379504945
6.629194880805458
6.486815534262145
6.165041324110705
5.883460477719921
5.419581025727576
4.222883055646084
3.9939185658650005
1.083029630504936
0.0
0.0
0.0
1.4653564445764435
2.726889287571361
2.332868970595441
0.7939000570428282
0.09395862924560819
0.156597715409347
0.0
0.0
1.9095210736319717
1.751185813496819
1.1869703354808765
4.894057915485804
5.098805644341306
5.798245824756123
6.136409702098509
6.274983391258332
6.24692482185878
6.41824595300462
6.539926430626358
6.288845108408484
6.2890830259218795
6.300871940302079
6.165041324110704
6.206388558047762
6.445994639257966
6.4323708396212105
6.364370800194129
6.280984320950671
6.413974367143617
6.146692403645254
6.609103502166598
8.99990032611455
9.260554689946321
6.627268112023461
1.440698981765991
1.0765166991437478
0.3445149739005634
0.0313195430818694
0.1879172584912164
0.0313195430818694
1.0535763499038575
5.028781963270725
4.958105221765636
3.562104226146195
3.360537980944246
4.903534571857876
6.3848064996492635
7.3654714225898825
8.214830061263445
8.370335332912232
8.433727003356092
8.481737160449644
8.536119228799908
8.291018692869963
8.394515134687905
8.173111977012137
8.013152035799436
7.912044099619399
7.983270713255588
7.523428744457716
7.268634521690606
7.4941766780914065
7.351960696374839
7.144718507939571
6.909494099054907
6.796817478702939
6.574317554035297
6.6416722957728
6.5766103233741235
6.323023566257071
6.17197218268578
6.101063397853788
5.877607016612592
5.298083592855841
4.421742293900374
3.201039532446929
2.903766319799984
0.4384736031461716
0.1879172584912164
0.9709058355379506
0.8456276632104732
1.0255298473401984
0.8689321319308515
0.313195430818694
0.0
0.0
0.0
0.0
1.0255298473401984
1.3775964734196617
0.5280543180289865
3.4884711213438813
4.373026648126287
5.187466191634039
5.949784841650759
6.123099296390157
6.294154026731479
6.520756074597336
6.323618360040561
5.97121520152198
6.212843581596049
6.156823660382799
6.097529656375257
6.180395026467049
6.185120147295743
6.241280768436536
5.89949544656395
6.109832373023494
6.205577587921723
5.955093759973756
6.183329099619122
8.471132141582562
8.970860769383718
3.659798957923978
1.0961840078654281
0.0
0.2505563446549552
0.5324322323917797
0.4071540600643022
0.0
0.0
2.587543333119191
4.122246200607185
4.222812927137172
4.398057168706296
5.718903199853674
6.335072139321512
7.354262436951173
7.307180226409988
8.06433753955688
8.12239890101936
8.44556852530369
8.229724442723061
8.072109738802942
8.136054277778063
7.90037621903202
7.820860874319041
7.700783456732141
7.780949142924664
7.622531305982218
7.502380796499363
7.325554975560464
7.26371540002627
6.980603714825684
6.7058510529685025
6.754035438676983
6.412529933949566
6.419936627551432
6.404571649461774
6.363988671970991
6.220012357684517
5.993543244795092
6.071501846958856
5.375894271800773
4.2280818274348775
3.5707980748126102
3.1224049591101894
3.098501896389628
2.586381344160458
2.179234272642476
1.1275035509472975
0.4384736031461716
0.0
0.0
0.0
0.0
0.1879172584912164
2.674601463226422
3.47852595819289
2.5759948547885068
2.0713658712139527
2.864712853011353
3.781432651451772
5.1022812429519275
5.913242280502956
6.1209260446962785
6.213795251649628
6.134311926819638
6.571336284109327
5.837626040467563
5.8045524892649425
6.083503706343532
6.5411665220994255
6.294154026731481
6.104393499654614
6.134192968062941
6.134117491647931
6.00403137780273
6.120471950840332
6.000928197226115
5.850959461146394
8.309736882372482
8.390715656760811
2.9276659215268106
0.8769472062923426
0.0
0.0
0.0
0.313195430818694
0.6263908616373878
0.5011126893099104
0.7429132052392786
1.4930181933875029
2.534512470980584
4.745577579772867
5.970170389428099
6.239445883179981
6.943117841282031
7.409718421880514
7.558002818000065
7.7227508776778695
7.645492789383179
7.54777636953766
7.805432082544481
7.836767204037248
7.351732765173006
7.430104052512919
7.3406118031152605
7.3162491696439
7.102058747330593
7.059994024012858
7.110345531399895
6.932606938649255
6.868691350919994
6.633366593911109
6.571455242866025
6.323737318797257
6.425321022289438
6.240804933409745
6.377399806047397
6.049444207251645
5.62555049876161
5.61489325531948
5.0264026759283835
4.340106343649296
3.523937707633277
3.727175929203103
3.0287948329496195
2.4004936517662006
1.3190579694372115
0.1252781723274776
0.0
0.0
0.0
0.0
0.0
1.9434189306028553
3.981884245741801
3.315043694415409
2.9932395358688666
3.673810499237421
3.9245543716334415
4.359993872546399
5.000296215880153
6.0036333029533155
5.9146999878734645
6.026662070122586
6.247616833228123
6.418628081227757
5.662354510376837
5.7957057539178605
6.248092668254914
5.704224645248746
5.970458458619287
6.0909103999453995
5.832079204631171
5.563657559711194
5.763540390427132
5.9601540159017
5.75182839201683
5.4947483823780665
7.879053875039026
8.116151231851426
2.9948649095232653
0.469793146228041
0.5011126893099104
0.4384736031461716
0.5011126893099104
0.0
0.0
0.0
0.0
1.2556781289093775
2.064826311766867
3.4507004724743284
5.508260712412364
6.5807725775835815
7.07275015799574
7.255019653534675
7.570142801905073
7.667435250936876
7.387361626242596
7.304527079642009
7.425520159090352
7.542629316671501
7.1353478993233015
7.134098105446291
7.216210251933484
6.91827251120785
7.212878355208497
6.868077443419369
6.841061623423344
6.170588159947097
6.349817071674636
6.2328342130778775
6.304555687034923
6.075999795155814
6.105918222320839
6.140788691538769
5.952531145957282
5.8573914697242
5.699352155156403
5.352772202690214
4.692262497583942
3.928773892948348
3.331216435239609
3.5927480576878494
2.702821150673901
1.0561086360579726
0.7829885770467345
0.0
0.0
0.0
0.0
0.0
0.0
0.6524885646318058
3.532225354985597
3.491450141309768
3.230074553571671
4.204954027696755
4.619267826036732
5.216487649085505
5.629080264015952
5.796278806530504
5.9283002545561905
6.327186379354779
6.122072149921567
6.330073383588844
5.701071312994334
5.784906018765003
5.836144800143026
5.830360046793238
6.045162435397238
5.730683015567061
5.843648711330745
5.619816886865432
5.385378960411604
5.693997962708532
5.466964750304936
4.747779040729909
7.217458311745465
7.69009727177605
4.601406433328009
0.0
0.0626390861637388
0.313195430818694
0.0
0.0
0.5011126893099104
0.0313195430818694
0.0
1.00222537861982
0.8062930457671128
1.5127061363812948
4.418528885022865
6.076437662941356
6.8295988548122395
7.206066455390121
7.390610857306232
7.42472906844492
6.872828353176405
6.635624652400697
6.7699520076525666
6.765773849151094
6.59023412301088
6.635624652400698
6.608377053127186
6.838004597638239
6.687325994629059
6.485957571012216
6.396927038346512
5.989142514183988
5.407112884803847
4.225788826893326
4.3147068576465495
4.950240822662174
5.628978080430092
5.79284049085464
5.7344899421704945
5.732809201352882
5.685581788263368
5.068670871715978
4.458377364198864
3.667903277850802
3.2503525600790324
3.154389326461948
0.915541069371608
0.9709058355379506
0.3758345169824328
0.0
0.0
0.0
0.0
0.0
0.0
0.26220857901514427
3.284132709431343
2.9227688042517737
3.692281128938874
4.518102012675945
4.362890192265187
5.1516938612158985
5.386382573926164
5.9008147377692834
5.997632373260976
6.204409741525589
6.231322205699853
6.42567789855953
5.491962327483008
5.577516191091609
5.612506608842052
5.960035057145001
5.862864620928768
5.680566806460299
5.694089312965647
5.535317778225006
5.452960541444058
5.721239694653307
5.40617153613683
4.674862588168701
7.114734953071203
7.5785591378747785
7.024389301776298
0.6807881234983976
0.1252781723274776
0.0
0.0
0.0
0.0
0.0
0.0
0.313195430818694
0.0
0.48869906631351334
3.351146692816421
5.384730113239483
6.296489719523747
7.012752572801884
7.226611654705756
7.15670429482327
6.542776627729941
4.972895970473895
2.81492677349889
5.642763478753055
6.008227666728758
6.41155301194294
6.347434106314357
6.21002854299479
6.245324622777548
6.237798970418982
5.725759384021109
4.912992702324565
4.0907348158475365
1.1342319116736521
1.1223229794040712
3.4930552214189894
4.732655296183435
5.372425801877045
5.946512550639651
5.695001576223095
5.344684405561104
5.052148639006611
3.721451550501646
3.374956208312119
3.0758785587578834
2.5404122692641127
2.029910877230524
0.5440844667519689
0.0
0.0
0.0
0.0
0.0
0.0
0.0
0.3947404370679051
3.712200376379272
3.290191054959827
3.285247360343262
4.187701730801956
4.728100797491479
5.259294700320723
5.723480862971635
6.085936616721652
5.824575293443451
5.920980033658519
6.275102350015031
6.384806499649263
5.518383245748815
5.37269282328286
5.628324411567715
5.767653051847048
5.754120602467407
5.73581695612683
5.575366472351761
5.600562634760448
5.427343531310363
5.513995444460376
5.363536451408462
4.765969679210149
6.464982597350447
7.51762978957601
6.879286607887722
0.9246918193093558
0.0
0.0
0.0
0.0
0.0
0.0
0.0
0.0
0.0
0.0
1.0410965738805895
4.400532781678321
6.188017896411467
6.85833079723287
7.034882156228949
6.953042638104389
5.023351396426009
1.8202618106432404
0.0313195430818694
2.4394652298665154
4.638331562367175
5.1739361670552455
5.69543213712501
5.808563857553451
5.409755429293156
5.2158279685846445
4.944348773971078
3.955960268722956
0.9335824294603096
0.0
0.0
0.4340956887833783
3.5360808189971817
5.478466210004046
5.397286458282781
5.499466238670729
5.131398543543841
4.61489800487246
3.992678169496929
3.407621706752512
1.7463058695001596
1.3656669068779679
1.4246688330430086
0.6263908616373878
0.0
0.0
0.0
0.0
0.0
0.0
0.0
1.4857274136397256
3.9708099711096843
3.109617439565971
3.5383559350011513
4.296248728685117
4.786235014093387
5.115506235528291
5.696720734061026
6.081179009840454
6.058094223664651
6.041844870261254
6.178665123747459
6.121499097308922
5.325672962456166
5.345852177443883
5.494057918320873
5.6531686637063165
5.649832531616313
5.690362928098596
5.673493456174497
5.646200582776111
5.291737299673896
5.491962327483009
5.410901534518446
4.932997254422248
6.231359816311526
6.453686962892217
2.9563277412581463
0.0
0.0
0.0
0.0
0.0
0.0
0.2505563446549552
0.1879172584912164
0.0
0.0
0.0
0.8054697543145672
3.8117459187474445
5.976999954871768
6.648891575767361
6.868691350919994
5.886768705062723
0.6347039024524956
0.0
0.0
0.09395862924560819
1.2598148860694285
4.09479284087571
4.7316251221834476
4.861256390936718
4.914535509147944
4.43010440352697
3.862057444279582
1.3296069190704005
0.0
0.0
0.0
0.0
1.158297769030238
4.340382276788622
5.006048469243708
5.242279650916159
4.68748345336832
4.312958048526977
3.133479233742307
2.0380842373315207
0.1252781723274776
0.0
0.469793146228041
0.5637517754736491
0.0
0.0
0.0
0.0
0.0
0.0
0.0
2.4189813139293657
3.5871748031282573
2.9154185541601727
3.870162248946742
4.456181615760851
4.455810614269028
4.791295914715201
5.405715332353232
6.0853200817673185
6.050590312476931
5.995262402633024
6.027721702643679
6.163300425101926
5.069943912954348
5.130094330330557
5.554431404915805
5.301909854312122
5.33328214299948
5.565855334134915
5.5749359114498445
5.773909564678072
5.568005052874767
5.347514182189718
5.41926656751
3.4319988310239418
1.4865812397826095
3.559099578296036
3.1208216117144496
0.32848482517758093
0.0
0.0
1.3957659665944062
1.8678362901847527
2.4402131002049945
4.011721848358172
2.7380085450206124
0.156597715409347
0.0
0.40275551142939636
3.2336224937988733
3.9231339911588194
5.637886691238167
6.1358149083150195
5.430014281581358
0.7078752429819626
0.0
0.0
0.0
0.0
0.9352083780932882
2.6123346072500913
3.686134825219489
3.384915832032318
2.9954797721403166
3.1782511206382864
3.4109656594882667
3.0022107939596205
0.39112391134131974
0.0
0.0
0.0
0.340095790993545
2.0430710939191346
4.494777874336034
4.8612563909367195
4.6439665793830285
4.199447879908811
1.6922112042869364
0.242541270293464
0.469793146228041
0.0
0.0
0.0
0.0
0.0
0.0
0.0
0.0
0.0
0.5666069125640265
3.5509886829698516
3.4065070558405925
2.9810506103248304
3.826844400892158
4.4335967930756714
4.644375802434382
5.256670797298788
5.75933230320455
6.064832438851205
5.807275260617436
5.983930813446843
6.127954120857208
6.431963459445028
4.95125829469559
5.181709505966777
5.103823711914114
5.353958616040369
5.665701475795586
5.506970149858447
5.408310421547935
5.431406041052483
5.542953347794708
5.619674395154707
5.149266906613601
5.000806166845631
1.254064468324514
3.325897940405625
4.132772683238633
2.6685723581454686
0.8290050921369708
3.668948502726478
3.8405136627184366
4.15429258294147
4.64973537859436
4.375736643880944
4.2861488479471
1.0728422921909204
1.1354813783546593
3.9491262552099036
4.0477184344090995
4.323012191990648
5.926610497001024
6.0727570641413555
1.2963217738881387
2.6936469202960303
1.2555156105558802
0.0
0.0
0.41079122006300006
0.9585128468136664
2.09982428339166
2.843019580003115
3.2337050308873225
1.3038624783516928
1.4042401356851206
3.0163789304123476
3.2952069840634604
2.645029826606637
0.4340750545112657
0.0
1.9696612264336972
3.3300605157834657
1.6051050472636308
3.000609298071983
3.6939531053067514
4.176627456169838
3.8590879743146242
3.2445176669762215
1.0857609619626383
0.0
0.0
0.0
0.30518035645720276
0.1879172584912164
0.0
0.0
0.0
0.0
0.0
0.0
2.316492213768278
2.969336473148307
3.1107733590221134
3.7581694512756187
4.167204306486349
4.78209755564568
5.277810621293012
5.587363454183514
5.818987259027738
5.833614672179055
6.046308540622525
6.097938476106329
6.143653954601986
4.892041417847764
5.231600740816541
5.275467269388827
5.64519696926155
5.598881819429481
5.525238309764416
5.595728487175069
5.358710281079471
5.429245488983889
5.549270845632273
5.330585760673374
5.2202543420774274
3.2152569304388376
1.0291009776629159
2.534188201939718
3.3498702173818633
5.689405085583127
5.642958681823585
4.798528719108854
5.149116606764243
5.816554348649619
5.453385030127864
3.194224800014386
1.0242360177306775
4.680595317895392
4.996957058600039
5.098243096250481
4.9223965633086335
5.467429547113609
3.7178240219125525
3.9711131087217155
6.580415701313488
5.643628982667285
1.3192502583124626
0.9684978639966518
2.0909652833055103
1.3969864499598375
1.8631424361891793
1.3343473637960985
0.6999001592529951
0.0
0.5950713185555184
1.5644956453652776
2.656008150052896
2.939858308064582
3.0089594329095832
2.879348508925567
3.491829534648844
3.3400614080478905
3.620111102444713
2.26842622034467
4.072131214183813
4.142425381799601
4.2092929546102305
3.668309479164897
2.9700524215380213
0.0
0.0
0.6206116960939773
2.9716386122360907
2.2065611640942926
0.9575790394057357
0.43409568878337823
0.49673477494711704
0.0
0.0
0.0
0.9781801555353468
1.0794131047783506
1.6718767160656882
3.509519480265406
4.21720657873347
4.945761610536995
5.582297330926835
5.814206119192511
6.114471021147993
5.735101411803459
5.965302776888676
6.169204137208412
6.219774440171123
4.865001417271151
4.822638456649781
5.13259579022274
5.088325760172396
5.4314060410524805
5.585816262852433
5.693712979287079
5.287828114971245
5.199472599680942
5.6710045267898455
5.252794402647563
5.333166040315142
4.291788749736629
6.027063928966717
2.9288149032131825
5.452492106574172
6.750662692866847
6.250060488487899
5.902730614541289
6.02922468413906
6.404095814434982
4.930120867748509
2.1474208568228352
5.233871194509824
6.152226524193442
6.044113547757801
5.553292156795072
5.5690892826390614
5.907196076685744
5.267272192158875
6.3535757359342355
6.552616511154051
6.003004231334139
4.967888484089473
4.134659860080969
3.093940121381393
1.1251162136781112
0.156597715409347
0.0
0.0
0.0
0.0
0.0
0.3168325908173919
1.9214562427192685
3.5787517553379047
3.450804154369063
3.833866273190696
3.8358247741384712
4.4690806373391565
4.428092291724171
4.430659041654009
4.32872954959782
4.43085806758472
4.155880082397419
4.396827968775596
2.981789656305352
0.0
3.1504620400729584
3.658500979586562
3.868490272578864
3.2697144820634696
3.107429406286357
3.452202973077169
2.2796911155481103
0.4340750545112657
1.2090691914686211
1.348875369518778
0.5987084785542163
1.0891249643015632
3.33883947498487
4.670468403963757
5.212144878290829
5.721239694653307
5.770715033844339
5.981400685482873
6.055564095700678
6.012646062965152
5.93580416574391
6.059002411376543
4.90755289930141
4.999562030089405
5.495976781541254
5.488808995228599
5.383192765461329
5.295237590132113
5.798767735915154
5.722436941332206
5.258204458917941
5.628360743468389
5.63210193788838
5.056957176126888
4.241313628945477
5.7030603407018665
6.195092307739884
6.741940151932778
6.526421589746301
6.246138824241662
5.952531145957281
6.203501553813698
6.6090223508167645
5.400694736082948
6.566100453978371
6.371038489302765
6.759385233800914
6.42674852736981
6.249108538990191
6.260407921567994
6.302205738578799
6.091483452558043
6.190548024375439
6.412054098922774
5.7392445377953125
4.981963094743456
4.238917019734228
1.6210483314447954
0.0
0.0
0.0
0.0
0.0
0.0
0.0
0.0
0.0
2.058760545954759
3.4524761307369407
3.590383355425981
4.164271411644474
4.227102576960992
4.793196193318471
4.211079479996891
4.676818401787558
4.69085747821093
4.606245554978662
4.509594487973666
4.129577283747398
2.1052121371157484
1.3608505320580635
3.740813472486084
3.660730281410399
3.501789158369043
3.497887880177328
3.743329298889817
3.4931427519497578
2.8160517917091568
1.4741122733020302
1.013136858615914
0.3911032770692072
2.910262944342424
3.848013699682507
4.175345686276592
4.504460988113993
5.14811299324968
5.6560478458680175
5.690650997289784
5.8713721456310495
5.816169061872576
5.994808308777078
6.009005161026477
4.610547416884888
4.832139090344803
5.30131513504199
5.23752158485202
5.257361978581486
5.41783239309352
5.6716287208561
5.691705752257957
5.3195923923561805
5.223310213114874
5.177230293841596
4.9348619987949105
4.180910602977425
4.646827999596141
5.941588919093698
6.496549876261038
6.329190168385871
6.452900245879998
6.101733668052286
6.213676292892932
6.506393270467349
6.860733066432202
6.702597265915063
6.642054423995938
6.925795038830877
6.45730041760285
6.253927646066665
6.274983391258333
6.333641402903063
6.297959963559094
6.419460792524641
6.371182700012508
5.983770656110826
4.304213276334458
3.095820335451251
0.2577893961081259
0.0
0.0
0.0
0.0
0.0
0.0
0.0
0.0
0.0
0.3445149739005634
2.8663240487234942
3.2359343327111594
3.8832267430699314
4.676447400295731
5.052533499017292
4.944908296871794
4.941921819368785
5.068041955280823
5.02867933068132
4.8068632599913546
4.464689140463133
4.161158420529862
1.806969485985603
2.3744729605574624
4.677835873820973
3.7271759292031046
3.813015217523543
3.8520978205593837
4.137226610010805
3.9813269202858423
1.5602299890070894
1.199448802746264
2.476227492014968
3.6718045560425168
3.4414018561048234
3.946432120021612
4.703858073557245
5.452435544515288
5.811296571780233
5.986691938180576
6.028770590283114
5.976459388311627
5.852871780356398
5.609590204325221
4.7789225567337805
4.781513669704292
5.3773964326380925
4.965965517372309
5.27648171623213
5.573501737033366
5.664985931472215
5.256808856705807
5.294629012343127
5.126485745326632
4.990351491571282
4.254147378594661
3.5285948776699474
3.4846752405380066
4.798488984287717
6.446232556771361
6.521350868380825
6.336766324650525
6.128429955883997
6.247497874471425
6.836160364720656
6.959472409699629
6.7748532663552545
6.949766612598277
6.939036710244495
6.690980827698024
6.4262726923430185
6.515303225008723
6.343697183225601
6.198073676734004
6.231127770528146
5.793986596079928
5.920644008104817
2.779147011594256
0.27747733910191874
0.0
0.0
0.0
0.0
0.0
0.0
0.0
0.0
0.0
0.0
0.0
1.6038302628086383
3.465222381736935
4.009231566794833
4.278741625753718
4.911881811577229
5.367406677835457
5.083948121815226
5.297653711405665
4.9117315117278695
4.995233117813584
4.904377900389511
4.873637894917962
4.668189825050264
3.573074661874765
4.562873606184891
3.826844400892159
4.05003358844568
4.021149691462804
3.6585009795865626
3.474624680001175
3.1668508249968155
2.013139974143447
2.86316828408655
3.261984160167107
3.188428681884966
3.9377301506435765
5.149589172969813
5.613316589192276
5.55600807104301
5.981932539516194
5.912957297081502
5.77997841099486
5.979681527644941
5.861430446512289
4.577321905659615
4.783275832050276
5.01555960746055
5.271711409725649
5.2367829667575645
5.297758980761262
5.245290491459842
5.566858947649479
5.268805838537562
4.523235512535618
4.331931598879312
3.6474267049544458
2.6685043101377444
2.449687137257708
5.7844082443013285
6.56811433489793
6.547985225644501
6.198300597958212
5.694503198018092
5.2206481883446685
6.232926480326641
6.574342805988341
6.4672377980569395
6.840864554995098
6.946926343956932
6.880185509720052
6.900075952449917
6.634096139508146
6.327067420598082
6.39546961042013
6.323142525013768
6.178903041260855
5.6998431673685594
0.6585863309009455
0.0
0.0
0.0
0.0
0.0
0.0
0.0
0.0
0.0
0.0
0.0
0.0
0.156597715409347
2.51186532618417
3.4098510085763487
4.147808831116083
4.884621438165078
4.636438305154635
5.388389800955285
5.1933920295809575
5.423514573470897
5.469038674485311
4.9393794324796225
4.946915523900915
5.035599355927651
4.400689190565253
4.089689240641313
4.310665121210461
4.1044257111323805
3.1909688853452387
2.601638556619165
1.8286948014740287
1.652347240254553
1.5317335825585665
1.314680055074418
2.2766786334356772
3.1655667724546275
4.328186572544881
5.111747350675005
5.510317115277196
5.577373699380882
5.901841884237873
5.865212850385876
5.955688553757246
5.93562198779292
5.588224575987349
4.280700126701493
4.703928475350348
5.020077041145261
5.348345829197431
5.319172664783008
5.3621408491963285
5.29945820786223
4.939317176686341
4.7258806860127915
3.874246369823619
3.417581330472711
2.2949126905197104
3.332171039229124
6.462455683983742
7.2737346745754055
7.322341510176803
7.165263707255209
7.051221702512819
6.463498921841966
5.449238430211742
5.808555891171339
5.967575602714945
5.770637372988325
6.085681033582965
6.188299827974885
6.426879743347225
6.503004899809324
6.385282334676054
6.384330664622471
6.439777533223078
6.371182700012508
5.973896774295151
4.450734771335692
0.0
0.0
0.0
0.0
0.0
0.0
0.0
0.0
0.0
0.0
0.0
0.0
0.0
0.0
1.9522644880800784
3.4946161619286396
3.821677347646662
4.17240793485493
4.4013532196532035
4.913469311033181
4.866319489003286
4.850182116304602
4.895894738727903
4.55139010850142
4.298799425597795
3.877729658409686
3.1439860513566624
3.4235542731488957
2.9348958269794716
2.9305107209534924
3.3197464604496703
3.9288342543091925
3.716101654570986
3.618861051094763
3.5205318520811852
2.593338805481345
0.8492648232091713
2.141993403653286
3.701683427203114
3.9199080687208183
5.441271945611767
5.529704991382067
5.702580161818454
5.528766339098236
5.646055005295647
5.79284049085464
5.935231113131267
4.363910874441944
4.543662808342317
5.027455015524293
5.024080990681685
4.797525105594292
5.045274652512709
4.85490639311292
4.103701266695093
3.5704641079855826
3.2497952346230723
2.5635929323518174
4.081853404489445
6.727981515332836
7.418739445613261
7.4528733703920285
7.4412250145706595
7.261449425129912
7.091260194201458
6.9886178705323525
6.772450997155923
7.146957648636768
6.94486535389559
7.022574778922773
6.9193101392241
6.755185797088155
6.067058745722
6.119363615054098
5.758904107994256
5.577888953336673
5.182038383962916
5.085447526315667
4.148379556415479
1.0072232881332295
0.4501258375063607
0.0
0.0
0.0
0.0
0.0
0.0
0.0
0.0
0.0
0.0
0.0
0.0
0.0
0.6721765076255987
2.9235933287734
3.36471800738373
3.1533027938369638
3.4008291177570937
3.6033665755953486
3.376040719309314
3.482083892539735
3.822178831822999
3.5194824119246584
3.9627444217092904
4.021991724718332
4.513455709763324
4.550781859519357
4.487273963148316
4.4045934904942285
4.564832107132664
4.5163154872892886
4.325791798176158
3.6917238034829145
4.191010483715441
4.037287337445685
3.2108753505344536
1.2199187686483774
2.165696730646966
3.127318979987888
4.557284844521437
5.199997596609713
5.369798085423519
5.665128423182941
6.008432108413833
5.646773635388755
5.749536181566255
4.220367229242349
4.242093853488655
4.559897633203702
4.871351415094949
4.305851699316512
4.077700987464431
3.7217380750815434
3.4126376358561448
2.7731680766583207
2.448139978805265
5.212310183279895
6.973604205475256
7.390382926104405
7.807112252159232
7.525187377630349
7.686072663707054
7.481669574354677
7.4961632424658715
7.306342235783186
7.291104377007929
7.435251105379085
7.4690737280460056
7.593963033221398
7.535041334599099
7.636782362513609
7.376888692110364
7.35271602134029
7.062348755223468
6.846880808178245
6.678772916357777
5.731290356173427
1.0896021851415847
1.77603354083009
2.067244494932275
0.582678329831234
0.3561672082607525
0.1252781723274776
0.0626390861637388
0.0
0.0
0.0
0.0
0.0
0.0
0.0
0.0
0.0
0.0626390861637388
1.7740295211275572
2.7941400721942973
3.535059424512526
4.469822640322806
4.96613614681357
5.283009754522544
5.297289847655002
5.485225102072272
5.4796526233542
5.339114952033143
5.290238164026686
5.085535621271176
4.7544035961415
4.594470709065764
4.505069237096054
4.390395140476315
4.492950440060929
4.532351286219962
4.198776005434073
4.384217118213632
4.10339553713239
4.1464076556242695
3.6003429791461796
2.536513470722195
1.7160549495953092
2.9899393313271374
3.933566463423049
4.879288912374696
4.979686439990518
5.543695510841845
5.415230446794266
5.635828322755434
3.5981136773223437
3.8251724245242817
4.127131585852573
4.355519545194892
3.7999507234003556
3.775843673188346
3.4015633612240275
2.2906173132453658
2.0168493744500102
5.8722359243800915
7.366568894252704
7.59026434467813
7.92101278874476
7.828683889890397
7.866053475547543
7.996723746943626
7.961164988264113
7.749865351489766
7.710714316722772
7.859427664340422
7.741955392583698
7.7643801049029735
7.7296830836447
7.699500738003066
7.749804626417755
7.52405956117125
7.382370973218299
7.253541928455831
7.041092928103182
6.9582165251697115
6.507871279453812
5.169289374151711
0.4457066545993423
2.049099810551373
1.59941107990162
1.9459991679842403
2.5636548351681516
3.015305548044651
3.1271216767335175
2.0623151688650068
1.18138680838545
0.1252781723274776
1.1901426371110362
1.1588230940291668
0.0
0.0
0.5637517754736491
0.9709058355379506
0.8637515603876252
3.6695752542186795
4.029875258672516
5.000145916030792
5.5864983561554915
5.8374333970790415
6.063284183230949
5.877492034080085
5.301727054476529
5.458793350477719
5.235779353243
5.0983270277555155
5.288457031406399
5.291842569029492
4.765676896704326
4.760742422775363
4.561414730866549
4.565639382045436
4.3631959218278915
4.629448151399394
4.591532957644103
4.931865016770081
4.6306965563129
4.1808357810473735
2.5818383556207665
1.6781215833325658
2.2023047758233005
3.720894225045687
4.357914319563611
4.977634182467634
5.2649416843286785
4.819477316256737
3.7887410483302055
3.7913922751719706
3.591498006337899
3.40873635766443
3.119618331830394
2.936237454884627
2.185006449639569
2.9130691741375734
6.242115883575481
7.354109382003696
7.895293833929913
7.98192601058383
7.90643731025954
7.947020582889738
7.976564163469657
8.025092990586696
8.08902099290927
8.081539564683409
7.97209857354311
7.942954535813517
8.163021614611885
8.025263356321597
7.956848019930467
7.882481764403355
7.981813924800792
7.94338560892436
7.686398583232776
7.4130807126235565
7.133834408564479
6.9238190676001174
6.711397609360768
6.22036923395461
4.601013363245015
0.92978843629826
0.5826576955591214
2.5036505160957994
3.106924944179981
3.91838886293125
3.8470344492086195
3.7271759292031046
2.9129948889805877
2.645261744233699
2.7849234823790687
2.2949539590639336
0.5754040098338382
0.0
0.0
0.47704683195332426
2.833490383275945
3.7781828306098237
4.176692728098962
5.164544156712856
5.582490964091172
5.8194413528836835
5.8843727409773665
5.935355939216701
5.657051459382579
5.675263755466039
5.700016558026164
5.489382047841243
5.212855700245303
5.383659802573671
5.128612100230206
4.828159503849053
4.897285899582065
4.607372417972988
4.8990453745991305
4.893128962867359
4.509831735463904
4.875543886040262
5.180555592602854
5.045858538454094
4.266130775191755
3.4714751647559394
2.031261591779723
1.7488283785869392
3.7042466958539775
4.069596182797271
4.719939911240348
4.818718767425312
3.465779707192894
3.725503952835227
3.5770797789700266
2.8548368885402042
2.555598492262438
2.237433541627084
3.9325879140897917
6.6589973497853645
7.350859008866227
7.8163765297563605
7.889941364133805
8.147446828028453
8.142528420849066
8.255672814746971
8.199081017363666
8.142689409265902
8.122742706348445
8.1891600090824
8.08643089772441
8.13744902525283
8.252219886171549
7.899505104292712
8.124688847865947
8.053031161118916
7.857679837455738
7.821320610812731
7.68323272307915
7.444230600792393
7.5046310577556365
7.216210251933486
6.846345010349171
6.825790352137338
6.467382008766682
5.49308618592043
2.4379767580955756
3.3144863689594493
3.5239377076332783
4.846205217137772
5.23284571437239
4.774127869078092
4.461073011550499
4.27433742691112
4.077476253534686
3.9275238415983997
1.567268245367206
1.3600091144947206
1.8349807558419802
3.3295238245996184
3.192194559638649
4.02324359284861
4.16947018343327
5.261196657994247
5.798625244204427
5.801490507267649
5.830933099405883
5.754602304822934
5.929277249346987
5.763737109361205
5.625153413688012
5.4717939458240386
5.40640846387441
5.225901326085383
5.252176896568106
5.277638654786164
5.284967574276923
5.0005656436039665
5.017311265284716
4.979522281622304
5.21226400616528
5.160051086068818
5.217816554146388
5.030266830137269
5.070797226619552
4.368560166161569
3.1056173174670603
2.1371590556542195
1.487307919206747
2.842978311458891
3.987083017530596
4.20691252864453
3.302318077687527
2.5287394006318116
2.4238280228458846
2.077260569035377
2.0438446920951896
4.725124326529932
6.710458522938919
7.342116362393262
7.551345115202994
7.730210477408316
7.944900677331019
8.150680876880667
8.228602769448173
8.204671270070978
8.269901414043819
8.385798519115474
8.14909806685067
8.196024557779298
8.350266052925772
8.258257618088958
8.189572243203706
8.142540585906962
8.09977483513529
8.113613028806244
7.960891914064241
7.854360776958882
7.762208307204574
7.7917706424206195
7.510006041823638
7.157814913812705
7.123205074590376
6.800453393979517
6.580271490603745
5.9602540291921
4.684062073174854
4.133404118804461
4.410408079914826
5.539996635153011
5.439943040550886
5.296230370317931
5.267963358201106
4.766239106933959
5.074587283447748
4.450675496166798
3.8887120394386208
3.3595587304703587
3.4806260332816006
3.6145221241812875
3.776195469697366
4.723881031086266
5.461612293777588
5.840064818174419
6.076499163136634
6.2322303934117445
6.144010830872082
6.008432108413833
6.178211029891513
6.203523294984542
5.758186197979262
5.740025043349412
5.839152554916973
5.633094718074196
5.58478317454175
5.307500974497572
5.372378365065285
4.933225773257612
5.056100837271576
5.390827588886326
5.286505668199784
5.508977376887572
5.1309337854769055
5.174695044693594
5.356891926104054
4.884760895631429
4.319979920825516
4.024098527155653
2.9117151638917687
2.05607048304128
2.1177418378476873
3.5278389858249914
2.3423655536851253
2.3656700224055007
1.906114213631238
1.9713078093387872
4.565372700714462
6.6079012181003955
7.41959819352863
7.532475897140956
7.649592871504175
7.964028157648848
7.9901322724466075
8.190189122732669
8.253838759012503
8.206554228439243
8.178908612065433
8.456245949071922
8.381349642594634
8.401068197837091
8.410765852274452
8.399946524562205
8.395483592112438
8.326596290539015
8.210457802483806
8.005464646431978
8.119126487019193
8.087438182879273
7.790976562269317
7.605311926480975
7.633420462748101
7.296814589317693
7.115300418744211
7.127668333851049
6.748369923528019
6.598677590186491
6.369585732269347
6.135349818169885
5.926099104297542
6.065381958509819
5.8442217639433895
5.673541511858372
5.547734487629935
5.662741776705515
5.576994279932577
5.257332503785366
5.4696442270841885
5.2358321918754
5.297994405285614
5.246672404270875
6.014551996862869
5.95162295824539
6.056234365899177
6.003339366433388
6.157634630508839
6.064787164726332
6.1609864734805075
6.364489758950827
6.300107683855804
6.050255177377683
5.74153389217353
5.645339460972275
5.892164721356275
6.0346978353436285
5.9700278977173715
5.632338865625959
5.466297261665439
5.457410317514854
5.47480478636772
5.240272423887037
5.268805838537563
5.614032133515648
5.25929470032072
5.3168401462075625
4.856682413977758
4.72786355000124
4.720373497332377
4.7087180240877915
3.6919066461680767
2.4077772398507884
1.6861366576940569
2.4390555143884356
2.0044507572396393
1.4559883761248782
2.2110119914098383
4.934706353719391
6.176470130882736
6.820243795745072
7.375449573539418
7.363117424112562
7.885161669800588
8.017041329328562
8.160790765439337
8.206516616815
8.245808926249783
8.4249207771361
8.375897693758986
8.52245291906964
8.515999372407714
8.571519659437572
8.550889359418589
8.530360212211079
8.42048533520722
8.356480556388858
8.449600127014707
8.22857569530978
8.215820763565887
8.221099558926786
8.098150670451469
7.876051278323171
7.781802456214005
7.495124168578711
7.443526755146999
7.357934605566416
6.9506403689050575
6.878875996548508
6.5324439811653585
6.668681977532916
6.4602132326782105
6.011632506576301
6.2038149477421
6.186322271527564
5.998819677065588
5.954369262551911
6.23813410551823
5.974707744421193
5.871968731197722
6.023137281742526
6.285958104174418
6.051520241359667
5.992007777247207
6.356080891389289
6.620744968234025
6.213319416622838
6.247735791984821
6.230821118720017
6.0120218688988984
6.045378611739788
6.253952898019711
6.18535806480914
5.873037076245633
5.946411257508245
6.051520241359668
5.874810461306912
5.6515851652825635
5.958434858063766
5.848429851165972
5.53239828793844
5.6594861615438825
5.555340582403514
5.519448834045732
5.3792039542847645
5.17447502250287
5.3213332168516
5.033605987417382
4.886208937621028
4.607544393534103
4.7544035961415
4.661589877769654
3.931862768511875
2.9221083074352516
2.3073675820603317
1.984783448517959
2.4759543343551957
4.34312149216374
5.7028819204107455
6.593224740597878
6.788094937768872
7.318037491585918
7.518970528845528
7.742975128915897
7.880377623974888
8.028824285204854
8.119448463852871
8.215815517922897
8.450954988653116
8.465307639507495
8.586664882363777
8.576459895112373
8.666104503712928
8.465768776262605
8.590097456932316
8.464955645229432
8.455536310634935
8.351327486357418
8.37627151653246
8.21007264250089
8.297192641402814
8.064328162238816
8.110094614744598
7.961979307666375
7.363697794768142
7.341878808204254
7.269126149774249
7.203350708743004
7.125429193153848
6.92541291060774
7.171201850766805
6.951295125490829
6.574605975454781
6.526659507259696
6.565883434520714
6.244946005336609
6.431224734395923
6.344054059495694
6.2728603640264184
6.597046022829258
6.176589089639434
6.233610905368229
6.329096461582218
6.316806460222182
6.363988671970991
6.301751644722853
6.219320346315177
6.143772913358686
6.411383549280152
6.425439981046136
6.08546078169486
6.044567641613748
6.281557373563313
6.129695019865983
5.923780565188388
6.252255481352622
5.8988576624179565
5.748963128953611
5.920315630788759
5.8485723428767
5.780487622528606
5.670103196182507
5.8235716799288895
5.593958187883527
5.275714351003411
5.497747080832796
5.3938864851138835
5.256283859777038
5.05737690370006
4.745486848387864
4.845828840988108
4.668919126067338
4.604060977730581
3.7555025007300205
3.2314138262471483
2.823688642069458
3.9989066506489874
5.0775981239914305
6.073300556757349
6.736274636783815
6.8530474103070445
7.346742112148711
7.427068072273134
7.88545701957112
8.122371826880963
8.245396692128478
8.386056484951453
8.610094332017637
8.500358614935212
8.625823673005836
8.747959150598069
8.586364734025508
8.83474546527426
8.755902265445805
8.710132394662706
8.717986301232532
8.600630070898262
8.664892610598134
8.5667185836842
8.500915254620933
8.315910877105209
8.315247397279437
8.251736920921031
8.03087952299952
7.725198739082019
7.529215859789372
7.453225809845776
7.364328611481678
7.245222219534468
7.185802815917941
7.364556542683505
7.126154843092226
6.645427169806075
7.002514298531743
6.642436552219076
6.534736750504186
6.669446233979192
6.638020476204207
6.526659507259696
6.535382048193763
6.555792495695853
6.411646718746592
6.603857922647636
6.282271126103501
6.523458270764849
6.288726149651785
6.374631201681777
6.289796778462066
6.403832644968543
6.508015490163554
6.254904568073292
6.403883148874632
6.309280807863616
6.022101182175463
6.141361744151412
6.287507799349563
6.077978611677985
6.112373245869122
5.807848313230079
5.93480055222935
5.767510560136318
5.794043604862275
5.629185533371548
5.496455398127046
5.515383238533876
5.543201108861031
5.210256779136156
4.935666586378762
4.962926959790916
4.530930632461146
4.3538811222128375
4.232978079804312
4.048632412953866
4.1877017308019555
3.856723272052757
