86.3547840718024
88.20204386698647
85.48000812350514
74.53424952744248
58.598170075717974
30.36038837948798
23.123306586302668
40.57004709753862
48.39520941515628
47.296489116391896
43.884517700785366
40.88124740041285
39.64835251872176
38.57277758775047
36.619904544975206
33.678422991290205
30.26995338326106
26.87254333237418
22.92844558235201
19.830896362832924
17.181744456677215
14.791120086751377
12.86673536409042
11.28889072463115
10.097051900888843
8.923033068116105
8.030351635960768
7.546327942250675
7.2270675171094165
6.664121690808305
6.203533833206245
5.846437973452462
4.633785791737618
2.836334998801767
0.8054903885866797
2.528488772225009
3.796730724719857
5.2035061494181845
5.882927733232143
6.087990909658832
6.287222888712279
6.399263010582903
6.746340323655631
6.761001008101297
6.65314753678047
6.83643299308329
6.629577009028596
6.129911196208534
6.121715273651473
5.784214007395661
5.452698571214064
4.782258360016857
4.2676481461387965
3.2539031478875455
2.408852288578902
2.466147576826083
2.387607720052093
3.3788145396415845
3.248680583711155
3.7288953478181117
3.5942846336176952
3.4475324361203743
3.746537851187542
4.159491354730264
3.87512193840277
3.697209099851606
3.676175201499291
3.763925548520373
3.9903232883716178
4.306445599895554
4.034620386900088
4.356076870650851
4.328121300615756
4.098247688869698
3.464969858349276
2.0647644089505297
1.9752249626119394
3.065881993946827
3.6157878992350696
4.303995045420943
73.5234894959882
77.47756610249385
80.2562648542139
76.58497588379953
66.8424919886604
53.74437952384787
31.69731255069197
18.935075757355634
30.846256250542176
41.33249336698839
41.79971030038901
39.50336209976077
37.4173136858307
35.89726736312527
34.28127360777469
32.20336070966025
29.08131581015736
25.909551521147343
22.740495662622564
19.633464290071537
17.354952079187026
15.2236033743213
13.801434142669677
11.583444158980544
8.666334957028631
6.323750150150242
4.940177548646418
4.469153436721326
4.191204286382922
2.371168316396173
3.655229690723476
4.588092998554427
2.6666605583423633
1.765170012061267
1.2199600371926025
0.2818758877368246
1.2440258945491884
2.1393373118664956
4.607174516651372
5.7576131453666175
6.286292959829542
6.296013884496955
6.355410341746666
6.561339052088119
6.4805299733766475
6.206269599291065
6.215503413198374
6.160150251401422
5.816311553583303
5.254123307708444
4.788338921062578
3.6235649107781094
1.4652326389437682
0.0
0.0
0.0
0.0
0.0
0.0
0.7195881022467879
1.6259489097135655
2.499962387728375
3.033781274131034
3.847878299244476
3.9343785949156076
3.94335896816192
3.8854560448937674
3.8812365235788597
3.801622699768233
3.722430800975534
4.008252316320945
4.234073525733425
3.9942402902671645
3.3599806554882874
2.012995534238659
2.376815286497998
3.707734162554148
4.56051076695944
5.122086431257708
5.1876397762174005
61.84521762470403
65.58407696638606
68.09391187976418
68.46650961672525
65.20352486969153
58.81769718391191
47.47410122130116
33.05312941953022
17.660472118814234
23.920206779038523
35.79904042629843
37.35175756633442
35.84563791150594
34.12514911839856
32.59549008664602
30.840093404665353
29.716232754970786
26.021148463133375
22.279455355581398
19.325520095986437
17.112592898089705
15.08110898290961
11.074843960361646
6.411894184911058
3.9497406844334977
2.9383558090157744
2.953147009933333
3.6304454438360465
1.1758918106382257
1.3640203239728774
2.889087883178199
0.8609170575693602
0.6890299478011265
1.00222537861982
0.3758345169824328
0.5011126893099104
2.6553974994444998
1.774153326760231
3.3455417938483034
4.424702328429878
5.7716242113320515
6.190785941888835
6.6418165064825425
6.662753292917512
6.6459787606919996
6.453282374103136
6.137198931053704
5.982743509642235
5.603272706487656
5.042123008382818
3.7429726458010113
2.6942372032283792
0.0
0.0
0.0
0.0
0.0
0.0
0.0
0.0
0.0
0.0
0.0
1.4384148158573675
3.6596156304984815
3.3085105605194154
3.717821073185994
3.499559856545206
3.8489929501563935
4.004032795006036
3.7452720761337592
3.6906091525709974
2.852256804090458
2.2258019415390065
2.9832842396020363
4.360258170406229
5.23658293256819
5.092725074241322
5.330757727180225
5.48665927648875
50.898976420665065
55.22320582933565
58.17022590773645
58.38734495048596
57.511392618480315
56.19217557729846
51.030499714462124
43.038975864902405
33.224065608089255
18.344980573451917
19.851329912126396
31.35072832166977
34.582089561910486
34.25609884530511
33.123519412813465
31.617794875430945
27.374162446542492
19.961282279561857
17.740423925648727
14.040186274345237
14.385905343292666
11.63275791087512
7.730472422926632
5.959872175246012
1.6753391420570698
6.239775515981698
6.713242889388543
3.5332709215058156
0.0313195430818694
2.292789443475925
2.9558651558677105
0.0
0.710953799613
1.6068295054881134
2.077997863853315
1.367927700178695
2.635669047783776
1.850749447464895
2.865787357539645
3.225974708990961
5.5057121818289385
6.467196949003752
6.878002980114884
6.751174300524403
6.624811133641556
6.423767178297672
6.125360501497983
5.777710657864463
4.9378721598868545
4.4376226631177085
3.119618331830393
2.4037222536670937
0.0
0.0
0.0
0.0
0.0
0.0
0.0
0.0
0.0
0.0
0.0
0.5011126893099104
3.087510158845959
3.513420758457119
3.320142160607492
3.5446850814056985
3.8736890443676586
4.068519941850965
3.5744712808079724
2.300948553972512
1.941884940077157
3.657507268543468
5.003782647819519
5.573972606060149
5.915804894519431
5.771264553502956
5.737966674866679
5.766263161779626
42.28020100829047
44.93809206241474
47.705347537039614
48.79431664756199
49.19745480972599
48.14747749810053
47.04855495369507
44.01994345666082
39.397382599219654
32.49475211226562
21.016353786286356
18.03040329296591
28.341717395037975
33.03886191183965
34.11613085167898
27.63497722077295
14.646624850671532
12.057595116706018
11.521125836305592
13.270086962634542
13.55200638633298
10.101872435172151
8.761793634501641
4.431041103325367
0.2192368015730858
3.384083786852024
4.986884499489331
2.2428389135359743
0.2935281220970137
3.5979452417085347
3.142294603713023
0.0
2.1708002932239783
3.4584127806523535
3.5395014528301267
2.337797427527582
2.989490293944525
2.2736400674371624
3.350578357224049
4.1393013064138025
6.633012894886856
7.475280940101344
7.827203463878329
8.077028145982338
7.82463360794443
7.698857554465587
7.374470974549119
6.974665571314086
6.579745151670864
6.087174178899921
4.504145794921945
2.2088426689099667
0.0
0.0
0.0
0.0
0.0
0.0
0.0
0.0
0.0
0.0
0.0
0.5011126893099104
2.7152370532111725
2.784262985562547
2.900145466620029
3.253874444931671
3.29237908823944
2.9360517464356177
1.7604073439458725
2.6922714349286174
3.7603045090394613
4.902536682257903
5.685059877104336
5.873664356081625
6.120688127182882
6.065717093609068
6.120976269158242
6.015006090718815
36.57992180807493
38.20773352437176
39.551272906246794
40.91524745224914
41.609775933470175
41.6045346596846
41.02608495459212
39.77271051944845
38.67795313578383
36.10268823519401
31.99003807979788
24.33848305538344
21.11285235635738
32.60492511490707
39.279992066616394
22.528461042823047
10.912596637333992
11.708974723611155
13.322013784646678
13.906376681959808
11.659765942072527
5.300735571339891
4.305782341851872
3.171073941991113
2.3170030868594598
3.938759150319996
2.637990822096742
2.5110913583076697
2.9730573256674795
2.9974059178413164
3.257821334661339
0.0
2.9732709430317263
3.6005149530436107
3.61125279442264
2.8840815412336682
1.4833613192467254
1.2986292720793235
3.433114208752502
4.688559147746242
6.986221358206417
7.786351468540749
8.063945991761775
8.172558280632407
8.186777502611195
7.956246581084718
7.748785604570493
7.361535242821697
6.931426614053726
6.367628377473894
5.136532034349249
2.647511067149192
0.0
0.0
0.0
0.0
0.0
0.0
0.0
0.0
0.0
0.0
0.0
0.0
2.341624799321029
2.703461013218311
3.316240882415777
2.796493179650809
2.01299553423866
0.8412497488476802
2.6649175053273124
4.3034060014216875
4.795765630577228
5.270813065566686
5.844731876805868
5.9651277991254466
5.858225972804268
5.969496043684048
6.028986766625664
6.031397935832938
31.972167451216688
32.92831182268157
33.75690269608772
34.656909685023244
35.4710253758297
36.165750468620246
36.30884632501702
35.63459502513332
34.8698889114052
33.970459491780325
33.88222799679885
33.01667330785356
31.105663447948327
31.78119436476676
48.738492526679806
17.089735973446516
12.161060807705915
20.93308862678888
19.21972306850825
12.278358497834748
8.654285714016476
4.371629382634227
7.056719280823553
7.812918934016863
7.907505608666862
6.043204686712997
6.887294837984621
5.678205030267274
4.328277015586279
1.4211049420455666
0.8557158517540214
0.4071540600643022
2.089674447876712
2.4557655303814068
2.1021113920183696
1.210565776765944
0.6890299478011265
2.8926301423515284
3.896929558282033
5.245185222104245
7.295484143903174
7.91897331608035
8.38047754125228
8.470782686372615
8.243034054261306
8.099652211866406
7.616369888445771
7.495423631140501
6.894191437579946
6.471713725638926
5.431932773901775
3.4623564496189436
0.0
0.0
0.0
0.0
0.0
0.0
0.0
0.0
0.0
0.0
0.0
0.0
2.2591945988029334
1.994151516969525
2.196534878367082
1.626332074348584
1.3765783868740615
3.1294541499179167
3.5372887263363615
4.492208437077278
5.341283312240373
5.564472301172052
5.67157757940249
5.957169794081782
6.009816131152517
6.095159685747303
6.109832373023493
6.0035772839467825
28.75117982530816
28.74550963907261
28.909203868004546
29.87938746575027
30.101239804629305
30.64014813271588
31.158889558586342
31.270363593169897
31.399643119193602
31.600661997442852
32.19170768328374
34.26428840364868
37.66061573553425
58.23685241763014
61.2321445007929
11.201340385043114
15.096601739488651
19.014713824164925
16.097710345116067
8.791430544405848
4.694746641442324
5.820064954311903
7.915830061654263
6.506895109046431
5.5706004077581
4.301664637321319
3.487382454114478
2.559558656129035
2.1066122673934764
0.6103607129144054
0.33649989953907217
1.6374587047944429
2.1018478803761864
1.7697313553321963
1.3841238428885332
2.7712014586028877
3.010275590473289
5.485573747717378
6.49453396933783
7.18241901241088
8.017111441774254
8.634379341444781
8.698488191077505
8.658922070470078
8.423782521008787
8.343409693177854
8.2705619505636
7.7452526245851425
7.0881064481123275
6.656323521322272
5.766349645358097
4.025679243125938
0.0
0.0
0.0
0.0
0.0
0.0
0.0
0.0
0.0
0.0
0.0
0.0
1.8397278075619214
2.6684011387771793
3.3188060908901185
2.7604837284746604
2.8768616321717646
3.9319789639671017
4.100086784218904
4.5988622059417885
5.167180300177128
5.550274459146835
5.637978041495283
6.094824550648054
6.13684205478361
6.1167632315985685
6.322403520520537
6.213319416622838
26.175828778894385
26.122814455427598
26.053246527935904
26.292432969339984
26.31150747739064
26.577167737300876
27.03587255954218
27.285451600735293
27.761456869437776
28.974928308224676
30.519341900567603
33.53681430991378
36.822578947423
59.93480890976585
46.08969195887719
8.365306874051612
12.216747006706122
11.78432537533682
9.836433109146888
5.103794519536147
2.0475484384120977
3.5846429746998236
3.866025257535048
3.380652630527742
3.4117748738527856
3.8100982785040247
3.8651930948752886
4.8170156468722025
6.473923160179653
8.05606361002722
9.420983692698194
10.09068798392999
9.541854469433279
9.274167957063643
9.61534044377142
10.0076614085837
10.19146751962887
10.339832833844584
10.23077709568075
9.972523808802231
9.908433869382215
9.641342260130914
9.249029365470903
9.252205215243862
8.967818056622306
8.698370859651485
8.291073444668037
8.018228441889796
7.644038990434257
7.180092603608174
6.713079791859256
5.558756901238107
2.4722467942664172
1.292622467630899
0.5280543180289864
0.1879172584912164
0.0
0.0
0.0
0.0
0.0
0.0
0.0
0.4967347749471171
2.0894814950364444
2.750193756291739
3.0491682344854123
3.2021335490867355
3.6718045560425168
3.9796709387574287
4.251631552190926
3.9669188496947507
4.162121730152779
5.339082452046912
5.514474061046169
6.222434271773449
6.371182700012507
6.484573268829407
6.416191101179187
6.363657047653942
23.69793183600265
23.40564848749059
23.10490975166422
23.07848561807826
23.13743853076299
22.857888391708684
23.01286549170762
23.700261628695348
24.550840152525836
25.73071089370847
27.843649905695578
30.657131412171275
33.50075644885986
55.59959993685685
58.093691358952796
48.38925646331988
15.78549583542215
10.482990804326477
10.736029690755215
12.555367942663727
15.011983405737384
14.808796935706821
13.145761286955835
13.731887573491518
13.456201699351475
12.57776038066146
11.272041440188367
8.607015846454045
16.413814424839607
16.413502733709947
15.580068899673694
14.605665913784376
13.597476233123247
13.113595827386472
12.825771268783559
12.364116234215414
12.262267526246792
11.714465641245738
11.531884001799103
10.931783914758471
10.73903466957727
10.474568122919575
9.919238324037776
9.427308560872872
9.252797256417757
8.988221623953086
8.385347045797872
8.04346742096
7.667331827986964
7.516998972862476
6.910258355501182
6.388085818099872
5.809801033844942
5.203667565475112
4.576047727008585
3.9408360648854903
3.0672949933492397
2.730686196553112
1.4645125188517865
0.996242149896161
0.8127440743119633
0.5943305641914232
0.8645542175680585
3.066583759307574
3.4890429073690474
3.658079054568635
3.4668943581048133
3.3871451338561553
3.283018058519424
3.036409926877209
1.3490288960676073
0.0
1.0121617826637581
4.517413043744403
5.227691556113893
6.163300425101927
6.4462325567713625
6.527831143882155
6.62264615045352
6.316568542708786
21.252415143634487
21.131824835313076
20.930593312881307
20.67312916652012
20.133496537970757
20.219494733690887
19.835261493272913
17.598783182054405
14.007689125677178
16.767765706799594
24.93763270194866
27.45333553028527
29.99588990474948
50.27120339324617
49.360516274856565
45.281392180801205
37.33451655253996
31.2873804018857
30.69225398051061
30.185053481155567
19.179562920656025
13.140444158493223
11.920077727561312
12.01027306535418
12.642354867963862
12.33747675881021
9.83953081470924
5.276900396044354
14.437334910801772
16.633198685695135
16.173216377584957
15.319183095454704
13.179204037185308
11.217746955060036
9.333430283281034
10.619557640598446
12.541974029777629
12.15321027559611
11.517326343084552
11.287833747756334
10.892686682859201
10.517473741045217
10.221217709093438
9.692477200251368
9.172948947741789
8.945500841359552
8.501345303681
8.198904263816567
7.721136090312109
7.536204916738183
7.399693775669452
7.1257018215164845
6.42907589632271
6.4166959783853486
5.996731844661006
5.7362475170287475
5.7267383444298074
5.37303278007237
4.579401783700029
4.21710232003582
4.052479286340504
3.2680218714234797
4.051570164375526
4.136247359536918
3.7779375745741506
3.820828587042527
3.2830180585194255
2.834983871369512
1.613053891355416
0.1879172584912164
0.0
0.0
0.0
3.2727264187183787
5.546720040786629
6.169993366163607
6.45808992600217
6.491742044917877
6.561126386527768
6.527304804949274
19.506710286998985
19.100842184475212
18.918318773166593
18.26445278883433
18.004746867883018
17.61709904878199
8.116673233021185
5.2552507307356295
7.143432564421274
3.2370923000680567
8.72310044178583
20.633543588672026
27.88343540758012
42.166164632015196
41.48516635249021
39.13141563882878
36.60107430813028
34.8674831899482
33.114226347860686
30.418923015075553
8.967524589220798
8.960125173890047
9.772776099616442
11.035323906858421
11.916444778918214
11.563113135626757
9.171484737841748
4.8324070684577345
7.868287790561685
10.687712296850288
13.104566976355047
9.295375369514046
5.231311131877819
4.116576921436125
2.253568450828212
3.560455919613069
10.56890933555918
11.56180899232799
11.585833155415035
11.518016037868838
11.061520413643416
10.56816057563639
10.359557735948151
9.793379990897948
9.510915214256803
9.26346110014129
8.780773578338593
8.36675667900735
8.039047744161378
7.732977326140274
7.4009049630385695
7.0732417860793815
6.834522351967601
6.754799695123258
6.423037711846803
6.192526840897611
5.928516430898741
5.7876287901174965
5.628937772305226
5.249783562103877
5.016307651770153
4.710627798954216
4.899852649511899
4.123891315011552
3.8463417233146293
3.913902022019252
3.3599393869440615
1.192277654109431
0.0
0.0
0.0
0.0
0.0
3.2958427882232533
5.7855333713851635
6.301610944795311
6.540189600092798
6.63412139146119
6.62907592204876
6.426009522876579
17.96712571275008
17.55104465850461
17.56578247165331
17.10165641762046
16.496005030986325
14.569980771791675
4.060497861885281
7.428953030747724
7.591105881606283
4.907011552453325
6.7633275040988305
4.61581971707789
15.326437198788263
34.053761184736054
36.119109154924395
35.28379627257161
34.09759210889883
32.81681031469621
31.602789762665783
26.784523171891127
7.814114309657665
7.602847031132531
7.835149255604954
8.54823940439872
9.147274384740493
8.872655298288677
7.718369213187037
4.149991810876897
8.03322667936243
7.15683786155579
9.578775417758017
8.375058303467245
4.823490445825401
4.390973093549401
2.3441327436382813
0.8914545777429093
4.775127136692452
8.726983600204317
10.616647676234981
11.071645223326204
10.658360931129403
10.280467650636984
10.11919573987331
9.817152499245141
9.555006734155992
9.32876224997481
8.89162664275816
8.465351296498316
8.23615492880324
7.739257630091554
7.558597869033622
7.244079017448728
7.418562993731496
7.273352546352267
6.828202080232865
6.688209209832031
6.481124767160136
6.253617762920461
5.750824778502269
5.963789050511637
5.7479595154390495
5.718228854109625
5.3516260974649255
4.965147071269602
4.686133201402609
4.184071253486303
3.166681423366547
1.1930390427456392
0.0
0.0
0.0
0.45735888895953136
2.1495081147413284
5.046951311579567
6.246138824241659
6.493151599053731
6.549525741367578
6.522115124827102
6.609523437796599
6.432702463938259
16.983858912558418
16.822692955169085
16.339523553872894
15.587566545631375
14.424591543430495
8.259803968889681
3.6087779832905476
7.193860134122308
6.486741534049014
5.040699475498419
11.458492668905075
10.697365944030986
6.380944059736801
5.895182073318177
17.771502697282152
30.13299704175943
30.2060867655838
30.100744007175166
29.246313670544417
22.892875519448882
6.601737629471967
6.141301672889964
5.6783970510358595
5.250802760791604
5.053543341091701
4.645407049591082
4.316656851989645
2.365227663709186
4.323801719770644
5.842446523459845
8.489167325317801
6.7550584967544305
2.2995250049788325
1.05197362094714
1.173351099751846
1.6708472633351703
4.21158461723215
7.858122677703917
9.990172332077734
10.750590755913915
10.67696955282534
10.408198818447646
10.234038053559535
9.693160091651407
9.613770774828941
9.236486349393385
8.81553862319265
8.350024669942218
8.198470201199859
7.826663703290772
7.655982934727385
7.5976709675166205
7.279563318226498
7.1226471091439265
6.733108111138207
6.93565118487788
6.601064066328973
6.355222928139359
6.078886799389878
5.9308303825201625
6.203739471327093
5.776256002351996
5.82290727705913
5.362283340907056
5.0371868553836
3.8921369878073326
3.1660209265500248
1.1026969392266162
0.0
0.0
0.0626390861637388
2.846615471457588
4.25825854984113
5.708575224182055
6.397738287916677
6.680896223033818
6.452900245879997
6.426391651099718
6.636006780623836
6.628693793825622
15.72568467060403
15.39114494241719
14.924763210742631
13.913648496928797
12.816189947328862
4.5936119486005085
3.784501352593958
6.761122980358367
5.273475800327941
1.2512795802744718
3.0072583664195065
6.395737485821588
7.548518397168618
4.6980967734637336
6.705580208360056
24.163336909745695
27.139249700944685
27.77233039349819
27.757991568735964
23.344838640128412
11.41051589153633
8.269013386712414
10.27045088823237
7.461782440848083
5.729520307276467
4.977634182467634
4.343415096562781
4.285136044087388
3.9426575225479343
6.097246464736986
8.839958442923026
9.846731054920664
4.335702853342001
2.4653451467120555
2.87860398181529
3.895613868543803
6.081940893588796
8.216725521986922
10.039858999813077
10.65179195471945
10.662351220990846
10.562307388073256
10.2693245935009
9.83417260193049
9.462853454771823
9.106588970098402
8.802802355703442
8.495819680410143
8.161451255759232
8.243267733698731
7.635499643784533
7.358654164851886
7.250929591016319
7.318218522806384
6.974869548901364
6.860514066711194
6.667009253930622
6.636677330266458
6.335432526373805
6.175778119513395
6.219655481414425
5.980135621500887
5.741601709476617
5.326665742641983
5.384375346897042
4.342501118018018
3.518921778529645
1.2119655971032242
0.0
0.0
0.0
3.0439502128711893
4.677800339590363
5.741824817437078
6.314351529229093
6.52892702464548
6.628693793825622
6.7790438972532945
6.741558023709641
6.743468664825331
14.574140199798874
14.085959355773841
13.753856488387099
12.934479561301092
11.143852320509506
3.8644049642561993
3.7049152327429016
6.208401652405622
3.7990908678617936
1.8304396907946583
1.4419694387676163
1.0138776129800091
2.0190188769457325
2.8256912716941045
7.920033983906222
20.96971155359409
23.803257845084158
25.544146998360304
26.138704804678568
26.10597407246125
25.387754739852568
18.001644461341794
9.514487440343926
7.801622336432308
6.966453239784136
7.069061971011388
7.503664848385453
8.039420910530092
8.682411172402091
9.286727955121492
10.771237030515968
12.464418222583765
11.558080395713057
8.92965354248916
8.507535246069143
8.772069447432784
9.123355116877109
9.583127865889853
10.401165348015546
10.815708053536792
10.87588096263906
10.588257854320391
10.176193730502542
9.726773479546237
9.40555013304986
9.2001472614418
8.726005275919128
8.450924971208726
8.226339942939862
8.259690776911556
7.840061446532819
7.719456635182295
7.537555292737188
7.3880811855280655
6.964264168541814
7.054444099377304
6.784317825282926
6.717370463721606
6.568295162616239
6.129338143595891
6.316211666438693
6.26038266961495
6.010508142521859
5.879526942392958
5.643383375396764
4.391285245864569
3.687671401149335
1.7660144467660648
0.0
0.0
0.0
2.505870118095134
4.642303548269995
6.251779646325832
6.555792495695853
6.7130450810100175
6.634478267731284
6.64358293688849
6.636388908846974
6.9207156294923315
13.471504140087328
13.39791177274477
13.062005676727729
11.979668086710452
10.238291200388634
4.438672361428949
4.001417867962521
5.7087177158927815
3.2122722183211287
5.772155434460276
5.690128847159943
3.4298848931861623
1.9918444372479134
1.2520409689106793
8.770496773901717
19.272903236995763
21.97772184598797
23.326030656587843
23.77123569479062
23.959010103293817
23.69972271049589
20.453090907918895
14.86629948206019
12.04370747799967
11.418262745602824
11.214100770833868
11.499753682810613
11.693810291112413
12.032155832642403
12.285163316944729
12.83658854850871
13.75476679127283
13.758696653424973
13.084160298988373
12.263537682595654
11.980707241201843
11.70230737753786
11.556545172414452
11.205974139175199
11.133116540455855
10.598867854732843
10.592640426456075
10.181748279640704
9.719102354749738
9.34639887941317
9.129993176957404
8.743076144906844
8.421107460379169
8.276328956818007
8.00537045923531
7.818026368317154
7.528048403560264
7.309674132508174
7.279071690142857
7.094044591623925
7.150399045222262
6.766776023110765
6.69831906644928
6.687971292318636
6.5015604666152695
6.500821462122038
6.240685974653047
6.12264520253421
5.886142050493094
5.689776055708832
4.440732390100484
3.4848551045974365
1.8090481270244612
0.0
0.0
0.0
2.2149831345666695
4.557683225189779
6.012021868898898
6.486433406039007
6.63072339369801
6.951896253434975
6.755326034056139
7.077417394843694
7.009053569987486
12.941472802356898
12.717258466757915
12.217019251247017
11.279219127124382
9.562237179253707
4.100066351058025
3.8380351976554383
3.907671948229089
1.5916747685649706
2.324573653824481
4.397746985482544
4.212968043788288
3.1458686963449973
1.2243585858275083
9.304804566027652
18.30685981139163
20.301264441372094
21.69773771567574
22.14755855680317
22.496561572189155
22.51168641394147
20.44679369791192
17.285016132226218
15.918292739918607
15.604789857181744
15.466764922881293
15.642146306375128
15.720428543713844
15.556997568730196
15.348130196376472
14.85058968435635
14.513361678526932
14.317544033671059
13.788506539499348
13.451375145196161
12.823868121305674
12.59883297169251
12.012159854708234
11.435548507328267
11.16811611093253
10.669986996928158
10.394505275324347
10.136215842558652
9.771682183280872
9.674129870100492
9.47653693741813
8.990040413726295
8.421107460379169
8.296903030550396
8.049736918623342
7.8398717947331305
7.623431191239486
7.611777463756192
7.425536337040221
7.119272049921241
6.905576096519501
6.970092812192908
6.725531954873554
6.679630879607705
6.4664735416106645
6.383660114979849
6.17866512374746
6.101614709295587
6.065933269951619
5.66407366821477
5.087515779822175
3.914304742054374
2.7029856873591434
0.0
0.0
0.0
1.8234839715229914
4.571710978400242
6.139977721412729
6.606899044140723
6.955977384472511
7.006485929708776
6.856213935952652
7.12570182151648
6.839968867395557
12.276588800647975
12.23566448023824
11.841454881463438
11.280508941718217
9.826128417955093
7.263490411824131
3.109344079053345
2.0760346709745914
1.1478427226704178
1.136789082310413
1.0720975162367297
0.2818758877368246
0.6139978729131033
0.9395862924560813
9.633169218937878
17.108350309448177
19.133166869403063
20.271057414799785
21.106737915002274
21.095250007707946
20.779568387170904
20.168449588619715
19.028012774583534
17.740550794213032
17.681309166486066
17.38327290475875
16.96965692114711
16.71647245598288
16.523166621629795
16.291235284423774
15.366941115641307
14.694094193595683
14.34438626565279
13.982703186728711
13.545487538741886
13.095886540398151
12.653136894948004
12.12624619385543
11.78283287126336
11.12969866279733
10.74576738203625
10.402719871598148
9.932542024288415
9.811600336195864
9.628984612339186
9.38560387500856
8.965767156022872
8.55009932641488
8.128095176144555
8.148038889556137
7.762710027091214
7.581559352434583
7.281529830561066
7.257021931549222
6.965902181294869
7.0406013000195395
6.994719142546081
7.095356347372719
6.8986010681989915
6.628956963292062
6.538924256666688
6.357104806519805
6.047216728334418
5.999544174487431
5.844845958009646
5.272025867943226
4.140164361432466
2.935324434680447
0.0
0.0
0.0
1.4436067535855115
4.478395436954209
6.174513055531409
6.486433406039007
6.884213012115961
6.7816651661736325
7.005721673262499
6.8807866376641975
7.207322339920036
11.603356272056951
11.584865980099623
11.49367175259901
11.053395763304176
10.300245666198334
8.518519373270372
7.54469278406785
6.761524026373892
5.25262980495791
3.1257892060148023
1.8729135374357804
0.33649989953907217
0.0
1.1347778709446934
8.950622200282174
16.781255271617532
17.88574010899488
19.15093440524822
19.75586482803245
20.06902858876648
20.146758414020702
19.32821493401114
18.814328201145578
18.18078684646066
17.706760401714728
17.30702590589883
17.233506617392877
17.061706334691607
16.433690407307264
15.905122209202277
15.462908348257002
14.523664744994916
14.084121076434018
13.831710616980784
13.516799400748177
13.144813099164288
12.486225215507078
12.117917372030606
11.67370305328488
10.95701726141824
10.539466483031262
10.234569865562689
10.155554137819708
9.8510059100761
9.393004856125456
9.285091728452494
8.963922763383492
8.492758389546964
8.252878074154454
7.9366850381501735
8.05989570981581
7.591195793511913
7.232626373225798
7.380368695203756
7.218179605095971
6.910367855361685
6.967634671774699
6.941971456612616
6.533734576544514
6.661989036471236
6.608665474546671
6.316092707681994
6.123337213903552
6.078958765022687
5.657478934514758
5.16068000250397
4.432496490566772
2.999708919144954
0.2505563446549552
0.0
0.0
1.0195053500723141
4.353750055540171
6.0667265744523675
6.269242120250233
6.756328208015811
6.8538116667533195
6.945137982258225
7.021421485094325
6.9851914960805885
10.905128940284833
10.905607831450544
10.962689220908272
10.731038100185723
10.296424788038683
9.111346400743999
8.020566131202404
6.919951373046055
6.278828355473868
5.619891561273074
4.270093844033619
4.286241078663511
3.9341892648018355
4.197880606275821
12.48350866045767
16.499169612116614
17.38555357380951
18.24803890734629
18.537565180109095
18.75976933884612
19.161764836924053
18.56126991544527
18.119116494507427
17.677484564655874
17.55000507174173
17.138927682498167
16.86138029131885
16.627910087249887
16.316625662029747
15.76960548374052
15.014062187086921
14.388095402354768
14.079015919276436
13.51154264378006
13.263468893930122
12.904174665622852
12.312791561344488
11.772214114252748
11.408312771638538
10.934215315164195
10.81260646926534
10.381290190627375
10.058507897041588
9.622360644114401
9.23684245227542
9.139160167103137
8.72808087647283
8.486749801025592
8.166192137869245
8.14500643025088
7.923392992878973
7.622531305982221
7.534089970021768
7.553187119285639
7.060873870972543
6.918163011347347
6.8413342517859785
6.739810511096081
6.713164039766715
6.514538968562447
6.724561478262749
6.234230951104762
6.172210100199174
6.205458629165025
5.85495855934608
5.486142087698612
4.6768476496019025
3.2114739445346374
0.2505563446549552
0.0
0.0
0.652529833176031
4.647447872404148
6.136398705809322
6.634741437197724
6.763522236057326
6.782451353912669
6.955977384472511
7.089581332363252
7.011869357598909
10.671606570404695
10.653862394564875
10.603740632011013
10.451993471096069
9.970206959740251
9.336525702349952
8.214587076426513
7.261185728248102
6.887476258065595
6.370443695519276
4.9319506130373245
5.066264839860588
6.116765034256029
6.971340399042879
13.826398172692688
16.160794620740326
16.840229461410143
17.47565019758918
17.894163931339822
18.02146196294953
18.032246522875056
17.71604234951808
17.520729234682896
17.249829666708774
17.137720257385183
16.8093351960185
16.501893799572606
16.30233060313779
15.666584023108829
15.253837577989005
14.720860992913412
14.442913500796447
13.793970162668977
13.650474531497704
13.128011005777958
12.614784187007293
12.049025358608489
11.602346904059091
11.47963893324255
10.939962220494934
10.721844297387404
10.498029469311046
9.978248242645192
9.539376988216633
9.123797404134692
9.18631202423645
8.711667534145237
8.546561989716102
8.311314446759495
8.173599845460021
7.81470047293286
7.538470891634538
7.613820879112647
7.475007997467579
6.971949824666971
6.835013980051242
6.912497496198383
6.720402237553664
6.622000852763942
6.309280807863617
6.635123565420862
6.398311340529321
6.128765090983246
6.123337213903553
6.072885869697541
5.876726338078919
5.099225371914479
3.8139944679974302
0.5477216267506667
0.0
0.0
0.9228129568964911
5.410256959960864
6.314088639206778
6.888744922151989
6.932810916236535
6.814086652512466
7.243407063393287
6.8823151505567495
6.926831923639787
10.092262009346433
10.186429490201359
10.07311813479766
10.011982835052532
9.753340633470449
9.125840422260493
8.419082598066886
7.754884022013984
7.37606467661287
6.902901198957537
5.7290912498217335
5.621340437538486
7.021114916805575
8.980131481024989
14.071837559554277
15.648754891336893
16.292229354962096
16.821150417633437
17.364237309301494
17.55511240610723
17.34848693129389
17.16073986966652
17.05417342295765
16.808858891323865
16.64515385829079
16.281527241617198
15.916601269733581
15.48922667314115
15.01789796363206
14.311825447673636
14.26184086225788
13.901172289368455
13.527956906330457
13.377861505494769
12.64906190777378
12.23987902421985
11.765015816426693
11.408138638187875
11.125651904138044
10.621576512545806
10.537827537253575
10.034370040702147
9.9037830856652
9.299429164897212
9.042613542678861
9.022311181755526
8.928618439164943
8.656758843553632
8.465711479725353
8.11259329247404
7.959177732186423
7.6393212800437285
7.46569714790253
7.39739203509312
7.21635835830189
6.974784002655412
6.903383368144984
6.806018868164172
6.800954480959352
6.399263010582903
6.501679425371967
6.378351476100978
6.126568379119508
6.231322205699852
6.163181466345229
5.8494334646805335
5.564947892567732
4.443826418120466
3.491333018360138
2.312192661972203
2.0578086896788634
4.292549231230145
6.25292575155112
6.565937231371301
6.646107178344891
6.789131822577782
6.925848667472503
7.146083892329992
7.0094356982106225
7.0584157305543345
9.749683165114678
10.000697569412582
9.978438074907976
9.853526147229642
9.460090082301216
9.270595186654056
8.54676790465782
7.962310661818118
7.607421501535456
7.205847455669114
6.1583180021355295
6.438630935076576
8.331000638426115
10.51848440181408
13.963540512424817
14.968701494785416
15.608931413485367
16.32810550955215
16.61385459065734
16.78061014613726
16.92737914211958
16.728918635965876
16.668434042004648
16.286413640727535
15.806936346769946
15.344759035748773
15.185494921109424
14.934456812040006
14.442193994148539
14.100458977971705
13.944396900364188
13.78343956284812
13.291012365255343
12.950899713291493
12.544319041106483
12.058603138461002
11.642758341089758
11.350103510002917
10.913486075573278
10.700018126991164
10.440028819685013
10.02970057685765
9.571714791903377
9.305117364405838
9.128344852947532
8.733576482299297
8.491033513737264
8.565506690569404
8.291915519813847
7.923390003373098
7.759667114653519
7.619163971590691
7.707384308547222
7.433704689768203
7.219198626943234
6.894191437579945
6.980112086742042
6.721824264086085
6.4900011459091
6.623554617609538
6.4854564840323805
6.302086779822101
6.240210139626257
6.216076465811018
6.1754212432433
6.102251087798391
6.042848483775814
5.63831416637035
4.472392077581561
4.47068083876168
4.604963868802032
6.138062104906015
6.336766324650525
6.892499796185263
6.672327351705687
7.008944070126982
6.987306114783556
7.261449425129914
7.069646192472583
7.082277804461232
9.454747553282859
9.599781871747279
9.510092324738805
9.633885088528325
9.39262568434906
9.210228894357309
8.606711064320773
8.028177342031622
7.6174519103859835
7.6284694494938154
6.650661489239721
8.116669522168692
10.041366589843733
11.564653047610896
13.415687451864063
14.339215426864316
14.912078700856382
15.198736510159835
15.773797438833798
15.909414520942942
16.07490942662093
15.815382434046194
15.380310163005548
15.099061238127472
14.699964172562934
14.590101803025243
14.22517987279576
14.231019937016482
13.955411520598542
13.665608204488434
13.708759313998687
13.287118374848665
13.081855299059978
12.597070713447192
12.204688952523272
11.786369530708557
11.402812713825742
10.99683800062903
10.585569849536174
10.297997353181882
10.35081893910387
9.94980518763293
9.495355104230388
9.177417018642604
8.781871907346192
8.762956645719093
8.546043357140338
8.404759765373482
8.328906949430477
8.19094516218306
7.8137093999835
7.582350443080013
7.390874554188045
7.052095458819599
6.907269980491433
6.9187641392914925
6.745466567348852
6.878766496688004
6.426272692343019
6.337717994704106
6.466906173739891
6.309161849106919
6.2538339392630125
6.042801490651929
6.132354851468311
6.127737944514656
6.199338740715989
5.3462827383458
5.278316976754404
5.059534430578544
5.636770976071462
6.79490683758725
6.793760452917836
6.95597738447251
6.8272188240655804
7.133606477362648
6.775508022941027
6.91906815784308
6.998800273583616
6.815505665544514
9.058378285155232
9.24390225082391
9.20542145505882
9.194312681448867
8.962512878438885
8.854544993301621
8.578682266318307
8.2458525832406
7.781506153257309
7.307144460730008
6.892813273633046
8.166877939935679
10.1949152508445
11.723823663222216
12.978879613102661
13.552920771895138
13.837048680295377
14.247728892780671
14.893510240257976
14.984866679025325
14.8787362543375
14.693860816390025
14.138949709732227
14.052014641304321
14.149112650780697
13.772319088562304
13.612041624778838
13.532503563899471
13.45875112201275
13.42044034631845
13.273761711480185
13.12866048333506
12.749039127287714
12.253807779048193
11.853792245376148
11.613965494829559
11.153862797156151
10.935924961555381
10.521098096059504
10.441641746968397
10.115264130279966
9.749416182143758
9.503665703571983
9.396257888366208
8.882467222704953
8.645964088359383
8.479989186610476
8.226296285949044
8.036193952094713
8.049979111456784
7.585847657385384
7.423866446439533
7.280019180630162
7.049489212032989
7.068817133326605
6.86579745363702
6.79490683758725
6.681278351256955
6.549362724100613
6.580534660070186
6.62264615045352
6.391975275737734
6.528927024645479
6.364489758950827
6.289201984678576
6.166580022996663
5.970696376132684
6.024250900915313
5.746955901924488
5.467744005331187
5.455846523118463
6.520110776907758
6.636388908846974
6.734135537050924
6.828092580372361
7.031221759922451
6.882315150556749
6.7752353945783925
7.0710026453821815
7.022295241401103
8.672046337214013
8.94332435383145
8.881964389808969
8.69018044610226
8.689935674734656
8.530299972367834
8.361076986734574
8.137449025252828
7.682476683628759
7.3947746540051185
6.635887821867138
7.87132456967737
9.904896627952702
11.240501101729807
12.619463693647619
12.896779207681263
13.260122819774372
13.31010805462783
13.541237548517401
12.180973137362669
13.663820144004127
13.72428338898529
13.590692601083342
13.246947332693836
13.107442906133555
13.213623918669013
13.04001360573223
13.236659113714252
13.087436943853088
13.034678634460882
12.679080510580917
12.394954008737868
12.064791861939222
11.676045026825253
11.445675980935508
11.20199739506459
10.841091688986188
10.57203665982941
10.505765607158516
10.062246205462692
9.897042033471516
9.716447055656529
9.508841239818732
9.179642813042372
8.798325451726889
8.525368130596476
8.47255772220556
8.018392419812507
8.004614419784913
7.941281468495893
7.688972551957941
7.393352746646152
6.971840324806467
7.047999305648333
6.6897377227245824
6.5482163394312
6.432226628911469
6.440015450736472
6.411935140166078
6.2053179292374825
6.254666650559895
5.996527466615009
6.20367073703236
6.041628693918704
6.299938780081268
5.8669537493946535
5.745470586054399
5.603232398362789
5.8603756915441165
5.465228686920149
5.309756711725501
6.746077154189191
6.589469866564604
6.727705765455684
6.721122324254507
6.964373668402317
6.949861090325055
6.914013229534455
6.853921166613824
6.934886928431605
8.149146969484473
8.430695972339485
8.480406666374767
8.455910133408407
8.193920371150949
8.240685873662732
8.084543036158781
7.6693130206995095
7.4729537758231785
7.288151767678159
6.623376165616599
5.515879089248192
2.3134288449280653
5.976921135415602
9.043179438543355
8.91641618013783
8.062445324945752
12.14385676081386
12.539092661127833
9.55248402092914
7.6098455025167056
9.13460250155921
10.707045319652627
8.307298469470481
11.456152558755452
11.940519950871963
12.473837194893312
12.600614408692817
12.468453627062777
12.157369504331971
12.155283635377874
12.105881031304705
11.784416708188145
11.334860178348862
11.182566293986095
11.102087816103225
10.6843800460981
10.39409703918272
10.505507330873732
10.118014402243556
9.99420947876214
9.668277222794156
9.38575534544063
8.918628559501213
9.030456981160977
8.395915127805655
8.450669749395331
8.150197911630153
7.668908574651812
7.630972601343957
7.532864102274687
7.291439605249696
6.914081880309811
6.882957127586043
6.51303570762294
6.555792495695853
6.500677251412295
6.132711727738404
5.908318648957003
5.649978109096775
5.67406650878714
5.8228561356055195
5.7260208344885335
6.03355173011834
5.760532635653186
5.893697103134425
5.59673210068963
5.720378572849474
5.58739007290728
5.510317115277198
5.536523748304998
6.47393073911862
6.580509408117141
6.704629879287823
6.723928652969736
6.729234278348235
6.871080840562846
6.958598653392849
6.847873523241721
7.026758500661777
7.9138262632141885
8.241556301233153
7.983431701672427
8.00866769123676
7.932802132433243
7.855894684355073
7.842496941113025
7.7185978872669345
7.494896237376875
7.284710371092665
5.8590949076867656
1.0688095659346677
5.906180678598768
3.7842901638471944
0.4384736031461716
3.1482977579200093
4.626198550570946
9.514315986947421
11.32764981262147
11.888158659126187
11.701009212972947
5.779222285342383
0.732001725243185
2.1121365761059137
8.086717500605648
10.380041044292275
11.266139135527784
11.597069714091088
11.811270735793007
11.699914589732993
11.776474778706474
11.698304154128117
11.459879008092713
11.177693516707928
10.993819761688403
10.918644597841553
10.538335783956663
10.335594437698042
10.012744329744804
9.806667208974117
9.713984167442986
9.572027563133396
9.183182051089366
8.854123101446651
8.440489129707457
8.157766607637763
8.06352322015462
7.631303955495697
7.812615618569174
7.703359700478229
7.162014476191567
7.175173481943839
6.962188156346743
6.812721268122044
6.854303294836962
6.459023645111234
5.811286628905943
5.541077779147569
4.811315282417954
4.9966104201488895
5.371126990484402
5.320490736515144
5.510738859781815
5.525530755736586
5.667329283376404
5.372466728874029
5.526759112069114
5.676409860691328
5.666417020118957
5.542223884372858
5.421856560328677
6.486101781721958
6.603857922647636
6.4790014604840955
6.972331952890109
6.541786567835959
6.688209209832031
6.849279756717292
6.880348638222183
7.032915643894383
7.414679071864294
7.697353899696701
7.658553743847461
7.601591438150758
7.5823504430800135
7.683165065809219
7.663804219663541
7.627482319236511
7.490613304088003
7.337431262583662
3.5766162585561125
3.6612937065729043
5.3611579899130035
1.6975626635549812
0.2192368015730858
1.7538944125846845
1.5086651774754674
2.7010629123618006
8.304607399018565
10.516367054162401
9.79659811431565
2.1749879067541826
0.313195430818694
0.2505563446549552
1.8910748986797252
4.798574249106474
8.168552439488378
10.864129851895918
11.162363147235109
11.173488108987447
11.35482783581601
11.106996313364002
10.909143571270834
10.7572347261988
10.692228378591958
10.780958118657516
10.352315901958413
10.142080776837952
9.937275343705418
9.828111980390073
9.554955165556446
9.364663312158461
9.025114161844675
8.734160600361287
8.309802367858708
7.9856543156961175
7.990454249280287
7.799217875327129
7.54705681025219
7.440738430135505
7.338645290780696
6.869455607366269
6.769447600012447
6.479383588707233
6.362748859942051
5.819830787990449
5.027448294746598
4.136643576555807
2.6046771226176766
0.9710424381988813
1.546612043928493
1.0915303504387133
1.5339818551135644
3.5368361605664975
4.95346454765542
5.033605987417383
4.849587725841392
5.33834826625616
5.04458247202561
4.960968458843141
5.246123874388077
6.184143225289119
6.383710618885939
6.514326303002097
6.48036051071386
6.595517509936706
6.555410367472715
6.644350206835139
7.049474189899259
7.022007590904741
7.367918114435568
7.472953775823183
7.674460073565672
7.45306553591388
7.357407211802792
7.368492408180556
7.261221493928082
7.190491165552525
7.196920937147764
6.066237432362938
2.84317193187047
5.023948943712528
7.054324588626441
4.133873018074659
0.3445149739005634
1.00222537861982
0.496693506402892
3.2249536053039067
6.225430011206201
9.557411547137482
5.860877318277568
0.9082667493742119
1.00222537861982
0.4071540600643022
0.8456276632104732
3.185196490608206
6.916937505160903
9.821447475288265
10.477445755267023
10.912150916346299
10.850741372566212
10.907657394194583
10.808802844446245
10.58037519746575
10.44754353067046
10.331608354987836
10.029955999147669
9.972830297373426
9.67001385205629
9.345178750805367
8.961160875301648
8.86602444115115
8.66582180352327
8.511472602940557
8.140339268775952
7.837748899668539
7.734495792853247
7.448937504894976
7.25282132216594
7.447426854964073
7.020384600285414
6.766675982146457
6.820679552609838
6.391499440710944
6.017732937616861
5.557541442596975
3.3502299277894734
2.6458390907813154
0.3168325908173919
0.0
0.0
1.531661902674894
4.490222798841159
4.420071963968941
4.112140309324908
3.620819552042538
3.1161628923562597
4.1266813789047605
4.815543768513417
4.474629104759971
3.760743206287553
5.945638719226284
6.315281737555955
6.418865998741153
6.417744866024784
6.814468780735604
6.535356796240719
6.700686624799373
6.6745854101952755
6.854193794976458
6.972207430895876
7.112086953360549
7.406423009826486
7.278508530699257
7.0796715576746205
7.10887064714897
7.1680978852436485
7.107887390981688
7.202367452575719
7.0632164208773425
6.806773665714253
8.172665048171494
10.488179697042021
10.412647901869567
3.681710543885109
0.09395862924560819
0.4814453805882301
0.9271520351875717
3.328182520409134
4.43389285740301
4.203613093282163
3.055664958857966
0.3248476651788831
0.0
1.5636517196406208
3.8121396489443913
5.1870987444047065
8.904265996213583
10.143946615142033
10.274369074873631
10.561468960711439
10.577405937094511
10.554274442428989
10.382636864692289
10.33740943369462
10.114088179742673
9.869406543281256
9.564509499023451
9.289636632291453
9.107917237486266
8.854975733677563
8.74781999067664
8.590281543378625
8.280103862227104
8.119545108952689
8.050489968567863
7.536691173159898
7.292159164535171
7.331493119072062
7.283572917904074
7.003701532286303
6.941589328389478
6.583569447402617
6.370443695519277
5.87909223316132
5.115537407503202
2.4483216461025465
0.0
0.0
0.0
0.0
1.0912394999594812
3.5183025502573475
3.71331502729119
3.420285420664057
2.2317938753546356
0.3758345169824328
0.22287396157178366
0.6286680389996934
1.213831859584015
0.8645129490238331
4.526754168949545
5.884660810168556
6.108091474014716
6.442843906669209
6.47928988190358
6.5678877824400566
6.492982136390945
6.602329409755084
6.739290506323858
6.86024143834856
6.81158766300911
7.046539443531138
6.9251939108867315
7.184061393957284
7.172185106934089
7.090072960446895
6.911241611668464
7.162313938753356
7.074755276838204
6.733361821708454
7.8559670857047
10.413445836439456
10.368606917933558
9.129394581460515
2.318900513136992
0.6577104047192571
0.0626390861637388
0.7203494908829958
0.7516690339648652
1.0980986548648286
5.249226015038575
4.490974621389563
2.1677742479711934
2.1005417423906927
3.678133702447065
5.035117931504333
7.918875062194307
9.427387938784907
9.973149575235944
10.205071412891487
10.10965635274542
10.023525257437225
9.74323847663445
9.669822285338782
9.479400300088058
9.453611892534843
9.353496919665918
9.34373031882733
8.995301018404216
8.44632854086301
8.605687637999088
8.356297739476608
8.085243785163177
7.955564586716452
7.613225828079088
7.5102946980974785
7.253313997253999
7.137088669534291
7.169726966515877
6.989272627118123
6.472665395692508
6.56691086043343
6.425439981046135
5.76356392338116
5.316161824239323
3.48737093100117
1.5368908587367294
0.0
0.0
0.0
1.7544860180385502
3.145090199558272
2.481451611643297
0.6999414277972201
0.156597715409347
0.156597715409347
0.0
0.0
2.019225683804376
1.6368259567801169
1.4466017111310983
5.387337452305112
5.592040300505232
5.893527002924114
6.554552404222785
6.6927535922646255
6.721122324254507
6.85079881071365
6.807384252554592
6.838167726140371
6.934940557073232
7.002460669890115
6.768423494760015
6.73703889323009
6.808912765447144
6.865033197190744
6.759099825881802
6.937943954216708
7.251347484919432
6.713546167989853
7.752973827782416
10.165842006374875
10.287581773481714
7.36577532531502
1.951982396707899
1.5106123879271258
0.0626390861637388
0.0
0.4071540600643022
0.6263908616373878
1.650937712982015
5.889701671487944
4.590720552867353
3.8138116253122685
3.5937273081617365
5.3495651598716
7.0408694177537265
8.660000453544297
9.500135946361224
9.778157912300465
9.77117784533334
9.55265842595235
9.498734365528756
9.520692312889834
9.381753777048814
8.93945086907841
8.828462744446986
8.731947109420215
8.521452590777423
8.445699496276143
8.179091475177563
8.342601807787668
7.852128338541871
7.723376259765382
7.565327103190651
7.477837131807537
7.205808849161212
6.8644320692465985
6.919528395737768
6.707498524617751
6.329810214122404
6.254547691803199
6.158858495911502
5.623071512251249
4.801025067245586
3.9150592585985136
2.644457964892669
0.0
0.5011126893099104
1.4391968387656882
2.1435161809257015
1.5323115422866378
1.7094411264144358
0.469793146228041
0.0
0.0
0.0
0.0
1.1536425224859408
1.2271930886457731
0.555736701112158
4.056171554306306
4.640791580471129
5.51089016788984
6.294892751780586
6.480003634443767
6.369942608539441
6.669565192735889
6.412886810219659
6.594897464200173
6.534974668017581
6.6715947926082775
6.8436047826721325
6.927323551723428
6.719211683138817
6.786074796792679
6.7740890099089786
6.7145735939025695
7.004480810866308
6.719747480967892
7.393608582539718
9.706222968015972
10.047163548006909
4.337698825754443
1.346740352520383
0.8456276632104732
1.4720185248478603
0.4071540600643022
0.4384736031461716
0.5011126893099104
0.3758345169824328
2.9312539862983664
4.105962287062229
4.00573648991721
4.224785776487967
5.588381732941264
6.880331199267062
7.993432902754371
8.864151254057411
9.229429095818778
9.26176689950552
9.239813669598428
9.080834347958309
9.160718702894297
9.142405564422262
8.784398807237192
8.52115936185407
8.299866930510145
8.351612725615198
8.296602882212126
8.122076924185679
7.859851635154132
7.63091187627194
7.6112500699925745
7.328735516092062
7.157850679492683
7.036138040758867
6.751044821089984
6.7812830379504945
6.748369923528019
6.842208008092757
6.233636157321275
6.036060116911469
5.527358783405524
5.077028096568897
4.390649946512913
4.118437737186159
3.05782749884468
2.353955885228974
2.091809209030167
2.1013057921198497
0.1252781723274776
0.0
0.0
0.0
0.0
0.3168325908173919
3.102080235998667
3.6545790671227354
2.3692153772285556
2.2684820251469042
2.910221091129257
3.8457843978586714
5.3406766394896605
6.073318222382641
6.364013923924037
6.3644897589508265
6.628574835068925
6.506512229224047
6.688353420541774
6.54066543511959
6.568915208352773
6.4608080264617
6.739920010956585
6.592758364467281
6.626792611606126
6.754799695123259
6.534091452814607
6.852173654000264
6.643965065111628
6.846134967686669
9.42860552241883
9.674703843960978
3.343509122420186
0.9075259950101168
0.9709058355379506
1.00222537861982
0.1879172584912164
0.469793146228041
0.0
0.4384736031461716
1.0707168993282248
2.769353123962736
2.624846460973224
4.490039739008861
5.609263792627066
6.839696239032922
7.88289426593435
8.389140836396388
8.932042253039882
8.877840395980076
8.963751969292716
8.764320959366975
8.481708412539316
8.701924953183001
8.369513807975613
8.191106150599898
8.136037741125522
8.060609234444595
7.928788386297144
7.687913107253718
7.662614117596438
7.270367012170437
7.094864719289078
6.964986568655206
6.832502210991407
6.751426949313123
6.725140367754221
6.492744218877549
6.642054423995938
6.588467692604933
6.376967453362295
6.093496546915903
5.465629773025942
5.032588515383967
4.506220463131055
3.664861844534406
3.134036559198267
2.994416089597123
2.377280988221468
0.39913898570281103
0.0
0.0
0.0
0.0
0.0
2.261982383463007
3.8822157740527454
3.532184086441373
3.4692603235013086
4.082699086886073
3.8027373506801503
4.312759022596268
5.3988395914559595
6.207568941108737
6.319228094866988
6.385401293432752
6.4507516872509125
6.681804690189836
6.450513769737516
6.526565800456043
6.652621197847591
6.747987795304881
6.5072512337172785
6.581774751543253
6.562103308534395
6.431152489318989
6.71828175425608
6.834249723604966
6.481005808403438
6.491355419445336
9.27548361349538
9.574101537571462
4.116935728385683
0.5637517754736491
0.0
0.3445149739005634
0.5011126893099104
0.469793146228041
0.5637517754736491
0.1252781723274776
0.0
1.763519178945642
3.291863031327705
4.152263953484787
5.724749257613056
6.505866931534468
7.058033602331196
8.095145221086147
8.616269558836699
8.603143710177603
8.34647456466425
8.03969021321391
7.886702412084225
7.8295332604877
7.856374725135336
7.672674920465009
7.6992037205614245
7.688151844743492
7.435023174177255
7.252561513116467
7.27510005896583
6.927364400808577
6.535738924463857
6.38418645391273
6.410024499050388
6.120760092815692
6.36951376663654
6.507489151230674
6.350271165530582
6.254904568073292
6.1438918721153835
5.673062895272579
5.368105316611972
4.238138630033578
3.904260641422247
3.3932034793846384
2.691829413130233
2.3576549480440097
1.3066649807129271
0.0
0.0
0.0
0.0
0.0
0.0
1.2508964156394542
3.9154385979490973
3.677862901571001
3.4836050532474863
4.827226292127595
4.997554803060284
5.255010818538665
5.6315288852757375
5.980351797843436
6.012800352972435
6.339259924928139
6.682161566459929
6.760465210272223
6.363725502504551
6.419936627551432
6.546713078491692
6.592723653618043
6.687444953385755
6.775235394578392
6.52615842027986
6.771371020684614
6.640560621952625
6.589350907807907
6.616335337614978
6.342359231052653
9.098841650561587
9.394424592638128
6.11724362191011
0.0626390861637388
0.1252781723274776
0.4384736031461716
0.1879172584912164
0.5011126893099104
0.156597715409347
0.1252781723274776
0.0
2.3398956793274874
1.831609561839867
2.726539738014528
5.391963929021523
6.549644700124276
7.310429457473628
7.599564387955234
8.07025385457307
8.206022360554922
8.057687785107992
7.532532748122947
7.251539650441284
7.394546722803288
7.1469576486367705
7.420565271746036
7.084626445018936
7.146960489464689
7.33149311907206
6.96153339976097
6.766894981867463
6.356102632560134
6.223699335755435
5.019276849364732
4.969852792892491
5.703048920917587
6.114903373833095
6.16906343728087
6.1577535892655355
6.043086401289211
6.281795291076711
5.858208307178978
4.912514423599967
4.354080148143546
3.6686434459919246
2.489296671194061
0.5011126893099104
0.0626390861637388
0.3758345169824328
0.0
0.0
0.0
0.0
0.0
0.0
0.6873833648960354
3.8035812007160064
3.236471023895005
3.532965523126721
4.792192579803911
5.127825483716257
5.697917980739924
5.99490552636293
6.232706228438538
6.121931449994023
6.432608757134606
6.357558900375752
6.499080283669136
6.344173018252391
6.602855748687965
6.5740796365219
6.5125346206431045
6.70006657906284
6.478644584214002
6.616335337614978
6.479527799416976
6.308660762127084
6.794524709364112
6.526252127083513
6.186713146189218
8.469209975104938
9.161777530704157
8.231972894109594
1.0891328935528548
0.0
0.5011126893099104
0.5011126893099104
0.6263908616373878
0.4071540600643022
0.3758345169824328
0.0
0.3445149739005634
0.0
1.1719292142991162
4.609981437436406
6.51789404287219
7.099452500543983
7.2634517031444625
7.698734606749667
7.577793006621382
7.211512970818077
5.875806866700106
3.948468185529373
6.5434061323626675
6.5201360288608035
6.690884107393996
6.9414514518403925
6.724539239810076
6.708153281203523
6.3783262241479335
6.072312817084896
5.5474355851100015
4.726478248769504
1.2694973766478157
1.7010841559621526
3.8536606276613323
5.4284030086474315
6.155461378814959
5.984503866059488
6.281676332320012
6.069879906706776
5.4563447292179355
4.6346544670968965
3.7686864004517764
3.2587137050530486
2.913036157524811
2.4239311942064448
0.3561672082607525
0.0
0.0
0.0
0.0
0.0
0.0
0.0
0.7115523936131843
3.510634131177323
3.524495033089236
3.6880933261672624
4.4438499624700505
5.348279132046178
5.594945125548612
5.960186501954201
6.1555368552299665
6.398286088576277
6.398311340529321
6.384687540892565
6.303301619342124
6.350152206773884
6.574342805988341
6.555053491202622
6.521257161577172
6.453282374103136
6.432608757134607
6.59932288787607
6.22048819271131
6.2066264755611575
6.453996126643322
6.350509083043979
6.36733813921729
8.01577656678793
8.808560102758221
8.26256559983155
1.4083531972538508
0.0
0.0
0.0
0.0
0.5011126893099104
0.0
0.0
0.0
0.0
0.0
1.616504702875215
5.457050390387792
7.056940846303413
7.2260513360900775
7.56833268941238
7.24192324766154
5.86484062682637
2.0826150443211437
0.3758345169824328
2.95739039281982
5.459376116267274
6.085460781694859
6.2538556804338565
6.275697143798519
6.291363960639143
5.957742846694425
5.562990071071698
4.461512996909693
1.175740026138615
0.0
0.0
0.6955222448902019
3.870589557396647
5.846513974393966
6.13014911372193
5.95839545126763
5.71012438113104
5.56442115971844
4.787653470407444
3.497887880177328
1.4331104386814666
1.22072142582881
2.2141909757230445
0.7356388852418829
0.0
0.0
0.0
0.0
0.0
0.0
0.0
1.8524570898313952
3.962448713969482
3.37270627221617
3.7002822517112985
4.636755450701131
5.2828100473984385
5.513901008433525
6.003633302953315
6.150606554347909
6.377637723560792
6.412410975192868
6.311702442508423
6.7077616940841915
5.975853849646481
6.011654247747146
6.212865322766891
6.308541803370386
6.716221065551818
6.401640883441893
6.398787175556112
6.405004281591001
6.480054138349855
6.481124767160136
6.683307951129343
6.1981926354907015
7.27139681200457
7.686947813307248
3.659138824058171
0.0
0.0
0.0
0.0
0.0
0.0
0.5684482905621716
0.2505563446549552
0.0
0.0
0.0
1.2897496377210624
4.570440575364772
7.182550744026383
7.555736843103706
7.462132276327226
6.514264572699129
1.0621540234429065
0.0
0.0
0.156597715409347
1.6593208220932232
4.977673593807988
5.571860109675431
5.541400214621533
5.237965065648016
5.226800340641823
4.704536724332409
1.6354866084158375
0.0
0.0
0.0
0.0
1.7989889974852906
4.977861683990067
5.661035318492866
6.014789914376265
5.950381427217433
5.125667628030849
3.9254442886156116
2.8233819921975902
0.29352812209701373
0.0
0.9082667493742119
0.5324322323917797
0.0
0.0
0.0
0.0
0.0
0.0
0.0
2.7059210063082917
3.540091077319992
2.9828257580532713
3.6847493734315084
4.749805256141867
4.976805231843107
5.730109962954418
5.870107081649063
6.412054098922775
5.968804032314706
6.360434908320629
6.336885283407222
6.312394453877765
6.026543111365889
6.170804336289646
6.288726149651786
6.650394836706868
6.616717465838115
6.596043848869586
6.644729321557904
6.493032640297033
6.689881933434326
6.492362090654411
6.385163375919356
4.659238435600038
2.4079314170190793
4.277353974692266
4.4566227181477895
0.6947416528252189
0.0
0.0
1.8206810358704189
1.9626472698872834
3.6887615839857713
4.838219322583599
3.3187278855286917
0.2308890359332749
0.0
0.7655571771431351
4.0118284938124695
5.277407425259567
7.025721615852867
7.334709425283644
6.185972347568755
1.0847712776195786
0.0
0.0
0.0
0.0
0.9541349324508733
3.4667870086301473
4.6657441271554365
4.378182341775769
3.8956300435414675
3.977551492531231
4.000704837109744
2.9470403911490255
0.30518035645720276
0.0
0.0
0.0
0.4457066545993423
2.8406185578834675
5.151707719734754
5.633248043113669
5.393886485113881
5.335078831317408
2.4006302852733095
0.5047498493086083
0.6577104047192571
0.0
0.0
0.09395862924560819
0.0
0.0
0.0
0.0
0.0
0.0
0.5826370612870089
3.510076805721364
3.573027376636447
3.0409837584936534
3.826047993103435
4.806466216388601
5.182304225236911
5.65844134945
5.990128462073256
6.133381997936902
6.019255376520719
6.191813088357425
6.507896531406857
6.316092707681995
6.012450710801799
6.355316914387139
6.227181133772989
6.2877492276451585
6.440015450736473
6.466498793563708
6.431556079268845
6.5475962936946654
6.7271328810519995
6.4744318260984555
6.477141323274495
6.123131782442658
1.9575838530048668
4.327379035072517
5.37256472645018
3.6387234226763154
1.5244077452546925
4.827621570701128
5.289935568634775
5.180799649027329
5.623674640049282
5.725878342777808
5.683213783253318
1.4308958204016606
1.347902834018417
4.434224665414233
5.055019004771012
5.8965112247440326
6.796710992342808
7.053955456519309
1.5996720181660529
3.292407965111373
1.7157728775279875
0.0
0.0
0.8441048859380575
2.724891922040358
3.0740208739409947
3.8811011231408274
3.3877024593121146
1.1067329574986169
2.5216805099995825
3.6087453926644204
3.4076217067525114
2.6838234254127826
0.4917169980399144
0.0
1.3285888325248003
3.750621972064419
1.8040413602536727
3.447043980327254
4.975927555137234
5.256703587350209
5.037092090549821
3.5042198110257163
1.1951371186531758
0.0
0.0
0.0
0.3445149739005634
0.3758345169824328
0.0
0.0
0.0
0.0
0.0
0.0
2.580718764075021
3.4447458088405787
3.464107730825016
3.966653886881371
4.718914622014032
5.3458521774438825
5.6553558344986765
6.10878348538406
6.253358104236221
6.247914001086125
6.254666650559896
6.295775966983559
6.322785648743676
6.122072149921567
5.947200486463441
6.425796857316228
6.2962518020103495
6.38444962337917
6.574223847231644
6.613422522539616
6.608283346323533
6.681804690189836
6.614806824722426
6.643965065111628
6.532087104895264
5.0364286130565965
1.610130453011506
3.23791539878012
4.013834297346978
6.540544866584277
6.562870578481045
6.2461138517327415
6.2311779949901105
6.3578905246928
6.38230134419421
4.125107222208417
1.0792545822347506
5.6209960905607845
6.052825450506078
6.120234033326936
5.969335886348029
6.568150951906497
4.632730734914724
4.496763728679669
7.389214750884319
6.545144767249893
2.026674874391586
0.8820382522008009
2.9875612621451437
2.7267861162108
2.231553484263988
2.368284155224775
1.9610269237999076
0.3445149739005634
0.8609170575693602
2.195629049826088
3.294608390063277
3.623606179322332
3.605087013724666
2.6095017707922423
3.484501766632923
3.7493244784673387
3.762900118933982
3.00266123407843
4.758148622475932
5.017730992857889
4.8660188893045655
4.66929281488808
3.3054678837303615
0.1369304066876667
0.0
0.9990281925070144
3.231810327736741
3.0984715622930143
1.2863898099038682
0.2971652820957116
0.328484825177581
0.0
0.0
0.0
1.4122758443187242
1.6299073315309445
2.5178477887957347
3.8895558894744786
5.208819579529568
5.748390076340966
5.778978773704488
6.391261523197547
6.596307018336027
6.042394389919869
6.307633615658494
6.363130708721063
6.314470767429917
6.100014510214354
6.148699703458544
6.323380442527164
6.309042890350222
6.336384196427386
6.519237020600978
6.561483262797861
6.673727446945347
6.554671362979485
6.727815265316187
6.46537766084734
6.419222875011246
5.503149328964543
7.233275423804788
3.1081578423010976
6.385074927587206
7.58971043098648
7.06284322413503
6.703361522361339
6.661606908248098
6.997817017416331
5.824665278603069
3.128866422171786
5.8964100886382536
6.541429691565866
6.362604649232307
6.514063133535656
6.480122593200464
6.591421055408362
6.430716259869639
7.534653129465375
7.38528781686809
6.917126126538437
6.260462221575511
4.45896662479809
3.504998973801393
1.774091423943894
0.23088903593327492
0.1879172584912164
0.0
0.0
0.0
0.0
0.43409568878337823
2.509372538013547
3.4186959813846283
4.004032795006037
3.631925545217949
3.8450759482608463
4.09887028625478
4.5715801568178795
4.747311595334054
5.2959717759228635
5.371374751550724
5.05075747815245
4.994530103997744
3.213535227136548
0.3714359683475269
3.2692064938354974
3.8534989960512007
4.0207277664448755
3.5111914566332816
3.3073959096074974
3.722084145694067
1.8868569764361443
0.16824994976953608
1.6564544294300845
2.1319165812946554
1.149243973851035
1.0765693338728912
3.2860198676897
4.762644380448885
5.567483141715735
6.0443514652711965
6.513825216022261
6.342983430685413
6.095851697116644
6.213676292892931
6.398549258042717
6.247854750741517
5.813395149066471
6.169420313550963
6.334549590614958
6.548623719607382
6.6470998934083685
6.5661718559401985
6.473191734625389
6.432464546424864
6.283103837400386
6.547069954761785
6.539493798497131
6.095732738359947
5.966885310344619
7.026132180908007
7.38710631103898
7.94700481775948
7.770054551532759
7.528084169240241
6.667272423397063
6.813704524289329
7.255810744180109
5.8349588595788235
7.12150894024687
7.0308396316993145
7.212496226985358
7.110837159483537
6.80979899415049
6.782069225689531
6.681660479480094
7.015210713220091
7.248397716417584
7.302261104745655
7.031277631141329
6.412828261918332
4.985031478179901
1.6082814461726869
0.0
0.0
0.0
0.0
0.0
0.0
0.0
0.0
0.3168325908173919
2.5978386019844417
3.7598414276434955
3.6337012034805634
4.2026930073296205
4.542249971776402
5.148351328100859
5.50238264318756
5.356269467958323
5.714451327788959
5.42394243798963
5.482881750168085
5.28772284561565
2.682437935958843
1.5198992280481218
4.138135731975783
4.194556484119164
3.848992950156394
4.049355210954708
4.034012137918026
3.8975252937036053
2.4081255614926724
2.1412710040204264
1.3336066094320038
0.37143596834752696
3.2176762681650546
4.137226610010804
4.535233257535731
5.539216129598911
6.253282627821212
6.460570108948303
6.322641438033932
6.2270621750162904
6.220726110224704
6.20569654667842
6.192645799654308
5.851606716374413
6.040523787272737
6.316568542708786
6.32228456176384
6.481243725916834
6.452781287123299
6.620090211648252
6.579745151670865
6.673965364458742
6.692346212088444
6.389826717108649
6.39649819644361
5.968411824794029
6.151560625596125
7.2680713485046935
7.762871015508064
7.750332020181378
7.393912031999727
7.197779671320817
7.138670864567466
7.60425713895373
7.4249212339667725
7.249117275703057
7.409920224131856
7.301275007750451
7.290612748924283
6.911460611389471
6.903383368144984
7.039618043852256
7.1246799588413
7.1232436810982716
7.231074913966429
6.819041539856781
6.0705148456546905
4.031197913989751
0.4654152318652477
0.0
0.0
0.0
0.0
0.0
0.0
0.0
0.0
0.0
0.6489133074494454
3.2342210877990567
4.017232689567256
4.505677486078116
5.395062065135296
5.752333627326388
5.737732832898836
5.8003444020423585
5.900440195873898
5.467443366890727
5.433938265010371
5.391306205472116
5.202316010455269
1.9041157697130298
2.737372708354361
4.717768525843012
4.584217567865274
4.699774225964562
4.755361170903632
4.316676024491815
4.173915291164315
1.7461127407675232
1.1786255745684406
2.631735949975184
3.475718696640981
3.8397734945773156
4.615097030803172
5.461279194092635
6.015464260120314
6.499819288162366
6.4836436193907945
6.260501628371648
6.329835466075449
6.37080057178937
6.094013580522016
5.748532568051693
6.109594455510098
6.254547691803198
6.439896491979775
6.554646111026439
6.418577577321667
6.735535632290584
6.607374879167515
6.46399335866453
6.370061567296139
6.322165603007143
5.989029422756027
4.917318909162938
4.4707850842743255
6.3713279195789205
7.562166614698949
7.6537380451330375
7.465214765570843
6.97058444027655
7.418455696691552
7.788672439536925
7.755871152271297
7.610059967925458
7.6644242300891285
7.726971525358741
7.648990003688549
7.336468058456276
7.256038675381937
7.125666055836502
7.05470170560621
6.859586681762788
6.993353758155661
6.662762640578541
3.6696877982587797
0.32042848227186466
0.0
0.0
0.0
0.0
0.0
0.0
0.0
0.0
0.0
0.0
0.0
2.284324570440019
3.4790832836488486
4.590333005527753
5.181268102681849
5.600889046458602
5.865468433524564
5.979681527644941
6.065717093609068
5.697151294962943
5.639269724201035
5.5204957421335346
5.575797033253677
5.5035690565377156
3.815174473748632
4.748053598317703
4.729451049457192
4.709435664030765
4.680975338502263
4.307740071755376
3.900208239088667
3.584441039198042
2.0247303056872994
2.9945691844086464
3.7027980781150323
4.051570164375526
4.741087534318941
5.663500615602126
5.999327998144879
6.223580376998738
6.220488192711309
6.317758130275764
6.039950734660095
6.295300131956768
6.192169964627517
5.78388473962515
6.169896148577754
6.123575131416948
6.315638613826049
6.392094234494432
6.445468300325086
6.555792495695853
6.477379240787891
6.150822730690461
6.315447409992418
5.695480192808887
4.5038433036964705
3.0746401022132916
3.35421445939259
7.6466619491390055
8.54538950829933
8.018023919337221
7.233852568986328
6.706352139948337
5.991378817315566
7.034914317341025
7.627775632687338
7.670497688140591
7.9278743479357825
7.832310201022653
7.669239928803553
7.498393451682249
7.173396294303202
6.971348696722826
6.86945560736627
6.9441547260909395
7.026266872578135
6.533752972001142
0.9126486853271006
0.0
0.0
0.0
0.0
0.0
0.0
0.0
0.0
0.0
0.0
0.0
0.0
0.5280543180289865
3.0250933376620717
3.970555165073086
5.120254875377285
5.608729082521385
5.846926869670591
5.802063559880292
5.868452655344481
5.776113510641268
5.9654846753955395
5.834425642305094
5.579717051285067
5.659583478451097
5.137434083150063
4.91014401227192
4.4496325920063455
4.268511201157459
3.725991088608547
3.662333471590341
3.2478370708695543
2.5874838627753642
1.8626583797344765
1.479292844845256
2.8576800462652043
3.543856955073675
4.833508575487208
5.672825967534998
6.170350242433701
6.224726482224026
6.233636157321272
6.240210139626257
6.288964067165182
6.074583286364629
6.239182993157665
5.758640291835207
5.830360046793238
6.226348422476104
6.294846038100822
6.465734537117433
6.458709971738704
6.687827081608893
6.398549258042717
5.983097211695506
5.337468180503184
3.7144579154674324
2.8064321690988967
4.768920564516288
8.20518801671322
9.445298078182043
9.344664264593034
8.619995944382408
7.714276198792204
7.25526832828276
6.711394757678055
7.145248456984718
7.094583105946623
7.173852129222239
7.360683713890759
7.682253278037806
7.668981666547756
7.6563819461490645
7.467103341621415
7.10478342545853
6.821280680553982
6.769952007652566
6.709027037510302
4.936611853562724
0.0
0.0
0.0
0.0
0.0
0.0
0.0
0.0
0.0
0.0
0.0
0.0
0.0
0.0
2.167164643834595
3.988062268004485
4.505876512008826
5.279656715144031
5.6080135381980165
5.641561934651611
5.8645837787667
6.109832373023495
5.91696866537001
5.531701385082446
5.122830851232533
3.859294922229032
3.4239758611690503
3.3508577884875614
2.899319895626607
3.2616619576309818
3.9631896772925397
4.335958293213856
4.299117998034313
3.9249762966513684
3.7406623483442196
2.7789581766493394
1.8194299043830258
2.945779481040268
4.074256834112916
5.155452746069186
5.664619211649194
5.994116297407736
6.130030154965234
6.426510609856415
6.323499401283863
5.991434724634563
6.065025082239725
5.835283678339192
5.920288022289177
6.5423129067688395
6.350628041800676
6.206626475561158
6.371420617525903
6.114687197490544
5.555951833213376
4.577802871713135
3.661600939421273
3.038607075312377
5.493487476685513
8.69617337981706
9.44609382842489
9.36897765178029
9.478890181800065
8.75868023135712
8.608142711207122
8.077483990894583
8.286457883649614
8.92431421403595
9.0426856351989
8.864247344302514
8.732222781637377
7.853096879046842
7.496868081843893
7.166684156796451
6.596411043405675
6.292284746622302
6.097569522095555
5.706998475932922
5.069277096302551
2.0200153540483203
0.9585128468136663
0.0
0.0
0.0
0.0
0.0
0.0
0.0
0.0
0.0
0.0
0.0
0.0
0.0
1.375775729693629
3.24976674833003
3.45539353868409
4.067041910501635
4.244015092743523
4.063688274840832
4.329620479022895
4.007624596495991
4.089524263326328
4.176425964433711
4.162352590149908
4.644407492487344
4.929614246780196
5.304540267148836
5.296695128384869
5.067202500134479
4.718376774825073
4.924592311746647
4.725296800071404
4.7342915217207375
4.8666271382866295
4.519658646074989
3.688777765194951
2.5080837262806845
2.381567097408615
3.68163495302759
4.78985034345455
6.017302376714945
6.085142258806005
6.088920838541569
6.028175796499625
6.134766020675584
6.384352405793317
5.467351026857795
5.730422554875454
6.034555343632902
5.95448822130861
6.136031084657571
5.99720181235906
4.906820392580915
4.211200532031902
3.452992187648676
2.99099947312693
6.685574484586904
8.964076777714787
9.580189237016786
9.673817098870474
9.578523820213176
9.461010328677862
9.257791252073059
9.356319211530728
9.12221139832835
9.101531402997578
8.999657771894478
9.052459237302514
9.138926773785151
9.158475792736649
8.807765689407717
8.773296292973873
8.637434670046002
7.9241460428234936
7.377611092223756
7.15074167028175
6.230925406754358
1.8664335732374429
2.6201689867479403
3.3663031732360844
1.7909696729132658
1.0822269733245031
1.5760859769091293
0.5244171580302885
0.0
0.0
0.0
0.0
0.0
0.4384736031461716
0.1879172584912164
0.0
0.0
0.3758345169824328
1.943283530164824
3.3400506902631073
4.32937373817519
5.322558706073962
5.70630294136502
6.2318700063594505
6.38492545840596
6.27193043514368
6.219774440171123
6.054147586909494
6.06457098838378
5.746263890555146
5.624024974088015
5.3777325575131565
5.2138965361149925
4.995436256295345
5.178384207205519
5.05292886354979
5.343366333828968
5.112331236616394
5.155931362654979
4.847416340444055
3.9816797864283915
2.2979925250624467
1.5761272454533548
3.0175870528603266
4.576557070411932
5.64295281449485
5.752883146985001
5.948584509202124
5.828640888955307
5.848287359455247
5.270145576927187
5.715454941303521
5.694140454419261
5.90782514830492
5.453535329977225
4.691882522346936
3.49593555293246
2.5041527743501044
3.206426333634012
7.20792948804926
9.45878287941041
9.88569529834795
9.78908541940124
9.834613084305516
9.92099721581483
9.816707896326502
9.91537707664944
9.875399188705552
9.604146894791622
9.363527935537418
9.425578313977088
9.398300622365044
9.389677251793438
9.50735450073378
9.081534527912263
8.906054237581808
8.721876901743443
8.302779774050974
7.989065118095425
7.898485367960509
7.656219711467365
6.570298441337945
0.7027773614588226
3.165924074074519
2.653322690875313
2.0698760891311005
2.8126355863783963
3.293814152757304
3.106683939908874
1.8070482818436604
1.4071571755918355
0.5637517754736491
1.2520409689106793
1.4319431530404045
0.3758345169824328
0.0
1.00222537861982
0.5557367011121579
1.3202871578946112
3.9198745153349943
5.116890675604758
6.174848190630658
6.452662328366601
6.453639250373229
6.358034735402542
6.2344688686181575
6.300752981545382
6.205934464191817
6.037811760801901
5.610542676386171
5.487469256838973
5.633207834310164
5.310339848534407
5.518967131690205
5.152127447307927
5.570636473970144
5.16327111547448
5.363506976612341
5.23281354319308
5.608156029908742
5.406311002657446
4.365275958587025
2.5398318770635275
1.6387250630728682
2.92904756695654
4.3062370492113535
5.098495289620513
5.870130614603092
5.608729082521388
5.778456862545457
4.93842185771749
5.231600740816541
5.126568997379924
4.939166548030054
4.091910204606391
3.4601445498169667
2.994956599254201
4.261835717378068
8.187232773298124
9.467132097663276
9.822817625719692
9.937517752730423
9.99937438783278
10.1120803723081
10.056691656324526
9.793884328845477
9.926855643461627
9.914253702874378
9.656790489552627
9.823634734897238
9.656535067262613
9.495042333000377
9.667433969216491
9.486575238681624
9.422015055480188
9.328288177946854
8.92764881963299
8.685962218876819
8.461508161580404
8.15841056130512
7.910258946518735
7.903072420988164
5.744312369072612
1.2038558020744334
0.4188062944244913
2.814747689563802
3.822721870049672
5.40227677304626
4.890784593650242
4.252799237154953
3.421114810130705
2.724600562580985
2.8324473350048636
2.8384765914634214
0.7982573371335091
0.6263908616373878
0.469793146228041
0.770097733210316
3.090283635868462
4.707961672701121
5.292549015944642
6.095040726990604
6.517486383251882
6.646598806428533
6.323117273060724
6.2995346312431595
6.226943216259594
6.261359591621575
6.341740107874272
6.279935433311237
6.176232213369341
5.743751428216467
5.8212794694783145
5.5573881175575055
5.235509925519188
5.550898653213089
5.77219040684014
5.48378009432705
5.380648962029985
5.504962922829325
5.847670022493544
5.816470820464867
4.895205245569729
3.367666843076573
2.309624125150524
2.0974759351258214
3.3880273866723867
4.746024695576821
5.172117461435013
5.244926627709178
4.295942999122417
4.2075892596990565
3.9419577926701055
3.931998168949906
3.3516930081359657
2.7244033350154213
5.001768199649593
8.288076326814032
9.616178058126417
10.018098419444064
10.266747760086595
10.136537974415946
10.180927049919545
10.307783269878405
10.050963325911631
10.37238683321533
9.96602531494935
10.190917524770207
9.994458394419658
9.77893169396569
10.028703054592429
9.616744625492625
9.633962801527986
9.419151692810257
9.65074049518832
9.42762133210289
9.122425805094812
9.011262474281938
8.846072492590707
8.481760258479115
8.310744167527341
7.924969739543818
7.421899934104965
6.449674932329861
2.617505812555798
3.1876740531746384
4.920497384938391
6.295657008226861
6.266574523696794
5.93800502593737
5.5281405751257875
5.387250824416892
5.081300465570469
4.818123030842253
1.7488077443148269
1.5224592644487334
2.34106010075873
3.6102819685942658
4.225008675575185
4.602408206345512
5.252871933127559
6.299560162640329
6.483834264336175
6.599586057342511
6.6128024768030835
6.6043683572885
6.43906378068289
6.548623719607382
6.240210139626255
6.293797150461387
6.368749789634388
6.088715407080676
6.206626475561157
6.089039797298268
5.742605322991178
5.809407313731992
5.663863359200956
5.540857756956845
5.581907078149786
5.6970233939820485
5.419839620122643
5.773194020354701
5.53899302163845
4.808507302721552
3.6327074924374694
2.9528565734720953
2.212769090270313
3.324982683863497
4.035062369387211
4.88812408714529
3.5455289314415523
3.4901575582809663
2.7500905849311783
2.6092135041631277
2.2118084215796627
5.957732439747888
8.357557552240996
9.404299048129797
9.955975734875581
10.31794467200904
10.206503275453041
10.195030073904945
10.217978966442098
10.350905043388217
10.295059635044398
10.16055462624288
10.17710265195396
10.19671562430179
10.240381446265165
10.291193615478283
10.160232494385593
9.83946760823502
9.78203325577438
9.777604466500165
9.716179346393561
9.640076651464796
9.274030645639158
9.11760163131197
9.05687477984205
8.719193814000526
8.605130998313367
8.198513858190672
7.7961142378174175
7.046455243206689
5.943674930306084
4.867669896435481
6.123875612881539
6.832229582628774
6.535619965707159
6.209646414771651
6.403976855678285
6.274864432501635
6.128332738298145
5.905022824991866
5.489447624865376
4.173683201731945
4.200295580458373
4.393750257199856
5.084927490507443
5.898611424564966
6.228817050244801
6.3569136026861734
6.635123565420862
6.85086414082872
6.688209209832031
6.621618724540804
6.654319173402928
6.683690079352481
6.399144051826205
6.102209503079076
6.399263010582903
6.378589393614374
6.087320639460335
5.976426902259123
5.88545003912375
6.077286600308644
6.162716096755971
5.885806915393844
5.755893987528686
5.786052123990291
5.730371413421843
5.619050201088451
5.457453612088094
5.439913565754763
4.804587613497086
4.202571955294609
2.8545273744585167
1.6613094117012637
2.6915611675927735
3.5787372947686986
3.2036004458681195
3.0630497706694397
2.5358899149965333
3.0189503854125777
6.583741560595573
8.287593395754339
9.31061833134933
9.662342652601902
9.983485900009727
10.190076936900217
10.303416543174132
10.469321104927777
10.299183930895293
10.265999278659326
10.375646683210105
10.453722362808309
10.23799778884266
10.272369018792036
10.33977084240528
10.115887776385367
10.2265871981466
10.14464549898228
9.90202665463492
9.819073462300247
9.834670433245517
9.590049835081295
9.341697415194375
9.060026609165106
9.004532530977455
8.832623709944977
8.58067812233782
8.225149840872755
7.938329442084953
7.732113143598883
7.161395485285777
6.941918598894114
6.837309762890442
6.667281882293256
6.865033197190744
6.847873523241722
6.665505992991115
6.3074929157309505
6.778116512304887
6.511723650517065
6.438367979087223
6.240950548832625
6.260451403909683
6.328750050749656
6.424090557921525
6.657929836726461
6.838158267244177
6.731833308815902
6.548360550140941
6.629194880805458
6.789623450661424
6.927323551723429
6.744737021751815
6.740064221666328
6.562629647467275
6.617481722284392
6.542049737302399
6.237178924682448
6.391975275737734
6.3016579379192
6.045162435397237
5.999209039388182
6.01995462198952
5.938963365327058
5.928680663780313
5.640178901688744
5.988569461571343
5.999135354756357
5.774248775322874
5.607531835842488
5.133524898447415
5.174482151189764
3.8842059935438167
2.6567695386891015
2.5984670983439315
2.551899429447403
2.4588878972870125
2.3889332225816533
3.848549741809392
6.561320738930766
7.974422306787314
8.706843360362393
9.4239736057462
9.851642079712251
9.92667058337662
10.331118149845345
10.113768901880155
10.301545339605955
10.308405284881145
10.267870482227503
10.322495317429919
10.470736098781462
10.293446707761003
10.465080844648028
10.284644055344224
10.196152796045853
10.302188358600052
10.216545859160055
10.034871992560786
9.915445052765559
9.84527280748543
9.754406658305507
9.679745888722275
9.329657232012858
9.225865837321876
8.907557711151115
8.789426935111814
8.556948524345692
8.029577335149373
8.089342969742946
7.545371206011414
7.564536012545214
7.497467046496951
7.055684961773493
7.1031604348392055
7.044569083120918
7.068544504963974
6.923045352257647
7.078306173284201
6.905631967738378
6.779635566301245
6.766021225560682
6.719265311780444
6.5618401390679555
7.036332559449953
7.126646471175868
6.943575529439556
7.0559039614945
7.231676041910574
6.681560438515785
6.834249723604966
6.978270096401707
6.742322280155916
6.729844865188575
6.612896183606736
6.384662288939521
6.3165685427087865
6.335764150690853
6.316092707681995
6.265954757404386
6.12102326228213
6.3230235662570715
6.239161251986821
5.996073372759063
5.921630846448539
5.868361305087365
5.896945861191502
5.6498356173860484
5.360381383233529
5.467443366890728
5.473437309102495
5.56786256116404
5.017849112473676
3.963955217792475
3.327872482503854
2.4966997374579587
1.6118247028980173
3.6766307204628452
6.495374244310953
7.886147694595422
8.390148121551244
8.845174965578794
9.287578464319894
9.666878788961466
9.90309202783582
10.27102772378388
10.287593520197868
10.239558607269709
10.356578410949993
10.599732300588963
10.565108394765442
10.62443610333265
10.744387587371016
10.607108469500941
10.454586808664429
10.427832239416247
10.310284136450228
10.197581804612645
10.28407824791308
10.223031563721614
9.783967232094486
9.788644937026216
9.593668021810467
9.442356007637427
9.345573444921298
9.175730103398827
8.896589976462428
8.707449306919788
8.45002579572798
8.22082648472691
7.969055661105404
7.857935824690592
7.5221779173185945
7.442244036417926
7.354262436951174
7.034663156507941
6.937392606838536
7.262204750095369
7.026604303640471
6.977982445905345
7.004356288872078
6.86754496625058
6.7699520076525666
6.794524709364113
6.89547871229882
7.15670429482327
7.215457767795954
7.040313649523179
7.100583863079669
7.133715977223152
6.894614414888234
6.914987026805546
6.548980595877475
6.640143782880248
6.728698480519161
6.644729321557903
6.46585349587413
6.549243765343914
6.398311340529321
6.330073383588844
6.432370839621211
6.3023499492885415
6.014789914376266
5.940961639257706
6.0996793751151035
6.051911395465448
5.6960051897376545
5.6895284250185245
5.732663623872419
5.371850342946406
5.236276611296169
4.972871684099785
4.909094360004933
4.453614865831016
3.743042774309921
3.38710386531193
3.8180368227135113
5.935939457266877
6.980434495670649
7.903176797124248
8.29598894598916
8.581934941977488
9.28497630428044
9.636343040563569
9.913693244597264
9.960096525097555
10.17644915279256
10.316023884646507
10.313019785874529
10.491405551608798
10.429901047481343
10.730570102885174
10.717461725251724
10.508901515790745
10.425294523421657
10.382880869198928
10.408079341301368
10.342230102116439
10.393464522184301
10.203446738891936
9.984362092582003
10.052587999911179
9.897469502581536
9.619884624765746
9.312412751716549
9.245384184088085
8.833097469591833
8.715468281606388
8.704209579491154
8.510195429294
8.127156319781914
8.156827751275122
7.809508991553584
7.552659725522017
7.518613045743295
7.422990487312188
7.2212417142862435
7.213224717751656
7.308726642020872
7.232286101335544
7.1457106955876775
7.0664298862610035
7.272078759104018
7.303771754676554
7.363573286516221
6.901604465342468
6.996084526936502
7.000766785918183
6.910696354943196
7.048997583949346
6.746393952297259
6.978761724485349
6.557712484472572
6.953042638104389
6.641434378259404
6.538325952100998
6.635624652400697
6.21320045786614
6.464091135138634
6.399025093069508
6.370706864985716
6.426272692343019
6.074702245121324
6.158229424292325
6.220250275197914
6.126156312387443
5.821710030380231
5.761821232589201
5.66871231633927
5.47843673520792
5.300559282593751
5.176482249531993
4.737563209626974
4.632693278820201
4.0779382349546704
3.611417253778298
