94.85444177226856
95.70222490376341
90.20884398183154
78.40394614261275
61.708694529611336
31.863341611056725
24.7314306905765
44.00266039515649
52.37716020070733
51.369084857600775
47.95211327325631
44.558379445479176
42.79325738307657
41.124283338978266
39.869663909001446
38.427356572272664
36.81414167978084
33.383965256936996
30.012455951505547
26.0482785856059
22.35337125840234
18.986900777554848
16.62652711626269
14.221029262215257
12.159613858280496
10.179285996964582
8.716823074053195
7.9374419845868625
7.190491165552523
6.9517867535744715
6.613992919982765
6.2503980748005565
5.0706485796471
3.2770012668660202
1.4635193940316658
2.042191040877803
3.8676996084847186
5.468147765478411
6.108221177653072
6.314661691819422
6.556174623918991
6.376848215161472
6.616717465838116
6.351103876827466
6.445205130858645
6.534032625069154
6.115260250103189
6.32409419506735
5.902533895607216
5.533872770479783
5.258021659082345
4.701560751351222
4.0202021595322135
3.340860463417925
2.413984246983081
2.1009199663918827
2.32062722887911
2.7458020147600024
3.009581678323335
3.3312164352396088
3.552701927881955
3.4186959813846283
3.3012446953198333
3.6949797980277688
3.889794971807243
3.825307824962313
3.8932900486848627
4.151238636064583
3.8560148224549318
3.5460862568975116
4.026483863689631
3.86247936929751
4.139185110958579
3.675035005746981
3.1865387679906085
1.7246479836848723
1.1420109223978643
2.934411338787461
3.9558186945820184
4.164573931063835
87.16602656828877
88.7673818948745
88.58908298503258
83.34944020786011
71.494913571036
56.57696004309624
33.23370427526819
19.901707199607827
33.73956625571626
44.902962335271084
45.45047291191638
42.691411551297605
40.537016331916945
39.27852285893348
37.85449061046431
36.55892369296055
34.72786540885983
32.35468616581714
29.83199968755569
26.60756645003622
23.134204722661746
20.190266574173666
18.39291547409263
15.768825748861712
11.318927089836762
7.896714948998253
6.359599622905444
5.72480681506444
4.950040097428994
3.152473657576772
4.261494795140594
5.093738827656313
3.1765963235389916
1.7691964510401914
1.361227089698837
0.9665279211751575
0.91190390937291
2.8162861889860205
4.720555732325004
5.5316827436150655
6.164446530327216
6.390093676801415
6.562391729953879
6.391261523197548
6.303301619342124
6.261478550378275
6.3091618491069195
5.953915168695966
5.75066462116625
5.193720346317389
4.656284402348866
3.788855814496125
1.5098716335630307
0.0
0.0
0.0
0.0
0.0
0.0
0.7392760452405808
1.6094167313567183
2.4544225052019457
3.075515596657675
3.4967732292654095
3.902405822369206
4.062509038569614
3.813540824436206
3.705027379938869
3.461591904421284
3.4414018561048225
3.832043172680955
4.519318510640072
3.5867528781103286
3.222715772993454
1.7844732013024587
2.3983858760341605
3.6918860118959644
4.564539079536536
5.306161236107946
5.135112397903365
81.14374331505005
82.76268811552784
82.53736658485151
79.81543856838904
72.85313475463246
62.872942085697844
50.2439764398808
34.26189609403505
19.180379121663446
26.863976640979043
38.969833833389494
40.58765944292253
39.36762439164083
38.2424900925224
36.925434387602785
35.15799928321411
33.981233118503354
31.138415731162066
28.418607684465783
26.124821494918546
23.31056569401265
20.75599856400822
15.529832212213577
9.117464754822649
6.0764943271492875
4.407305066173508
3.8184328335453146
4.291215445645758
1.62873495232442
1.241244026460067
3.0680368322517206
1.2557375992532025
0.6890299478011265
1.1034376935907113
0.5324322323917797
0.4384736031461716
2.061947879311427
1.966386596797903
3.4796406091048073
4.367401094739778
5.002254707773658
5.89130359955244
6.2109219441911705
6.330991757294144
6.3908793949744105
6.394829263067643
6.375871293154845
5.8009174546550035
5.53322106723531
4.967269730585591
3.7339270006255787
2.338042753701272
0.0
0.0
0.0
0.0
0.0
0.0
0.0
0.0
0.0
0.0
0.0
1.7669202753070605
3.1189991035580977
3.4430738324727015
3.881236523578859
4.092626992062975
3.5438569550736743
3.807259120278788
3.38324385566444
3.5211510803534813
2.6710499331464344
1.3772985069660446
2.419798430124974
4.275746447789723
4.98143474381765
5.589254578528298
5.66947900211625
5.6068162915191175
71.48941490174458
75.03305236603086
75.12056225253734
71.96980820743508
67.83107467640932
62.529563832730254
55.537821286378716
45.57694960120366
34.35015342812203
19.969039881853224
22.332254694323254
35.27699712243986
38.327127135286695
38.178339981151765
37.70052479025947
35.106623937711944
31.202581289035862
24.96199789936276
23.422261799329284
19.262668001605913
20.03773945113118
16.59617174518239
11.234385246301985
8.98934703680355
2.903280564931394
8.084749937196722
7.819918910336648
4.105290376316972
0.09395862924560819
2.5459712638482213
3.1510004958801985
0.3758345169824328
0.6072961078724347
1.838354271704447
1.5331336791783732
1.7697245197175144
2.9733044497439947
2.190886507002666
2.9082061369791132
3.859406217437818
5.538150244760179
6.667594981971916
6.662164645799782
6.70122172815631
6.538207604103873
6.029367638501201
6.012559161979593
5.1064886895729895
4.958855930041843
4.22952659914406
3.6072768932538155
1.6598668919764215
0.0
0.0
0.0
0.0
0.0
0.0
0.0
0.0
0.0
0.0
0.0
0.48508254058692796
2.5987147096092817
2.9572507189648314
3.5256096840011546
3.692416529376905
3.5078475038975268
3.325023952407721
3.165715539812785
1.8921159105460874
1.4554630511259503
3.479120517091339
4.315444655310249
5.399555135779329
5.642425937335807
5.623400780021761
5.928250102878396
5.80388401084963
60.42848497302518
65.40577544977205
67.9953636246637
66.23474017679698
62.63615691114086
59.172508657838485
53.849340151728875
48.641035584890474
42.22017426414273
34.30745801375968
22.989088386959057
21.58196015267212
32.85426692719626
37.67968814370777
38.877918301447096
31.273964967314388
17.827247332516098
16.062262532212632
16.161956894052075
18.800840527458224
19.956956058536353
14.584459871585832
12.573403187693605
6.830740134204088
0.3911239113413198
4.949252922678803
5.949661579753971
2.8401073286239145
0.3445149739005634
3.792247543523738
3.6506474246554577
0.09395862924560819
2.083427195033186
3.470275370643894
3.5104641706667796
2.408531124830122
3.0304522838040784
2.4418900172066977
3.2574842879752097
4.365192644335194
6.645615497491529
7.446428918418815
7.867170485718694
7.7188919152027005
7.739841874837163
7.528187592190153
7.195969558828121
6.81610679348866
6.484072461293696
5.989142514183988
4.3826439671607025
2.161527638655096
0.0
0.0
0.0
0.0
0.0
0.0
0.0
0.0
0.0
0.0
0.0
0.4384736031461716
2.0058037513297133
2.749822339393715
3.2823988302471294
3.051335633492911
3.3786341278749012
2.423444858210868
1.444336141764689
2.239639548085858
3.461591904421283
4.7959186177555075
5.643803102969938
5.826520570498224
5.706804924890512
5.686012349165286
5.856310096032262
5.91979272985391
49.03896231748581
54.96047416832201
58.403020993389
58.95115177112087
58.274038432708714
55.330950419181725
50.762313827692275
46.53768469530023
43.354905033933946
39.43596589746433
34.51281752047723
26.60672699805642
24.55526361498521
36.690260429241555
44.09825288941092
25.101220877137457
13.671590316542424
15.572236196618128
18.946743173241373
20.555288172286026
17.63484551696231
8.376955900820162
6.747770996526767
4.889083501751051
3.2192257825046195
5.6886827649187
3.615217749528527
2.7996060343972164
3.2875832923188866
3.1766187712914427
3.6665564832349946
0.0
2.3360508930503494
4.113193471196689
3.7550809962555305
2.6777924245490343
1.9894484425488466
2.1267246435665106
3.4158680855606085
4.638661103962241
6.951920603571429
7.714371804960038
8.027442313354472
8.043467420960003
8.072704789836495
8.096463550103122
7.734161993581356
7.10539064405558
6.625154598853071
6.142291673034149
4.709406171126112
2.8592694855446323
0.0
0.0
0.0
0.0
0.0
0.0
0.0
0.0
0.0
0.0
0.0
0.0
1.7225748695028151
2.4311642456596196
2.6721414701364408
2.3773222567656926
1.7990218412972503
0.8099095714936982
2.5643244186287157
4.1175873841340715
4.994336452724873
5.415814332735654
5.528365252992443
5.8507220616165485
5.906599491119071
6.031754812103031
6.144486665898872
6.213557334136233
40.18242795699556
44.192266716875146
47.927364662516226
50.18711624224112
50.66439186932907
49.746877507127195
47.84943501635446
45.09054317401329
42.47435052200102
39.71259437944973
38.20636236650942
37.12118721535588
33.60023296482355
33.337790095192794
51.258777269073555
21.674692118645602
16.215095205307854
30.381947222360353
28.13689496356753
18.6629815372146
13.351702709623188
7.7525211841178345
10.865696342535479
11.146901435852591
10.37879596710488
7.2727530990863904
7.7456459060021245
6.578012270381303
4.652507905090853
1.2714282843579057
1.0117149731631838
0.6890299478011265
2.365210927676278
2.683020356822903
1.999437323047683
2.0765792850151072
1.0138776129800091
1.9506017797993942
3.9936829648112067
5.465896175559645
7.247414793868408
8.053905674164538
8.294168529801127
8.209341374851899
8.270654510188221
8.034387684983585
7.821121581694975
7.4071783347919355
6.987142986281427
6.363274919430805
5.334687129581602
3.1141204698733507
0.0
0.0
0.0
0.0
0.0
0.0
0.0
0.0
0.0
0.0
0.0
0.0
2.259318404435608
2.633547607057173
2.3889538568537665
1.22072142582881
0.8958737606499279
3.471945551535309
4.040561161672532
4.972989803715573
5.071800840134113
5.4217524111249125
5.580527031635292
6.0996487147574845
6.031635853346334
6.1196609807142925
6.354386706060277
6.302706825558635
33.40422733624968
36.63921585127712
39.38269648138234
41.72375985850992
43.7461238603156
43.98008611027502
43.31443806605009
42.599554044364936
41.06743477539344
39.58604990389314
39.10037413374908
40.41537764223768
42.84483918714535
61.68878793533112
68.00434263879835
15.43530388132799
22.763462253229093
29.06829751348778
25.24964467516763
13.336150967262776
7.441928590962008
8.875383817960053
10.908889380878701
8.989248114744843
7.405151032081697
5.577043297380103
4.083418327087553
3.369850773960675
2.900417037981687
1.603809628536526
0.5477216267506667
2.147848018708675
2.2271210138032265
0.9919857616251663
1.1904447227254407
2.5059615012855905
3.038765098886461
5.5076762866187465
6.741561268991446
7.511349820283665
8.344837520867994
8.57018920664605
8.655616816271866
8.643377735633422
8.447210063240682
8.266014422851686
7.998344922121573
7.687255770612148
7.128153871281786
6.685042684186424
5.985617798588097
3.992977897838303
0.0
0.0
0.0
0.0
0.0
0.0
0.0
0.0
0.0
0.0
0.0
0.0
2.0740086717694206
2.6323504190568077
2.784696505385832
2.4005854569418434
2.6794341448650734
3.6900518271150387
4.642788302978431
4.572559407291768
4.964948045338892
5.213162350324244
5.748322259037878
6.094467674377962
6.164089654057121
6.136171784585113
6.451609650500841
6.296013884496955
28.463925362975957
30.429133537608237
32.83254088159823
34.96030060860903
37.1443341743872
38.15905854574996
38.87951243633151
38.86608937935897
38.800926076395555
38.66553139813803
39.45326027400444
42.02344377071707
44.468817964921854
71.37726580557833
58.693297687423225
11.86801409984789
19.76103475707483
18.901434295612166
16.33758525819614
8.868624309733661
4.4687542722458415
6.545827297502014
6.6594533851677955
5.5184523892833495
4.771326618067682
4.876911408832831
5.001083989466267
6.060721592076204
7.293074589724192
8.277485632598944
9.77289144046629
10.432603389722614
10.030908989717503
9.758979731051207
9.856118463740934
10.062661380701265
10.323602664163694
10.522650275359515
10.30700484656023
9.904053842220412
9.820008774780357
9.643648165733666
9.425585883496058
8.995533778065587
9.006452205882601
8.589411914961108
8.353407495953482
7.675773123348704
7.23652142939439
7.177139994278404
6.584671662326598
5.473548133379885
2.6634120664964236
0.9617668421773468
0.4063720371559817
0.0
0.0
0.0
0.0
0.0
0.0
0.0
0.0
0.156597715409347
2.156418238015401
2.923945357980029
2.745859158385663
2.889669785988097
2.982123992692526
3.6025722809700165
3.8736381208415547
3.521645918324162
4.259409775876132
5.178968093146907
5.764113443039776
6.212367746569256
6.109713414266797
6.183876824484604
6.377399806047396
6.144248748385477
24.502173322877713
25.827709726357643
27.43150011525364
29.427471556233016
30.889190434117857
32.516541243993984
33.883530282463184
34.937077248067425
35.59385784897956
36.80857394117766
38.80192766865929
41.83182637555932
44.35728598216198
77.92627086226807
82.86461645279235
72.51911820922527
24.90617312633269
17.97043998049282
19.784809111374738
23.856478196377847
29.718245765876762
29.332832203482873
22.731062367797136
20.72242211462163
17.810254663556147
14.76310492219534
11.841618077562428
8.697012238934988
17.15511146134623
16.92330587097964
15.936122996858128
14.925551373431007
14.06136609504434
13.338365334774728
12.905965076065073
12.634429442459394
12.168751339994383
11.827409106332794
11.498701405018073
10.984005694390394
10.762747997409079
10.383767563766888
9.978375953790202
9.57046370698331
9.17706565617869
8.930269952920542
8.385647194136142
7.908473793418074
7.55134511520299
7.5374822638053285
6.842849985122053
6.543804053642655
5.977890476958369
5.228814705412105
4.476330783382753
3.9220302073709483
3.288717767847034
2.524810699730587
1.7869912014927192
1.4606756231262066
0.9685184982687643
0.5943305641914232
1.0472496359718233
2.7033784761298585
3.0265036283094444
3.288973232687347
3.2940923331515424
3.2591768986151997
2.656707635872764
3.379181829195163
1.4601595662144715
0.0
0.918313669373535
4.1625706802928635
5.282540619674628
6.252806792794423
6.177688201740832
6.21320045786614
6.356225102099032
6.3576778591324485
21.791641274243347
22.341655170678933
23.379940785818743
24.46663117013694
26.276281148593256
27.19571798234337
28.250239967564486
26.176234902455025
20.622830058355884
24.901012218564468
36.85555174178469
40.18817754635478
44.26066819337036
79.2813635594235
78.70417234048749
74.29160147773668
64.62955810988213
56.71928570164994
52.413760702620586
48.34140774162203
29.44288477379377
18.635474984789123
13.900465985931195
11.508495185237491
10.594986162579952
9.609659566376582
7.929222697787875
4.532980296130988
14.761158053719312
16.967327807688637
16.333432927419075
15.670562793899594
13.55080325867297
11.45310642660036
9.316709127612707
10.607273049686645
12.619513053557656
12.309683441651007
11.801152606557972
11.316779998651587
10.812645808038937
10.51865504728077
10.239494751697203
9.721661873529879
9.221828506797015
8.941442320059187
8.530541800872621
8.099561954578775
7.683176825283339
7.588552283473419
7.169954897717711
6.768805622983153
6.554909280492879
6.505059472190629
6.26781461516986
6.047622938612019
5.401096155782757
5.166356461308053
4.553130439363378
4.087052362202569
4.021823212373988
3.59644026447992
3.629758656744624
3.873824444805691
3.937146017212598
3.7714730277315716
3.2797403360533735
2.718585333400296
1.4034581127768002
0.156597715409347
0.0
0.0
0.0
3.3870453868744916
5.3537758162047755
6.149391714827885
6.280220064504394
6.206388558047762
6.296965554550536
6.343816141982298
19.555720544930278
19.7416711109732
19.634843888761562
20.09009148680659
21.250206054406306
21.94160154668441
10.771821239735566
7.741440318606929
10.162877330008582
4.901642202397235
14.006832049005977
32.56110576826702
45.61597390025934
71.7816145064212
70.57473419816549
66.29363732234351
60.78858751672435
56.73830725115372
51.165301941543376
44.55117670910673
8.832361233815812
8.512504856310995
8.822613218685577
9.48773600573015
9.526670760904878
8.509895083982764
6.957696040565121
4.4123346328809285
7.802024621350622
10.824387365107606
13.262422801789498
9.369576395540077
5.090483120877855
3.9701044195957573
2.614044647165746
4.095251382942999
10.431975235117251
11.561794287739897
11.694417663719449
11.240350211639315
10.949930824254585
10.506806360298565
10.314886890727458
9.846144879514089
9.323586713728057
9.127069715833679
8.821193256586012
8.289350871195328
7.919503699349848
7.769072855901463
7.21458905513766
7.10156711924695
6.71447355293826
6.790500220468576
6.473480156044874
6.086974508071899
6.139285710043387
5.981240528146854
5.741364781739039
5.345705981091307
5.432256329527572
4.950851758973158
4.65406160354126
4.303643248911924
4.180711577046715
3.5908527226910385
3.324242005188201
1.1830034889312335
0.0
0.0
0.0
0.0
0.0
3.3210582303948044
5.620572739313671
6.404240025144725
6.541548650322563
6.37106374125581
6.480479469470558
6.213319416622837
18.001705746405886
17.83078409471351
17.77966013309099
17.75746050552088
17.44876980629086
16.481164721030297
4.845095782144892
9.100942927985976
9.43469232790572
6.75553116385477
9.83055058592212
7.342373440467867
25.712986882592528
58.50602545725712
60.2049040661612
57.72019944301553
53.37342579841099
49.161648591799164
44.931423185834085
35.92508000430445
7.366192147427397
7.134180484151291
7.1206341655835255
7.048936857407078
7.153070027467261
6.559726738941195
6.00452698359382
3.447777678657551
8.400990061263656
7.318475037315126
9.944409756475768
8.557662566552107
4.986665176803274
3.8876535479134646
2.199674183253647
1.4355390444948775
4.757955574954421
8.46873721050146
10.460425385007566
10.73145095852157
10.790344511539937
10.239120510983572
10.37388379606987
9.778600129130222
9.28474291096245
9.048604683051622
8.798557903838253
8.207299730403786
8.07578914128143
8.00942373068715
7.306457826296596
7.166246963422489
6.893646180854677
7.0694182612707515
6.655703475585739
6.31740125400567
6.11616843781508
6.378946269884467
5.918908075096047
5.841691635979418
5.643189742232426
5.270813065566686
5.218494876114626
4.730599832957133
4.512968512816272
3.8991367965444526
2.8895459803554235
0.9665279211751576
0.0
0.0
0.0
0.33649989953907217
1.9812442133827266
4.9793760875790305
6.252806792794422
6.364251841437431
6.392570069521223
6.261716467891669
6.618678303699983
6.625398850527123
17.21000177012448
16.90792286161225
16.544316867518095
16.116153155624545
15.125858067876843
9.045551177270875
3.8575876179382003
7.909073479352467
7.4983238511728585
6.973920849764028
17.05805654699094
15.850617288371637
9.563853836757039
9.190356750805181
29.00701460235141
46.38215249054988
44.203493397026044
41.82413232284925
38.79320358915412
29.039015047145558
6.279456087502245
5.603196911928184
5.037685792507024
4.552580584732026
4.913551112246312
4.660225932644191
4.2407880244320975
2.6119716101167936
4.831490235811757
6.3989830311038745
8.684863366544857
6.9900979012640745
2.5271204882072413
1.7165569792291753
1.7567908182192873
2.28935822242866
4.274186881971453
7.890810895307579
9.974024892200386
10.414684523009207
10.611322711286387
10.414452594151507
9.918806734384136
9.748726784111222
9.385281273412675
9.055079725818217
8.66346634249489
8.410677268758757
8.298426400460736
7.850390603460189
7.488063580269937
7.279491786866541
7.1726767350177285
7.030457503476173
6.8578202513568405
6.426153733586322
6.23251179326683
6.061197404241266
6.18583389983593
5.882887425107276
5.902323586593401
5.60475493658801
5.3948900986284425
5.02266815411577
4.608005029995725
3.702558995782266
3.2580003448869443
1.1027175734987287
0.0
0.0
0.0
3.150467413998121
4.378247340420697
5.493083779602434
6.052093293972312
6.426748527369811
6.371658535039298
6.595135381713569
6.724930826929409
6.755858511224929
15.79405935574346
15.570797719719277
15.076275346533219
14.367848877597492
12.989085747253172
4.6717012979053205
4.030800962582987
6.943961442086186
5.393928357282333
2.0883255755803005
4.44649896298048
8.98037074973446
10.607726364314283
6.9496441031850145
9.452938944678213
35.774680283513696
35.99547441282129
35.26194992499897
33.448247024339715
26.99600640210874
12.615219470910949
8.862953010580377
11.066456040661944
8.434151127685327
6.414093325900318
5.621366043814417
4.978788095831556
4.65552127466177
4.409489555921642
6.411243128796735
8.967181449679764
9.620266619649287
3.788909710491147
2.342841519760768
2.605062950629477
4.031812496168759
5.878000901218375
8.090284526754292
9.791250207519715
10.366649610081046
10.509889903009409
10.475174292490912
10.277420371351077
9.652373987251366
9.528515797435132
9.085167682911404
8.665449250283856
8.50754235899548
8.032500698177467
7.927282286408096
7.718467229904054
7.201384196408435
7.178123250445687
6.977396340094927
6.8086339711328145
6.705503635594603
6.370800571789369
6.507344940520931
6.325492194025766
6.04320536004591
6.146216568618462
5.913530349694147
5.613229961304057
5.204805125471326
4.5065118113604825
3.976987993372366
3.7553828239958222
1.125980773674882
0.0
0.0
0.0
3.140404618917361
4.528439658982253
5.855360709741047
6.136982754711153
6.7033456180693225
6.939036710244495
6.832993839075049
6.773706881685841
6.767659238313739
14.472190694746558
14.285427063684828
13.907209782240354
13.212858035412047
11.32005628330547
3.8895411735155148
4.113702976317501
6.225869076667114
4.244947671889983
2.573133803946644
2.6247477212663455
2.5439049893580243
3.2507105299550325
4.137587251470918
10.328678974388113
27.522422902220516
28.984681767041955
29.555822544072374
29.119089949249588
28.137995855145146
27.051516215795058
19.03874445759478
9.903879617359454
8.4615824327669
7.90577575685009
7.912509152082731
8.038952054826094
8.530463692678065
9.388158269912696
9.958515712402955
11.205820280261747
12.274763579398522
11.363760111399333
8.984857478801645
9.00053170422798
9.005736432346275
9.327044434203358
9.765638256304726
10.336355807209873
10.507981191295812
10.523441134276776
10.221611812430028
10.190543284056568
9.656726633980117
9.238644791691247
8.88146658203163
8.621003879569791
8.421188054229287
8.204466624663322
8.055730352580937
7.644106647704187
7.452310210948425
7.158342307576325
7.129557224172753
6.896207730480485
6.714200924575626
6.520204483711411
6.506130101000909
6.431844500688331
6.356344060855729
5.998462800795491
6.006974401043327
5.560002763482043
5.228928721531107
4.948582921413123
4.20367225780351
3.094559349653689
1.5834015654507503
0.0
0.0
0.0
2.746145068231069
4.664352721210974
6.012550637162485
6.528570148375386
6.655559264875996
6.748752051751157
6.696170507820195
6.811828594022877
6.668537766823173
13.523971046769805
13.333394862128497
13.135388566893711
11.990523769476622
10.430574769424066
4.609971126272017
4.238071551455816
5.991734528483229
3.449225124773373
6.4659164638732145
6.117528215811177
4.1225450933689025
2.855449354363478
2.330713319324934
10.293749191544284
23.140290848905213
24.64561449813475
25.596792631014424
25.989183853291166
25.840911028017956
24.648606009017833
21.56155192166002
15.880449137373907
13.340014908152108
12.337831265282452
12.111845630219305
12.16432423713598
12.286417246857113
12.45041168362039
12.536588048722892
12.698626000007629
13.618101284245395
13.46026476597738
12.917574785910688
11.873034199058747
11.558561642491965
11.418709610268117
11.171347314733035
11.09432819746577
10.775975722103865
10.608546848260826
10.204697172177847
10.034817029709679
9.645373392224055
9.171300623731915
9.117368237993986
8.801635389113526
8.420676341068445
8.100913045062722
7.996723746943629
7.938705224749797
7.470160407163203
7.184025628277304
7.22763351738094
6.8345223519676
6.8651426970512475
6.4926000081678055
6.49996349887211
6.261597509134972
6.219439305071874
6.185358064809141
6.164803406597308
5.751787193437508
5.38580952131352
5.500415724283305
4.829967704947466
3.359980655488288
1.6452173601619429
0.0
0.0
0.0
2.5661568950260687
5.208014991945717
6.111634241375891
6.369870642906632
6.837021341470957
6.8541937949764575
6.6621079952279345
6.93619644160315
6.997067783103786
12.786909579127597
12.72794786339563
12.079102297712327
11.319711234458712
9.612543775532746
4.032883751351691
3.8980377061777185
4.340572523273133
1.413435938296599
2.798707056267385
5.19538724670791
5.304327483653295
3.6115268850435625
2.3539765195010878
10.148289304168957
19.61724935319991
21.37970360568521
22.813140377440316
23.186147710387765
23.294415524121778
23.06558731865574
21.01382444448049
17.810504427880623
16.16707478246233
15.671988445351566
15.462160461247507
15.492852829855668
15.553748703282842
15.415194109272992
14.917966797317135
14.720479322646408
14.398871609990923
14.137914296236668
13.517414315937614
13.071928934270332
12.950761688400416
12.249497818716971
11.652147080592867
11.508872081861549
10.935322657225607
10.707842199751152
10.278030639637665
9.897169744616523
9.6133261719103
9.307867847877581
9.065822947453782
8.861829311955175
8.53598133841254
7.979973481254141
7.8363069172310835
7.565590800072461
7.318301188467732
7.3841810857109955
7.147597383088812
6.781928335640073
6.900840208896193
6.593751079530759
6.507489151230674
6.41872178803141
6.285791872849705
6.177832412450575
6.254309774289803
6.1552234613015635
5.712477576588155
5.7928404908546405
4.813956269057467
3.1107733590221134
2.2010663192787057
0.0
0.0
0.0
1.988096685605027
4.681268121008083
6.422862859958274
6.6095234377966
6.608377053127186
6.729462736965437
7.021258356592193
6.883229755948677
7.074974276559213
11.936584673026903
11.925521668281766
11.659897630770978
10.874052065835635
9.816634162776635
7.434878739407606
3.3767522627711632
2.1912136432252245
1.9180205604966714
1.5370286916472737
1.0276029615222557
0.3248476651788831
1.4704544790312195
1.884965396181367
10.349128742612718
17.96171598920603
19.379296157913004
20.632481990842415
21.443102403982326
21.530080980662298
21.35490567204453
20.37923108033629
18.837714533281137
17.677875660206432
17.57931579596315
17.19431168652802
16.929827999599453
16.809585357965126
16.299871680510925
15.894015978997503
15.425277400601182
14.842058899909029
14.306122262695922
13.931856871806783
13.221389209358241
12.969355165007782
12.421580396661176
11.897170041108932
11.53682125234673
10.922497050253115
10.542210109389254
10.148137277834756
10.051967229628914
9.730391740933301
9.474544885865972
8.930487845982157
8.969469257996797
8.490690977942238
8.183076271637303
7.97478199987487
7.9426557877366655
7.464046276079625
7.067795270651425
7.010418954377908
6.75371971865195
6.696549622542961
6.7812830379504945
6.771940451279892
6.3563910539796185
6.323737318797257
6.492362090654411
6.43131816175545
5.986731344976714
5.896731476632136
5.6520088690799275
4.850136077552173
4.053593937252422
3.0398115322187675
0.0
0.0
0.0
1.5565788017305229
4.6914335469594155
6.00086940580567
6.453758209129926
6.702215137691925
6.957179640360801
6.899365324645268
7.049474189899259
7.002673578958219
11.326150400957927
11.435621203428832
11.159470932311468
10.801336729599717
9.99402904153912
8.653922378124681
7.797448487356725
7.000087548302489
5.468479380682341
3.7162468714698424
1.4503899783966534
0.09395862924560819
0.0
0.966507286903045
9.300866786078132
17.09798157775798
18.132860075004825
19.19919718467576
19.974634990158272
20.20937731858531
20.146829192799103
19.622829917424042
18.552107223032923
17.9863176407837
17.655462843274083
17.13981785602891
17.007281911090676
16.76159785554452
16.350992602084453
15.879583058623272
15.45038394397271
14.558258671239333
14.067795020943032
13.836931491862341
13.349317053685416
12.840084588521597
12.301557369204625
11.87787962054402
11.427150856134821
10.979298256623894
10.569860193201942
10.196099442469029
9.701009720596828
9.596367538708572
9.459643819585741
9.050029444109388
8.620977670727578
8.301477632400703
8.009105152159789
7.878862555568231
7.698574332817768
7.5446158810459645
7.039235915629118
7.075208298413948
7.158342307576324
6.9205614324710245
6.834249723604966
6.822918693307038
6.814578280596108
6.548623719607382
6.384568582135866
6.366435279124716
6.162489454975887
5.858656533706185
5.7580948477221465
5.301832323832125
4.288850998314968
2.8356280613672893
0.0
0.0
0.0
1.076569333872891
4.504455030504656
5.878762965390807
6.418220701051574
6.6708305361620015
6.889878527264925
6.8872164092594375
6.9505844976861795
6.742093821538715
10.883457726461854
10.741145778936845
10.797537271061955
10.562133363028725
10.09300385896076
9.07891467305317
8.039606297538594
7.496002968533974
6.749660518907175
5.975391116047884
4.358009663599586
4.017210892637022
4.375759433167591
4.4820912783403335
12.986105551186776
16.6405039414869
17.57788272145176
18.265004269423734
18.72768764552366
18.78524001929231
18.94507593698021
18.69419622783725
18.172096179611238
17.86257951638836
17.45500511471283
17.31935656065033
16.861443441587035
16.629804384379998
15.994715604706121
15.29332230697293
14.857159876284355
14.268143395785916
14.013961711801384
13.559638206587618
13.118374039036627
12.796854671078188
12.221613910769916
11.592997338516769
11.183041226711286
10.8550118455146
10.54281627896059
10.12617450357212
9.741866187201873
9.62753618036116
9.215512569384117
8.803641695578824
8.783222960382416
8.489299378727935
8.139952948625256
7.951601248105197
7.648787031878752
7.513465992877128
7.248889344501229
7.215226995766201
7.041202427963686
6.661234238921154
6.574962851724875
6.752397425923927
6.562222267291093
6.211816435127456
6.634885647907467
6.184309177169705
6.101041656682943
6.203360853886155
5.829929485891322
5.393237637941766
4.347397370387454
2.9815460329644528
0.2505563446549552
0.0
0.0
0.6757517648079588
4.971503878027635
6.176351172126039
6.614475200405377
6.785091540625396
6.87762011201859
7.022295241401103
7.061240977061954
6.886505781454788
10.35258182624411
10.360332235869725
10.387727299050017
10.23993284798334
10.112663091881169
9.078402009791306
8.34836901332548
7.737529327972882
7.050063478293351
6.378827311127769
5.191728735565533
4.706155495707018
6.436086362589672
7.487239177514511
14.374660875591449
16.262661973811902
16.825110960424485
17.527802113654047
17.662309409163733
17.851168343684044
18.09307184055197
17.813212578642702
17.463583046868045
17.097862010147242
17.029841590048004
16.729883538324902
16.235713745695207
15.854785047210273
15.375372331983671
14.688199283370736
14.312027031401682
14.052140222700782
13.542976598909567
13.343850811253974
12.919037929623808
12.490592003125705
11.873770966791318
11.216304984514307
11.008276490756499
10.63002303767731
10.08633321949463
10.012799292595925
9.750806538889746
9.366078242850351
9.088440311054802
8.634268888150322
8.50595099322635
8.300626090019696
8.07037647784196
8.002878169318057
7.598602744363837
7.269617777857889
7.249380972584864
7.041092928103182
6.796053222256664
6.6696841514925875
6.425890564119881
6.721767621944085
6.424888390160209
6.225440234764212
6.213081499109441
6.459712145698376
6.121834232408171
6.0140242183751
5.8345681340158215
5.638795868725877
5.0311056058318755
3.6726958483255046
0.4340956887833783
0.0
0.0
0.8784217264742153
5.239268937645067
6.348013834138205
6.722268708923921
6.878055868883354
6.969601184109267
6.909330970552776
6.871845097009122
6.870370212758198
9.920620589012316
10.143020824982731
10.158671675958555
10.04760576483666
9.67539324199352
9.095428619109159
8.340451966829411
8.061188027072767
7.504698715025571
6.797668996557047
5.479835423189794
5.2014353976967875
7.2476803599526765
9.400007577565649
14.397404576864156
15.973307799560759
16.31356800975746
16.899094863957387
17.139422648039456
17.130879842659887
17.267504505379158
17.219455224079496
16.88289794396964
16.738770816553263
16.479991854148018
16.13180157979288
15.516093331279256
15.225186295215849
14.904267066490478
14.18724688663009
13.965423928236666
13.740449157198153
13.253672175600599
12.898269451315876
12.399991730634996
12.217817904356421
11.630697921061307
11.316864294737314
10.842416683407647
10.561345019348886
10.026344157151092
9.765383273259054
9.65779265881518
9.193494532348986
9.046569583974428
8.759170116022556
8.546788463619166
8.315837202670007
7.884003220622202
7.844545791095503
7.354981996236647
7.227212782649902
7.182204381483224
6.898163068756979
7.02326347543466
6.823059055941126
6.62881275258232
6.5261584202798595
6.465734537117433
6.376729256404774
6.433203550918095
6.1778541536214195
6.03937768204745
6.305582833503513
5.973658856781757
5.555547891035223
5.113485149980316
4.412701007231342
3.783356057558227
2.462513509657641
1.9533743798013228
4.185513823130822
5.823435055546901
6.517605342008579
6.72224110315846
6.699693909735896
6.568031993149799
6.837666639160535
6.7269509679056005
6.999501442492072
9.605704154966574
9.817273703757648
9.664148917777
9.851888609280879
9.437262394276583
9.101100662621631
8.66393439866492
8.183636013383603
7.7804163145350245
7.313151294773645
6.393571226525157
6.4563529825515555
8.63690394178105
10.81406447706112
13.907107182756842
15.037348946842881
15.52015721934505
15.932021581950366
16.50740596261076
16.613658205235012
16.77149609079302
16.45102468572937
16.07952773471648
15.75019823574698
15.42009639267156
15.050353212632926
14.585500515366208
14.48622377564182
14.008590386319195
13.90107710515879
13.788486005985058
13.277264091708398
12.958512519256471
12.707422048819017
12.130629758802378
11.64532991968653
11.316551113346454
10.846683637743661
10.394587244325209
10.394961485038841
9.82780224688309
9.610694631128322
9.311474438026496
9.022975315449452
8.655984989164482
8.65038980070747
8.471249473008578
8.274385758606503
8.02287676437519
7.859102698000875
7.520738798747647
7.280705815063576
7.133114849279004
6.983443983467029
7.002351170029612
6.852392653721272
6.656420241626297
6.6802509253442395
6.609179033923073
6.208716485888915
6.302230990531844
6.14860248587269
6.247259956958029
6.212865322766891
5.949763100479915
5.722032999154054
5.528529411360657
4.941897456328108
4.48098923725364
3.824073768451826
4.290584482994536
6.234587827374856
6.513918922825914
6.506894357447185
6.652154821716993
7.006977557792414
7.043059440437748
7.021803613317463
6.957342768862931
6.762757979611051
9.041877316464896
9.38199797525234
9.428951794934994
9.285681224652503
9.075704688337447
8.883233832340387
8.582686967871236
8.110436117736695
7.974781999874868
7.607619038719237
7.094559166074384
8.892514251050663
10.903918834603395
12.028816118705594
13.481114005835867
14.297473073955887
14.465158588804417
15.085935991189677
15.38702085009499
15.594182453806592
15.684897947119932
15.422090785752928
15.116402662040915
14.768846914855153
14.710991319296156
14.1452689956443
14.046299315775746
14.030674721658574
13.558812977566989
13.380718683780385
13.18546418216181
12.960326624226084
12.636234911099317
12.153337585106726
11.805047619089336
11.55602150529513
11.104189954085859
10.71729347629218
10.491895756751289
10.175007152789131
9.735816192837571
9.389677251793444
9.275724846274924
8.802708122306889
8.642680703939927
8.394971025800027
8.203803144837549
7.993218108506361
7.824765932978422
7.687189673878212
7.372532729889634
7.347041574710501
7.158342307576325
7.111204265572947
6.818987911215155
6.935541685017376
6.526277379036558
6.49991299496602
6.392570069521223
6.1774755361804825
6.261359591621577
6.087990909658832
5.901530282092655
6.154769367445616
5.9635276000442135
6.002822332827274
6.036155542714135
5.56035864997632
5.142262621055314
4.925896524959931
5.162876998366409
6.477880327767726
6.580891536340279
6.439896491979775
6.659815225889106
6.79490683758725
6.749898436420571
7.048490933731978
6.91271649591939
7.052204958680102
8.582394430263767
8.833753704865794
8.84738688633894
8.900763277162996
8.767350079125988
8.834314724898315
8.571594603406831
8.091944309737482
7.882790842984438
7.325222588146613
6.855853739022273
8.813774141589894
10.464508670504689
11.643012214234712
13.035515513670871
13.640208362689116
13.811243409427082
13.927757536517776
14.151878071800086
14.377749701318958
14.43805861182378
14.45525999076681
14.143946892311243
13.891634626573786
13.65622368030133
13.702027091841382
13.32873977114558
13.506656904503409
13.208005897248274
13.088970110868882
12.852924870879626
12.663936657452746
12.227013769136159
11.810699359625803
11.378797348822113
11.177829682251518
10.730119236516282
10.286204873771272
10.276609279071783
9.88474874357067
9.498609801383525
9.110857148967373
9.130577932739305
8.849954212836757
8.520310563495652
8.405408136835355
8.011427076342136
7.715998414764013
7.5168386989305755
7.454084557761142
7.381615648252848
7.159817191827251
7.078196673423698
6.955704756109876
6.5800177800335
6.7756175228015305
6.689355594501445
6.578314135808292
6.398787175556111
6.2053396704083275
6.016054978358251
6.367628377473894
5.881741319881988
5.900027300597273
6.023223754446721
5.964338570170252
5.547694179505068
5.504820431118599
5.534499950994413
5.131248243694481
5.406608785025548
6.595016422956871
6.5347367505041865
6.460213232678211
6.787474892032339
6.923555898133676
6.7752353945783925
6.6416722957728
7.197412565231406
6.844159498293595
8.393272981726536
8.306095891241826
8.570190434896755
8.530382040706483
8.586371653440432
8.290374739202608
8.178850746062164
7.973382006757119
7.768146450716171
7.393491935276044
6.621142889514013
8.0747265571168
10.051997550199545
11.329457698863603
12.345521535868498
12.919499540880514
12.739771114304252
13.013496819286592
13.143081900524495
11.849725325040726
13.485673180399841
13.476022938618309
13.204152584436468
13.070653247910373
12.97420108815952
12.709580619683559
12.616421067665101
12.722224507385647
12.513792016793936
12.667505618637323
12.354053227458275
11.964521506289993
11.660773619427012
11.293491978449204
11.22075492022041
10.978549621945016
10.377517886778286
10.485900257332217
10.125553733289857
9.647134595432107
9.316057933099355
9.122810668844869
8.945419868574653
8.516283342131434
8.50560718789726
8.228968403272667
8.268028946961522
7.977481191336889
7.523760098609462
7.559652656560862
7.335956378332738
7.22411490777965
6.8900321968708615
6.672198934052795
6.378589393614375
6.486289195329264
6.42674852736981
6.501322549101874
6.165603100990035
5.852871780356398
6.220250275197913
6.376419373258569
6.034220208533654
5.641561934651611
5.6672781419227904
5.812198892163389
5.759240952947434
5.752598163563549
5.723491696300379
5.1330077096572815
5.199863125486026
6.5544334454660875
6.492506301364154
6.480003634443766
6.392332152007827
6.772332038399226
6.904212954706329
6.7032425636046415
6.725939335049737
6.821171180693478
7.991133578589722
7.9895372214130544
7.905179550922502
8.055997363415656
8.175384998560677
7.93101059152039
8.125556973099371
7.973272910479954
7.5467573476903995
7.324571719393179
6.760487141564983
5.610556692273003
2.3362876271283315
6.29274380087997
8.991456483309745
9.000762372109758
7.751660557205926
11.73179651889386
12.083721609044183
9.347669157622963
7.609186955455115
9.0964433424392
10.229622585968288
8.083082820451338
11.010529249544904
11.580508859020489
12.09407487505097
12.199274409206398
11.95167454867897
11.83121287846821
11.931692972175375
11.50277796239448
11.340570754680721
11.172802879438455
10.849810465860351
10.734312181088736
10.265018868374357
10.023461401864715
9.80604817314659
9.743499679264914
9.14418168794394
8.985669152939794
8.858260355887198
8.555574373280002
8.13256706952989
8.001214479318495
7.798398121298851
7.736866619669393
7.46002270127274
7.264393102978858
7.331493119072064
7.010910582461548
6.925795038830877
6.969319096850438
6.3787083523710715
6.438800611216451
6.35097336289333
5.940421072697565
5.805579635733533
5.645196969261549
5.635255270142791
5.68658540177793
5.6560478458680175
5.727933625490805
5.456239459862339
5.579859542995796
5.548985862210818
5.355363315660724
5.415241280123011
5.17671310505146
5.406090775577347
6.573722760251807
6.460187980725166
6.4586847197856585
6.5932752445039675
6.540139096186709
6.723797221816473
6.7861842966531825
6.8129308089468585
6.63715316529325
7.691410321559078
7.721866455885538
7.803506180277933
7.58822092932168
7.843754700450071
7.653349125514369
7.67992611375964
7.381772048094722
7.425712324612207
7.411078434609011
5.722366638997348
1.2634679697150528
5.379164645804098
4.159878865202975
0.6263908616373878
3.08203248113212
4.392211928295569
9.00517204966432
10.948475388045468
11.48414029501599
11.009763810982692
5.571768604380402
0.9038888350114187
2.061850306205178
7.902092227511138
10.238835358126664
10.903141425658625
11.408750179847173
11.455645575575407
11.316585724494537
11.36436347353481
11.12986747666405
10.939961071323676
10.633135385728982
10.52744946569882
10.394389310895496
9.908206094598958
9.921003722447335
9.551656256689792
9.211692848674872
9.024274821969295
8.874075081750968
8.758585997960566
8.281483654421496
8.085243785163176
8.093456434838146
7.8627562435460945
7.544936428909763
7.283371820901405
7.204564736940038
6.754799695123259
6.769078251345786
6.626902111466631
6.67886662316143
6.342958178732369
6.1555803375716565
6.088563962271478
5.641040023492579
4.51137461532504
5.101232598943602
5.250517747894628
5.46486308724896
5.337858136889886
5.0953308415328555
5.524103037867875
5.133594291981853
5.2182498114314875
5.362867226848442
5.549701406534192
4.943918541876087
5.32015010171959
6.583422223192502
6.323856277553955
6.412410975192867
6.383447449419498
6.465997706583873
6.514921096785586
6.7481320060146235
7.003334426196894
6.704222499111641
7.519740862202398
7.368300242658708
7.405859850382881
7.241437710230802
7.335920612652752
7.436042196024516
7.328771281772042
7.275591687049468
7.066320386400501
7.105648250284488
3.397125466447377
3.80824585188302
5.1399073700732085
1.6762818920226967
0.0
1.3897121299624413
1.507729628018318
2.1515621542232197
7.699850570027462
10.576590817967716
9.284139698013895
2.18166207400211
0.6263908616373878
0.0
1.6993025538460562
4.109239738892329
7.761197412767373
10.503410493292302
10.779677130793285
10.835467467759873
10.82012579816474
10.521106072993204
10.590967156317603
10.417338203432648
10.099880938044578
10.20949434716736
9.758888675976106
9.636865445824505
9.271492713665967
9.042065466813598
8.772286859863076
8.585502296120662
8.51507017948258
8.138688029953736
7.914759056211676
7.800341273310474
7.666007908951894
7.3509774402075525
7.536266811368657
7.3656113302107435
6.956632141058283
6.922572641966393
6.76466862072674
6.615834250635142
6.17818928872067
5.5857867880563115
4.862923788448922
4.134393392970268
1.6838914807887824
0.8808823327446574
1.6217474316354155
1.2409957532829394
1.1443902694915578
3.2203613376362124
4.635972538829032
4.615705279785235
4.844241341532154
5.109495058962744
4.750808869656428
4.745094171184286
5.007694519851084
6.128765090983247
5.971215201521981
6.212843581596046
6.349222277891148
6.447184226824944
6.533496659031119
6.460451150191607
6.666279708333585
6.7073795658610535
7.150665582931991
7.199609849595723
7.277333109010125
7.257285628431032
7.104883993838212
7.3428420123316345
7.394354557281435
6.969219055886128
6.994446514183445
6.112760914854197
2.9043642894964754
4.640178314070567
6.261633267501581
3.797898575529143
0.2192368015730858
1.0961840078654281
0.2935281220970137
2.9833667766904877
5.979529764249163
9.175648814169527
5.7752189603486945
0.35616720826075254
0.5011126893099104
0.156597715409347
0.9395862924560813
2.764848777527729
6.528658556217603
9.581805636286095
10.051271324963878
10.164719284233964
10.30304995046141
10.15595062724518
10.08128062221512
9.8223853844319
9.942121626547692
9.624370762979972
9.301205288418897
9.213029329472581
8.970137803781402
8.826784677724197
8.650833188667104
8.36625061572736
8.227715759025331
7.988517485080849
7.78972179243815
7.8667161838510316
7.831453728128217
7.472162685177751
7.352979718222101
7.335464750249092
6.985996601612014
6.799808096289938
6.627810578622649
6.257852541650978
6.042009103142828
5.462938342766113
2.8589740749144186
2.042647860143326
0.1879172584912164
0.0
0.0
1.579842001906676
3.6960185945342836
3.8540563215071586
3.699454125379277
3.430245044384257
3.116448489441752
4.374102889072597
4.308539501281357
4.525207217244869
3.7357916231784016
5.753030569235607
5.925045629170374
5.9647709228553545
6.181898007962431
6.446708391798152
6.226251204890252
6.282033208590106
6.5261836722329045
6.463749106990479
6.955376256528364
6.957505897365062
7.133076242771108
7.2087972241709615
7.216701880017126
6.970421311774419
7.00741555723443
6.757856720908362
7.129128195968248
6.912935495640396
6.4998445401154115
7.411610827730667
9.624191483235414
9.733644019102798
3.03431288866089
0.0
0.09395862924560819
0.5360693923904777
2.4716880410124444
3.5023079922328746
3.7446449376588924
2.8183147472022467
0.313195430818694
0.0
1.3014018720812512
3.9849891161447912
4.949949211905112
8.525672166598229
9.542656259315677
9.710939954574297
9.72708220489053
9.977629858451815
9.807733233809182
9.629412807741263
9.454270936281024
9.187789589576274
8.927684865893006
8.833381151626382
8.713718767135411
8.742012936750191
8.35147356569377
8.11450822817807
8.14895890692924
8.042547403586898
7.837816556938467
7.693195474659745
7.476150494304654
7.2224886673353375
7.101457619386448
7.044682431057076
6.913208124003032
6.608176859963403
6.411459305139286
6.411935140166078
5.567356205702649
4.838421373704418
2.59237099843521
0.0
0.0
0.0
0.0
1.042211224792508
3.4973099204492586
3.2957643095194205
3.2285240276067904
1.1223848822204088
0.2818758877368246
0.1485826410478558
0.5083457407630811
1.4944856748378248
0.7938381542264906
4.4469827897201535
5.705085767052579
5.959126869433109
5.991586169443764
6.334953180564813
6.343697183225601
6.3915931475145955
6.688879759474654
6.7073795658610535
6.897946311613221
6.7261867114593255
6.834249723604966
6.968182171077218
6.8309108540687875
6.561458010844817
6.621499765784106
6.488055625735212
6.595517509936706
6.734363995668125
6.282984878643688
7.123224710093202
9.432725661982484
9.852641862885916
8.667498988746928
1.8863452802942164
0.0313195430818694
0.0
0.8769472062923426
0.0
1.3324136716421682
4.632058805626107
4.176528125487132
2.03147702114489
2.4420848122997527
3.238720959990956
4.710958465158376
7.408224744590067
8.962746916528715
9.276316887448818
9.458931636785808
9.464309237544509
9.235542945755583
9.057588896923379
9.111449190141265
9.10854532492018
8.55837160334829
8.671296850388387
8.510824473880865
8.181752301491626
8.093134458004469
7.9278837252538485
7.79440217661271
7.719192938300485
7.69966101193496
7.559388959679048
7.242423807226004
7.00446578873258
7.079774966882222
6.981095342909326
6.692346212088443
6.453758209129926
6.313757014889731
6.020836118193476
5.672632334370661
4.855492966383229
3.526724334913073
1.5540422653658745
0.0
0.0
0.0
1.5870593597215605
2.4355834285666362
2.198160827000062
0.9388455380919858
0.3758345169824328
0.2622085790151443
0.0
0.0
1.4911052127485187
1.7633953733129675
1.2279979435478634
5.234150200869866
5.617379098934392
5.62125106128191
6.099895551457656
6.210742295534977
6.272860084582292
6.370706864985716
6.317520212762369
6.639796365506349
6.58189371029995
6.86579745363702
6.859968809985926
6.451753861210584
6.702597265915063
6.838058226279868
6.562222267291093
6.426153733586322
6.623911493879632
6.234111992348065
6.804182160838921
9.321743587634097
9.465873093694608
6.903642306969963
0.5440844667519689
0.0313195430818694
0.0
0.0
0.2818758877368246
0.469793146228041
1.023652498305482
5.501297536480337
4.199549726961019
3.5084048293534864
3.2792521807657424
5.4150411016238875
6.9791288305747585
8.00409253646376
8.763459478615077
9.153418225635827
8.936303780173464
8.784273865080374
8.69803435267209
8.690552999341676
8.66698438976639
8.410700366788227
8.326099685742067
8.204349293237302
8.15938778281571
7.98985919824673
8.053465223735632
7.832669504072301
7.644438001855935
7.540291810415182
7.405140291097411
7.1657939418467445
6.888253294068347
6.954229871858951
6.8309736980988545
6.747605667081743
6.371420617525902
6.17699619037149
6.054850343160492
5.558493914657926
4.887362850984949
3.502346483825001
2.5192355973674254
0.0
0.0
1.6729203775172268
2.337967005050219
1.7479937209494751
2.0423038659548096
0.5324322323917797
0.0
0.0
0.0
0.0
1.3845934612355526
1.6657285946082812
0.4501258375063607
4.177751544916497
4.370775119582387
5.354251407600455
6.093202610395976
6.017320042340237
6.213319416622838
6.2066264755611575
6.3847812476962185
6.485694401545775
6.614951035432169
6.573816467055461
6.627547409156208
6.512033533663269
6.506988064250838
6.459448976231935
6.439658574466379
6.323380442527165
6.653028578023773
6.4262726923430185
6.440152266248747
8.867092149225867
9.480658735802784
4.173585816478948
0.5754040098338382
0.1252781723274776
0.2308890359332749
0.1252781723274776
0.0
0.1252781723274776
0.0
2.610124815983734
4.23004032838265
4.003053544532149
3.7162844972561477
5.228133527371505
6.522898467274726
7.610346230569338
8.115022353042175
8.782105300664174
8.63083631358178
8.557181917663675
8.726840235447712
8.401251014749342
8.175706929194481
8.205378406887567
8.034173765495089
7.971478704508268
7.905195316052758
7.868867742298474
7.708175399192649
7.597527904796705
7.296029575582855
7.284974067974477
7.030904434399012
6.893468030218818
6.722650837147058
6.655296095409556
6.868691350919993
6.292301196405507
6.206626475561158
6.217363270963848
5.942972941832381
5.347188890643396
4.512188288273094
3.89612411821179
3.654448577252984
2.9432022608003363
2.354017788045313
2.1209731008415313
2.0044507572396393
0.1252781723274776
0.0
0.0
0.0
0.0
0.39112391134131974
2.4283914642145374
2.9710909866046324
2.2959149019838714
2.342274981578557
2.6853528096794426
3.7365844011702487
4.917383371455236
5.984127532380918
6.043756671487709
6.165041324110704
6.425771605363184
6.500176164432459
6.142053755520753
6.177713453693877
6.505985890291167
6.39730916656965
6.4924125945605
6.417813320875392
6.240804933409746
6.27407520354644
6.206745434317855
6.431512876371283
6.193002675924402
6.13551046068227
8.715804618441112
9.156069735292908
3.2799503100732474
0.4071540600643022
0.0
0.313195430818694
0.313195430818694
0.0626390861637388
0.0
0.0
0.8834188691093054
2.0383015145002568
2.2818955328893016
4.197494235540826
5.221257955591987
6.398712834197934
7.159612206992234
7.717242076641907
8.227025205061164
8.51520933940401
8.245691594823766
8.315676214253166
8.060555428613421
8.002993244606968
8.020174583407298
7.92247297550587
7.985535842100889
7.897993025391931
7.722150392018294
7.515058917491848
7.305669576479082
7.082387304321736
6.799579637672737
6.753653310453845
6.48620229225231
6.315497913898508
6.480648932133345
6.192764758411006
6.262311261675158
6.072193858328197
6.044113547757801
5.626747745440509
5.631908304724041
4.626343280996405
4.052358234305491
3.701261502185185
2.947765883612143
2.598673441065058
2.065608334675188
0.4384736031461716
0.0
0.0
0.0
0.0
0.0
2.0327610736870763
3.668038678288834
3.06119208585255
3.3156629226877072
4.020727766444878
3.4768333475528994
3.807665321592883
4.8834076275298735
5.761624513655126
5.866733497506549
6.382207637390558
6.363419130140548
6.372912043843845
6.481243725916833
6.205101752894931
6.432370839621211
6.459618438894722
6.253833939263012
6.294799044976933
6.593751079530759
6.406193869157979
6.356726189078866
6.198981864445895
6.226943216259594
5.946445664975727
8.369336236706353
8.718521112422842
3.3983788632970513
0.0
0.4384736031461716
0.313195430818694
0.0626390861637388
0.3445149739005634
0.2505563446549552
0.8143081201286039
0.156597715409347
1.2745840489948503
2.958386004148861
3.642681576726875
5.0071109717708895
6.003752261710011
7.003592032425801
7.693158148443769
7.877541081653305
8.063845196988296
7.936318632803395
7.9520555499728705
7.803910626325627
7.798567533847588
7.480718209777349
7.54297528823712
7.487260650074452
7.323816394427729
7.345794621661408
7.006977557792416
7.0237551035183
6.595398551180009
6.4046653562654265
6.240567015896349
6.280793117117041
6.233419980978723
6.323023566257071
6.247497874471425
6.1710205126321975
6.079658362719781
5.92549972302632
5.901058522611417
4.861035689294256
4.470433576633788
3.5334754063355485
3.4641077308250163
2.5672713608947393
2.377322256765691
1.2869976719912468
0.0
0.0
0.0
0.0
0.0
0.0
0.643936799086468
3.5776371044259854
3.3366968210400216
3.606114800094768
3.842846646437011
4.625800303943465
4.554393131852204
5.295011166916354
5.673399020147644
5.968166248168712
5.977508275951061
6.108567309041508
6.246805863102083
6.113876227364504
6.220131316441215
6.357223765276503
6.323499401283862
6.233874074834668
6.213557334136234
6.430867578681704
6.068009304059644
6.246686904345386
6.391261523197548
6.136171784585113
5.819386430348835
8.188279401352954
8.605710736028552
5.300689667457976
0.5011126893099104
0.469793146228041
0.313195430818694
0.0
0.156597715409347
0.0313195430818694
0.1879172584912164
0.0
0.9628907611764594
1.5519994852804304
2.801214656464812
4.681749605436103
5.963057632346159
6.834631851828104
7.237480026698454
7.504363486783802
7.67360132565031
7.3003275172631445
7.413080712623554
7.252822369170355
7.085067285288869
7.050075317843405
7.151005854822244
7.075575404503357
7.152895792148368
7.072095401409967
6.731087970162013
6.600800896862532
6.274745473744937
5.673137569680221
4.895851135536638
4.854996255886883
5.372434228887794
5.84207204520354
6.051520241359668
6.130268072478626
5.950238935506706
5.356366929175286
5.576929318701847
4.9133190111838205
4.094260558465241
3.9789464943201405
3.222655717980688
0.3481521338992613
0.5950713185555184
0.5637517754736491
0.0
0.0
0.0
0.0
0.0
0.0
0.5039471921281752
3.9929585203739215
3.4873709310011707
3.316798207871736
4.697008450104017
4.924022284324113
5.2842442218149195
5.586647909860145
5.800344402042359
6.085222864181466
6.088801879784871
6.178903041260855
6.2680525326832575
6.2680525326832575
6.156510266454394
6.066744240077659
6.315497913898507
6.268528367710048
6.364251841437432
6.315378955141809
6.2324213178012515
6.202859766906319
6.220012357684518
6.480385762666905
5.847551063736846
7.984537835458733
8.278269806492643
7.590633464890282
1.0640677071196376
0.5011126893099104
0.0
0.0
0.0
0.3758345169824328
0.313195430818694
0.0
0.4384736031461716
0.0
1.0712948590562965
3.6842573199046713
5.672323209785524
6.89857269151041
7.238979569812593
7.308762407700851
7.2721055933031735
6.8206606348174486
5.8206244408349805
3.1831347514721613
6.301772648382087
6.358239356567656
6.400444274310517
6.619470165911719
6.749134179974295
6.412529933949566
6.211221641343968
6.011090221017146
5.479348998465368
4.493891393967271
0.8223964634913506
1.7330022930442057
4.363429905186293
4.975613096919657
5.675070122301701
5.9153919992428055
5.909464754182292
5.595870978885797
5.382938147290453
4.084792988271878
3.659058305042522
3.1201756572863526
1.9139984938137364
1.7808360413037605
0.1879172584912164
0.0
0.0
0.0
0.0
0.0
0.0
0.0
0.3437742195364679
3.767571749539859
3.312454370389982
3.422039934120385
4.021285091900836
4.813102955392264
5.293639257347421
5.903519843496484
6.033171320894218
6.036966512840175
5.953834563320507
6.33593361335364
6.245994892976044
5.8805952146567
5.99086167202192
6.192764758411006
6.063186965645097
6.031160018319543
6.091533677020008
6.199100823202593
6.0168659484842895
6.185477023565839
6.107064327546127
6.170757343165758
5.45711141499492
7.293271615175124
8.205154235321496
7.451910253674039
1.165181336723314
0.0
0.0
0.2505563446549552
0.1879172584912164
0.5637517754736491
0.0
0.0
0.0
0.0
0.3758345169824328
1.4513140844260508
5.205398115968483
6.768041366536877
7.092640600725605
7.266176381272399
7.008289313541209
5.586384497869505
1.613464173454092
0.6183757872758967
3.0185323032274494
5.174355159653949
5.92467108727499
6.398822054614312
6.232931151219604
5.965365716638844
5.631335252111398
5.123743495707139
4.153113161895332
1.1319407070334777
0.0626390861637388
0.0
0.5782178783799905
4.075032377830407
5.133150201368004
5.655044232353457
5.774913178192633
5.236513539033747
4.699381548760982
3.512306107545201
3.317912858783654
1.7579787381324612
0.8885994406525317
1.6832402520594547
0.5011126893099104
0.0
0.0
0.0
0.0
0.0
0.0
0.0
0.9238128416424908
3.5281729526520182
3.086395507934042
3.3732842319442415
4.44632383909286
4.60706176878774
5.168289183047287
5.8157788090955265
6.148649478996581
6.274983391258332
6.267933573926559
6.012562435459038
6.115952261472531
5.96834993845876
6.034771519975453
6.206388558047763
5.848806184844542
6.101910085370406
6.064668205969633
6.129648026742093
6.151298565717251
6.066052228708317
6.531899691287958
6.192407882140913
5.759343235854655
7.012839782330361
7.210891979368774
3.5326108823786995
0.0
0.0
0.4071540600643022
0.0
0.0
0.0
0.6954809763459767
0.16824994976953608
0.0
0.0
0.0
1.2458786387322522
3.9914269635349204
7.043893693580877
7.353279180783889
7.144117379995424
6.369763763550722
0.6586103174555261
0.0
0.0
0.09395862924560819
1.2539143473658554
4.286673786218518
4.97482236785466
5.441425270651241
5.049778227678562
4.955901665188983
4.449377785969745
0.9879539178748968
0.0
0.0
0.0
0.0
1.18963794638422
4.3500580350639595
5.376586452287868
5.324085463000215
5.191654230275645
4.913060087981827
3.799950723400354
2.436028314574838
0.0313195430818694
0.0
1.00222537861982
0.7982779714056217
0.0
0.0
0.0
0.0
0.0
0.0
0.0
2.3125296174291687
3.3051666077836606
3.109596805293859
3.6343939293745535
4.520496787044666
5.010660667762195
5.1251815321133485
5.584056796889635
5.951720175831243
5.944692099670313
6.035679707687347
5.8956030370321395
6.260764797838086
5.6455085714067685
6.041248284694582
6.35627209522292
5.962327267595577
6.288412755723382
6.0530014816842055
6.2344688686181575
6.176567348468589
6.218866252459231
6.617481722284392
6.301993073018449
4.410489587488745
2.7725912597150275
4.239788813903602
3.7219747354699297
0.2148176186660674
0.0
0.0
1.8133418407578534
2.289794206836069
3.365906568690668
4.101909884728647
3.500350206534675
0.156597715409347
0.0
0.6715985478975269
3.7196029051515125
4.921327988563343
6.711185223244543
7.165225100747308
5.74325844547394
0.6958608343664714
0.0
0.0
0.0
0.0
1.4813659590273134
3.3431195146694312
4.174802709223651
3.888258395877397
3.528067099790226
3.621851665866006
3.512306107545201
2.78989505010822
0.1879172584912164
0.0
0.0
0.0
0.3911032770692072
2.2615339771459944
4.6784329516131
5.401820957203519
5.07930475132183
4.717725447703694
2.2671907052527294
0.29352812209701373
0.6263908616373878
0.0
0.0
0.4071540600643022
0.0
0.0
0.0
0.0
0.0
0.0
0.4886990663135133
3.6222050038305182
3.465779707192895
3.5017891583690437
3.9375871472133315
4.333756345825499
4.878271440341281
5.2306079606307225
5.445362194229485
5.725000545124496
5.906123656092279
6.064570988383781
6.316568542708786
6.398311340529322
5.683720138714709
5.748390076340965
6.064214112113689
5.994927267533776
5.934149739439328
6.248092668254914
6.258829463657604
6.279838215725381
6.037301647939423
6.253358104236222
6.528927024645479
6.188005818670786
1.5259054037908835
3.636736341400126
4.8684148009227775
3.421396259978063
1.4681343150218094
4.3981759832933385
4.646495135947225
5.089062134353637
5.385378960411603
5.441971934237497
4.852183385724387
1.1760477696595673
1.1844725694184073
3.950674947886288
4.730667547421317
4.964793712040758
6.484454589516834
6.685752329073432
1.3400844406204695
3.0611697715705173
1.3705501021985118
0.0
0.0
0.8251989658525853
2.4135884058512307
2.982660683876372
3.6939531053067522
3.3727269064882823
1.453642307399917
1.932315087986219
3.0549934277637227
3.2114945788067506
2.6397619587842867
0.41742567751598647
0.0
1.854858734738153
3.514887653684467
1.5044913262929231
3.1684962084984734
4.692073976175053
4.653453354559195
4.829771366345677
3.4157855484721584
1.353814783859262
0.0
0.0
0.0
0.3168325908173919
0.1879172584912164
0.0
0.0
0.0
0.0
0.0
0.0
2.745798997618546
3.4830270935194156
3.0758785587578825
3.813811625312268
4.443713737739515
4.873045364038317
5.53745666363611
5.541000248667572
5.95298931535878
6.142745766890095
6.074605027535471
5.926191734395662
6.108783485384058
5.899668632543995
5.770901809904125
6.055445136943981
5.979108475032295
6.302468908045238
6.211124423758115
6.128429955883997
6.034771519975452
5.985076918672132
6.044974742345805
6.254071856776408
6.383804325689591
4.764059485846423
1.8236473711105303
3.2399033161238937
3.950347079731348
6.233272086194432
6.314971574965627
5.5792864903831525
5.923231045529773
6.144378452023832
5.922969595062349
4.022227818995057
0.9360973115393229
5.180597635863045
5.590645444437804
5.244765494531072
5.8911158337168406
6.075796029603405
4.265448288360211
4.13171132266397
7.014327498017118
6.192516006445434
1.7717054874465565
1.053306133696738
2.893224408898344
2.7733537851073313
2.377322256765693
2.135533107021241
1.483601867845394
0.20320665285010336
0.8099302057658107
1.9225296250869615
3.2098019681667616
3.3479064961101703
3.0219922084894746
2.3204135415631626
3.272501109343265
3.4552627580167368
3.786782547382432
2.959053568019969
4.420854875841042
4.4427125667600125
4.445952837601035
4.179444155556487
2.9470859855925857
0.0
0.0
0.7151276507955445
3.0795516149296724
2.911712731419257
1.0574593506071697
0.5943305641914232
0.399138985702811
0.0
0.0
0.0
1.0597457960566703
1.2673303632695665
2.260407480441589
3.8649250671923348
4.692854200718233
5.159792491673751
5.631098324373819
5.7265938871011794
5.856310096032262
6.0779568705071405
6.225343017178359
6.091007617531253
6.217817364819795
5.635997433189927
5.690702138743395
5.885752688170497
6.328332484580067
6.3502711655305815
6.247162739372178
6.205458629165025
6.164922365354006
6.247140998201333
6.4837622987033665
6.121834232408171
6.315184519970103
5.313095247145725
6.4632127018414325
3.3573909067196293
6.218038021001012
6.9651966368953895
6.517971677174867
6.192883717167705
6.446589433041455
6.709791293956579
5.346411495752716
3.0010694044937276
5.655999548413056
6.3783514761009785
6.48545648403238
6.108567309041507
6.210554602483544
6.349625867841004
5.665298117949686
6.9752666992582295
6.827819952009726
6.487579790708421
5.464370261499501
4.054362500721502
3.4851209949052215
1.2629524489067736
0.0
0.0
0.1252781723274776
0.0
0.0
0.0
0.3481521338992613
2.500820772468207
3.6341231284984925
3.9708099711096834
3.221516105343286
4.123636508974953
4.4720183887608185
4.30401425040375
4.642987328909142
4.748053598317703
4.697008450104016
4.587141460768081
4.663376403156311
3.2294484325767177
0.28551304773552244
2.8376848687306007
3.6485413558663637
3.9597356964775683
3.826844400892159
3.9910000194261444
3.2602709152550062
2.1982844511895836
0.340095790993545
1.2753454376310576
1.58697682263311
0.9853925727164049
0.9870505218064138
3.1645888322926536
5.071730438341009
5.482308697555442
5.566392900312954
5.509407937789487
5.877675724370134
5.789921000568073
6.043443277559303
5.995500320146419
6.1826619849645805
5.821715897708969
5.6790814905902085
5.869598760569769
5.889245231069708
5.991434724634565
6.177043183495381
6.397428125326348
6.343102389442112
6.024131942158614
6.226348422476104
6.109832373023494
6.026089017509941
5.360321144371698
6.595699065587844
6.7686447460424315
7.082123607439926
7.0415873970147445
6.707116396394613
6.630341265474871
6.829730593125416
6.909549970273782
5.645243855482232
6.445351403007882
6.847491395018584
6.733634450071087
6.879039125050639
6.494510649283495
6.697696007212375
6.703123604847944
6.486815534262145
6.897946311613221
6.714200924575626
6.219558263828572
6.080231415332426
4.153294127484776
2.1051903819407465
0.0
0.0
0.0
0.0
0.0
0.0
0.0
0.0
0.1879172584912164
2.3632207823199782
3.8489929501563944
3.6470047799365175
4.233957330278198
4.5171227622020576
4.85549027905431
5.041096040086249
4.9689371280978
4.998554383126068
5.193601218442938
5.218914603687798
5.025248762564463
1.9900991931442131
1.2700476674494003
4.064602939955419
4.285782703035061
4.13862778550262
4.377988172424846
3.7392611728524052
3.6550059027089423
2.706056406746323
1.3379845237947965
1.2476217860036616
0.45374236323294603
2.9825544196855516
3.7808753259958134
4.402332470127096
5.184497277291736
5.465866700763521
5.878258719857065
6.071908947690914
5.981519644239571
6.029559819238308
6.224153429611382
5.961855508114339
5.417104895289572
5.803168466526258
5.870171813182413
5.924234659044335
6.038231576822162
6.114308580049605
6.068247221573039
6.295538049470164
6.370825823742414
6.109832373023494
5.92269919149645
5.882768466350579
5.517903949711285
5.602463621399674
6.634885647907466
7.33050986290478
7.2073223399200375
6.979839458379407
6.9585986533928486
7.020547728787545
6.896634555864428
7.001039414280819
7.1355729896972155
7.0660477580378664
6.848637779687998
7.138069736623323
6.689355594501445
6.430672864065872
6.687062825162617
6.547069954761785
6.565501306297575
6.912434408660562
6.185477023565837
5.453702184728626
3.38023090815678
0.2505563446549552
0.0
0.0
0.0
0.0
0.0
0.0
0.0
0.0
0.0
0.5083663750351937
3.4978672459052165
3.513420758457119
3.8932900486848627
4.965318029517786
5.077821512962815
5.350600817292877
5.247192449133367
5.328358511453526
5.218093790008831
5.067944494063862
5.080713554438971
5.262355456131843
1.7386561794893933
2.374037083950468
4.4466948405846844
4.058170111656137
3.96083114240668
4.126152335378687
3.7794741505039986
4.020305841426949
1.6146221116937889
0.9962215156240484
2.015871305601148
3.4873709310011702
3.5679482815818506
4.0363080869717995
4.9279176105079046
5.545350827600881
5.823883282074109
6.316092707681995
6.109713414266796
5.9324305816013965
6.0536934930535455
5.936258259599857
5.572524742242568
5.568293122065957
5.853444832969042
5.860948744156761
6.316092707681995
6.251710912031097
6.481243725916833
6.67487383161476
6.1146654563197
6.165041324110702
5.840216262983619
5.335907453135012
4.469800992804939
3.830456796250276
5.868019829564198
6.905904596101012
7.29533686423885
7.0238646033788035
6.745958195432493
6.863830941302456
7.155611538795486
7.372955667441231
7.27332571215311
7.23016539197967
7.075356404782354
6.891134411794843
6.921598317279933
6.7801366532810805
6.715838937328681
6.719856980828395
6.466498793563709
6.688472379298472
6.692412620286549
3.3325343705617576
0.3051803564572028
0.0
0.0
0.0
0.0
0.0
0.0
0.0
0.0
0.0
0.0
0.0
1.7740295211275565
3.4192326725684765
4.331124323966541
4.833576289951395
5.122740718992199
5.066198886619918
5.162127706632379
5.739763592881986
5.634566114845806
5.160292446110104
5.506254605535077
5.396897325657567
5.223093216114259
3.5440926669361064
4.305439817130127
4.452199341936182
4.158395908801152
4.251512146592358
3.6712472305865567
3.985968366618679
3.334983576127919
1.8215649213814205
2.79845836328163
3.3755135337680784
3.7413707979420443
4.269254850577552
4.917252558927142
5.259294700320719
5.74002504334941
5.9365609086466025
5.872518250856338
5.84708702700661
6.115141291346491
6.019493294034116
5.287149793003004
5.7640220927826595
5.904826106057791
5.9042530534451485
5.982784708221556
6.0135968160270865
6.349005822104471
6.101160615439641
5.993862153823938
5.934658060518622
4.7830356521408115
3.6696226964658103
3.0641231530371336
3.4010394464827227
7.060511072547867
7.8506138197349244
7.250120570167929
6.844484393307206
6.505985890291167
5.957872739072494
6.693743763393773
6.840679495200206
6.978270096401706
7.141250277154923
7.232514032537374
6.996084526936501
7.039618043852257
6.743086536602193
6.642054423995938
6.426748527369811
6.466668256226495
6.671739003318019
6.257072690806721
1.0163702197074815
0.0
0.0
0.0
0.0
0.0
0.0
0.0
0.0
0.0
0.0
0.0
0.0
0.156597715409347
2.622441150524875
3.6357951048663693
4.356447872142674
4.989316706081816
5.304629600474503
5.313829305663881
5.592133760689999
5.565997825845644
5.780749072996033
5.3744414559169185
5.395376523352872
5.353191930263385
4.613635468155907
4.981434743817649
4.401418491582328
4.039516639269522
3.6473256706410218
2.9390801036294913
2.3849589256828363
2.157537216380688
1.223494025830738
1.29137558635404
2.7974080948358493
3.532360755423631
4.5362252099761955
5.375313411049495
5.652270319547353
5.779121265415216
5.980254580257585
5.702074926508896
5.937069229725896
6.055466878114825
5.996797870180907
5.3747667474632355
5.693855470997805
5.760661208265432
6.037993659308766
5.8911846407957436
6.1719721826857805
6.350033248017188
5.85474238300353
5.443526933707212
4.613676377044355
3.8674073402102422
3.095735903381944
4.197913833597669
7.493448270682648
8.402537761916268
8.57522617350217
7.901885308426931
7.414311952032571
6.90213694251126
6.329220348952522
6.719883463647463
6.762090159561183
6.7504119957969735
6.4946177734186294
6.775436225517179
7.108870647148971
7.077213417256414
6.867532186694101
6.919365267235637
6.479001460484095
6.628956963292063
6.534098256541306
4.5962575496899944
0.1252781723274776
0.0
0.0
0.0
0.0
0.0
0.0
0.0
0.0
0.0
0.0
0.0
0.0
0.0
2.172152086645184
3.7592841021875363
4.065582190429305
4.999876479252715
5.385903957340374
5.129671577567277
5.559785597363676
5.355524448838827
5.296955299011289
4.982966708258015
4.9432438926065085
4.0462586265596805
3.3499737388602244
3.4179479247451914
2.8960713526963597
3.0865279684734523
3.6107946492079774
3.7152639782380357
3.971483492020871
4.195535734593051
3.5829870003566455
2.5966919506154924
1.2170842658301124
2.4766882531046095
4.007573938829973
4.560752071477992
5.48655670351634
5.7980521915917835
5.908891701569647
5.868292498008462
5.784644568297578
5.912957297081502
6.105918222320839
5.275784752796514
5.381889503282128
5.903588650575387
5.814399752356849
5.991609702397794
5.922180366107154
6.008551067170531
5.169337827055611
4.0891779821316705
3.408179032208471
2.819116517282553
5.076524878608154
7.668538096143759
8.666077933855837
8.5418944240033
8.38557351970094
8.090763631188317
7.78945510605046
7.498082854819068
7.524814886136705
7.775151141229129
8.08885394112728
7.9365062482833775
7.633147409599178
7.340505005286604
6.8717897911642885
6.753531801959988
6.064503500592376
5.44087243573732
5.6630314933701404
5.348982254651762
4.7622988661411405
1.5018511544301945
1.009499698617216
0.0
0.0
0.0
0.0
0.0
0.0
0.0
0.0
0.0
0.0
0.0
0.0
0.0
1.1239809284940803
2.962834907972036
2.963582269330376
3.6724043318573214
3.6683351934908335
3.8929186057135245
4.151793927593074
3.891257930763967
3.8684152263164355
3.912936139080155
4.160874133822529
4.361384267644391
4.812758269295564
5.142147517575373
4.750377970893319
4.460823062093688
4.606998729152246
4.407359266354773
4.508244236007952
4.494166938025053
4.283043977544111
3.6180172010589073
3.077976202928114
1.6198604115316202
1.8959684999099526
3.493638174589381
4.259339647367223
5.376871435709322
5.599648505206463
5.786964387247735
5.5467850020173595
5.596538467525293
5.618588154784125
5.154868860127795
5.24227965091616
5.566522822774413
5.651890900099047
5.529003266835814
5.4407638542298535
4.669244088806732
4.071760212691986
3.0269414755860997
2.4793507908294474
5.973231844446061
8.176186671148614
9.001095768871966
8.706331647201544
8.870054201583487
8.555017733594278
8.526182897953865
8.476174799602896
8.274258717543097
8.444104241338337
8.506578768279155
8.470599869460365
8.38610014194227
8.391092223556873
8.260591221926365
8.184331859190635
7.723217546369475
7.240457294891442
6.636771037070112
6.958683672223431
5.836247585067034
0.7620413903045996
2.805948108567018
3.119881356374329
1.523718508197075
1.2003133627430347
1.346740352520383
0.7472911196020722
0.0
0.0
0.0
0.0
0.0
0.3248476651788831
0.09395862924560819
0.0
0.0
0.3445149739005634
2.2849985098654666
3.192682205946142
3.778828866857137
4.579057500865188
5.704813352880394
6.051123958293439
6.017159885004217
5.928640454976807
5.843291835060652
5.614638661956609
5.491246783159637
5.302741501319831
5.254112474379697
4.898461488657739
4.978204209890169
4.806095214896777
4.547606860607458
4.751836846211662
4.669527375049401
4.741370820561609
4.672055903419709
4.5044880384835855
3.5944625657345792
2.1374710493857045
1.6556517722496515
3.040102382698001
4.434840341409388
5.608337549903331
5.89008868724825
5.546537240951036
5.720429714303085
5.576305124635592
4.782531141737707
5.156186931859938
5.366192525609702
5.13767544319135
4.751245143077376
4.415193270145867
3.5682348061617466
2.9127885462594656
3.1307946801725004
6.756237339673159
8.36553478674327
8.857289786254233
9.006276999701152
9.211614398780693
9.187532152844248
9.043402930910721
9.073892518555752
9.000322539245019
9.026273874786469
8.984982846625476
8.779288702880693
8.65111588885676
8.566579423762768
8.487006292373046
8.460110912485241
8.310992469925816
8.121342713230696
7.6625837865424735
7.545371206011414
7.085111982449676
7.149609780330694
5.9882773070774
0.6556366265721821
2.580754194556563
2.080169771698236
2.009502814144749
2.433480412025272
3.0111493896815658
3.0423546755776574
2.065415637679858
1.3693040668766652
1.4479733017633865
1.853645853099497
2.3540177880453137
0.5011126893099104
0.09395862924560819
1.0335449217016894
0.469793146228041
0.808262988588607
3.7665718647938595
5.0047754280053365
5.633544835705952
6.144129789628779
6.350628041800676
6.281006062121516
5.978146060097056
5.975001680941118
5.735537840034113
5.8595923299176595
5.50982159314455
5.5105107484415345
5.4498444315447765
5.137325788604355
4.844391641381518
5.048599951273967
5.165125017464131
5.0317352017187655
4.676818401787557
5.027804341304364
5.148683020672213
5.082632737412011
4.201387175873782
2.8339560849994103
1.6962042119654928
2.7826413643829393
4.152705083485519
4.857511364602286
5.29522675680337
5.37963451518668
5.621536044703366
4.345002596018732
4.401789493074154
4.859496915919655
4.3708961716173995
3.4896002328250066
3.40945098096516
2.761474573753906
4.12538077611725
7.271200479436915
8.604518754740786
9.025860863196362
9.049742888773517
9.139393560421116
9.318726493685194
9.1267300302238
9.134028596164999
9.188391088622271
9.279136634339745
9.06480016590394
9.117206937196043
9.029683751534035
8.791507607328194
8.630185440499508
8.650649102220793
8.558929891502842
8.47043069209455
8.145601481284436
7.797603087961372
7.921328702213288
7.451839668166795
7.216438183135317
7.094044591623928
5.204498649494856
1.1742195197272074
0.742851302422941
2.775679038117028
3.3805100917342252
4.668747150506224
4.423625809759453
3.92601898421185
3.330857676172644
2.891114200693794
2.8872754099873585
2.7615571108423533
0.8412497488476802
0.1252781723274776
0.4188062944244913
0.7256445999717028
2.7348394134635443
4.003486553821261
5.073234006291925
5.9557179540400105
6.358272652915938
6.267576697656466
6.244207000843378
6.108664526627361
5.981519644239571
5.860948744156762
5.845703004267927
5.818755208843078
5.884087757555911
5.526853548095967
5.284060132709739
5.569008666389329
5.246294104974403
5.346271905017055
4.962940818309771
5.261099196777285
5.28400729407734
5.211680120223892
5.356786656748458
5.180415797275313
4.591882283424175
3.0125601893090805
1.8383151901963857
2.4662880708295787
3.25032222598242
4.496028504888181
5.211410692500082
5.362703068480227
3.6341231284984925
4.073718713639762
3.5028158510900593
3.1237826345660444
3.2690746195190634
2.6657499119354147
4.989676759250771
7.559571502616601
8.580149086374895
9.07571859372095
9.165776269995122
9.31119516808262
9.39281231488827
9.352592107262009
9.382855936510692
9.386004261098151
9.422130479652242
9.246988892318972
9.202382252550839
9.144807230403972
9.073264431121837
8.95846100887391
8.912884717829943
8.95327882089177
8.823732804060697
8.662582076094633
8.324516875712067
8.25397267329095
7.994682056295631
7.823170431677451
7.635260906294757
7.323872212147607
6.828105052768928
6.101948953940382
2.5891334755606463
3.3599393869440624
4.000042425210782
5.950279243631572
5.567718949301479
5.323557440881337
4.855673976517224
4.51033220452546
4.455442879308321
4.362200153700118
1.368003554584099
1.4627234195342793
2.3175857214279434
3.4873502967290575
3.87058417396467
4.3518573493359405
4.60791539502593
5.855443117773966
6.460689067705003
6.142388890620002
6.335645191934154
6.514351554955143
6.195139679376048
6.244516883989582
5.758186197979262
5.912330017245512
6.086919390394098
5.749459422038968
5.685920998908169
5.609396571160883
5.488846217583729
5.544110286348739
5.302310940417916
5.469881154821768
5.252861099798816
5.124328218448149
5.3452791248312375
5.570778965680872
5.21923989523412
4.5517611099932465
3.804135149873943
2.6339258310583658
2.131822678021287
3.4373767722804347
3.854191721945188
4.612132229011917
3.363881933680002
3.548832368233538
3.2591149957988637
3.3203590060389243
3.0748999995326147
5.562071325229804
7.954422349695484
8.7342561032919
8.94561721563262
9.035456669443072
9.387834125699479
9.367493173542243
9.449374669978134
9.580500437792601
9.375288848775071
9.582416346799294
9.504291246032015
9.496293417920446
9.715062479251
9.403210150160554
9.313284062834311
9.257380751490622
9.161659561558224
9.234953449555569
9.047097109772743
8.83566577793454
8.46646457586976
8.346226262265777
8.089551700625805
7.994851650508251
7.746600725563214
7.575299100523193
7.099218478689248
6.454290639331827
5.544635045971557
4.382971970776978
5.473131017601716
6.30916184910692
6.081060051083757
5.945719246138904
5.791694385629352
5.96933588634803
6.09028719565496
5.401586725849126
4.965643274595644
3.994175870824435
3.9388288607045236
3.9077890473533157
4.4471595340746255
5.386506101687746
5.826034966431862
6.299225027541081
6.663254379897348
6.4522802001434645
6.4873418731950245
6.4583278435155655
6.369848901735787
6.3159737489252965
6.097733044645436
6.150941689447158
6.245562540290941
6.01957105421149
5.681282350783669
5.768378539044708
5.72155815390308
5.545493319311609
5.593578768435221
5.6818554033963125
5.550446425653684
5.665843967506313
5.283813660913004
5.466297261665439
5.07497583904601
5.073269211715609
4.817036503135589
4.151725833011635
2.8868006216198494
2.3772397196772395
2.495234303920131
3.6573863286746446
2.819033980194104
2.4974817603662793
2.286959518974556
3.1402892091733814
6.00104154710712
7.5944756665311095
8.594656745464265
8.829593664776887
9.006869040875047
9.234950904581694
9.491448720217113
9.677338778994523
9.427026745955118
9.663478313349916
9.621984017311885
9.494647638884445
9.708623571111218
9.743238476634447
9.65539856235244
9.479005605972134
9.482222591952873
9.38124365876083
9.279877600971835
9.22492752363182
9.01506386651494
9.026974054740421
8.630557993738925
8.375824019323781
8.435048076395653
8.262649403027021
8.18597486286399
7.680980641875459
7.379121742154663
6.986259771078452
6.987415614644063
6.628693793825622
6.8140771936162725
6.519490731171225
6.266981903872976
6.4643754868876675
6.376779760310861
6.2383720230316255
6.142150973106606
6.132949645251799
6.007642879458639
5.784096038414781
5.756467040141331
5.86843498971919
6.224589857842036
6.238847858058417
6.346335273657083
6.458854182448447
6.371658535039298
6.350984918070769
6.213676292892932
6.410788755496663
6.27557818504182
6.4608080264617
6.363631795700898
5.987520573931907
6.045162435397236
6.203955647669642
6.218747293702533
5.836768994209281
5.775825441450077
5.577373699380884
5.765690109166981
5.453439158029848
5.458246686891461
5.51680657962161
5.404153475778962
5.242349044450598
5.228275442055281
5.152861633098675
4.999981757662578
4.888145762857046
3.6548705022709105
2.860067815271697
1.915461647810691
2.1514487181987425
2.3342885765072934
2.073602774764566
3.4037604023586914
6.231787067343542
7.43026329318271
8.127848015915287
8.713112820578013
8.880299615441714
8.941457207287582
9.232030653832323
9.314716371422753
9.510851358684297
9.445270938906903
9.762690386954935
9.72589909608658
9.703709237494929
9.742861849831925
9.696268160092593
9.840918500959834
9.527380136687121
9.618806312957735
9.257067980260603
9.197601410420015
9.235463567843547
9.086233447157179
8.953410727165075
8.655522582875312
8.551122752736573
8.551743229439685
8.310809653013568
8.057342390534453
8.090105397005534
7.4851099376780645
7.3398564781498115
7.130875708581805
7.361183836630053
6.964577645989596
6.728579521762463
6.649630580260592
6.412385723239823
6.262073344161761
6.667664010516393
6.688973466278307
6.613256850103155
6.43880061121645
6.408809659530364
6.220012357684517
6.350984918070769
6.439539615709682
6.505985890291167
6.568940460305817
6.688472379298472
6.473811780361921
6.847109266795446
6.498791862249651
6.4676199262800775
6.466048210489961
6.329215420338916
6.1370799722970055
6.1431998607460425
6.115595385202436
5.992040263299711
5.894456931806852
5.998086467116923
5.9028731062520166
5.82921394156795
5.801490507267648
5.615449632082649
5.657936114140441
5.482451189266167
5.6180465875738905
5.428920197437568
5.3182634872952965
5.1697263826538755
4.938771183497558
4.988299234048398
4.667530652542098
4.204651508277394
3.2918630313277055
2.4929181375544736
1.807777670022837
3.4821355635712794
6.154786491598192
6.925076182996056
7.84250930793697
8.229588226107623
8.624622230336824
9.206883824737789
9.247937036374898
9.301436136762996
9.622360644114407
9.45272357699014
9.955797181423074
9.891864111135877
9.629743646284687
9.789200117281247
9.834051397417984
9.926549378864108
10.019175071455244
9.681500585297822
9.778485431250216
9.61535847863289
9.528782780406058
9.325468431055917
9.256475939086709
9.065902325365814
8.93410674664171
8.665727570126714
8.657102648882722
8.570820749017685
8.280925387163723
8.193775147864368
8.025402516243028
7.8032424833961205
7.5830434824374615
7.724008637014907
7.341894521844334
6.900129581091544
6.924210654719448
6.805790409546969
6.818605782992017
6.6139488614724975
6.723032965370197
6.655296095409556
6.662897503627254
6.82062592396821
6.6486284063009204
6.817513026964231
6.574079636521901
6.958708153253353
6.535356796240719
6.481243725916834
6.659339390862315
6.626519983243492
6.487078703728584
6.397547084083045
6.458327843515566
6.68242473592637
6.569560506042351
6.350747000557373
6.342720261218973
5.9204069810458755
6.314135632330668
5.861521796769405
6.133747900089637
5.937761241095237
6.064906123483029
5.987877450202001
5.585565645713752
5.621824113894556
5.35479026304808
5.3808858897675655
5.404401236845287
5.0743110467897
5.03718315074175
4.914351091235839
4.94534188296382
4.409688768794371
4.045001935638212
3.4385120574644654
3.856600671377011
5.57307314174935
6.541912330319354
7.179064650280085
7.6282057526120015
8.196994573755529
8.588012234224461
8.76303761850399
9.113566845760984
9.511309908372729
9.608792585640153
9.634275572758003
9.966837651949124
10.001825063731259
9.937466910422923
9.925545475146825
10.070052705515167
9.955363205680554
9.937079656444284
9.949625982546264
9.9251623417118
9.692407564338415
9.629100036511247
9.450000212438178
9.41052832223866
9.279531328455679
9.278149899049925
8.910178231410699
8.852391259678003
8.548324872635758
8.390711680651888
8.331236377875548
8.22391083617184
7.912475172730237
7.997383465741238
7.710888493583613
7.285921558461781
7.048014327782063
7.223735620384435
7.032050819068426
6.836160364720656
6.80776638077773
6.933753323318669
7.030676503197184
6.93930933860713
6.946052587650153
6.780791409866853
6.858822425316512
6.980440586323553
7.0663203864005
6.8545759231995955
6.923938026356815
6.653802293366244
6.7534153929404495
6.733217610998711
6.511150318460295
6.574223847231644
6.715601019815286
6.3172822952489724
6.288845108408484
6.5754639387047105
6.095159685747302
6.237917929175681
6.291766390478235
6.318968715626873
6.1710422538030425
5.646916127099481
5.729316658453671
5.951765449956117
5.5497681036854445
5.440438562683531
5.381404814478226
5.276212288508319
5.038598683690852
4.861294612496249
4.637245580067408
4.5297845362901255
4.394363065897966
4.120141432097333
4.039516639269523
