12.153395794502638
11.857837991719919
11.594403762588476
10.210213394037622
8.717857468937295
5.8670650667918
6.722934527798656
9.91306940859555
12.040611510242709
13.003838581994739
13.20576639310994
13.400504520018115
13.368678384366726
13.363624027603606
13.168062129358784
13.218076609446928
13.208538645836626
13.24311631065081
12.885945206125504
12.757782632806077
12.372423364177314
12.002622930745138
11.588914612050033
11.429784050206106
10.651860502008564
10.165313835932633
9.671084664036961
9.368567019352401
9.270998649814445
8.875784113966635
8.524502348937487
7.678967014779909
6.000483916583312
4.388438286433079
3.1106231287758317
3.770141863459872
5.604473562047893
8.027359254505635
8.846050664095298
9.220213684073281
9.41311819530516
9.726403434034111
9.788206840740079
9.702943696916934
9.406291099681958
9.256706787430815
8.976640657315007
8.57147727198081
8.154843244609669
7.931171579937224
7.224733884943128
6.894410437300953
6.007285185518261
4.465806268120537
3.093555658593563
2.9141339683999834
3.194243689016638
4.11422175746561
4.421920713752858
5.143244887665045
5.311170206272528
5.445362194229484
5.378878662738443
5.51547767456073
5.5203146782184636
5.393313432501239
5.3833236776986055
5.518824639979476
5.556657763681197
5.360006686154122
5.465090917578319
5.389393414469848
5.29537705665273
4.710477499104854
4.107615058447299
3.256334940589958
2.6776450455475653
3.995060129732886
4.568671507032922
5.751350546383751
12.851110765910027
12.649171469116823
12.676695213101496
12.039966606680776
10.794188261368955
9.2561931502566
6.666613227359235
6.183408886215676
8.88321845427094
11.266872336684862
12.220381999421155
12.605475166236921
12.602117467892516
12.615165757052859
12.459714785910515
12.363381663683267
12.210078710609896
12.108192384371296
11.63658755798462
10.998205054518145
10.370696020791671
9.733388766619342
9.12532994109184
8.101153151574655
7.463384126616228
6.5142241176520095
5.982845955393945
6.348433655838312
6.009886018413691
4.80778198196634
5.505946048343844
6.174187645960975
5.154951411985857
4.175651008204207
3.353147185798306
3.000526755926019
2.516309470816669
5.01846318330177
7.4822802763893534
8.379933265907862
8.821563624421763
8.999434220324304
9.088373571980854
8.835130372150129
8.756474168831787
8.46596276454474
8.27238475100589
8.019205663400392
7.511060829350877
7.17986467240634
6.816128724781421
5.887153061770479
2.575208048174748
0.1879172584912164
0.0
0.0
0.0
0.0
0.156597715409347
0.7661764054154319
1.7539584134987458
2.595326442676333
3.391432657555536
4.2125459274178265
4.833576289951393
4.815110182421387
4.796371192230369
5.204176209036173
4.861990576727466
5.068964662480463
5.1834473052720895
5.111208495227381
4.698186726508611
3.6300259763417144
2.598927859433575
3.2514656083617264
4.52258637380473
5.771045058633835
6.204647659038985
6.349770078550748
13.179721410454688
12.969025386967848
13.156442433889662
12.821644509331762
12.320426971613916
11.363961745387037
9.509164948856988
7.123618578159375
5.653640701882327
7.9154535523303435
10.188323657163544
11.267494000314855
11.6800254647692
11.55842619964311
11.505272960565437
11.247840485211427
10.005607586131402
8.76609982868147
8.77392340277712
8.457045296782708
7.852273747528896
6.8937381882610635
6.2883447140480415
5.346882624877302
4.93635882939165
4.831471486155255
4.588356246952852
6.304447784688592
2.6159666501625445
3.909114800356115
5.173002116975593
3.561603814974487
3.3427845193638044
3.373699809919347
2.612796752786414
2.4218510096588544
4.194732093704652
3.6630544677284966
5.353016981486776
7.205698911666489
8.210924153563223
8.737841830992757
8.862020147671727
8.871804783699973
8.459286606078308
8.313173228095476
7.979509308793278
7.56787059782182
7.141563754602705
6.587559225448914
5.720768924947886
3.3554792262904183
0.0
0.0
0.0
0.0
0.0
0.0
0.0
0.0
0.0
0.0
0.1252781723274776
1.9329044138992089
4.0630663640255715
4.307560250807471
4.275316677385006
4.3442489319609825
4.441324093234773
4.785258696038724
4.506075537939534
4.535167985606609
3.112871003192347
1.6933903434193407
3.1607847031362004
4.731755322552408
6.266426064693239
6.443774114996073
6.412410975192868
6.412529933949565
13.56888936605869
13.575227240117389
13.490456204362134
13.125850603283407
12.673363568387336
12.372320760550746
11.514418024304327
10.031769770968172
7.763481542422673
5.167216152481002
6.254144252933272
8.968573163595533
10.12919359053564
10.4311545198692
10.172516970620132
8.449034878901864
5.825348302212425
5.10228168497507
4.286484307458773
4.090862333044729
5.181114218884636
6.613683920190996
5.809997391776103
6.150855066663947
2.6909654703304544
7.869589592933917
9.700424026188877
7.500476010996649
0.7145357394784063
5.411860228635151
6.0485909164657246
1.127911258779125
3.470272305841149
4.4268888370393435
4.694530610495826
4.260753867216134
5.049340345436644
2.893414444800725
3.971666334706031
5.133870282653999
8.982161791240081
9.783009049752282
9.415697159937759
9.16487426310727
8.579897140856792
8.19691182485096
7.740954033745219
7.342436224243385
6.651517555144147
5.743656649106404
4.749347279846366
2.7340738503056055
0.0
0.0
0.0
0.0
0.0
0.0
0.0
0.0
0.0
0.0
0.0
0.7662176739596569
3.779203349627935
4.000115793110487
3.728202621924122
4.163594680589948
4.056076210270332
4.069801711744213
3.8033214841111285
2.779806352584536
2.3758384684966236
3.59282281844417
5.5844223965608215
6.235960853824352
6.459304765522193
6.732488065401673
6.684303679693193
6.777242755998108
13.92817183002823
13.992310637694711
13.697092330696282
13.380194287752365
13.055099919402357
12.679277540900769
12.289425995232374
11.442830221375637
9.990679527798388
7.9560214805327805
5.167155310386751
4.795294133696994
7.45934042713078
8.895912546349669
8.918781624806149
5.915444383707595
3.5882894540401757
3.578833569661948
3.6888499269354504
4.929041707582742
6.093945340123374
7.634056591027193
9.463982949164857
6.85314228989825
0.5261163756645224
5.535828101038555
9.28094927602755
7.2098696222700775
2.634618986699585
7.460118563043061
7.596903958575515
1.1756602426478278
7.125752982370142
7.448676409962575
7.178330940158786
5.813390041451151
6.202198818646882
3.0118996924925607
4.938638516856912
6.5701092239210785
11.074680739685743
12.15485483284141
11.657729336056597
11.306143649479962
10.667961292699607
10.150247259618578
9.72733986395365
9.037434856823557
7.911001241665485
7.070028320695722
5.852972255817518
3.081950683316149
0.0
0.0
0.0
0.0
0.0
0.0
0.0
0.0
0.0
0.0
0.0
0.5710260954710449
2.8780588201721327
3.7297185635818537
3.771473027731572
3.9317116443700098
4.246010855384203
3.525725713301701
2.259914718894918
2.949694126152105
3.9148937860536295
5.47898159247763
6.473242238531478
6.519703396731575
6.558714658432243
6.661989036471236
6.882838168829346
7.15932556374361
14.235780484483803
13.976305012234699
13.707614387574825
13.506665447445721
13.199809537369008
12.95562091202747
12.319930105175313
11.705814923011767
10.907584633780889
9.75126099094127
7.605350399340361
5.333348615636434
3.940549413336357
7.104534712010117
8.682968995790967
4.349703825933313
1.8672473960090694
2.9780806298257003
4.064262310736358
7.037230808371844
7.35175119684142
5.002635219191556
6.6250330992652025
6.576115704754341
5.126214311662706
8.039697396176155
7.093882752769409
7.531462199163046
7.976444938983398
7.98932866505983
9.109394673790497
1.917362496152662
9.238041045199466
9.251924607209524
8.51594616538839
6.255465786835078
6.400652343261621
3.9473729605298873
5.576853826623921
6.785345251195642
12.325308009855991
13.237814634112771
12.869898854019535
12.237546565818711
11.454197754296855
10.838564871895535
10.463650519493012
9.575625385802905
8.709887623295097
7.544254043563957
6.337662957184978
3.565188886800603
0.0
0.0
0.0
0.0
0.0
0.0
0.0
0.0
0.0
0.0
0.0
0.0
2.912334392164066
3.2614062004390374
3.0375366343973376
3.444188483384619
2.9170492619838266
1.5760653426370168
2.860026546727472
4.298105651101827
5.581139272220969
6.3020148141892935
6.26011950014851
6.593988997044154
6.777888053687686
6.961477528542096
6.855449679506376
6.95685114077929
14.530384846794593
14.11100401676321
13.998946158386737
13.606784867810722
13.251030216076826
13.036039421713651
12.803820378150071
11.986946424831462
11.182642008104994
10.318891709432075
9.170973416328849
7.7436030141632255
5.8421067365889465
5.0002295376038415
7.9842068866787
3.5124744135024555
1.8338242720447513
5.948290612607013
7.039809372589719
8.76738054465951
8.107887404977292
5.868983927341041
9.733308026614479
11.995911914866962
13.615051485297833
10.589034111274685
13.596393552958588
12.774327032805287
11.273146562313373
6.264363930968226
4.0420538143409575
4.213473574843775
9.382874231528206
9.008266452123285
7.85190878404023
6.777043705185566
5.059626367726341
4.023396028512178
6.401432483549012
7.293073730170413
14.005754380169916
14.550744228289512
13.854987122086456
13.208195892810272
12.276558583738453
11.563369256077134
10.822641707535771
10.120113903860068
9.248989529774748
8.321511764935607
6.866114959659233
4.7481397032115105
0.0
0.0
0.0
0.0
0.0
0.0
0.0
0.0
0.0
0.0
0.0
0.0
2.8301701576425593
3.4436311579286603
3.4774113072809705
2.3861282877479075
1.5162813935636557
3.202302950717003
4.1866916142711625
5.514330449183608
6.088857898791404
6.129457102352587
6.405718034131188
6.650394836706868
6.534592539794443
6.723032965370197
6.963390412235034
6.971458196583329
14.589890108000032
13.922813083220479
13.675536440799279
13.529375258393985
13.319990387188117
12.963549036199229
12.707014977484194
11.997195035959626
11.403331853613615
10.591501750447776
9.593195614694881
8.858320144948538
8.20112573567106
9.526850790743994
10.40125561846196
3.404650294555938
4.622831262110125
7.5732353755522315
9.233304557136341
9.464941836274628
7.008736072221892
8.865968296713518
11.90418923132287
12.671041840909371
12.604253584252975
11.540352476691648
11.17961048210215
10.424646238031062
10.330621162643023
7.012885241586084
3.6186219225640097
10.837767760038048
10.750008900980962
8.017979915130931
8.710490871950284
9.349028559992727
9.940093404067754
13.388334893571134
14.708658922900518
15.613961056944925
16.898296972735242
16.294157896396918
15.262233940005187
13.966442467094762
13.176406233514342
12.328320291794133
11.434310021600789
10.682948769444234
10.109099502350858
9.042111717387783
7.645714491398112
5.605315944568347
0.4304585287846804
0.0
0.0
0.0
0.0
0.0
0.0
0.0
0.0
0.0
0.0
0.0
3.0284125453351747
3.959735696477567
3.9043643233169822
3.681764179762715
3.8600672247885104
4.3568188736344995
4.656194767379066
4.892111490833942
5.759956497270806
6.2186065937749895
6.545591945775322
7.059398986721619
6.911570111249976
7.028725012996343
6.989272627118125
7.04653944353114
14.430483827262183
13.90641761687203
13.479852800580597
13.328356822237861
12.760579444698143
12.493166677873264
12.368589509267107
11.980121537517794
11.317024304941942
10.89593430824826
10.276233442876514
9.442633707127092
8.790772650648282
11.152260670959912
10.398871633918857
4.264504853571816
6.054294415945423
7.949151377278117
8.814626166161327
7.573325760379011
5.0950189538226605
8.59185694787068
10.153235747640522
9.05242396518645
9.829555645839664
12.96779854083404
16.546671362584696
20.65789692185448
25.184743541361883
28.78326603905607
34.611810857769974
36.09203542096952
34.83214854628363
32.87415404873334
31.094920576753413
29.10835798059093
26.92284276462392
24.679400648872427
22.546565285007865
20.460062197685954
19.21037215612163
17.68014747183069
16.730902590270958
15.23428036720825
14.053741141278376
13.169190343900667
12.353492921670536
11.349466349762277
10.484545606333612
9.523208679828004
8.41989572910006
7.031505780048181
3.4207347359741282
1.6878352130535976
0.7524897400132622
0.39112391134131974
0.0
0.0
0.0
0.0
0.0
0.0
0.0
0.32046975081608975
2.8909004376890444
3.9818842457418007
4.1795652075915
3.744308549363704
3.9614393913887422
4.4229587918645015
4.595515231468772
4.259978185603277
4.5375771083783505
5.955126194418986
6.546713078491692
7.004480810866308
6.750280564643708
7.156603726443588
7.073733414163023
7.372727736239399
14.296791322024772
13.756039339937818
13.464052823903511
13.028912364019252
12.37765284976601
12.007605016188776
12.09538217111096
11.809857537095096
11.398242351451389
11.206694668025573
10.78035031730585
10.094438232791644
9.023179631834882
12.342342138030272
13.70612905674878
13.089424925606881
8.011401169285836
8.480997562412659
11.354745973038332
16.575196795139554
25.13977909043058
32.07027072119963
32.23343584390071
36.80799115992886
37.35764522988474
32.84180779316427
27.023144661869864
21.191924216887752
46.15141944224554
45.15481834927498
43.531637115177936
42.18115489057594
40.29957197688871
38.65890445183827
36.55709343136775
33.93902566807241
31.464193508744103
28.90833646039328
26.286065906507627
23.61251783619377
21.480999387604598
19.564999684458982
18.016987749314694
16.63386180862242
15.334747704274946
13.915076282521142
12.975513151147096
11.879163358142451
11.061554644805238
10.333023348841513
9.492738746781688
8.702182585371185
7.732117932294497
6.86043353575476
6.053541295078385
5.466390034789893
4.890937274805763
3.9267067276043
2.9245727433636226
2.0424819377536902
1.395690112189002
0.780601239777548
1.3177093529857378
3.1208611158283555
3.733791600187546
3.595040525462651
4.217684283857285
3.958621045565649
3.7326769492756293
3.811219247668001
1.6660764072700245
0.0
0.9111218864645894
4.86874999260922
6.461870051988489
6.8720082255112525
6.872609353455398
7.195446052896842
7.297078286199508
7.525605976782136
14.229565180325583
13.815119713895383
13.141097181879678
12.559912553487607
11.720117039073724
11.056046481206735
10.869839179239337
9.506015842172502
7.607616865789591
8.53881096119465
10.909795203505375
10.449714031386259
9.330974662235395
13.523023790542997
15.066702554569588
16.485170452647235
18.702937688217297
22.59803807567188
27.98361365613788
33.459840167272276
26.10220991005362
20.992643525871493
16.456740627269593
11.336871683975593
10.213785779404583
10.811043428991304
11.131985972035476
8.413100132106706
40.81655868016527
42.179547452139225
43.93226634283011
45.735739729128966
40.579117461571705
33.87838633287526
27.846467636113992
31.28901134753712
34.914984974788915
32.27539037991465
29.488855595860176
26.78870044559835
23.964140728106152
21.47873763837284
19.512382543598946
17.90167040063191
16.56360756930973
15.077900109039312
13.743492967912825
12.519044267460012
11.545970179075994
10.822193803687759
10.186991316061984
9.388262321101552
8.575478651292975
8.098332327195934
7.673831639008187
7.323783469575667
6.844597497735611
6.624907222443482
6.2821816041820595
5.976941090667155
5.42442244775529
5.086489797210389
4.722487992540008
4.991204805236483
5.147038977942017
4.743010829843032
3.8573589340066388
3.655407193454758
2.144317994751206
0.3168325908173919
0.0
0.0
0.0
3.962763414391483
6.334405100461089
7.024738359685584
7.1969237779756865
7.306833863866827
7.362782195870787
7.463431173006173
13.917892542979182
13.537768863809896
12.539347493507687
11.442540003417525
10.200414829095848
9.546563027898687
3.685826009402102
3.4501408289915583
5.526094722710879
2.730089922859253
4.42952390894297
9.146003102362451
10.062970329578908
14.434054920777763
16.48515636251437
18.849000040576847
22.820107723397914
28.3074797222067
34.37400109401954
38.10376839266794
9.271093930823236
10.13267309621824
10.814863079735765
11.401800559626123
12.101493874862454
12.06478721591199
12.134732047899078
9.184083321231817
6.096936365899012
8.921549914720055
29.809175408715273
30.152367889217793
17.814413920608633
16.364099529103935
11.63507263289589
12.646436960863861
25.408319497756395
32.649998588866396
31.767408196756662
28.95149298296425
26.207579645168018
23.482298807179063
21.061369174726153
18.913454612897084
17.425293270950675
16.022831779680644
14.388856421500698
13.47526616237532
12.284996470256306
11.416010394829852
10.571892670603733
9.879639448985301
9.046925686856456
8.486812542489234
8.08644666285467
7.905892200791773
7.4687477455561915
7.245832278959437
7.024901488187714
6.597049036329631
6.748752051751157
6.533878787254256
6.329547044655964
5.962327267595578
5.554797004586994
5.077133365924495
3.6926150957659005
1.7038154874198548
0.0
0.0
0.0
0.0
0.0
3.878176939887026
6.513060959575985
6.929165542063763
7.189999537468882
7.250855856835792
7.5415745291442535
7.735289873004548
13.69204243992967
13.108950508089254
12.35056348287951
10.934402848696214
9.212828786706526
7.481319590414556
2.0284683575056834
5.136106068155816
6.452599989838949
3.1954763312372005
3.9115177101577085
3.1385462322901803
6.799179906631004
14.129828494336754
17.530734357026667
21.484962704322367
27.2778272485091
33.842863051062224
39.77364991150091
39.82812683847669
8.016369016451717
9.350946328226009
10.103938377319388
10.804939657316075
11.57058142421833
11.610337035672433
11.317891491915391
8.371254294632262
6.914232229255463
8.078599399212358
31.73417184326942
31.431474787264904
18.56679669013343
16.493359050118936
11.979171507293103
5.990962867860465
7.383569916317514
30.479673186018672
34.11042187741224
31.296813086128004
28.298081269758615
25.557695259124905
22.68915985121139
20.10636595833902
18.276130827573134
16.966706317809376
15.265118223685647
13.79020463059088
12.825662577920093
11.79912924540369
10.989330487208706
10.375646683210103
9.81853056901817
9.164523273757785
8.45113780556536
8.121230627447659
7.79539324956206
7.477055286914058
7.09883635046611
6.826827236946248
6.870971340702344
6.613829902715799
6.302944743072031
6.288845108408483
6.015481925745607
5.066268280154357
3.775985247329282
1.7311609150460607
0.0
0.0
0.0
0.7181868510661708
2.7268063478154465
5.865143773490998
6.840338216062217
7.111805393517094
7.2165147581437585
7.285921558461782
7.62161027245884
7.794997227646258
13.448988186401756
12.944114679522512
12.031418350310025
10.331276656853639
8.28916368375085
4.22562755365558
2.171902071418838
6.019508824374353
7.163124341707182
4.7824258499400525
7.757338698705583
6.973367369973957
4.176950918122579
4.506290586978083
11.56910211729244
24.744143174973363
31.354069716368798
38.40770852395611
44.76195806354418
40.646521327287054
8.053600640609424
9.405644907022987
10.681016097472115
12.022288157255623
14.526406375935048
16.892327532499298
18.15425713540651
10.321613142264463
6.218811611804295
8.139310105097266
34.466674373535675
31.76169297397094
14.00357788939898
11.465914394283278
9.778806664708346
7.424448157225797
7.456538684450773
30.634515128067566
36.00199496238538
33.355724951139194
30.232936679973257
27.293449075519444
24.524086692072487
21.736518057031734
19.315664709235243
17.71606318121128
16.266141877494743
14.52913646016479
13.476502389723684
12.360615844039927
11.40544565989656
10.664938340385937
9.903536630754461
9.504058136841005
8.841562684910745
8.515809636080549
8.063736100711134
7.891450453528712
7.441225014570662
7.095137347651713
7.262240515775346
6.815724665265521
6.912171239194121
6.475183968479041
6.051934928419478
5.168358567527458
3.888258395877398
1.2352081630072649
0.0
0.0
0.0
3.2900259807829286
4.607602889162801
6.119002688292386
6.722650837147059
7.2686345216906085
7.3551054712264525
7.5961759682617025
7.640082039635198
7.58066871292926
13.345117631715647
12.749776107506094
11.622863074797454
9.88663570600354
7.846843620541891
2.3487791669978657
2.685853725517947
6.723808715217167
7.256053358380322
3.0753212333019233
4.0277593692945555
5.683182075097126
5.751000153207253
4.962248637822676
6.318072620460539
28.540147586674607
35.36479944459563
42.481686750473386
50.69948084329195
49.207479073947056
28.57994981431851
17.699825574276034
7.452787146403542
6.768423494760015
6.518043922251802
6.623717634876503
6.962132465626641
7.045314286637383
7.085184396094635
9.274019987574283
40.02478858127577
46.26528832490699
16.792613529473527
9.628987673397022
12.164625418604905
15.296950780390047
18.774736987211032
34.069407651115334
37.78245931731568
34.82890887975581
32.02184153023043
29.004331880579436
25.963424073480002
22.81471543063371
20.386346144997667
18.12532647636374
16.990482530476132
15.303225575307415
13.656466397955263
12.839050735997219
11.872389137340278
10.948426787187032
10.354349953467997
9.91614420236638
9.184236422608086
8.81659745100251
8.33920366845804
8.097345728367277
7.690029614506108
7.432792964960874
7.274116802798546
7.14646602055313
6.729876255377528
6.337242159677316
6.334163672165493
5.944674434045022
4.350365188314553
1.4097853356889756
0.0
0.0
0.0
2.668334295327015
5.276277705818567
6.798596381505455
6.957342768862932
7.3393648500661675
7.576148602686604
7.724990332646194
7.656909339912682
7.799455898331968
13.302138067427778
12.950195091811173
11.42138072677608
9.525929936307191
7.4369455643942795
2.4004907918416634
3.761223956746714
7.519192119990707
7.026269149906909
5.132716608211146
4.63904081945129
4.479852420745802
3.9725754566710076
4.139803290605993
9.664057038407687
32.279848186897105
38.67305151407314
47.062898696450745
55.58454882255035
61.74554278103482
65.25063309501017
47.897129911004804
9.898788732171315
16.670546927154845
24.04098486681704
30.997499903602165
37.775316638603975
44.034860016443986
49.9578780657993
54.88778302102748
58.22892687153501
57.021377577329105
53.02916101670164
49.79531509512286
48.43000595199447
46.60330881932727
43.78678805395662
41.77544029594715
39.07939016261173
36.261958937235285
33.34035507640814
30.064862974267598
27.39663828473733
24.225385932502874
21.657937346605188
19.535113328900394
17.534894203093472
16.036884516189332
14.237554469426868
13.195756112371313
12.346870550052506
11.36506288973409
10.703871155210763
10.061059627749282
9.37768040026393
9.063310597718132
8.717030899465188
8.315157780960812
7.822179358728097
7.504962411907385
7.194690727931388
7.230547520202808
6.7744741516324885
6.872227225232261
6.749910908817138
6.073458922310185
4.404702881455141
2.0901923470412322
0.0
0.0
0.0
2.486718866285188
5.232968945743624
6.63847484950428
7.165263707255208
7.593171942575964
7.766561279919433
7.751718161860362
7.901885308426929
7.896049873380302
13.369883174021126
12.978481242949767
11.752355164087732
9.690268675652469
7.935601940395582
3.2905409854723424
4.721389847805947
7.992906929249599
7.112557814289735
9.742097183626969
9.02868246152485
6.325535175605297
4.729044537321353
3.898937553466604
12.082945127039494
34.397595489749854
41.77826787192228
50.625768388456535
58.54104963039526
63.29335894110266
65.74758490228076
64.70043458698758
62.1587659429049
62.14151269094253
61.342808580814406
61.02291006808325
60.751635616178234
60.52189280648885
59.91740154561997
59.65094110559125
59.19951198468655
57.69606381226574
55.37053196565269
52.685853219720805
50.29218877766886
48.07505844819146
45.143899310074744
42.96085703619347
40.16032555952232
37.340576463728816
34.07557576178608
31.30499541419505
28.2042133684238
25.529817604516197
22.555114940099998
19.896217863383278
18.215490717504863
16.677709249912724
15.025987275153517
13.592724678569883
12.630888722707295
11.639098243077415
10.880246823954693
10.297443292466895
9.579097794073661
9.248949987558861
8.688249384253096
8.350442149706511
7.908219473854329
7.836031403837808
7.594490426985021
7.244917713324194
6.868309222696856
6.7703341358757045
6.45973739765142
5.859523522838757
4.84966762389765
2.5099092291973926
0.0
0.0
0.0
2.566079978853164
5.34698330399848
6.668584950068979
7.025994244215502
7.412325387658103
7.548040066419476
7.899042378293154
7.8639493351190755
8.129124289794824
13.42084707731841
13.049678051550165
12.179667679761051
10.587165553659943
8.776443810008491
3.91264642335582
4.239733918981244
6.214041408331791
5.0494897597804975
5.916256282053271
8.236452867177665
7.825142101753403
5.857327410960524
4.144244995428955
15.799704343161405
36.190880374363864
44.29783261057074
53.81167731462736
60.666628580257
64.16281267438255
65.14436463881188
63.79173118535381
62.5009118576889
61.47651905162233
61.0543918539511
60.89572423915566
61.06183616466153
61.86191835800523
61.16928549622844
60.04472064525409
59.35904564947057
58.381150663816946
55.80817208123485
53.41784582574088
51.27635962480762
48.87167361982541
45.981369820721135
43.521069097618366
40.67545663163731
38.063912335947165
35.21034138873697
32.1197254922713
29.203842824908307
26.13132663882028
23.365227789154755
20.668853635107027
18.449343926232544
17.02031278353613
15.611832931080901
14.13234638480762
13.023494497017188
11.885589149969345
11.114838833941745
10.565993587638012
9.836063101422493
9.123169316700777
8.864799287424697
8.618898881073234
8.300465101602862
7.876646329356727
7.592509234272478
7.511552457434519
7.0803112921266695
6.923010641408408
6.795436190020503
6.108426609113965
5.122307132900173
3.062767497854108
0.0
0.0
0.0
2.031806198715694
5.1991287939398365
6.446170497687834
7.216177327081423
7.599569822581251
7.821822330699371
8.033739702878373
8.08885394112728
8.0788622017168
13.484028440458136
13.306780538522572
13.080085877361572
12.379520838825618
11.209498963602368
9.029336689298434
4.9437534622902275
4.1146695935658455
4.262160012430287
3.6953018266741373
3.437214053333212
4.081806671670718
4.960479905708216
5.277042429351981
18.52336313144062
38.25324634451883
46.545947109870376
55.30765037068988
61.08832009670367
63.15241136416368
63.43159955683942
62.16600072131443
60.66621745871548
60.11110435315821
60.303955148237264
60.40014902680759
61.207776428936164
61.61119648724916
61.16968623419862
60.09139005244352
58.94364169911331
57.164436112209685
55.51262518415861
53.20837042879619
50.77849827551676
48.5827104204526
46.22781577674695
43.357658994204314
41.010227618947916
38.35506381177514
35.1763098339061
32.732320783149206
29.77804466322562
26.963624340919676
24.378822359805493
21.530682141664236
19.190891289470866
17.33284228535333
16.052252283034885
14.171691286788219
13.108949994751304
12.24021295410169
11.231107614604996
10.560880575635661
9.965172541151494
9.356203787358675
8.808977582522514
8.495631213617042
8.20448845315873
7.736934276939337
7.4195104842187956
7.1632585884127415
7.107357156390148
7.083643188851652
6.8367928828537545
6.336622113940782
5.271368874771284
3.224926288348748
0.0
0.0
0.0
1.4319751534974354
5.09784643339413
6.639931117319897
7.118854156018126
7.518876742625106
7.627360907625575
7.85708478642218
8.176189940644878
8.065133104323008
13.370740728076292
13.479976473144422
13.661054153187006
13.75209727608992
13.244054804279834
12.470340811990068
12.004849523246966
10.774965026928207
8.0548245881158
5.570491136840513
2.596893342959161
0.2935281220970137
1.722870250552284
4.933720554762168
20.259089884586555
39.98273318528283
48.241312807563624
56.23011999235199
60.606934518202685
61.81432810795213
61.66762296071542
60.02518539308574
59.29268224492035
58.75868779776861
58.84884819110527
58.81525950923191
59.36211909415632
60.20031915454315
59.67306020935985
58.77717100541984
56.98046675406188
55.41168365495218
53.6646517105131
52.07579979423151
50.19437062595827
47.91399952806577
45.82024004438782
43.485606087681965
41.0365079158583
38.35655059886882
35.40004350571321
32.69125256156613
30.089821832786285
27.355841844924946
24.69910883540228
22.216908202900083
19.64873732938888
17.789574579470564
16.494093245748857
14.599466043021604
13.60519685674226
12.310050049598201
11.31629626226431
10.635591682919264
9.91475796616401
9.575740809974954
8.999791874953392
8.51564463410706
8.475979413394871
7.905678281303282
7.691421127847024
7.502644493381173
7.195446052896839
6.971949824666971
6.797594207545783
6.563888545497565
5.553925049454415
3.4401119654999532
0.2505563446549552
0.0
0.0
1.1174265756570312
5.272165035344386
6.649304792822371
7.221093607917841
7.7221948205314
7.650903539131161
7.997158134007383
8.151224035774547
7.9985089000442855
13.612561943861058
13.895651101388069
13.992852249913975
14.143134021908319
14.225169337939231
13.864508916415085
13.64922203796283
13.22559383000538
10.75751548511211
8.982495739305486
6.617583697126985
3.639065740694874
4.690520870469848
6.189187647049689
29.826273090208534
41.07160734065593
48.72793332332043
56.14869677152159
59.95798232625517
60.52088585880565
59.880026283191064
58.25534072163716
56.71997060791921
55.28745533807164
54.91622610142254
55.44209075983628
56.08065218639876
56.81715060064083
55.99004632158849
54.99770950964224
53.909426242829284
52.39215884211173
51.120227429226915
49.90812950869334
48.58413695358038
46.92913208382996
45.13489365652027
43.144634558765716
40.69571861500329
38.17262684107963
35.510465152534614
32.68945475121915
30.221652320350533
27.173295650671484
24.613092649990325
22.270821181320006
19.82734947465549
17.774891733815778
16.68303616823731
15.150402290342356
13.673484614988272
12.72017243965162
11.611757269888074
10.892220214715554
10.228458401714771
9.761418814013721
9.061821663188939
8.640071603013325
8.146035543901148
7.918700241880479
7.830234009492092
7.580084468183656
7.279491786866541
7.288036177164748
7.055521833271363
6.626519983243492
5.688213209358745
3.667775480404983
0.485082540586928
0.0
0.0
0.9023041549226655
5.161804141952314
6.675650560457604
7.483775275319137
7.798236179695838
7.9687855764114035
8.081995455795536
7.91641668284608
8.199731034396173
13.559892945447675
13.815119713895381
14.375748386531304
14.496384136673617
14.798354999512247
14.63386740723178
14.437533966144391
14.427324725206619
13.150875768931273
10.773734718331232
8.075703864407048
5.286898508479343
6.980083858823654
12.76881353180884
33.870996331582816
41.428929189466544
48.717665185792505
55.30268886899898
58.45623907668272
58.884026817416945
57.67394503239311
55.06519235535831
53.232587414488236
52.0140934462701
52.28551381255117
52.175540843856794
52.07018127159678
52.10920507042155
52.11810455079566
51.215632192755216
50.74004253536041
50.13890462457942
48.39840620978337
47.953665019581585
46.698417768830055
45.43345626735142
44.0451664776575
42.08295178165805
39.80265415571159
37.87380362539563
35.01051874677796
32.435915036905975
29.95897138168138
27.130486862046858
24.911452636920913
22.285107769076458
19.87924337136655
17.860823595457532
16.772610073095528
15.427780918444176
13.65249580817868
12.608351595620514
11.716186361833127
10.890459221920809
10.20594109883126
9.697844303215637
9.202074855395551
8.749484765043897
8.265348640688922
7.882159787569678
7.7307378711719394
7.626623571321142
7.274344734000375
7.209780480338245
6.962078656486239
6.539663261159918
6.076832506452697
4.632152842918537
0.9571710659768741
0.0
0.0
1.0846050425064948
5.7564962961143475
7.000287630231107
7.522186835057113
7.775078656682998
8.042984455709483
8.090066643212081
8.151658098391263
8.08961604394282
13.560941429029624
13.66542811632374
14.208618331131103
14.50320246643316
14.688841208657156
14.825971083372483
15.129379848711505
15.061423622220154
14.791456500054233
12.90051235246439
9.219594308671429
5.723568471979473
8.095528649170202
18.04983913194277
33.57406661257252
40.82593596896716
47.53144210344787
53.3401526300342
56.38895336146487
56.73205993335671
54.68723243849018
52.48712850311987
50.72989826753157
49.97971716574596
50.1477175857728
49.83666537415023
49.76211074393468
49.289529021246516
49.47025284351883
48.97398454608599
48.95095979239129
48.093722953039496
46.867272861836696
46.234150054662265
45.288703999168646
44.46722248999411
43.14478635855576
41.38281401928883
39.37226302236356
37.52666067044802
34.42093169812303
31.665703219567057
29.718839517652956
27.019049706582866
24.796197522702293
22.457845101594543
19.993963386409085
17.974523719970072
16.620734379945315
15.525637097723457
13.81453469557603
12.684654021167312
11.728709766442961
11.043866711936635
10.334311215614953
9.607712539377408
9.039637584937735
8.66034675665815
8.239834331281727
7.979443097984646
7.864438688181787
7.440170227043424
7.298816867332242
7.33743126258366
7.161659182167582
6.6813973100136534
6.419460792524641
5.7840183636250355
4.4426048918204595
2.803980064803552
2.290020536983202
5.017155919755339
6.477260282031192
6.860733066432202
7.395302047768739
7.864931030750369
7.88934631310025
7.896805912830695
7.892318578762142
7.921883903484061
13.236153013867392
13.645407554846471
13.857937986220518
14.339377359105065
14.76053794751733
14.979103339160055
15.538171085745391
15.40358132878422
15.150258133834642
14.030426949938828
11.30846132269145
10.386401646412256
15.682138735726584
23.82682680245298
33.18197765274568
39.77333245506482
46.30288089197068
51.110171232702655
53.54856008511858
53.66737007604518
52.16853008696995
50.436143324010224
48.99256142082353
48.26658016441144
47.82207337775319
47.951407159810195
47.462464289149324
47.21397510314482
47.312138094720574
46.84888775359357
46.297911189270586
45.73920965102963
45.094562479070724
44.02904314276824
43.81880132174548
43.103319820485844
41.57069135606429
39.97759186075261
38.41409688147885
36.263687768755844
33.6493283412908
31.288672024027267
28.8610076749831
26.415801091081775
24.18049566444164
21.814120501405412
19.74989411071155
17.89468514679539
16.736234324580977
15.35808853800333
13.741099954474157
12.944480749807669
11.787224552624846
10.970083906081655
10.261258741057649
9.509380141938871
9.181954637089573
8.578162942426665
8.241406603825874
8.019320738689299
7.674656113177546
7.42838655668219
7.4198099467805845
7.16456709433655
7.003373032704797
6.74346866482533
6.8804045094410595
6.580152531847048
5.710511107462974
5.01227933013879
4.999625683942013
6.253260886650367
6.686843825441611
6.978270096401706
7.32404432562956
7.575915236858753
7.654928147200148
7.828092542847654
7.987864154095429
8.051792156418005
13.1409678330228
13.41191791367035
13.638523732878634
14.311039916414977
14.469392498950006
14.83539905949284
15.291740585625101
15.459727402735375
15.161099568463502
14.303175447135281
12.375520526705204
13.999466917340863
19.746305694577465
25.442411573865602
32.03467986432927
38.36888068892353
44.10160664103334
48.84908053438357
50.8764584650306
51.239060363823164
50.103842352839315
48.58083870369147
46.84797715605207
46.235225926242464
45.89927751823537
45.51884536007749
45.395608374885555
45.38173114938305
45.52876379196963
45.13817962134015
44.56859087072646
44.35790966224441
43.72896313163151
42.98750136429422
42.600598557079884
41.48552130156932
40.380632353525804
38.898708431869395
37.38471524047055
35.40091069745048
32.83994437168499
30.70174126102151
28.646597046826827
26.308621461015328
23.915228699153527
21.776652239288495
19.29857190173159
17.75320223091668
16.72837765631882
15.330422592341808
13.582633091484785
12.676989408004102
11.595803911564488
10.836051912098343
10.251585869532791
9.622181524230678
9.086329940827081
8.784169794266006
8.147151925333173
7.929293095689658
7.703359700478232
7.383389995065563
7.14449950821856
7.144991136302206
7.052457134587247
6.903283327180674
6.662252205937676
6.500915168925691
6.293198845895698
6.162235311392089
5.727933625490802
6.980331086463049
7.044682431057078
7.169344838292743
7.5080552431291485
7.787936639337485
7.712064692721776
7.967273497510617
8.07016359728544
8.164036059101225
12.927559905911117
13.31100365872931
13.723979628256782
13.740146545679533
14.251799987807026
14.666603147684084
14.776404066228373
15.016526192430756
15.082666016797823
14.188458566985922
12.159407097408083
13.76859666428673
19.060045493838956
24.034513573940078
30.241498908608342
36.42096933341629
41.465483620456475
45.98478190166072
48.290481856529496
49.00678661968497
48.32411180771345
46.38571514401938
45.534394289101165
44.35470250029323
44.12344044051489
44.00027002063022
43.9405080657993
44.16302238636064
43.54656661026375
43.453067223032626
43.28760960789711
42.479794100723424
41.931909838105426
41.39741077630131
40.656266451665694
40.351145748899754
39.37716067575991
37.95614158563618
36.332868982723376
34.22949598851428
31.893699706210686
29.67008942735527
27.675316683046056
25.216903395781713
23.053038954000698
20.96914275912937
18.958140328797235
17.386078571519942
16.47178448164508
14.980015732839295
13.747077652203478
12.689683838276013
11.483501297450799
10.60249396850756
9.913627077593768
9.610721065591061
9.136451103966131
8.461135608340989
7.875260187677738
7.596673030971363
7.506473061838286
7.304719245163859
7.279491786866541
7.13322434913951
7.033188272257016
7.246392597575119
6.687589164095498
6.611418174620273
6.653003326070728
6.100311678072354
5.674581759755156
6.680157218540587
6.970966568499687
7.153387420232012
7.407757672185411
7.668495410126048
7.7465081089012475
7.859851635154132
7.933551784071444
7.808893701269083
12.323887290735922
12.792782354408178
13.005321051894322
13.387914111894244
13.799841834826529
13.954665367592568
14.056949230929119
14.181289379374466
14.437256784937397
13.50455477053956
11.753885411758262
12.966356742401901
17.817365450372915
22.349116343908776
27.681023478391218
33.54881020734454
38.62624371733816
42.83486163612281
45.40121617769371
40.70864148968956
45.605663731989466
44.786509976048066
43.45795936062225
42.676889331605196
42.30969137686924
42.29717123739104
42.218831206568176
42.16569154701927
42.18613939214986
41.49044891107601
41.28531536476133
40.66786930517021
40.40923955807256
40.29980414217615
39.84721103425498
39.170326531011774
38.360257864849515
36.91154636457471
35.4146500555868
33.03822326410969
30.657078039486287
28.782019267915842
26.61289537253441
24.351724926480653
22.472266511308995
20.143081204394676
18.731060044556266
17.38196637963032
16.23737180964064
14.578391887452328
13.462032284230096
12.509031563771083
11.349642700523772
10.784325956147443
9.858040476396058
8.998638813746979
8.667735146126075
8.316232853938889
7.959977875702884
7.666209383189791
7.357179280600959
7.122331318283598
7.110831068830635
7.182313881343726
7.056668217940777
6.8606235665716975
6.8465081388513
6.458183632805824
6.542168696059097
6.468253389348092
5.770340212504829
6.892117667962125
6.730609121634851
7.189999537468882
7.1464660205531265
7.529698242121062
7.624838418220476
7.815977518334682
7.935655924499906
7.808394970888308
11.866375754536008
12.17967260823346
12.292997665434775
12.636409261884301
12.82718953640983
13.035755484223674
13.380739846610796
13.752230640805951
13.507707166611372
12.854933800367238
10.973263823523116
9.679689083471384
6.501250249737385
12.941400393512962
20.635810383534828
23.076136932827904
24.153522520645364
39.45533929552935
42.32119689444753
32.32299741190158
27.29588302955033
31.583236584328496
36.81777807115764
25.82903065418505
39.68173042549847
40.1331992122878
40.39474529479308
40.64039994585111
40.5802449405557
40.069681026567714
40.048532003914865
39.49080027984378
39.19491108689843
38.88608876518394
38.620481333967746
37.999622818061766
37.18771966301867
35.34556854253851
33.87288195271342
31.800212582548777
29.880944188362733
27.859488845124986
25.777364163215474
23.66647816651096
21.323624590812415
19.50863242776144
18.118175051545848
17.129533247350697
15.842348098020612
14.50339079828367
13.166554527403107
12.13442360682126
11.123397861525095
10.3611392076054
9.708484547512922
8.87635970805913
8.363978521267258
7.882235232913222
7.488999231207189
7.4853574566099965
7.152895792148367
7.075208298413948
7.098960872460341
6.874998843098251
6.806783124610447
6.567123525993781
6.476878153808055
6.500915168925691
6.330311301102239
6.0941325392787125
5.809407313731992
6.535738924463857
6.843222654448995
7.084626445018938
7.127404636969239
7.389839818700702
7.59740183600879
7.747497514179493
7.72262249533592
7.7635944488835555
11.206978313089524
11.50252741694853
11.672131943336534
11.817381512496212
11.9678182187172
12.355918831965681
12.748385430888256
12.90790947457975
12.70182837133297
12.127356258136334
9.498017723781167
3.5645829952019312
9.888261165980044
8.739540472233939
4.480805635060214
11.84067853061748
13.855662546657571
31.470188902949776
39.67344716466526
41.0165085446756
40.495177122199685
23.8357470971031
9.378293151464343
10.806182950869143
32.868638321340576
38.18416907014799
39.07741785311861
39.30963995009726
39.22691464553221
39.09840747749495
38.965445210015375
38.975919419394764
38.51629883463256
38.17856315300957
37.61198419211753
36.9190306346527
35.774869350379575
34.3113645288447
32.34270676266414
30.39232896135238
28.646175374234762
26.70575719954787
24.8602734611797
22.298381484077396
20.430661020867795
18.79158141406699
17.603057487232103
16.684158623647207
15.417052352798162
13.972079342164973
13.007093781820869
11.801263669669789
10.895164101588122
10.205272215055826
9.284032900642632
8.600219551832241
7.865268772714306
7.392405256158848
6.675886845392101
6.556236608319844
6.8758167281861535
6.764984340751774
6.415781105674434
6.18374726335513
6.397139703906863
6.259737371925373
6.20650751680446
6.465046036530292
6.392451110764525
6.1959759014551326
5.573267895065521
6.659959436598848
6.838649895327818
6.795288965810387
7.065337130233217
7.394510957123311
7.423410584035867
7.470124641483224
7.399957472551265
7.539065942668093
10.684535349300546
10.91423400090905
11.096235556016085
11.249707092381147
11.31174850890797
11.436172548149306
11.88285728975837
11.856723737419978
11.971497671841876
11.323102606754858
6.006707433376774
5.943493197863016
8.685529327446762
4.534393150515388
4.090489258685539
8.1248606800399
9.304256721225986
12.11057024131398
29.319876100211083
38.04478113012549
35.49995374317126
11.574415905391042
8.525666252039022
6.101157384383535
11.59104047810219
19.37821471687726
27.842911793615475
38.0076261311237
38.063124397501284
37.95144088053939
37.85008898694959
37.94261989774201
37.50259994956637
37.12044403039333
35.95901418379065
34.963872796161105
34.17577364902866
32.48677838257639
31.01898938412565
28.659679175599415
27.144834387631622
25.288291434966027
23.611291241821444
21.48561294127554
19.825005536362497
18.25607082354941
17.24961868382028
16.252435620570807
14.809207891769999
13.831334503976686
12.52667880558111
11.497037302245989
10.586728654798282
9.859508240135723
9.03927893708183
8.379546873838617
7.369279610993649
6.271468934440019
3.089392030231524
1.2458438728752204
2.525326915943434
1.9283407274414164
2.001739362034999
4.293625067215643
6.004824682303477
6.047130255630221
6.058667276277294
6.288964067165181
6.149914542978567
6.044526443034427
5.254889993485427
6.5299637982192245
6.439777533223078
6.567174029899871
6.753653310453844
7.033188272257017
7.318064325785076
7.1741544600965765
7.425976021494016
7.394774654005117
10.47442229834622
10.492385961893772
10.615705283422068
10.726717074665572
10.733711025930218
10.707842199751154
10.945012162188299
11.124706874186147
11.103489008729053
9.362325655011267
4.732138168772038
6.733097258797477
9.640092080742466
6.405922473584441
3.6661366901273964
7.385783511180632
3.342315876733281
6.9386297884416335
22.22648481429673
33.889082512158126
23.55394419045412
8.440343540736148
8.615022498918963
6.766439674227426
3.6198185121297883
5.483579480210232
20.246160729606768
36.3528223407078
37.222652043434216
37.13670777378859
36.693679118327545
36.64786857416183
35.9163301401446
35.459129108821756
34.48729867992432
33.63126454806129
32.27329837000344
30.832264896497414
28.92242980601895
27.608555819629157
25.839601350314766
23.93364877174487
22.160686940350057
20.18419768551368
18.774683412327935
17.500064511715426
16.738243744905198
15.645315387491634
14.096597882683964
13.322637476027555
12.151604055858888
11.243034717313174
10.54682461038264
9.699924057994151
8.561121408663762
7.77368489110287
5.29803326838985
4.0032384568329435
0.40275551142939636
0.0
0.0
2.2278675739460785
5.628646534634737
5.361515534978238
5.469644227084188
5.09120965564873
3.8950137067078634
5.338018762075294
5.725572607961324
5.042498529435816
3.998397559183573
5.753453109581186
6.083766596365848
6.425270518383347
6.599917681659559
6.896963055445936
7.182805509427367
6.952660509881251
7.304810828563721
7.501662734785791
10.055511585243629
10.107721293604733
10.30803104416751
10.220786119439806
10.156556796816512
10.12399291486282
10.480047069769078
10.468995460353062
10.254899073104394
9.966012953318508
8.761874991394933
9.798949295717714
13.102028425598084
14.423626862518992
8.047194114677817
3.75753388606388
3.8322937451471857
6.0020614070404354
10.894179672537161
15.524505664844218
15.220544562002354
16.426014332794125
8.339856152752565
6.5930678025597205
2.98437477496287
5.576673420689964
9.47159438252985
33.4303386617557
35.87277738463267
35.90130018322629
35.34496530522966
34.64521667109802
34.41851350343354
33.606690847524156
32.9767206042463
31.64976543173733
30.067161340764446
28.616905068552896
27.55238139176132
25.84757935961253
24.00366268087412
22.3803297378587
20.904422330656146
19.39980532463959
17.875063101876155
17.030849204052362
16.025093572107348
14.878754955893461
13.859393058781574
12.71415503534106
11.778314713085647
10.85830539847271
10.019861306584302
9.17424085242523
8.294354290019363
7.401043760690926
4.576946577948145
0.156597715409347
0.0
0.0
0.0
1.3520674620661206
3.6997249262553398
3.855654688087153
4.00409623209263
2.1121296414620327
0.1879172584912164
0.631630750592803
0.674657748168153
1.3471845766168091
1.168312688572531
4.4762476937782445
5.9694095709798525
6.363678788824788
6.5079902382105095
6.589851994787742
6.785855797071671
7.06915456438894
7.2465876039248895
7.406650941028314
9.678182032572188
9.59946910051726
10.133855678568478
9.841286160383072
9.812665634738876
9.689720334413266
9.932595252684795
9.947808007374475
9.90895457602623
9.40968842829372
8.519300971087274
8.773021584380126
12.143839644162526
13.547677910636372
12.883845394496834
5.759735208595361
5.258769703391953
5.562559510169782
5.952719297932874
7.455945099184703
9.584079696018831
20.305727035905928
21.09440545228382
6.298936814390405
3.6274944998846084
5.639697676908073
10.30677656125723
18.319649151092914
34.01547991908135
34.35089207636278
33.95893401743706
33.245940570742846
32.00714170732126
31.434414051258862
30.530259273984175
29.912318414398648
28.35198108096499
26.89600924014001
25.40208553968101
24.03671962368165
22.401037912544464
21.25327174495434
19.53945952759133
18.08614852201642
17.318346667004732
16.55582022051303
15.326847283267382
14.237175056444988
13.514944611911973
12.330363046182962
11.461921889673325
10.52302931354997
9.840975849899834
9.008826036405368
8.165070418394478
7.195782436954753
6.398511011357344
2.086779568997723
0.0
0.0
0.16824994976953608
2.035031644055138
3.237048983623078
3.13416469228431
0.9532497381819899
0.0
0.0
0.0
0.0
1.7080646840276623
1.7273100677314144
1.0196251817769824
5.30773722278341
5.675979299789409
6.245234147311967
6.510029185743925
6.562103308534395
6.727552095849747
7.013353700746029
7.132732721055868
9.470700786970994
9.466267787810528
9.477511385734996
9.455603944087
9.471640671115248
9.369756925519303
9.415227241483574
9.315663238983435
9.30532228098277
8.835571544537988
8.228705191793704
8.431179871515639
11.463132962406844
12.603297632433717
9.925539312690633
4.902206514992169
4.894520123721519
5.086658362660189
5.50147346569985
5.12618514562791
5.486354531448085
10.183854721434452
26.77712450643722
23.030686632805615
8.717177556796194
7.236567446376033
27.458042473630087
24.60122283117507
21.073713042293452
31.8310419625423
31.645482641660582
31.11324515616467
30.528323514727553
29.690169736465347
28.78412639481719
27.607150151875782
26.455610338064496
25.252999988245605
23.864039501308994
22.32140940937705
21.04734107532321
19.72616417273619
18.471346095901776
17.38970150439527
16.640286253614022
15.6902683571165
14.59299350668269
13.643899565571003
12.805131144486005
11.816910546700633
10.887620986139476
10.202013631609901
9.601419409696044
8.673690240238814
7.878238841151828
7.21442088298704
6.327950356356929
4.520268308339032
0.34815213389926125
0.37447453434604056
2.2378394386319376
2.6737624781355924
1.489360399116692
2.1150930434784336
1.8033997556600436
0.09395862924560819
0.0
0.0
0.0
0.6569490160830493
1.0284262529748012
0.8448869088463781
4.340034568703943
5.369787252094774
6.184903970953194
6.385520252189449
6.453231870197046
6.7414485238491375
7.161659182167586
7.265266859285642
9.111449190141265
9.005504727227164
9.073659125237763
9.095612355144857
9.225627703585774
9.051393757757266
9.196929991334084
8.989075851056862
8.737668810214965
8.565272027717358
7.854573210440145
7.714389959221547
10.672189810982713
11.609954702861742
6.661911928686665
4.013148568690379
3.7242381777814417
3.9447444199499007
4.723548496244276
4.806466216388602
5.379403659667212
4.825753887097321
8.671775087407267
17.93945425380842
23.61033092555151
19.61127053383699
28.835968478654788
29.73330984966036
23.925895457672027
20.845831677943366
30.043916882506842
29.44155226832299
28.447853200652673
27.494523372794717
26.703005906904526
25.633852779355735
24.59415686040098
23.163279097180986
22.3216589016
20.740167386152045
19.28359534966999
18.48265716025368
17.407586979452862
16.713780860609752
15.719205956103792
14.598599070473005
13.583057597041211
12.816076158582845
12.075635121950034
11.234936287236799
10.528624553761112
9.720345198582574
9.117601631311972
8.509436645821022
7.583714722007957
7.071876401688962
6.533139782761025
5.700745203777729
3.495480397207888
3.224220195534633
2.7150926133063846
2.14427756956191
0.4384736031461716
0.0
0.0
0.0
0.0
0.0313195430818694
2.9490439018714167
3.4325568832965416
2.8659864800860677
2.288864818120784
2.917495486815455
4.90195851788981
5.753625310032139
5.995500320146421
6.497695981486326
6.931460553979841
6.905904596101011
7.0644633739264355
8.611446654587922
8.787629654400968
9.031318461912873
8.830469050912281
8.84438055222829
8.583593062766903
8.581517462213199
8.626129471224964
8.315793545679188
8.375963179245213
7.60214063170133
7.4065936415713365
9.97867219673081
10.69654230200608
5.236717831555439
3.291305705871746
3.5770797789700284
3.445860459752497
3.822656598120548
4.250230376699111
4.801703718020752
4.6325595248186175
3.5853674263223474
3.6964014236520137
11.928070266764188
24.18317794662549
26.11843919798553
27.190601071674557
27.86829588058061
22.25611344959943
27.04421428797595
27.431565985228403
26.388834955741032
25.54600715831188
24.498675430922535
23.7629493543533
22.560208002092395
21.555386206652734
20.604347802896605
19.11576817503421
18.034730327647154
17.16073986966652
16.766304384730926
15.770820379617719
14.530143698445379
13.535775163259942
12.77782810687614
11.950131287949164
11.136837046678176
10.66079399667192
10.159146496487015
9.425486909681378
8.841899504271247
8.23985534205497
7.432529268079067
6.924241517493032
6.428346350725675
5.422863029915594
3.69580792435979
3.29576430951942
2.9129742547084754
0.43045852878468044
0.0
0.0
0.0
0.0
0.0
2.3473479786190525
4.101742765747318
3.724946627379267
3.6728312487635346
4.362625894405356
4.380622881612725
4.99546550410969
5.986810896937274
6.233398239807879
6.528332230861991
6.647337810921764
6.706267892040879
6.816871049934935
8.36055036449324
8.500475946361233
8.476511685517064
8.676592191153995
8.530710936955085
8.331653857639841
8.296098088466202
8.11352571482461
8.037036934879822
7.950575123960804
7.492599868462468
6.9722760735701845
9.512142097724734
10.272293416503377
5.423675555964833
2.6567695386891037
2.75972006029758
2.945144330509245
3.2841327094313435
3.387145133856154
3.8815390429982184
3.850561244629536
3.1975511398063894
2.936299357700965
3.740125118151817
13.179745975584305
22.936032126475453
24.629731414183585
25.488352978665212
25.646906532412657
25.612932144893694
24.81255843481459
24.10799704631269
23.487900794023968
22.281724761967705
21.089871006677186
20.55170560310232
19.32299283600418
18.416446058499
17.831068691539347
17.088914708893597
16.396572331982085
15.558922206389603
14.085716488570414
13.311466919577379
12.491996976168497
11.729876496015263
10.997902348203265
10.4416417469684
10.005054913661223
9.578223335956116
8.985844359121241
8.525441805031683
7.893325416841754
7.286448952225403
6.831600077996045
5.813638933908604
4.843436753948306
3.4405580060689673
3.0630704049415516
1.563692988184845
0.1252781723274776
0.1252781723274776
0.0
0.0
0.09395862924560819
0.7829885770467345
1.1745182747807508
4.504763507533352
4.194250754556463
4.378053444353968
4.805846796216603
5.182293391908164
5.4078906939747595
5.90310694821986
6.240923892166443
6.299963752590187
6.494629608040194
6.6852310646415996
6.886505781454789
8.164063179439498
8.195819912371636
8.275968568636497
8.351188326435988
8.280382182069964
8.069732524174604
8.003982099572738
7.894162011814669
7.772434755666972
7.776919100229653
7.537218566923519
6.550972586839492
9.22121937617198
9.766008815719086
6.79547059841009
2.074364163400775
2.2025387413628548
2.260758644619574
2.237495444443423
3.1898827207263643
3.464665056280976
3.4237119104882616
1.8114148300215345
1.6118453371701291
1.388168718417913
3.9469285941038508
17.63205050367776
21.233643623498455
22.500937201922184
22.960816590750422
22.56728794042513
22.572084729279993
21.28919378566345
20.718093180015472
19.85199486321983
18.853439786884255
18.39542495918943
17.718890339077618
17.408370490371684
16.75232457914531
15.894734228990497
15.019105157810982
14.08673441961701
13.169379479901632
11.882585331065576
9.858518011944883
9.418021432155689
9.766695753004843
9.637097030029864
9.337465282585425
8.988106199781035
8.582827397326726
8.06832954155098
7.663870316397483
6.92163023488426
6.107637380158771
5.56679398641875
4.10077918079957
0.6999207935251077
1.4421138786724033
1.0648644647835588
0.3758345169824328
0.0
0.0
0.09395862924560819
0.0
0.0
0.6766369590768421
4.357056121124737
3.5665628297938685
3.9305604183350082
4.971284184643835
5.3338551956121245
5.518251587366834
5.876488420565523
6.177259359837933
6.287367099422021
6.433084592161397
6.578241890731358
7.016576097610512
7.8911314662009095
7.825418310777674
8.165114121585175
8.020180971219487
7.930257541575871
7.747233817297685
7.72513108181209
7.710414854160981
7.507000455601905
7.401204425600361
7.222142304792177
6.097371290822423
8.407863945638727
9.392461236551336
8.853301332341703
2.580016244755831
2.0627119290405846
2.144277569561908
2.051059694680396
2.1326253352017206
3.12126967392616
2.714845002041037
0.6693626390794463
0.4967347749471171
0.5950713185555184
1.3334275079772342
11.049657010997494
18.779150286522587
19.52588418361134
20.056022707621835
20.413211998540348
19.741599416075523
18.888983459495165
16.807997678143106
10.999614349952315
17.065550142573592
16.59497218245236
16.357433673903436
15.913530101381593
15.247092007732064
14.282276071406132
13.58747702499437
12.641103714732159
11.558103159595174
10.232513274045528
5.040795639771113
4.0733967311063335
8.057282267990663
8.753985554058202
9.051934231786138
8.668713645922885
8.217687938805312
7.793347389085461
7.378309880478351
6.673201108012467
5.509742942512718
4.354402423554022
3.336717455312133
2.4336686001240837
0.8805843662910405
0.4384736031461716
0.0
0.0
0.0
0.0
0.0
0.0
0.6059621642794996
4.237568602611045
3.688786052061253
4.296178600176209
5.084661640152887
5.358860580928833
5.455209457321393
5.655474793255373
6.329478589805356
6.526828969922483
6.588085564381795
6.411646718746592
6.8530474103070445
7.7505973847342995
7.583535110521099
7.675153112923113
7.6836924595728435
7.708893397942136
7.372005336126006
7.599148948408539
7.535372688750848
7.415926024913387
7.277558199384034
6.940505503842514
6.185280690771757
7.844275086980419
8.901894197492894
8.686629043865988
1.458196332866138
0.6577104047192571
2.0044507572396393
2.0044507572396393
2.225843210083232
2.4239311942064456
1.2323736601889992
0.0
0.0
1.036441327336292
1.73124345213451
5.201587441992253
15.56184978107518
17.66228748186627
18.23823832250805
18.176741834645046
17.679558861318117
15.4050631332994
8.2847877222758
4.667312529385707
9.932453701657796
14.301211771092987
14.292688770660503
14.10258925116392
13.370022071252992
12.821839103982136
12.08567617302362
11.222361390312027
9.537296912550895
4.982062929584019
2.368376623577629
0.5637517754736491
2.3287896996915967
6.842873416004185
8.210231328580736
8.210736122326663
7.886052070604675
7.488430700101661
7.085375679331484
6.475638062334987
5.502320767726567
2.648074566308058
1.7347155379563086
2.26725094170865
0.9002516750127209
0.0
0.0
0.0
0.0
0.0
0.0
0.0
1.0714411166991054
4.381163171336745
3.6295134007089525
4.166275979538565
5.000145916030793
4.78818267265815
5.516376018719694
5.807275260617434
6.067771386546249
6.5144452617587945
6.460570108948304
6.723797221816473
6.754799695123259
7.505226108789193
7.498532640312143
7.621145164303229
7.57067556733062
7.520863306999572
7.261713122011727
7.274116802798544
7.165000010373396
7.319957103939121
6.9461212384255075
6.928720326302805
6.127012393677914
7.189298783279919
7.70201286698203
3.8741388589027412
0.0
0.3445149739005634
0.0
0.8143081201286039
1.2527817232747749
0.5011126893099104
0.9221797770351281
0.2658251047417296
0.0
1.0335449217016894
1.0568493904220677
2.7746919496800007
9.24607098721852
16.413855619378
16.578848661772646
16.73413698603632
14.981003142102978
4.446140020269311
0.7342376340612655
1.9722504971514208
3.726788411084991
6.83380260798593
11.828952216446421
12.443564358592043
12.103095754891948
11.45459680537835
10.662082785795498
9.821505358363716
5.137521844029607
1.5076470909298678
0.2818758877368246
0.0
0.0
2.0049152751232895
6.789333499169393
7.584792869858146
7.490540275156146
7.123696702674019
6.730458465529287
5.556436231952088
3.1872461695626018
0.8609170575693602
0.0
0.8922366006512296
0.7516690339648652
0.0
0.0
0.0
0.0
0.0
0.0
0.0
3.0699019345053253
3.8892376463512845
3.4980232806153597
4.327750299123933
5.121887405326999
4.96220663251902
5.284138952459323
5.854017885581686
6.322212596131031
6.342457091752533
6.4876987494651175
6.579262982483416
6.551996465417518
7.278016902615615
7.170710222683165
7.236482822886486
7.381915110814635
7.43918697087614
7.238224244847142
7.2399628259798785
7.325631550568904
7.086631563861403
7.1054292505634775
6.917836754343085
4.694011864754233
2.6876656878684764
4.649288579758733
4.815628039877992
0.7488732142866769
0.0
0.0626390861637388
1.6522242035534382
2.6293048825935927
3.757620156632151
5.333259796890255
3.850286800024422
0.22589189329818476
0.4071540600643022
1.0680602677151159
4.485341414487035
7.167657768675419
14.03407188188206
14.979539400754037
12.868489080811889
2.9337674903828197
0.825960354488793
0.0
0.7829885770467345
1.0006819670752918
2.9090543129143063
7.1777195502118785
10.654279063553092
10.10565073843524
8.608851890176274
8.44602101547442
8.38959525301998
6.732893123483076
1.2758282940172887
0.1879172584912164
0.5011126893099104
0.156597715409347
0.5696454785625401
2.900848740731909
6.139603512566806
7.206830711836395
7.027851256689565
6.672390137886427
3.582827080843786
0.4967141406750046
0.3445149739005634
0.0
0.0
1.0918060935026348
0.0
0.0
0.0
0.0
0.0
0.0
0.41442838006169797
4.115460146509578
4.357056121124736
3.075878558757884
4.61448878182111
5.054771932210696
5.177380593690956
5.143514653250048
5.499218477604407
6.013643809150976
6.334167462391819
6.4918610036745745
6.500796210168994
6.634478267731285
7.065064501870582
7.380896088967375
7.307740545025669
7.254791722332847
7.156067401199143
7.251347484919433
7.109237753238383
6.8310273267404815
6.9844122175005845
6.8546854230601
6.722268708923921
6.0998964527863855
2.0450337793079085
4.1631596420853665
5.094144017924303
3.5139956849389007
1.317217151971652
4.547304464131579
5.734186160580268
5.520135879415068
6.149081831681681
6.287244909327249
6.312440007446765
2.0583779618464697
1.8181639684012227
5.304470199909695
6.1185787165678995
6.434738867537345
10.955260944422218
13.002025683539422
4.40970150263988
6.994303038282652
3.50756878770631
0.8456276632104732
0.7203494908829958
0.915043214259474
2.875808884076182
3.5580156553176217
7.613168047987543
8.41996590109032
5.202429063931488
4.632096105830559
7.040525729818828
6.981814902194798
5.5372551992171966
1.286074428094885
0.5950713185555184
2.1085374912379513
4.269663986710154
2.301436852938894
4.450750032070692
6.240528769210977
6.859129764528385
6.746722451878769
4.620402030100056
1.3220593641703984
0.0
0.0
0.0
0.2854924134634099
0.27386081337533336
0.0
0.0
0.0
0.0
0.0
0.0
2.5583670734937347
4.087711534710735
3.3965474321203946
4.482812337763383
5.28628564600906
5.270288068637917
5.304154009078824
5.60359514196162
6.398286088576277
6.526565800456043
6.371301658769204
6.626927363419675
6.433203550918095
6.905030839794233
7.342614081129805
7.379939666999249
7.320866625925878
7.194199099847747
7.211030274215258
7.006322801206643
6.874356866068958
6.755946079792673
6.873373609901674
6.696549622542961
6.536619484497334
4.91665151001884
2.041894014805708
2.9942730967719497
3.6962119957746085
6.78095879098547
6.701802313451664
6.4401344094931705
7.057297812040676
7.389516591096124
6.641315419502706
4.416149104052688
1.5881982734705866
6.313604553045959
7.0677037319908855
6.41090771425336
7.03858229941789
8.661657247688783
8.089892002925573
8.059319459774388
12.276624079433802
11.249020655249371
4.410883056438475
1.4940539727525621
3.2020710616014547
3.342848035327686
3.0525328214932808
3.477110390037947
4.154949564065888
2.3332127406038494
2.8747250879009107
3.91127427653415
6.321578395551407
6.703743650584477
5.790521730140361
4.389201654808298
4.834423326901086
4.771617671476772
5.1236019541755145
4.594202866214407
6.496378037872881
5.988212585301251
6.024045469454419
6.006203739042153
4.073378046787071
0.37085800861945517
0.0
0.4624361362105589
3.2788345075123786
3.319961380834697
1.5043189075212005
0.652529833176031
0.3051803564572028
0.0
0.0
0.2192368015730858
1.589994754359512
2.1002485351277502
2.9969480518143476
4.272141678473108
5.112741707092175
5.256283859777039
5.5185877122418985
5.950238935506706
6.234230951104764
6.320042575775227
6.588849820828071
6.507370192473976
6.220607151468006
7.004480810866308
6.968454799439852
7.163516194641648
7.064955002010078
7.07801852278784
6.801499737684621
7.117758559162421
7.00845244204334
6.76657926184243
6.750662692866847
6.673583236235604
6.534260915477394
5.75860781665698
7.068755447887358
3.3355098327960278
6.617467015334381
7.2868718897770055
7.39757306631358
7.0346481343742155
8.249451059549646
8.95550624190828
6.988593631501657
4.007084097826476
7.6255939575285625
9.310409735994275
10.015830969096934
8.066106662124382
8.910615253971192
8.996956865089839
8.341624988461355
11.373912411122866
11.244417458200646
10.831256563017506
10.001215779472012
7.475235412644157
4.317686748418694
2.1621468669273938
0.6962836335264098
0.8769472062923426
0.0626390861637388
0.4071540600643022
0.469793146228041
0.3445149739005634
1.4857010184380335
4.98415355227588
6.046699694728306
6.349222277891148
6.385056674383375
5.466950859002238
6.473826982422892
6.951185625630326
7.083752688712157
6.539964434420096
6.011694040683276
5.530106077487862
5.8290439406790036
4.171468959324242
0.19153378421780176
3.575539564752398
3.8871437449654778
4.365762671757727
4.329270357399893
4.5775479819599205
3.7874752732764216
2.2465441460571625
0.4370929862376668
1.6270934629847917
2.512963670277344
1.2456425750949724
1.497649864207035
3.350517037038311
4.849961414662138
5.374385592094407
5.683289577812792
5.978989516275599
6.446589433041455
6.239683800693376
6.478525625457304
6.615715291878444
6.594302670416684
6.729080608742299
6.681397310013653
6.848637779687998
6.969601184109266
6.892390296324759
6.805157891413869
6.902008524858368
6.633476093771612
6.602711537978222
6.561984349777697
6.649248452037454
6.549243765343915
5.616188639563656
6.441935737200745
7.256273475986117
7.719855646603969
7.114808790660572
7.714972290619615
7.632665137782646
8.113291051972565
8.707449306919791
7.464140627229941
9.046288259441212
9.459446472527778
9.811906600793378
9.744995559298882
8.826197355893992
8.70879179207226
8.983091964332223
8.784314920285036
9.658728990350758
10.404278318676177
9.931340047221116
8.98709198205165
7.7649013525717425
3.4790832374725262
0.0
0.0
0.0
0.0
0.0
0.0
0.0
0.0
0.2900123352584783
4.006716827215884
5.917666544068092
6.3076585881674125
6.494391690526798
6.779262896974301
6.855067551283237
6.771959369072281
6.582275838523088
6.51227524140299
5.842532006388224
5.68663654323154
6.234910247185903
2.669155587781345
1.7153403884717409
4.953170756890936
5.310417379014401
5.4126501671525
5.250787175618441
4.978397616072731
4.1755128052579185
2.672465708627449
1.4938208505679356
1.315514712711882
0.4063514028838692
3.3765482194840533
4.1331232841511225
4.781879541332135
4.848608475367507
5.484404288393305
5.995125778251034
6.1972157134840735
6.1645654890839126
6.3358831094475505
6.4454683003250866
6.371301658769204
6.406193869157979
6.696549622542961
6.989163127257619
6.797199606926078
7.118741815329702
7.146466020553129
6.712848319741682
6.918983139012499
6.372253328822787
6.628311665602484
6.3580347354025415
6.143102643160188
5.629314205305158
5.652045448882793
6.662371164694374
7.273657052562543
7.199645615275702
7.4009049630385695
7.736811329223401
7.948693650207367
8.626478926434906
8.766932599361702
9.123600057076724
9.305904207663813
9.414527345656596
9.574514299000795
9.101189842144302
8.743403633220582
8.912929644354818
8.31619225436988
7.723775537409409
9.66541654502483
8.947318036259892
8.231903128517704
6.000165501505902
0.8342527056708444
0.0
0.0
0.0
0.0
0.0
0.0
0.0
0.0
0.0
0.831812789033459
4.018604645438608
5.348664110275183
6.12647288053267
6.734746123891263
6.667535592863502
6.6099274973124995
6.755062864589699
6.5351188787273236
6.753916479920285
6.404860070881259
6.281222238464066
6.088657511793357
2.3044942407943263
3.2901305536914522
5.4382502717393395
5.528335778196319
5.67377843959595
5.4372202691983915
5.079084049679368
4.587158006615853
1.6418824940702301
1.4806295321165859
2.646804974335077
3.8921753977729447
4.04667391200609
4.819736239458731
5.076688267051983
5.670000913275283
5.948854912768022
6.295300131956769
6.343578224468902
6.281413162853573
6.69528427911685
6.431080244242054
6.328213246379245
6.748288689120932
6.826103829585122
7.0071965575134225
6.824424967746917
6.969055927383998
6.580747325630537
6.6813973100136534
6.432320335715121
6.635869373640791
6.141718620421506
5.668277779213162
4.612459879080234
4.0576301363080045
5.618679629868638
6.998940636217703
7.100320166197859
7.38857281361171
7.352979718222099
7.6447717381637315
8.484768433868442
8.680671258458005
8.692568186071828
9.043080329314831
9.206424957150427
9.208659948259468
9.054258114728677
8.440265891963659
8.19103527003358
7.321274883099508
7.954753158240051
8.426463689185113
8.45790680513176
5.2394267140089985
0.9157791497027331
0.0
0.0
0.0
0.0
0.0
0.0
0.0
0.0
0.0
0.0
0.0
2.2995726962546805
3.9517662922484393
4.621018327308615
6.430860252619245
6.725325734709025
6.59475325349043
6.532240774501202
6.608020176857093
6.505747972777771
6.37106374125581
6.426510609856415
6.199100823202594
5.9412320428236045
4.164448834231758
5.965229092256852
5.299588169065423
5.020905991769785
5.205658439136524
4.967689458158764
4.593728706082116
3.647873081163682
1.7006233948725116
3.205626269180647
3.544971605985593
4.187529755240841
4.775109815935167
5.224096829628821
5.520974358719328
5.991251034344515
6.314376781182137
6.478907753680441
6.500320375142203
6.206388558047761
6.534617791747488
6.199338740715988
6.4733106933820865
6.522115124827101
6.67321056690866
6.745084439125713
6.628048496136044
6.744329641575631
6.453231870197046
6.28822506267195
6.212486705325953
5.336783840571299
4.236989601443329
3.059221990099419
2.9162140343585765
6.113952071868495
7.068265713546282
6.899515673590922
6.978523327139587
7.182313881343727
6.542795552389901
7.864817167273817
8.240934176061206
8.365416925732838
8.54982100657202
8.901158584306895
8.984360449710689
8.960745635182066
7.961877676460983
7.486200490885281
7.739745487653887
8.755048623814062
8.535490146765325
7.990545488462546
1.9174389123704603
0.0
0.0
0.0
0.0
0.0
0.0
0.0
0.0
0.0
0.0
0.0
0.0
0.3678194426209416
3.1493509152826347
4.290674098824709
5.885693823965883
6.479621506220629
6.618230074438652
6.309875601647106
6.506486977271003
6.233610905368231
6.303539536855518
6.418220701051575
6.423911468153584
6.288845108408482
5.88310767699538
5.7810371421872215
5.455925001644764
4.936266168080815
4.065563074829016
3.53792462946784
3.263672302414026
2.533859735719116
1.504051199475395
1.8426724702870663
2.6721505567804824
4.021285091900836
4.45557336677879
4.971025590248767
5.3351732673442624
5.7810606751412505
6.142172714277452
6.384042243202987
6.586535589762525
6.651541221376282
6.526353134895691
6.343102389442111
6.213557334136233
6.505794965901661
6.654149710740142
6.644851293814974
6.303301619342124
6.438775359263406
6.2687662852234425
6.040675232081938
4.90031437333446
3.8158018448033375
2.8729378719043686
3.7286141171973894
6.9844729894425885
7.856860083427456
8.044976510354912
8.031700230213968
7.782203089486493
7.420050033164307
6.6874001361715845
7.027045736171968
7.036252875358613
7.336869879562602
7.755507128626824
8.068893176468066
8.268293728975193
8.547191034302967
8.209406860338126
8.3048132295501
8.461246020352094
8.440715603610522
8.29578303104744
6.081604642955123
0.156597715409347
0.0
0.0
0.0
0.0
0.0
0.0
0.0
0.0
0.0
0.0
0.0
0.0
0.0
2.925659328535103
4.649945575715001
5.326619422878631
6.542074989255443
6.336885283407223
6.275578185041822
6.3915931475145955
6.164111395227966
6.109594455510098
6.128527173469849
5.219186415611893
4.826850576908374
4.209457758033169
3.842533142941459
3.4879838122306417
3.6080054479973342
3.514372698302745
4.342863508366889
4.568853643409339
4.119336844513482
3.533475406335547
2.9007690223456937
1.850749447464895
2.5884315445295303
3.9153349160543627
4.689111861712718
5.31282569214932
5.789568199843532
6.0601702577726755
6.233755116077972
6.514182092292354
6.527924850685807
6.542550824282235
6.164565489083912
6.066290146221712
6.431199202998752
6.362629621741227
6.422934546146957
6.418170197145485
6.2405670158963495
5.854851498207301
4.588363662196967
3.5629323524782164
3.2913998377655536
5.017298144963694
7.198967091376984
8.033984113695402
8.15706884813924
8.375553888429899
8.188543129553437
8.251006795441247
8.163691769930407
8.273356644956234
8.29122333827762
8.639152247506006
8.583514631948331
8.346277095033397
8.011938188105015
7.94355421255954
7.693682632520577
7.434024518641022
7.327513983113187
7.27804057239008
7.414589218495582
6.391449518008773
2.755711239531369
1.5190468019023966
0.0
0.0
0.0
0.0
0.0
0.0
0.0
0.0
0.0
0.0
0.0
0.0
0.0
0.9521350872700716
3.7083158635126128
4.189100448707441
4.876147228757998
4.96686572851174
4.616545536370485
4.557419570719326
4.189878347328884
3.96681938762014
3.774740356436486
4.224623456747091
4.8082940174763795
4.678175764165585
5.473273150734281
5.255339476865643
5.154623795444662
4.980690053505083
4.952310634291501
4.8406709780877595
4.65943235089117
4.743528347440092
4.130411119145599
3.3103738359243
1.3926085355970441
2.234672307810076
3.4814286147732325
4.651836362198591
5.366881680906689
5.835022227871768
5.966971783048813
6.336885283407224
6.246903080687938
6.254297059001601
6.015481925745607
6.123218255146855
6.309136597153875
6.3016579379192
6.149676625465171
5.980016662744188
5.390646524971255
4.183227403450449
3.5379146388457374
2.7282752274319932
5.7094408758899915
7.421313009618575
8.221038426325457
8.227144885024055
8.275302786473732
8.426025867558563
8.421216802139618
8.764343745015342
8.823405177346162
8.681695954313762
8.890460913958428
8.621201226627754
8.84713132040057
8.849487426200792
9.043438977170737
8.98945725281726
8.892012456609223
8.532792187389644
8.296119916961608
8.06919766678441
7.491233502143367
2.1922526614490057
3.4648950535205056
3.7949752534888033
1.466461471352663
1.2592946546359634
1.005862538618518
0.46541523186524764
0.09395862924560819
0.0
0.0
0.0
0.0
0.3758345169824328
0.1879172584912164
0.0
0.5011126893099104
0.4384736031461716
2.6970021025869793
3.764607981455841
5.25447994816678
5.569002355631389
5.969297101436497
6.3314859963145125
6.2577588348473245
6.398668216799415
6.247378915714728
6.177973112378118
6.080422266937761
5.6422499697967625
5.938096376194486
5.561391058835263
5.320027385561806
5.324869054324053
5.092994501965134
5.114922349586903
4.926469906379496
4.738843059799581
4.927917610507905
4.817741196021682
3.5044333413328523
2.044376980136867
1.5993698113573946
3.495873650116124
4.416436818479586
5.50671155546338
5.9125267361795855
6.107455481651907
5.8994307150306
5.9789895162755995
5.79582365925966
5.922180366107154
6.040523787272737
5.955688553757246
5.542837245110368
4.906668652827062
3.8734025197877617
3.0863336051177046
3.3046565915309447
6.206351448963494
7.781838221893987
8.400920945012864
8.410531189422407
8.486048351537583
8.56569515736251
8.525323204071597
8.846794813421175
9.043583162210817
8.971555924219023
9.055115772078238
9.262767824305817
8.98280038387771
9.08251143283621
9.263727994745413
9.287486109042204
9.199312061413156
9.223348747168107
9.128380899207553
9.02328080128748
8.986989184834645
8.733818027118538
7.317048945674992
0.7818043892505887
3.237775453690003
2.6694993299387173
2.7395523883024495
3.1646081562528536
4.255115269472529
4.25860135632182
2.440503950684226
1.718664754961213
1.762521726672154
1.88769672763907
2.250642833257596
0.8019151314043194
0.0
1.3576518325164766
0.7749735026852435
1.1536673312797847
4.888112754878119
5.902085669080006
6.615834250635142
6.397521832130001
6.573221673271972
6.51468317927219
6.47981622083646
6.63098656316445
6.260764797838087
6.218152499919043
5.846083413492049
6.1002524277277494
5.659486161543882
5.702647979121542
5.385995017532299
5.549690573205447
5.650910819538513
5.3985515222647695
5.348031370979854
5.2358460503942545
5.245604949677418
4.793983989964244
4.282825746630595
3.1643695844542608
1.8266629558361964
2.5759007228947
4.1730814557661144
5.115480864228952
5.974707744421192
5.795132701305215
5.791694385629352
5.034759900781304
5.378878662738445
5.348009704322363
4.9232038382214025
4.3339553717562085
3.114334157189302
2.9687791476923473
3.9214750721880627
6.626123439542253
7.916564448563288
8.201586918626047
8.401536254007123
8.519753923809931
8.709451233038289
8.516335188071228
8.88004031392839
8.901656392084238
8.87427239706506
8.81007245659239
8.900063097209047
9.202184905492874
9.294417474422286
9.236645105217457
9.361049459581682
9.470633696031918
9.487710899429642
9.481399702434862
9.311507939312634
9.360310665429694
9.180267721845802
8.7064258805981
8.229359561711105
5.875888826153194
1.3147699346019985
0.7428719366950536
2.9999511580391705
4.337673347721048
4.89269537677533
5.029602037880958
4.501637785711114
3.8440966977869575
3.677711777429136
4.023968037285897
3.570089625214786
0.938845538091986
0.8143081201286039
0.469793146228041
0.6912864908913198
3.487132849994851
5.316941202928614
5.96001739151971
6.492149425094061
6.444967213345251
6.766776023110765
6.563760127844673
6.594133207753897
6.466116665340571
6.32280738991452
6.288845108408483
6.155796513914206
6.047454645847813
6.069879906706777
5.829786994180594
5.871419211539107
6.003514344196617
5.644376155582583
5.5921337606899995
5.619243834252789
5.741171148574701
5.610861135635945
5.400157663188098
5.465572619933849
4.664396562518647
3.406233389200681
1.954392466346922
2.4275774408491877
3.6791829692636724
4.777289018525402
5.548697793019629
5.690935980711238
4.673447064273868
4.91366833696389
4.3362386188434074
3.5560458806177104
3.1959410662548478
2.758245387184068
4.835975681414064
7.162707781909451
7.8604180228048355
8.31623285393889
8.441834532862824
8.691437265741932
8.881775923015864
9.001344687138248
8.829360271458897
8.868573481918665
8.932275646357866
9.036227708190175
8.959161188827858
9.062646464024198
9.15609187616942
9.408372424914674
9.282584752791564
9.561299863837363
9.847906082722139
9.698898041077738
9.52115086257826
9.568057323547611
9.302340949166915
9.241625839380125
8.839803032375087
8.360520347048853
7.890659362883282
6.901955946583988
3.3735861500770525
4.225017289117421
5.290627255181058
6.0435654676540755
6.180038150196957
5.547055175885878
5.393617048335806
5.114771041478879
5.373145050842268
4.953655266509067
1.2725429352698239
1.8351295232001352
2.1823824355526438
3.673367939947381
4.275060224911963
5.62226838900558
6.412147805726428
6.478763542970699
6.452900245879998
6.719593811361956
6.736656765006953
6.581273664563418
6.700686624799373
6.560956923864981
6.365742988311249
6.472524975209091
6.539951682579403
6.079340893245824
6.105680304807445
6.065955011122465
6.024131942158616
5.811286628905944
6.1227247544947705
5.773414272242804
5.897322194870072
5.871945198243692
5.82171003038023
5.781327003161596
5.616469921446686
4.811168817485164
4.176336626018466
2.8335341599814834
1.8214064541987653
2.706912464767996
4.133174207677223
4.708889999648904
3.6626008241672734
4.037422737883716
3.6321646275507167
3.186252243410712
2.8816129341022405
5.233354692282735
7.173721544059732
7.999969086805397
8.309641379441869
8.674466055477911
8.928079560008937
8.650792642489021
8.851956138955261
8.995066991429619
9.034906694450434
9.05990389960106
9.10501019363469
8.99895759194053
9.164950835503252
9.25335579630551
9.243156194244063
9.25347122047756
9.521762547611134
9.540628073136698
9.693804427716897
9.697398040500161
9.66321711071945
9.726652349691623
9.398447375343135
9.259539193788479
8.930292093797057
8.66010215927086
7.8511436534047085
7.19756067159981
6.444149315328554
5.771747832089836
6.097081429848046
6.383090573149405
6.406479635407967
5.930354547493371
5.642328620428594
5.642328620428592
5.34469523888985
5.033008242957141
4.2445059979976545
4.18060972999451
4.401009268530977
4.6293763708526265
5.367549785314874
6.054068421088924
6.42329142241705
6.663658439413247
6.726787839403471
6.695021109650409
6.846498679955106
6.921917885380621
6.903611826762184
6.821772308637624
6.6074938379242125
6.644729321557904
6.521257161577172
6.343578224468902
6.198743946932499
6.382445554903954
5.8817413198819875
6.099463198772554
5.9069346262183196
5.893072909068168
5.748583709505304
5.749105620664336
5.960210034908232
5.966057728008185
5.808041946394418
5.713630514109992
5.388456498106539
4.143108123398386
2.574089247255861
2.598549635432381
2.690391220858759
3.8452064381305986
2.924399512075428
2.224196627178142
2.6684630415935167
3.024479250617326
5.646508740947631
7.157827860125644
7.953113327005984
8.29595892854477
8.330758658268016
8.625127873398682
9.078476647285227
9.146193368483967
9.317329914433687
9.183694714351228
9.15876043675526
9.411235787584602
9.199683019779709
9.268506291902368
9.231623584376653
9.061313139773816
9.266165706987145
9.365601625848512
9.619328718218673
9.507078466156482
9.571089249443347
9.608085120294207
9.698891534445238
9.70351189043697
9.546155662240063
9.463250693861625
9.01801326017364
8.61828474556686
7.970356259711093
7.301315817078911
6.638402604427346
6.8879806657057125
6.970797349344655
6.785946379139787
6.455966619326129
6.258472307943387
6.251876584467559
6.093026579217847
5.860999885610373
5.778690704513299
5.7807037988711585
5.634863737524735
5.772434191682273
5.962437513825456
6.192656544535966
6.527185846192577
6.662371164694374
7.037980031099202
6.781045120437098
6.915159614203872
6.853539038390686
7.045775187084863
6.99358168935749
6.870642841120832
6.696048535563125
6.617481722284392
6.542431865525537
6.289083025921879
6.2623112616751575
6.357320982862356
6.178329988648211
6.218152499919043
6.233135070341438
6.3411200621377395
6.426009522876579
6.288034138282444
6.1094754967534
6.064906123483029
5.745667304988472
5.793413543467285
5.564840887291612
5.3825634502110455
4.2232036264424195
3.335180879382287
3.2795709344231074
2.947311729516746
2.458722823110115
1.388971375598346
3.038542020201357
5.591883137484829
6.927354941912384
7.661988735508918
7.89561581076359
8.241256152894886
8.400841723934027
8.726750382397956
9.047928872503658
9.214023001198317
9.28920843688938
9.387949549871527
9.300651838478894
9.246716907767095
9.348485229190985
9.470139100083466
9.395314484728411
9.478346562225951
9.452981544254031
9.345178750805367
9.458820930067745
9.488139094831714
9.737124626697646
9.771312063110852
9.543845059117443
9.686229858829105
9.642596888618339
9.537418437950617
9.3356556577776
8.897335082941257
8.51061290905829
8.065791338505802
7.874832512873212
7.796046580547483
7.547512672655856
7.292159164535168
7.152404164064728
6.8480864323098265
6.737761993431305
6.684065762179798
6.850958618555498
6.709969908355649
6.384543330182822
6.564026422046652
6.500846714075083
6.754680736366561
6.878384368464866
7.082227016647527
6.913402642694118
6.9961940267970055
7.1696733378742525
7.187011162459136
7.037269403294555
7.038634787684975
7.079671557674623
6.9916212676758285
6.991129639592187
6.751548921570193
6.62238298098708
6.486433406039007
6.5307028027124545
6.780781950970658
6.634384560927631
6.6693020232694495
6.456824582576059
6.316305373242345
6.457970967245472
6.24644898683199
6.082108938723191
6.308588796494275
6.205339670408326
5.8705110238272145
5.625340189747797
5.753767801742865
5.398142628020341
4.499887011155035
3.6500841054991167
3.0625749823019297
1.6977269892379088
3.0390510654457557
5.525265834346774
6.482547459183344
7.085375679331486
7.409795715879936
8.07027077987111
8.270728184623424
8.497191778769134
8.79704460864867
9.022705875871448
9.36039258831562
9.281805194925589
9.40102075155043
9.367526674828381
9.612258487278403
9.777913117186564
9.737877880302685
9.606093068742053
9.545211568209567
9.704073577324502
9.594472933357693
9.880268460354797
9.742676789746916
9.65685434512512
9.640823398437334
9.697895871815184
9.81253214325341
9.675623364045572
9.615792454375418
9.306693595895668
9.283720129412611
8.81610852349003
8.694562501459533
8.641279074497973
8.318877897124121
7.789126741404596
7.622335266370339
7.361994979315384
7.28838253970791
7.466488238547957
7.358162536768247
7.280969511945388
7.207049711557405
7.195446052896841
7.112806512646025
7.114044534214293
7.080767154530328
7.162532938474366
7.041584556186824
7.17893439313102
7.008944070126983
7.3401201750316165
7.234024682468276
7.304790776523818
7.280546574393786
7.13828873634433
6.945247482118728
6.8906427837112005
6.839696239032922
7.068778526818709
6.700686624799373
6.693646266363794
6.668800936289613
6.794787878830552
6.522115124827102
6.323380442527165
6.560192667418705
6.266214416088627
6.398549258042717
6.052190511558165
6.0747800052987015
5.979759360606485
5.780033528672662
5.644193355746987
5.668095969153383
5.599217944304544
5.21876430383844
4.528126908325268
3.2342623563432795
3.0052488509779938
4.684507809194055
6.226438719318324
6.817594150136151
7.220673511194158
7.4130449469435735
8.040340554693458
8.200830879175655
8.371309452362247
8.891299016043622
8.90328129678914
9.256906679462658
9.42585758392096
9.630785097173838
9.82394512003837
9.559487092029762
9.486772585739589
9.552434928402901
9.835793807020579
9.903978772926322
9.995085671334417
9.92062058901231
9.862301802892162
9.793379990897943
9.76588110457408
9.607019095459146
9.684857569396527
9.852139911027281
9.693096962370948
9.634901115218033
9.533215779566527
9.532491817361374
9.179103933886376
9.023514194605458
8.922905618635042
8.661742736219253
8.234566826930385
8.241785672242335
8.000452052055913
7.817099963131859
7.815514792335115
7.7251310818120835
7.957597671568665
7.678018012943053
7.502945453514862
7.579841856603849
7.453329232795688
7.540979478110698
7.54649365080859
7.611915160452109
7.611973503368076
7.605741268956607
7.406722472388274
7.334973122165454
7.353243415103908
7.355514433648751
7.2258563297403064
7.206567014954586
6.943555840724046
6.992752630211516
7.038634787684975
6.895042955434053
6.981805970713975
6.8856878963668855
6.878274868604362
6.481005808403437
6.535382048193764
6.412054098922775
6.356845147835565
6.275340267528426
6.239993963283705
6.19506771374324
6.071382888202159
5.8505619042805295
5.731375026936404
5.5746509280283885
5.506397097245803
5.134259084238162
4.5521321114850695
3.627507457514048
