4.746807607448922
4.8476153663747645
4.864794574147541
4.647311111320981
3.5259723986266778
2.5217011442716952
2.9672838403067248
4.816044903455912
6.152635343924516
6.654412880206582
6.479715213024282
6.781045120437099
6.567267736703523
6.567411947413266
6.492506301364154
6.608020176857093
6.63941423728321
6.66096161055852
6.426748527369811
6.508491325190345
6.719211683138817
6.811302255089997
6.869806038240541
6.628430624359182
6.6531727887335155
6.829880942071067
6.744615049494744
6.729844865188575
6.938272453798219
6.884977268562237
6.575307893373404
5.50490871955322
2.5204029068929885
1.507238608520866
2.2444926331832926
3.9662110896597906
5.560290352326276
8.655948584790345
9.440241181118555
9.618123421557701
9.827993161966447
10.075734965798336
10.327986010995579
10.243244806834467
10.428554373416436
10.318382768295182
10.224341753864781
10.154495271251307
9.812219372023396
9.504801364319988
9.427700710014921
8.986503126560187
8.301918847625153
6.677415375291154
4.735719426282471
4.66022357187663
5.236451479042458
6.4634624343318565
7.296933551481908
7.769213527651306
8.1499062766879
8.068307713055573
8.170081431398375
8.395593150971976
8.261251758446143
8.450626092404518
8.13393061119118
8.370062258712359
8.331558354709227
8.211101756151159
7.997749871088019
7.935655924499909
7.76052586256888
7.487835649068106
6.522336429373444
4.145958538053265
2.795419797283116
3.5862017263572756
5.217720301162939
6.070506050728017
5.535266636771394
5.5567747568199914
5.9660577280081855
5.965225016711299
5.200602140949925
3.9492705233139045
2.9326252566114106
2.3869746459450787
4.032524755105535
6.067679668397921
6.547358376181269
6.617481722284391
6.398286088576277
6.2121733113975495
6.13684205478361
6.417456444605299
6.282152167346805
6.119349378569074
6.102663596935024
6.088347785928926
6.177281101008777
6.281399008010482
5.463566279112456
3.6586997956919154
1.8625947047908973
1.159097407515184
1.3068681347687123
1.4462290700632443
1.465226992510521
2.269192692743613
2.276121794775239
1.0335449217016894
1.2002514599266974
1.810044037842454
1.6199557456483262
1.6218716228973404
1.349616123882873
6.549026070231996
8.718490534712949
9.218802544466293
9.447589461078126
9.532085404526436
9.897942317847127
9.864206570000396
10.015070017029979
10.014616196616966
9.941803397862733
9.751733535010974
9.587803087531169
9.269480740219228
8.7614439760856
7.676083429944714
3.3158776793003724
0.0313195430818694
0.0
0.0
0.0
0.0
0.5887141932840361
1.719139246305876
3.160774119960907
4.793471550435386
6.865201824601381
7.751229630417714
7.860778040339431
8.01150112142426
7.824228208710566
7.869028730715312
7.902477369954611
7.900695206359826
7.748087130587028
7.685056024015845
7.315744996761539
5.725997238016418
3.2225994603145276
3.340486641004872
4.595050994906059
5.714935374015884
6.462189673475013
6.7225318783903605
5.812561635762219
5.820563925154943
6.240329098382953
6.150487595591211
6.129813978622682
5.638986476700104
4.575666682685218
2.87784938462075
2.220763530359693
3.359548476224046
5.411680405215038
6.093321569152674
6.099441457601708
5.993447818992423
5.667135650212064
5.815925277030443
5.144220911421296
4.675150608056472
4.988872350601236
5.099227050984734
4.448105437331641
2.166987742154726
0.2855130477355225
0.0
0.0
0.0
0.0
0.469793146228041
0.5011126893099104
0.156597715409347
0.0
0.5127649236700995
1.0648644647835588
0.6263908616373878
0.4384736031461716
0.567388935472347
0.9030655435588733
6.3896067073316205
8.4456709102015
9.20387910612864
9.385394525104616
9.75199781412303
10.097543350751812
9.937513632186809
9.875714271366567
10.094989292503058
9.666146250802527
9.26332994638303
8.718225935581499
8.335566321116989
7.644741589814788
4.991833867000532
0.0
0.0
0.0
0.0
0.0
0.0
0.0
0.0
0.0
0.0
0.4143871115174729
4.219948099925044
7.376633912967065
7.37620489850487
7.567106821665292
7.596476991359483
7.632298017950932
7.444938320527815
7.445181965369724
7.068436337924645
5.1974987687473995
2.7120171062170133
3.8711884698457943
5.2706376998626
6.36064375860072
6.7998333482429825
6.528425937665643
6.748369923528018
5.922634459963101
6.164684447840611
6.316211666438694
6.1581104655356285
6.178427206234065
6.123575131416947
5.996981560470956
5.054558359255125
3.7764296342766137
1.9847601531528969
2.1407625496016944
4.610697560961973
5.662351523928466
5.917188917258114
5.377732557513156
3.9937226000616097
1.1020570766822066
0.5950713185555184
0.0
0.37947167698113066
0.4537629975050586
0.0
0.0
0.0
0.0
0.0
1.00222537861982
0.661347564717955
0.0
0.0
0.4501258375063607
0.0313195430818694
0.0
0.0
0.0
0.0
0.8994696521044004
4.961865540632828
6.797042558810528
7.623249304731701
7.695279482972373
7.716634841840702
8.345412926278133
8.314231327141739
8.236168721433199
8.488934980825407
8.435555481915566
8.216159575270261
7.761833935292393
7.616251573475844
6.723244451122329
4.2223569214168295
0.0
0.0
0.0
0.0
0.0
0.0
0.0
0.0
0.0
0.0
0.0
1.5055066510526836
6.947781182471323
7.085118073102579
7.20535582758547
7.1563757952417575
7.131832130549933
7.02707145069419
6.392032193074735
3.755268749603208
2.6988076616548664
4.2564573277592475
5.7409574852212995
6.943512441901736
6.93113205439833
6.845580753902895
6.965520053071731
6.95685114077929
6.244135035210569
6.322666689986978
6.3976407908866975
6.323474149330817
6.532469233118402
6.357915776645845
6.21934208748602
6.037658524209516
5.441645522539341
4.344603415798922
2.0836703290360026
1.5238813028330984
4.0352310910126645
4.877600690475634
4.310616885013278
1.4665373257580676
0.0
0.0
0.0
0.0
0.0
0.0
0.1879172584912164
1.0371820817003874
0.0
0.0
1.45235121612618
1.5033380679297297
0.5011126893099104
0.4384736031461716
0.5637517754736491
0.0
0.0
0.5324322323917797
0.469793146228041
0.0
0.9119039093729098
4.925164101990011
6.948946484933124
7.585288372031805
7.977432288703082
8.2043492932373
8.61202512276905
8.639993235850223
8.485464233475597
8.380837929433788
8.192185794456025
7.909319643080849
7.435467197030864
6.721886580700783
5.211286162804991
2.3488116415961473
0.0
0.0
0.0
0.0
0.0
0.0
0.0
0.0
0.0
0.0
0.0
1.4561608425586892
6.3011186042539915
6.761229466718499
6.549362724100613
6.749134179974295
6.570228182677776
5.24762756902334
2.4652994969075515
3.1023741793081587
4.545271623307078
5.868438346403825
6.777778553827182
7.009435698210624
6.954229871858953
7.071275273744815
7.370601983235044
7.170819722543667
6.1232182551468535
6.267576697656466
6.302230990531844
6.387559199722866
6.323092021107679
6.452280200143463
6.247973709498216
5.858225972804267
5.7393556744796435
5.534263023256836
3.830854911981154
2.3548111771385503
1.408638684320026
3.336610757829977
3.3179857717364065
0.2505563446549552
0.0626390861637388
0.0
0.0
0.0
0.0
0.0
0.4071540600643022
0.6263908616373878
0.1252781723274776
0.0
0.0
0.1252781723274776
0.0
0.5637517754736491
0.6890299478011265
0.0
0.313195430818694
0.3758345169824328
1.0685016247822567
0.469793146228041
1.41589237004531
5.49500602687398
6.96124574926461
7.961715610784562
8.175433901194483
8.52031056349565
8.666427750080672
8.58026064257353
8.740477797267657
8.570006348450447
8.59351973017545
8.214991049680286
7.641177964504347
7.016451575616281
5.537633377319862
2.3970100183163314
0.0
0.0
0.0
0.0
0.0
0.0
0.0
0.0
0.0
0.0
0.0
0.7647751542348145
6.124685905391652
6.465496619604037
6.419172371105157
6.458472333669435
4.352138889872122
2.3923912811255823
3.282028487074708
4.956356433899667
6.465017248741112
6.593249992550923
6.6742032819721375
6.813376024707818
6.978761724485349
7.149673395283883
7.135572989697214
7.062843224135028
6.349770078550747
6.410814007449709
6.446683139845108
6.372134370066089
6.198765688103346
6.310589354187293
6.5186075159682515
5.742032270378536
5.587794015085433
5.434416881596166
4.677426650769618
3.816781095277226
2.9216128847956297
2.131143826473528
2.1024524434887994
0.5011126893099104
0.0
0.0
0.0
0.0
0.5324322323917797
0.0
0.0
0.0
0.0
0.0
0.0
0.2192368015730858
0.3758345169824328
0.1879172584912164
0.48144538058823017
0.4384736031461716
1.0641030761473511
0.9693624239934223
1.6767203321519486
1.9006536488135584
2.653918576120457
6.092653966615356
7.269634106156435
7.7900531465898935
8.230936373285578
8.516423771586924
8.774692272534976
8.82737671889809
8.845372312636757
8.741317137143033
8.490360812159581
8.266706604387904
7.8276611868340344
7.293598283106115
6.2645836294339405
3.258702911579463
0.0
0.0
0.0
0.0
0.0
0.0
0.0
0.0
0.0
0.0
0.0
0.156597715409347
5.243959698118765
5.733094184774336
5.480749552743779
3.9993900145905936
2.9163699786987602
3.8609172485272714
4.366063544740642
5.711622396626416
6.3844496233791705
6.634766689150768
6.768805622983153
7.114317162576929
7.157359051409038
7.082168304600727
7.060983370833046
7.0663203864005
6.376444625211614
6.404384235854468
6.429887145892877
6.350007996064143
6.220726110224705
6.253069682816736
6.204409741525589
5.434434402911709
5.111058195378019
4.945328024444966
4.53393878567591
4.194859003538525
3.770915702275613
3.2270893599028785
2.596201287166545
0.0
0.0
0.0
0.0
0.0626390861637388
0.0
0.0
0.4071540600643022
0.5637517754736491
0.0
0.0
0.0
0.0
1.00222537861982
0.5324322323917797
0.9038888350114189
0.8922366006512298
1.2877384263553422
1.8346780301976886
1.9226121621754124
3.2761592408083313
4.236005550259583
6.893230112705424
7.511308812592605
8.014245817213764
8.546767904657816
8.500870328096052
8.620209466219285
8.76689655310168
8.835014904852263
8.857991561081047
8.506140729553517
8.576182844803574
8.095719261346462
7.598251338172199
6.472131291808515
4.148558761990455
0.0
0.0
0.0
0.0
0.0
0.0
0.0
0.0
0.0
0.0
0.0
0.0
4.219961887110609
5.993208109695844
5.5915607080773535
4.770638421002884
4.3416312585050445
4.959615519548511
4.714023499508576
5.000645541660221
5.959563297663762
6.330787136129031
6.7809009097273565
6.730108034655015
7.004575288593085
7.248625647619415
7.352979718222098
7.154862304482936
6.301109857815474
6.53337770027442
6.520611863887594
6.294727079344124
6.472528485991291
6.116525314085176
5.722300316950218
4.869344188065824
4.5060484875699425
4.039516639269522
4.171731203800402
4.335751421896358
3.73336967516962
3.366668560959798
2.6918287999497723
0.156597715409347
0.0
0.0
0.0
0.0
0.0
0.0
0.0
0.0
0.0
0.3758345169824328
0.7509282796007701
1.5010332677489941
2.984377671572899
3.329197294610124
3.3051666077836597
3.122322422021739
3.2952069840634612
3.8796999476490113
4.675599461288371
6.123717338894906
6.932722292838052
7.458583582701797
7.949185992775945
8.193622525149673
8.505555341957466
8.687804426112539
8.93064189313198
8.759389291575927
8.758658402861712
8.805095862276465
8.81955950336013
8.608099745532185
8.450574246464722
8.098542218246573
7.426979329701197
6.618642952655436
3.09791939466865
1.7757339879686245
1.111775618888466
0.5549546782038374
0.1252781723274776
0.0
0.0
0.0
0.0
0.0
0.0
0.6495953583480354
4.387914718169029
5.795132701305216
5.519492128618972
4.650278355647297
3.7853112433817078
3.949250465844705
4.027749638743414
3.5181273105643984
4.711979430704682
6.129559835038884
6.473548610895482
6.899092696282635
6.969938615171601
7.113825534493285
7.507760824215844
7.522548911240345
6.534736750504186
6.620616550581133
6.33647790323104
6.351460753097561
6.376563583968313
5.996628759746415
4.77503370162303
4.023243592848612
3.336717455312134
3.347234404488292
3.37439888285616
3.6145378478851207
3.9813269202858423
3.917830108185985
3.8489929501563944
3.6145561253735234
1.2573955483432118
0.5943305641914232
1.1689112825727157
1.4688491646703543
1.844745584469124
1.6191196571675253
1.9350670537160346
2.2941719361556143
1.892177813362425
1.5797025026357148
1.1500672653035804
1.0311988529767282
4.27805523308317
5.168546261190995
5.145695534910543
4.611551030399447
4.278174285660106
4.8525038015513005
5.351951389011247
6.6604420753523375
7.720200762882266
8.036441883846267
8.251167783858087
8.550941205358386
8.60536566116541
8.743484744406278
9.081818538274256
8.922694366193573
8.934048559505179
9.080995648756259
8.793665721298606
8.78927228789171
8.615941932122169
8.365782559557337
7.917783214013246
7.610649584332997
7.122805862155037
6.627737120665231
5.958115336869871
5.3789951055181024
5.054419727278413
4.208491810427194
3.414153009030581
2.55610116261199
1.3766559833286847
0.8592911089363818
2.4470950316925366
5.519529772489089
6.1474816326004476
6.141361744151412
5.488883669636238
4.617663780733007
2.992661576140796
3.363275487658887
1.329668821886738
0.0
0.9778243078554878
5.181803538301432
6.303063701828728
7.027836234555834
7.347761133995975
7.357934605566413
7.353471346305743
7.432037639995427
6.588467692604933
6.213319416622837
6.430171777086036
6.316211666438693
6.208810472136695
5.001363265319816
3.3920269256563844
2.692175455231242
1.7746116553773597
2.3161255088836423
3.1318072573744296
3.480755260016726
3.2591975328873115
3.7545183396878556
4.0434336411650715
3.868068347560936
4.2102722050841175
4.210829530540077
3.9172934170021367
3.2691365223353985
2.2369129758188313
0.9927081612580256
0.4340956887833783
0.0
0.0
0.0
0.0
0.0
3.5403012589784972
5.513091028083301
5.804694980975669
4.91843083533174
3.774551768625228
3.140362741965541
3.109654335511475
5.466550302925919
7.801335335765705
8.131119333946126
8.476169149722038
8.490315885634704
8.638622182639567
8.986602726211727
9.148360658535001
9.048927284647514
9.059275812167147
9.13147545975122
8.920314524643974
8.715795908320924
8.72969476205325
8.573252145978067
8.371675086186745
8.092282097901299
8.014203302392152
7.8033243452603145
7.733499285277868
7.511739494725912
7.143047570334455
7.060499666982497
6.867012952845001
6.323618423821939
6.055928230366242
5.639983844373654
5.988386761057111
6.3262088984599005
6.357202024105659
6.0959706558733435
5.36662308651162
3.974677006946471
1.7948387220275124
0.1879172584912164
0.0
0.0
0.0
4.042374128744288
6.329002754778565
6.822427065223396
7.146202323671317
7.313151294773643
7.5633870478200125
7.5242252067650774
6.445324089615344
6.531704976672127
6.628048496136044
6.274291379888991
5.885571853952805
4.158753442570238
0.7655778114152475
0.0
0.0
0.0
0.7844218286843823
2.4737413108385895
2.7071394417612322
3.4663370326488536
3.9807695948298827
4.373142843581515
4.58539315694095
4.8077704296018835
4.831988790495443
4.324874953314823
0.0
0.0
0.0
0.0
0.0
0.0
0.0
0.0
3.0099576191912774
5.944935884512446
5.988149645551085
2.475270319395266
0.156597715409347
1.0451971560618785
1.0961840078654281
2.8062504742060437
7.506125279561521
8.131313338630708
8.77047404530953
8.895939103380158
9.002080913352218
9.239534399654557
9.201739943289022
9.149939434998712
9.080367561322346
9.410446399352745
9.203402489126802
9.339972258246341
9.099253080236528
8.916621271191028
8.545019930818647
8.627107971021776
8.466492054246025
8.375309562140352
8.236250431733858
8.027077497252147
8.00969381538115
7.754944747086002
7.760159457222099
7.456598515899229
7.2772973433301456
7.056235301903931
6.990364375898178
6.937289197630936
6.674109575168485
6.175540202
5.038396632570029
1.8288276937507464
0.0
0.0
0.0
0.0
0.0
3.8467719168637116
6.357439941619052
7.115792046827855
7.422726790430373
7.500534918326686
7.586478474098915
7.821787279504334
6.818421494120248
6.593224740597878
6.548742678364079
6.337123200920618
4.899022127113283
2.0851904452154684
0.0
0.0
0.0
0.0
0.0
0.0
1.1609374767554492
2.9284767988916536
3.8313504467869635
4.512398485393741
4.75873250841732
5.393313432501238
5.360695841451105
3.781722258816989
0.0
0.0
0.0
0.0
0.0
0.0
0.0
0.156597715409347
4.040533781989612
5.521146325226176
6.000474103370166
2.5748335748240088
1.4013643643226308
1.479272210573144
1.4042195014130083
2.9237168667642655
7.4701654508116855
8.292028280361817
8.640439734622591
8.738028102842726
9.25828556389453
9.316568051387337
9.300382398900894
9.451020449014141
9.58755417187366
9.405635202935558
9.419974582328264
9.118660459121829
9.443178897155423
9.343417547597317
9.293315314960417
9.110301154053499
8.747025577326138
8.691927150407372
8.577258808380941
8.440510958202866
8.339525645291712
8.154682256192832
8.05357730951867
8.009976266899091
7.6968265059330765
7.602471985853065
7.556953402134744
7.11775855916242
6.956290861920294
6.355771008243085
4.7922859985178325
1.6933604410600347
0.0
0.0
0.0
0.9987233904387156
2.894511125352947
5.766539745339627
6.828515557680649
7.442807195861528
7.533634107618114
7.599110086087565
7.625298154714169
7.746669097318085
6.7237655244676064
6.754799695123258
6.494366438573754
6.688353420541773
4.7549479306374405
0.782247822682639
0.0
0.0
0.0
0.0
0.9082667493742119
0.09395862924560819
0.0
0.0
1.2312084726456616
4.32689668194001
4.898041761084568
5.469345324564253
5.739997534171192
4.011557753304019
0.0
0.0
0.0
0.0
0.16824994976953608
0.675793033352184
1.507357473519714
1.22684832679113
3.770940431480541
5.784384107605971
6.288845108408483
2.5751903576854316
1.5323528108308633
1.788679052942035
2.07147356624811
3.7170898332232305
7.694784695283646
8.35053470933113
9.005927865766713
9.287365594922393
9.269294435671965
9.669956503116289
9.654664946515009
9.521694482152386
9.445450218651454
9.439846487002624
9.537574932927786
9.288419048657532
9.570463706983311
9.662214941456895
9.551018427256807
9.300497823072947
9.255686550854858
8.935071341055021
8.876804666199687
8.865732860696633
8.692138715229943
8.548696156341112
8.332465719138952
8.280816244686683
8.04572725796244
7.770259968462702
7.674846718163406
7.256094493101819
7.139508855194268
6.553312312749719
5.432882686280714
1.4696559963725184
0.0
0.0
0.2505563446549552
2.9595006550607814
4.7614286682189135
6.5440419711560525
7.150437651730157
7.4984968746321625
7.440433923925231
7.67901207539828
7.762539661356317
7.849927877460628
6.788859194215148
6.554263982803301
6.740793767263365
6.401998039156113
4.265573557116028
0.0
0.0
0.0
0.0
0.0
0.0
0.0
0.0
0.0
0.8091275485853778
3.907735084027754
4.906898611566916
5.74424583019728
5.868452655344481
4.646753667823196
1.7991109387103503
0.6372817073613689
2.6434403873272103
3.325055521127444
3.7232746510113888
4.125849815959327
4.299717635873422
4.602508915985059
5.416467226380001
6.383090573149404
6.612420348579945
5.9507627284863
4.45748894505373
4.553971067604611
5.254329945637137
6.77232612726495
8.299511874435511
8.941735495386567
9.253307374705741
9.42111024307627
9.585332848522974
9.657039405210137
9.938343102995201
9.747852325993673
9.721060905015753
9.794758786963024
9.685431543257012
9.540054099276219
9.926926005666632
9.8402994651323
9.771931098938387
9.392335697886436
9.566672747142082
9.322089860150259
9.193265847705245
9.278231821935837
8.87765192918697
8.844627206157929
8.475627419116805
8.400855363480458
8.38141639761492
8.371353109353064
8.093183360638275
7.8889769182475895
7.470564776504494
6.886900382074494
5.510252154046467
2.0273058787173843
0.0
0.0
0.0
3.3520461279179385
5.567782790380376
6.7692630097835975
7.318825741403434
7.541310832262443
7.60075449002234
7.810839842786581
7.761120913602435
8.026077131512206
6.772068868932785
6.820134295884568
6.576228195150987
5.974707744421192
3.8590330976875857
0.0626390861637388
0.0
0.0
0.0
0.0
0.0
0.0
0.0
0.0
1.8009711498466316
4.089689240641313
4.841504813485961
5.718086362398896
5.776059283417921
5.849002903778616
5.895092860530581
4.493892184759887
4.373069667540744
4.756165758487485
4.751427623160312
5.50787157978715
5.699100720347437
6.383097880033032
7.013898957471299
6.995592898852862
7.115954168082252
7.4633277500562585
7.33653571572621
7.261346935615633
7.799095880797371
8.229263305967956
8.962710870268701
9.379754374702
9.474460702133161
9.709561884801271
9.96121751278373
9.762396409330368
10.030259877656293
10.075169158367192
9.978375953790204
9.903657835266964
10.0912698523453
10.120811521151467
10.007572914041665
10.046227620405741
9.830624777406323
9.455540088514502
9.624735102809536
9.708751282256227
9.32647638065892
9.397934712081275
9.386104162930673
9.12179266079838
8.856968779531206
8.575063915551272
8.585457369595781
8.49008249231672
8.275237300987504
7.810114134390146
7.844384802678661
7.237013057478028
6.049854892636527
2.7462028849532123
0.0
0.0
0.0
2.712016303627533
5.391517200262829
6.805746239801537
7.241141088496932
7.586307393879074
7.867906285918134
7.868829701597561
8.029094369898852
7.940574331679303
7.021898091044236
6.742322280155917
6.729080608742299
6.10164719534809
3.960947673502127
0.156597715409347
0.0
0.0
0.0
0.9082667493742119
0.4384736031461716
0.0
0.0
0.0
2.093737883307438
3.995993262267999
4.918693542277854
5.956101521818038
6.0544179904753905
6.253736721677158
6.406279531566393
6.03959385839
5.739095114466676
6.163460689133813
6.372054360038042
6.51681990327971
6.578887188420936
6.694695623569272
7.462085840655647
7.686167662525068
7.933499891931766
8.244426343832927
8.081351502128177
8.402779754690634
8.827866291182422
9.091582945123127
9.517110987079526
9.558534920912551
9.915374690560554
9.756780390708588
10.035693222281953
10.132231004568931
10.277656398924028
9.983364695497217
10.02402720929587
10.102732551897715
10.375156478067618
10.239868992410837
10.091997694335026
10.211931358166675
9.777789526585178
9.880140749209788
9.909522769546264
9.89805482991019
9.697149124842644
9.761657754129276
9.420797471846265
9.480658735802784
9.134569386638272
8.959870249046668
8.656128529432706
8.572309692441275
8.360872341326923
8.131340516006324
7.939950617262899
7.428702183451541
6.199135101038281
3.535482959351244
0.0
0.0
0.0
2.1561602650137734
5.6915155864295155
6.85594432109039
7.326898883671342
7.820793217049107
7.893669669246091
7.902480359460483
8.128529238761269
8.184514676102884
6.9555952562493735
6.756328208015811
6.710173422179717
6.432727715891303
5.031876235416468
0.9141604524631033
0.0
0.0
0.0
0.3758345169824328
1.00222537861982
0.0
0.0
0.0
2.5946968646253654
4.165924183029547
5.3211690584833855
6.1390930666548655
6.113638309851108
6.3980734230159255
6.610669822466014
6.434156356028507
6.720765447984414
6.8481461516043565
6.9578343969465735
7.024628859825082
7.148171676833805
7.7031637680014695
8.069298461557887
8.25233721759757
8.381379660039022
8.631792984883186
8.937795588003988
9.118813524426765
9.16856279972689
9.660434100481234
9.64543724779656
9.870614877665265
9.994711430620784
10.103234503756363
10.1240656631567
10.184430575488173
10.227271824001358
10.198896093471054
10.193033545280647
10.475092323490054
10.393461009466874
10.234569865562689
10.326631359996972
10.592321807316209
10.323588179426313
10.164089621230314
10.29758150560758
9.971813380391135
9.895487106762284
9.81009448061994
9.66202988137188
9.410249052294787
9.212766826330492
8.975626111258176
8.856167714445316
8.586041487657775
8.61167439802505
8.365782559557335
8.04529848718859
7.496551447599602
6.642774980262823
4.050127055195786
0.0
0.0
0.0
1.8415386985318174
5.668347487620794
7.02248976009219
7.475328545331378
7.8730883899793405
7.956246581084719
8.186065120151618
8.216391042798033
8.175895037949594
7.144727439420393
7.270831806054925
6.897454683529579
6.685976403295487
5.880891042281173
4.050929445334884
2.0069212562294525
1.2996375815575882
0.8645335832959457
0.8368718344848868
0.1252781723274776
0.0
0.0
0.0
2.84664043318307
4.444302753544883
5.731581359726027
6.301755155505053
6.466643004273452
6.371658535039298
6.801227109321987
6.927637029171213
7.047889805787833
7.160347426418792
7.609475723179856
7.6492887517654
8.031765612462967
8.204237207454266
8.350727189680882
8.591771756336282
8.753783965054238
9.12762755723572
9.283135057186314
9.645687490196241
9.841033198839835
9.869168757118224
9.936581825129258
10.270111827794072
10.30154533960595
10.458943033373021
10.278943352699915
10.472105021558205
10.359441771519299
10.584133558469496
10.647484677498467
10.54283432052119
10.743256888296413
10.779544608795993
10.619297072836003
10.574878209055647
10.3245533302777
10.286501140847227
10.264752944088663
10.158729024898552
10.130542474996872
10.210178973022119
10.033940837137395
9.749039555341238
9.55797323402502
9.367839446058397
9.07522775489121
8.78346961431206
8.636785066497787
8.456049293329839
8.259095725878002
7.868894369361616
6.963801341153282
4.626713372555531
0.2505563446549552
0.0
0.0
1.2842752742459504
5.656389974772995
7.053188214847386
7.533391496038306
7.9227979418454195
8.063945991761777
8.114369068256638
8.246174560074282
8.365921719478765
7.36613872397437
7.235730338748957
7.325554975560466
7.123619080661155
6.562466988531187
6.079180735909804
5.741730683891773
4.93857215756685
4.373795513073447
3.2059258158168644
1.688993536833654
0.1879172584912164
0.16824994976953608
0.6641201647198823
2.3600734074919427
5.483941227505154
6.112445211501932
6.541047563342728
6.2615975091349725
6.627864375473236
6.7847221919587355
7.227594910873043
7.199837780797555
7.50209751188744
7.75145446497855
8.081572684188378
8.258457017853628
8.671485317181492
8.846220532776996
9.001811473774222
9.119827425711748
9.389258197340384
9.608595163924292
9.829067427888742
9.984419441522009
10.107657438032229
10.125243348148723
10.490343172322975
10.422150637855733
10.568711123633955
10.842183049287192
10.675348648608258
10.885302582602943
11.008126201966864
10.923339061533264
10.975681251682406
10.781613691629355
10.829597569376682
10.727357568597684
10.809783254731213
10.480323387614463
10.53926887853434
10.48555236404566
10.51080294500445
10.564526484927976
10.301825864602579
10.132358715713936
10.064945145384531
9.688042630636696
9.323273942498039
9.06013729291904
8.752689090984358
8.55669203299824
8.520449723417082
8.571103449207342
7.93000662031844
7.248717371761361
5.527555487806232
0.3598043682594504
0.0
0.0
0.9942835732595845
5.702265999991224
6.9519812722655585
7.930972550819473
8.23009301985355
8.201264941792367
8.520895951091697
8.47043069209455
8.410604863857614
7.6045208358355385
7.333621712904337
7.3957579101724
7.2684065904887785
7.181860859767984
6.746393952297258
6.499819288162366
6.0659332699516195
5.652606444422418
5.214046835964355
4.954327686390703
3.757794968504821
3.6888608128175737
4.296125017515073
5.9493588682365734
6.348552007692651
6.649630580260592
6.8692049102963955
6.687325994629058
6.446445222331713
7.099491107051883
7.178072462631982
7.5062808963164365
7.905253596004626
8.090183974638109
8.380977089355218
8.645730695041397
8.797880805967436
9.07507660090354
9.145550742009938
9.348708508016125
9.784166890583442
9.995644972133064
10.154495271251305
10.41990519357392
10.595178142450658
10.538111832032651
10.622224803017755
10.823610803843966
10.698197530583945
10.79900788648941
10.978097606404864
11.044228841170197
11.240071419701282
11.188661711192333
11.033715026628279
11.115287112736626
11.08198538702652
10.931854280975733
10.971872959079677
10.783069228017085
10.739074008350865
10.829736544189544
10.852007281390717
10.629343204971596
10.342462030974138
10.181994809209328
10.282839561343323
9.732944753080941
9.37339984605521
9.079380826032525
8.816620549031976
8.82802440223464
8.837030091582424
8.749987597939883
8.459728695808323
7.695984010827842
5.646615595588847
0.7464678281495264
0.0
0.0
0.9036683120807888
5.8674694983711175
7.273677104602444
7.814465439433893
8.309775293720318
8.376519818930934
8.380698769512358
8.648761697362449
8.716024921292112
7.6726749204650115
7.655662386863594
7.551640703674762
7.517030864452432
7.240849550168233
6.769187751206291
6.848637779687998
6.613804650762755
6.291767830033124
6.072528993427445
5.458177589747369
4.278634922121726
5.049506103571566
5.914823534117893
6.419936627551433
6.665743910504511
6.858092879719474
7.2582688845983165
7.051002702791814
6.78847706599201
6.972370559398008
7.436270127226348
7.612664722778104
7.992787806917809
8.45398876369231
8.628292385760306
8.681322131540284
9.090663560480706
9.517870021025017
9.499823175131203
9.88668857488912
10.220722263867303
10.166097428664887
10.343520897542538
10.5462184408113
10.71815162258434
11.023535316523105
11.139857337510731
11.283078832639927
11.111183861093176
11.121089647549397
11.250171702009803
11.69791408637959
11.546496634063379
11.598602402012608
11.498025833479833
11.488077677285492
11.474513647693474
11.411696624667345
11.274056475539664
11.254682089140593
11.039268124260007
11.05913208371778
11.040073980982696
10.83535913363553
10.694349552578439
10.501757275736471
10.340242934119415
9.828926703478727
9.38552195212265
9.268078096500291
9.027719161219252
9.305312166489916
9.193465106080478
9.030111946936104
8.759995238133323
7.936128981003702
6.488861447847955
1.1467563085236134
0.0
0.4814453805882301
1.7742380833622513
6.620651432373454
7.543041384971058
8.12113806782304
8.49585768752011
8.520127746583407
8.47029153217312
8.784178674530866
8.746841490879829
7.5692163967197725
7.576649476522198
7.605083995279143
7.716390431023673
7.217565116680981
7.193935402965936
7.296059264352241
6.79299619647156
6.735773549803978
6.616335337614978
6.056256107070021
4.7191136479447415
5.908874035944355
6.347073998706187
6.709791293956579
6.64358293688849
6.88699740953843
7.011114560048828
6.950039240960912
7.0493646900387565
7.0179264598672075
7.34041963759341
7.491792599867168
8.402290691604133
8.635103847678906
8.72071431550032
9.172323405281759
9.360044054952551
9.811223709393342
9.998637185215781
10.151118212107203
10.609361890716444
10.507038289156261
10.793320066755623
10.65747844371268
10.894242703417678
11.302461801005828
11.302787393607183
11.278346844431654
11.364940182350761
11.611595189934413
11.787786659666171
11.906671890448544
12.022605492033918
11.945585742642347
12.04903461741466
12.048630377038636
11.941715046343358
11.944650008893024
11.608141396490408
11.712421491265566
11.573927108151217
11.535843265904681
11.39328945822328
11.196482531292535
11.076422612237126
10.748758016291664
10.558467387001443
10.196641756467859
9.598504642427097
9.203287064954752
9.235348143671494
9.408765548576408
9.52984880524112
9.332171777192737
9.128972940381443
8.498607654671268
7.630274893335607
6.468802578720853
5.234480059104492
4.562258996034578
6.575752978720365
7.377404246323932
8.132558016658864
8.388687888590258
8.489547681126407
8.64643087499535
8.869426082405704
8.954731709160942
8.924561512737439
7.7170166591622396
7.640149696905128
7.803315575292073
7.591123092593496
7.474008563350423
7.507527849365529
7.034663156507942
6.86945560736627
6.587559225448914
6.548980595877476
5.898240325456254
4.601463088459649
5.963097039142296
6.477260561475319
6.486026025862824
6.733599739221849
7.1484325328876945
7.390841629335986
7.0293111188067625
6.807002124331454
7.062878989815007
7.37915750783464
7.536555795655942
8.385851839543799
8.672881296742593
8.909944838092711
9.245814924464034
9.670651681489284
9.87595502059474
9.850450729821066
10.28178069477492
10.62556680240725
10.679881509533569
10.824702164144973
11.139542858380688
11.523227582328605
11.487784297860346
11.666886587411858
11.979750680782676
12.112020238765755
12.089712496449724
12.081577530694172
12.281370521415367
12.339719374643016
12.109765167768378
12.207665075142788
12.28064433990402
12.391179284867006
12.280021946894975
12.317040599207568
12.261544469112348
12.11119311583677
11.730060567254561
11.562970841003233
11.612735256330126
11.331408273596342
10.97812563120169
10.825832863219574
10.022142992462687
9.241031253232357
9.09866103906263
9.252635955619812
9.577139243807649
9.536727469463877
9.700990082829211
9.39473510302124
8.728330448405366
8.248583465918943
7.711155452928156
6.9273439483530845
5.966454469998577
7.4053675033082635
7.858274888489287
7.9950995822598045
8.328280648866196
8.52945157824729
8.77359675369325
8.882130715725559
9.055582558714205
8.953470509174474
7.755651883902592
7.691084402033355
7.9897011993357685
7.790776579965388
7.535413826092753
7.465697147902531
7.5289317198901236
6.929775601488733
6.560083167558202
6.492625260120851
5.793962844302794
4.640936750456509
6.043302577631763
6.287104209399707
6.47419390858506
6.657482378388251
7.037488403015559
7.358390467970074
7.193816971624607
6.956469012556152
6.570938362829338
6.854193794976458
7.452206787998514
8.079794994714288
8.670601050781235
8.918125726605227
9.385886291952216
9.87466071953971
9.959782019412804
10.203638305609445
10.528456223410876
10.705472814106795
10.768081751272454
11.103706113599374
11.492029182801028
11.873615368539058
11.96195184041748
12.076323499450885
12.336934248932543
12.447330892143697
12.494465446816639
12.45982010260931
12.715600194875309
12.63337902576288
12.566840738661359
12.60894754308913
12.60420608365507
12.630070336001964
12.715385282521387
12.56688283171667
12.464866271520988
12.240814064568099
12.253977850876842
12.039674076654427
11.570051189587858
11.5358856356428
11.312419456919907
10.88371634937582
10.006184281407732
9.388064974043584
9.37179739867123
9.217122302160096
9.867660664769202
10.017103408448177
9.870472568116314
9.562148987098103
8.94516433438016
8.615965030151639
8.06654737795619
7.365652139539209
6.30589243720559
7.674670730591429
8.127209307890917
8.401185529263113
8.695610566442502
8.830396958392244
9.1182657650059
8.979194110173195
9.134658594916184
9.077863130635302
7.793874782849085
7.724536030778533
7.82863946137729
7.749546364161963
7.6301192880546065
7.70870279295627
7.5546035920185854
6.9604406437331825
6.426629568613112
6.440253368249868
5.476717577369992
4.927211900308879
5.65402978551015
5.9610210050342705
6.301373027281915
6.314971574965626
6.5521406761272605
6.7193748116409475
6.874738994292096
6.9862692299746465
6.369942608539439
6.155057509420977
6.7260582938064335
7.617455721511915
8.516205287349429
9.049749857721105
9.377170281975953
9.844649651114281
10.4039585581679
10.532206278548138
10.762196245651062
10.979707196645183
11.182594318782913
11.512259291649341
11.934380003453954
12.180425143696311
12.388635678047471
12.418283160319836
12.398533494430959
12.767781839475715
12.597776365795111
12.809238213518473
12.974585786572364
12.897426306574369
12.92361901662583
13.118994571546411
13.027867034308592
12.964557209652574
13.224826890798646
13.066525045602127
12.828637131613556
12.518789820649507
12.327253838566204
12.302890797596037
11.961281711891807
11.828584357534446
11.583226545365372
10.981500252551822
10.028694938685636
8.743189421910278
8.058904961313496
9.44653063326827
10.13940133498525
9.995893887790578
9.903028172263319
9.664568185838837
9.144917914157908
8.842701840733653
8.320931706630136
7.673036605670714
6.648393502287898
7.651104950404959
7.9595438130861655
8.209958254380863
8.716913568039166
8.77259611301992
8.783083800460986
9.288419048657529
9.289405783947357
9.02777734835578
8.08934628369586
7.983679957871017
8.10334215183074
7.834718354054772
7.726810536941903
7.691152059303289
7.396672475807645
7.096239035160322
6.694902150893711
6.552548056303443
5.680319045393976
4.77219779725358
5.2411399843541435
5.376392819123528
5.46065696564428
5.882938566560888
5.947182820838149
6.183876824484603
6.286794046809376
5.8188709626923405
6.421049715872563
5.388389800955288
5.561909823856753
6.84470160256754
8.093999593732027
8.834548118216297
9.34984416876414
9.846151386146593
10.110596400890195
10.615821247850919
10.810913953805816
11.216196622072282
11.710012233401557
11.891494001791699
12.230151097230333
12.514875464063092
12.72461183164418
12.872536901323077
13.081445735050222
13.463496102840956
13.157153743585328
13.447461400924336
13.50061132049501
13.373510635778416
13.311265554335026
13.310774941025537
13.311723842609982
13.255737907584123
13.136583229306643
13.309655491364657
13.226155353016871
13.023937281874721
12.728458921093175
12.563238130428653
12.254459171068074
11.952164253197367
11.492832824218466
10.755942100895284
8.916489721694145
7.430408172251697
8.32239346656997
9.62192016173938
9.947443127288114
9.867660664769199
9.829124776828744
9.433222518777837
9.076871654927364
8.84644504583012
8.379586100890291
7.418935485225141
6.761687154876023
7.499551662159404
7.777115139841531
8.185570863891545
8.400929037915661
8.700389813700463
8.874541868386935
9.191997678771184
9.127519418455659
9.135520075668076
7.982833661132997
7.903233409405007
7.836890151753172
8.062867975477706
7.7340997709374415
7.537482263805333
7.372304798687802
7.158833935659969
6.835778236497518
6.548479508897639
5.925936151256976
3.3369157688572364
0.7140336341557387
2.645267668091048
3.3283048092505982
3.10990360373159
2.639221181506245
4.902989426864266
5.427033505396495
4.2249719260618885
2.0849164337415433
3.0251658300622175
3.5103130943867105
3.4400750174273265
6.7582780103729885
8.320834498608917
9.12313327044076
9.852258729450897
10.322869558143552
10.753545013916618
11.16819226844195
11.45585257904446
11.955541610845785
12.279966859891584
12.63131273820865
12.918985303718427
13.174889159042996
13.222875078140104
13.440281128105132
13.618309314138672
13.821055195386213
13.661054153187008
13.98208759472623
13.778229529328657
13.570804255112204
13.489417412932386
13.558879085320054
13.76431065964371
13.35925860740918
13.574724006919789
13.484530524445844
13.542910491156498
13.058665540734374
13.035485510294903
12.659104406041058
12.303216519535008
11.555115411971919
10.080881181605234
7.325460564112817
6.979347830295765
8.325714028116872
9.267178658171108
9.531981699073393
9.61874896401773
9.329700563664863
9.199262109769633
8.85387485264415
8.665543483680409
8.146782277952028
7.430104052512918
6.547850473830953
7.322533675698654
7.354718299354833
7.936691425962368
8.500571449291844
8.808465869361664
9.090590834304052
9.30230744788077
9.379128832241959
9.538043980410647
8.210743041741582
8.18575368080379
7.885180955865372
7.9741380462075115
7.828823049811826
7.664924389439781
7.3783875024912176
7.073772020670923
6.9521688817976095
6.953847743635813
5.24145733318585
0.6518553847704426
2.985831199880122
0.9147177779190624
0.0
0.09395862924560819
0.892215966379117
2.9904960721141536
4.188328031160994
5.250517747894627
3.9634179498057125
0.9352083780932882
0.0
0.49229495776798615
4.195446882042393
6.592840275177559
8.890664555669092
9.660497229761686
10.178562787214112
10.783909414139336
11.218550909740763
11.992837039550205
12.252771305807638
12.498773154540709
13.046464454769861
13.44947879971125
13.681710163368011
13.9332513853539
14.003659982405393
14.062423695460835
14.008526015878472
14.253016193243772
14.350411363643811
14.11622792814587
14.116474295583929
13.874581119195783
13.755784601077755
13.815176129496248
13.874274150445862
13.89604601059412
13.617306924689268
13.783116417815203
13.470155972722676
13.385688305366575
12.82858746303063
12.500949607439317
11.616051001658498
8.65521623862989
5.843441513340517
6.263231986051894
7.61603055149334
8.972016703891454
9.159496481279568
8.444671974298126
8.596362536801136
8.471402746693228
8.253838759012504
8.023874225136739
7.743409191532616
7.346850565004793
6.168051077648602
7.477872897487515
7.300519682784998
7.907097029057158
8.415714276898234
9.016750781758711
9.060062655425128
9.160324008778367
9.433468287435577
9.357309093820332
8.060490760849365
8.206322508893194
8.106991204545519
8.149602860596598
7.872493338945792
7.758914064709003
7.516895549912568
7.344775599814142
7.2700407154094915
6.987415614644062
3.377748782089532
2.0954149560602433
3.4578173228410676
0.5047498493086083
0.0
0.0
0.0
0.1879172584912164
2.2477165252636873
4.1837273023640735
4.35275924350639
0.3168325908173919
0.0
0.0
1.1242056259464412
3.1532132720665786
7.576009192583434
9.711997738322125
10.301476726595542
10.923556713893312
11.397078759290885
11.967447227485092
12.439115776038474
12.889551429180163
13.312214455919479
13.446702279656778
13.799414962641642
14.229821239915832
14.296801014176964
14.656388617023763
14.509319659957184
14.790995808731145
15.232162024715365
15.029226497601126
14.334217361406807
14.122551877794827
14.122474502829359
13.987112033639798
14.240166634717948
14.311528627832228
13.999379805567449
14.089263681470218
13.772215949512775
13.707482172068696
13.472374314030608
12.525625556368972
10.54748404388449
6.169666851816668
2.784479613073439
1.1531945618321204
2.570270597759668
2.4282014153564146
3.008926803214023
6.102580085735551
7.827921462627814
7.7431111579407075
7.758959314842168
7.1671525975769095
7.226120026622113
7.331160731658211
6.072315858621864
7.341595059282542
7.286940580309044
7.70995212816142
8.315227242555965
8.955535002776307
9.263412678541517
9.17395397987715
9.357624410024231
9.396665559847797
8.208945723583017
8.310670493092138
8.105083647940585
7.919503699349846
7.7219015070805685
7.7227508776778695
7.752380870163845
7.711733338570041
7.257969422036524
5.982842651330161
2.7111367604437064
3.5806349531627237
4.20413088501768
2.2382464736329837
0.0
0.0
0.156597715409347
1.4050015243213285
2.5206417891818704
3.3173348990555827
1.795898077117336
0.0626390861637388
0.0
0.5637517754736491
1.6540557259759792
5.7702837425541045
8.765618379593775
9.485438007479406
10.278076381781812
10.917865129096578
11.331450199943944
12.092723617754656
12.670192024527722
13.302085657285378
13.767784421565274
13.885456696752616
13.992487128250847
14.492939427522535
14.612232110214867
15.09716198384956
15.275955810485588
15.669319919078292
15.65889309812409
15.42707628649573
14.933139107293451
14.410091542908017
14.470024064537306
14.524164297502377
14.683223567640614
14.776171108167675
14.726820661040739
14.433039118515829
14.265179104753512
13.890465958614216
13.640822648562438
12.905927941875246
6.660731851979621
3.4782941833835226
0.5478223656387167
0.0
0.2505563446549552
3.9480021360744706
7.891511294867826
7.489186025067113
7.099470654596386
6.567163625973533
5.0593620748872645
6.605127647734769
7.180838997092803
7.201243913415768
5.082928889658453
7.453444675676963
7.7467367545880155
7.85685070610939
8.250661847942954
9.064997512961902
9.139590907479082
9.471064436407865
9.427919271386074
9.42224590382429
8.305034457810184
8.310531333170708
8.326281233120254
8.164792144751498
7.9779152539536
7.984844470414557
7.8535821374907915
7.5760809454166695
7.465960844784339
7.293142420702453
6.685594275072349
5.9745548939688
7.021258356592194
6.161493747216848
1.4599372425955193
0.0
0.0
0.0
0.156597715409347
0.8476801431204177
0.8609170575693603
1.3660037094032977
0.5011126893099104
1.0335449217016894
2.9597195660323785
7.937200907651082
9.029163802880177
9.759077856604733
10.035437799991936
10.404393141736614
11.37117537914898
12.312080628964969
12.833168550032644
13.163498385905164
14.008603553096082
14.321779092754674
14.386968573778395
14.830791932895185
15.32680722832735
15.397902624853
15.706664858441252
16.072286383958073
16.290168428872366
15.905850204119963
15.367285323142855
14.820517545245568
14.159537614616925
14.65139012800691
14.93232817858752
15.36310323380923
15.245400764460499
15.049618940818956
15.022146291279233
14.699875636755277
14.009768378385239
13.258055047395542
9.684023373825397
2.5245863863597204
0.6263908616373878
0.0
1.3030278207142292
3.894822305025656
6.40102960104323
5.197421046831918
4.46786984767137
2.6755737309960854
0.8805843662910406
0.8552419831964678
1.187302065556409
2.409969797474302
1.4284363924780854
6.2768074197324335
7.998403202073445
8.129585426549934
8.475561933630576
9.020114781880384
9.182043845367478
9.380397984475444
9.465247551234572
9.511661961229347
8.355506436938844
8.284378315739145
8.38953648766527
8.193524719882067
8.140113119319928
8.00696980591785
7.884700980120728
7.5571440700847035
7.518876742625106
7.270603874853096
6.827819952009726
6.075832663985628
6.984208239913306
6.411124170040037
5.077597367649089
0.919116326553968
0.0
0.1252781723274776
0.0
0.0626390861637388
0.3911239113413198
2.8733270303531704
3.2896149052793913
4.323149479351078
5.898135226176646
8.254002690735337
8.871983365718165
9.54296252391319
9.897597213726547
10.420795986857128
11.377515902404191
12.399998093306614
12.950406721317991
13.476848167638932
13.842128946707355
14.311187330514507
14.623216347554775
15.057083852339689
15.816493247578341
16.151877046275896
16.269636075794576
16.54999149214304
16.728639548602064
16.519388446574872
16.14936534162357
15.111875614141566
14.51988361200443
14.508754258441039
15.090748045543275
15.780210736358304
16.104542440754777
15.858966557003532
15.595265939081118
15.369284734705543
14.546839472965724
13.702319667214137
12.411201786462225
6.83456597328013
1.2709468889961522
0.3758345169824328
0.508345740763081
3.6196791242734023
4.7765061066533026
3.76376460324195
1.1153672601324047
0.3445149739005634
0.3794716769811307
0.0
0.43711362050977937
3.9745972870719104
3.4198998287298523
2.604247445894962
8.142394506570618
8.360850512831508
8.646198751211426
9.055696738424002
9.450133703923639
9.51981785477228
9.56653925565662
9.649802181498268
8.324735160666156
8.232459743195925
8.255716471737786
8.226178954523022
8.129012204011785
8.146840485985342
8.114642142456512
8.016072409321655
7.782130820859883
7.580768261789151
7.316068138423436
6.621665380371239
7.249380972584867
6.572100819999729
3.599218231611089
0.1252781723274776
0.3445149739005634
0.0
0.3758345169824328
0.313195430818694
0.2192368015730858
0.48508254058692796
4.179674323227578
6.566389173214682
7.593832375858518
8.612030772649911
9.126044389309968
9.85756197684266
10.054531174958647
10.608088528437207
11.505346836353645
12.35039255742033
13.225374952921273
13.777651645435682
14.193892068840173
14.617776197298502
15.301202539845873
15.711427593086631
16.21522546979388
16.49189381674797
16.62905922617232
17.026558273240322
17.26966682935744
17.153565475727845
16.75616113413302
15.613148107216963
14.920188084623087
14.70544994923354
15.364748896984091
16.22691673192688
16.527854238488878
16.552745446627192
16.335377312846596
15.9606576369851
15.091811566427385
14.016034667844306
12.984033188709544
10.185267471370201
3.935243620605785
1.788338430542802
3.7602886484730953
3.5449509717134813
2.8181824771770083
3.1017304982905216
1.9576720366165423
0.0
0.0
0.0
0.361181096782032
3.0565486125269827
3.9154382981634965
2.2454000645660925
8.148465776185969
8.738742812942395
8.878643689595437
9.04865784506951
9.588625977049174
9.572027563133396
10.021957932377678
10.01553673502278
8.247118662079906
8.326317970696154
8.311562749157968
8.311562749157968
8.236777053975192
8.161151107420967
8.305956731320398
8.211584721401676
7.81166055000103
7.6680241528594655
7.720646737249408
6.780321185660601
7.492191611288838
6.982509980450349
2.7846053844774548
1.00222537861982
0.469793146228041
0.0
0.2505563446549552
0.1252781723274776
0.3445149739005634
0.5950713185555184
2.7793885263995337
5.169090743324023
7.5244463412370735
8.850556704456435
9.409172529665291
10.131227100851639
10.612015571139887
11.009067273478243
11.71329082360489
12.31270997702825
13.088889974262452
13.891669749037595
14.519124322855703
14.997742612886718
15.700539986754743
16.165760566368167
16.5268571090341
16.83928703643426
17.072254370189825
17.31377746364459
17.593792408867778
17.6202523361295
16.367138564586977
15.539720296265555
14.928387402901274
15.165031155808459
15.74934370191618
16.729258294863588
17.070160283091653
17.015987873256716
16.936344329972247
16.591546776580866
15.871180752417002
14.52501898026429
13.539318958090561
12.040012702434941
10.278905054616937
5.950701297653437
3.746537851187542
2.854795619995978
0.7975165827694136
0.4384736031461716
0.656969650355162
0.7697722968699046
0.1879172584912164
0.792018543358412
7.285439326097445
8.972226234794975
7.058487707665062
5.754246616541152
6.669491418257387
8.85431159998363
9.062976319268211
9.404217125243886
9.69708526927014
9.781905544629376
10.066429116802432
10.05614124824727
8.606805297717326
8.66265575052984
8.716213388085217
8.470833262778351
8.465542302359543
8.390287281472677
8.320894769770831
8.160951753856173
8.086157823524536
7.829346598193883
7.66878562693589
6.846931116159587
7.330432240891914
7.2584252206748685
2.102121091434669
0.1879172584912164
0.0
0.0
0.2505563446549552
0.2505563446549552
1.1275035509472975
1.0961840078654281
2.6362730556095717
3.1687228477178224
5.848297900695098
9.260100880676012
9.75130263575004
10.552835883275234
11.090793606816739
11.06644729384068
10.80251878326317
11.76170986264491
12.471802538003313
13.70082494701588
14.507862323249618
15.501822362097892
15.945728369386474
16.358865966377717
16.82936519929306
17.183100847138412
17.33464345753852
17.562166128432995
17.92726404959556
17.748317121165194
15.015272535054129
12.30930201818487
13.671933506559753
15.043254578143333
16.571713013607564
17.40306241769187
17.82285194240518
17.673534937527208
17.333753284007788
17.374383154679677
16.607429816109335
15.19914847962784
13.709439513428654
12.055519354755274
9.327233864296645
4.601460278855753
3.4221972319651552
1.0713773961447468
1.2207214258288104
2.0743641634007743
2.2607999131638015
2.264395804618273
1.9286779279875206
5.719908924139296
9.76851603960763
9.140525491320279
8.452770350483942
8.934429348237607
9.198900916939852
9.144253780463979
9.297049988748105
9.496219820348864
9.61245583433637
10.100991913469317
10.364654794083107
10.358861363377226
8.753110951095447
8.717811095051077
8.778802360980364
8.691800155543845
8.52986905801158
8.545459239078346
8.655360366207772
8.47084817185884
7.901789702259088
7.814137074788028
7.32241452536635
6.242641233167256
7.017171134901753
7.362207902125803
3.003350439895692
0.2505563446549552
0.3445149739005634
0.7006821821613156
0.5244171580302885
0.0
1.0648644647835588
2.0044507572396393
1.2957535007168333
2.6850257316799695
7.021776771816538
9.409426909218851
10.558727164981613
11.088558762271001
11.071562411970183
9.61777626513784
9.267726696124726
9.785318702212598
10.75017286620597
12.429849512865855
14.048013536603726
15.13382643466992
15.86544107339877
16.07560976631929
16.617464051012288
16.97814370678298
17.562216179808207
18.025261651188497
17.90393349746039
17.3495979429696
14.752035939674416
8.964316918765773
9.008948313730347
14.089871750777343
17.02473517685149
18.430036163384838
18.967549543459327
18.339046936705778
18.084658312411698
17.531815817448706
16.94978849043106
15.388495535598452
13.348603490443837
11.456201308189252
6.32486733608598
4.62358019246478
2.748517067910475
2.248315119263871
2.819178420098891
2.214190975723044
2.7615983793865793
2.4471118572941495
2.097668632121153
4.451927194922942
10.04703995740552
8.914245990361358
8.951488839175695
9.459672603417902
9.377285706148003
9.411863875018518
9.477869945224116
9.70269478125942
9.892425798023405
10.223214237717738
10.499538178881743
10.446880459093714
8.746235544322428
8.792732148026673
9.016589480960768
8.959555882943786
8.8073931361683
8.735887016802799
8.611146506249652
8.270503384492295
7.744062522518031
7.7513868077086165
7.0326966441733765
6.348959108424706
7.252934709858783
7.283534949403533
4.465701891893243
0.1252781723274776
0.5011126893099104
0.3758345169824328
0.5011126893099104
0.0
2.0044507572396393
1.0648644647835588
2.0146214828716382
1.369242164060328
2.310510746925488
7.583132738556983
10.835691705883036
11.717913977665319
10.17247221892156
10.171036408904921
10.193352536233178
8.598167415870488
8.406439171023722
10.162550131307272
12.360711718084776
14.003064045611808
14.691958188161065
15.089780166082422
15.302808647130076
16.05676921467061
16.874711607403352
17.53283457908787
17.68356171145909
15.767710491208238
12.007844105548848
5.728045562050599
6.938097055917967
10.17499779546603
17.768220920966666
19.73328138665768
19.86427570748384
19.559864204509168
18.905023381317662
17.976328882047852
17.13267204558431
15.567013423761937
12.938442592599346
9.880162526452164
3.476944929918089
2.447798982196571
3.39980342666525
3.4748954808772377
2.726517870673337
2.0743641634007735
2.3190610849647455
2.1478940952884944
2.5754102408889037
3.6624286499294603
10.125426022144854
8.862242724453838
8.837692718230873
9.465839592408459
9.421243734561738
9.478316207939585
9.589054172451243
9.82307478246444
9.839980187269784
10.356076459091351
10.625790754331256
10.642520195525329
8.95519849579691
8.936860419859189
9.03618501019477
9.007174526713065
8.953578647954531
8.87398146138239
8.659491658386353
8.470643526451182
8.039463052141965
7.664491887359058
7.048268046178631
6.203726756038891
6.695885876627036
7.164389950948428
6.038832081794599
0.7355782603372467
0.1252781723274776
0.2192368015730858
0.4384736031461716
0.0313195430818694
1.1275035509472975
2.0044507572396393
1.7852139556665538
0.5950713185555184
0.44964861666633893
3.3345022161386404
9.89515123676902
11.3654414858014
11.29217483774096
12.669072251564602
11.18939427343667
7.71381970593829
5.549918572652558
4.120761284543854
6.726104282823381
12.065205682016101
13.32300590809666
13.698766119144672
14.139893698606944
14.989691075485304
15.872794714644918
17.05681736294404
17.578630213240746
13.376237244965637
5.952851434535939
1.6764035310567955
3.4775273128610307
8.516459224175597
16.926173799361603
21.83375095200291
21.52189666187983
20.504837783779987
19.661591664738708
18.698846722152464
17.681886414861204
15.580853545013039
11.643613387191136
8.417582474730327
6.388769792532985
2.6764726663410414
4.032526485514281
3.308510560519414
3.525609684001154
2.73067057860363
2.3423655536851244
2.5520645036243
2.4122583255741463
3.9634358531638654
9.9940161775899
8.36012735715806
8.946168798455817
9.454978401626969
9.692841540080936
9.87490135739053
9.932478168715907
10.205007557318977
10.2046450633215
10.571280201468442
10.934324633399903
10.798385434117895
8.955162449536891
9.108660749092232
9.193092552841067
9.141552002718969
9.153579526433772
9.079578173090487
8.974531237188298
8.759797891075362
8.36617821082622
8.54250728997562
7.780659090287291
6.513399888658654
6.779692208443245
7.363609052196201
6.199313464991097
0.9114722072876467
0.5950713185555184
0.3758345169824328
0.6183757872758966
0.9082667493742119
2.0044507572396393
0.9082667493742119
0.0
0.0
0.23810145311433306
2.6985677284163057
3.85155109530282
9.566847894689284
12.444005029712999
13.3438260797502
12.273297844193202
7.848724226044248
4.586002930591835
1.9178190827205703
1.2161828149868155
7.323676246512476
12.928714341918944
13.823504795946045
14.845577375638637
15.612469008653486
16.247287246200425
17.07514744715946
17.174368240526572
7.369560579779031
2.1252075025053423
6.186723345009306
4.487207906225637
3.7005861818891224
17.81492262436528
23.996520610351205
23.47666599469288
22.52989822232538
21.217059048544826
19.835550280064417
18.029974594552854
14.410804901162198
5.859845651491717
2.5008809340606493
5.944192012784201
3.8904535906926094
3.929421404382415
3.0060889582294235
3.5089621548094447
2.784655236841607
2.342324285140898
2.0976686321211533
2.13262533520172
5.268090514725793
9.752448197382117
7.993168158345263
8.529604997216683
9.058809025531179
9.450561899325706
9.856681663726768
10.035318981568315
10.446978381961962
10.356057651229191
10.67969689638316
10.873809192053084
10.937913806922145
8.923811381139968
8.963518575974737
9.181254457135617
9.190354728836038
9.171695317847842
8.900457791324975
8.978727323537232
8.7207592420252
8.81797505700592
8.84035967206081
8.339142159080733
7.349061801273256
6.528552147802126
6.700553225525248
2.8622824223604773
0.0
0.0
0.4071540600643022
0.7203494908829958
0.9082667493742119
0.8456276632104732
1.8531721864454829
0.616877379232603
0.0
0.0
0.6133786446408066
7.007388396754836
13.055669089478693
15.658710832766827
16.22822235864
15.525318410416078
10.260691573728224
2.485816436922525
3.4612798350009957
3.6086306264985017
3.399007529410697
6.641191735405045
11.764993983367166
11.599904203738644
12.269589136064429
15.062423092008762
18.08754892288822
19.21760978371886
9.262635179357323
6.85578098871969
9.77113307653535
9.204890450158459
6.371205215508278
14.724317775349775
26.53633498458567
25.869117403108405
24.391976503429888
22.969325122220962
21.322086246443103
18.19144177870944
8.281828414149187
1.8051108259978133
0.1995694928514055
2.8819195519336693
6.13725591338994
3.6339720043566253
3.236491658167118
3.141209555638669
2.8062464606498843
2.295756616244368
2.1326253352017206
2.3766411256770557
8.173167351218556
9.303123336133746
7.737083571055807
8.778548709347902
8.874703782212855
9.459923089529614
9.788772648171223
10.254707506386879
10.359299459663363
10.643178731018043
10.928919696313965
11.211809164020082
11.311770612439313
9.09068004258196
8.983982237696019
9.33244093264376
9.217860439691338
9.239139705538628
9.269772297136061
9.296621793346034
9.243310209650017
9.14911400050684
8.975041039031874
8.622562117081795
5.941547387423626
2.5512147438231665
3.9495494111555254
4.089595469045075
0.49113903831184264
0.0
0.7123344165215046
3.4506843833348952
4.719855348843749
7.009573144107223
9.61688771796777
8.22536730476604
1.0504948049649843
0.0
4.217559845736729
13.680188138629168
15.566516223594338
16.922316209379474
17.4049055931978
15.310712587979282
5.160805680595554
3.393760804840598
3.6750762742912046
3.865265996577307
4.1372266100108055
3.985557308724798
4.9379882716254615
4.820645088139513
4.808294691556182
4.650055353013513
8.273020421747967
17.383155691241665
21.289960242065874
12.417415974271528
11.006767707907036
10.268403250065194
8.64343772521981
10.922021953892738
19.669343270064125
28.758016929636508
26.937060774420576
25.02061435771613
23.431244981401466
12.22608918561045
4.298377946839762
4.026383040783995
1.8784318305480667
0.6052300519878417
7.466652006931954
3.753273198906183
3.446975110664414
3.12240495911019
2.5867942297116313
2.144277569561908
2.2025387413628557
3.368646396355958
9.334794803360298
9.096647130760937
8.402027583142239
9.604196803594338
9.637363277139528
9.805109859456534
9.92062058901231
9.95537209840194
10.372247303486414
10.555162801389791
10.807147615868377
11.07607966491974
11.520305329303774
8.887744277740255
9.10276543698889
9.32734731928292
9.529141339895176
9.523216880056072
9.32585046570512
9.611071257930842
9.253620145935752
9.27455313926689
9.331848891469871
8.94534777605462
8.272815484281331
2.837457103627356
4.176136022154882
5.015898204447233
3.4548087511567322
1.7967264832357555
6.902064488440695
8.468335268215176
9.047744793109299
10.066542080227709
10.648750230254768
11.249839187138319
4.077962051105994
4.816562422817746
13.480144159113667
15.841475821911448
16.972774021560394
18.06384191150028
18.591332952125455
7.170950378586368
12.574414611041083
8.522106096303219
4.80422442919816
4.651494853611423
4.658516452625768
5.007366540975845
4.767264396160278
4.39027894502109
4.159375159275037
3.117704917900072
4.366070900243266
6.318654844765895
18.818108754137217
27.722340392137355
16.504415869022626
12.252614887724125
26.854607663444785
34.992385642664175
18.790945874893836
26.840200417902032
30.045139788800892
27.654015773160637
25.766572705330482
21.304742767052048
9.891110769717633
0.3481521338992613
2.000072842876846
2.120973100841531
5.092562122827827
5.170070575376725
3.2015968579028886
3.029352158405576
2.5635516638075933
2.2178281357217413
2.136262495200418
0.23392760193178852
6.985872009367805
9.439011152473574
9.064069241017595
9.926421667719103
10.170520362940758
10.010485872197988
10.021207064861521
10.139656757275265
10.245670071117628
10.780896572041984
10.979885510231636
11.402828452701078
11.713241208632695
8.962534069214383
9.054774239980194
9.124540915740651
9.311507939312635
9.31880587159723
9.404332549415937
9.550538663255189
9.403937855300006
9.547743366044019
9.350436209938028
9.154566261723595
8.486327940914505
5.966376022810163
1.6182066729645486
3.3398925989802795
3.9346672032717347
7.716605629808004
8.772116678800272
9.208955352116318
9.653120734223904
10.357945322704703
11.080704399162292
7.993428589636144
3.170975090602548
13.290554806392413
15.478477344362215
16.898910504406768
18.098790725560157
19.772073034213832
13.579361248865913
16.234239410905694
24.95647945315588
24.649273558675144
11.213070499316123
5.596462187114947
6.101354723827874
5.608339451628941
4.533013146057047
3.361019742792403
3.194124649982184
2.658630285786393
3.793503434531867
4.864470462733045
7.448585362462535
31.542582376480468
38.49023375648352
34.315474527430204
41.92059431634514
40.538175642932956
37.86347705586343
24.35652378690946
33.450948361629806
30.56975596687861
28.0089412426026
24.880284139528683
19.667615721392607
3.4073176307572135
2.1739917982829127
4.954648092100168
14.613850237056702
13.191525664402347
6.49757554595691
4.225332788495848
3.668415520681681
2.1944617641850264
0.6890299478011265
1.2795093579244228
5.003530150369692
5.722983894763477
6.665611720975431
9.874563500502083
10.410676191587157
10.332600511988955
10.47892434762817
10.226961438860227
10.612160891106111
10.723285638668171
11.067779731958574
11.182472054790113
11.473275279011382
8.897895458201928
9.08192922202819
9.294268833091058
9.270941459170217
9.498490167325222
9.454155512108969
9.765070502029035
9.31209998048653
9.4505438320123
9.404727243531868
9.00191458743563
8.484907593789874
7.466728244795451
6.875132172154714
3.122494300648249
7.091576429358552
8.465651444836585
8.840839719308432
9.351225598169888
9.937946956295178
10.486883449744207
9.241118648493542
6.045945526416179
12.259387794909992
15.017817211249698
16.429771707967376
17.644967862095502
19.106555452533303
21.264420544717876
21.03445719911914
25.74668342889136
28.143322825019542
28.75512440754198
18.549365488534818
7.122943117317966
5.358615226180507
3.660307606249641
4.227599686738758
6.930829071667017
9.22597578844625
10.851556068632672
11.99857801896624
12.256667655585677
7.596652802993445
22.82975360976391
48.025451884264605
49.114203017368446
48.72482541525702
46.94236886729821
44.17893406868666
40.78943832929702
37.786697840151746
34.17906884002739
30.615195821892
27.46066883830001
24.266293137827255
17.488297591129935
3.0497404620593493
15.707918136464531
16.581914993894127
15.09992841174929
14.058106101378417
13.11491709171633
12.128386166756718
8.118968949003587
1.7956117659805673
5.7636410513732965
6.982023127828558
4.781480623172846
3.890387482425363
8.651884386813455
10.3057855998857
10.390998237038291
10.398105370604764
10.557550575223939
10.72598495742916
10.899655007848144
10.969388511727155
11.23033606274107
11.568095660094269
8.778317813814677
9.049196724225514
9.198347466999852
9.490887033329583
9.580087676363265
9.56154877949487
9.76657050260662
9.453332622590967
9.238993609181277
9.38818294318951
8.907346458709645
8.48535509099855
7.279042300932537
7.022359807776192
7.4387535274239225
8.050875128550775
8.480245677957928
8.650186695931625
9.117409658328732
9.994585490649971
10.650837260274328
9.714220091281872
12.700453290261805
14.29808966859268
15.858152201028108
17.049618875121027
18.62985645134959
21.117615155266552
23.09572163654982
25.457433822588328
28.01199856573796
30.361448632300476
31.197539690875196
18.325775597219454
5.853110189091056
4.0325574101075246
5.79954508350249
8.632028252667112
10.429394185667457
11.770960112292245
13.223793870949853
14.951875517436289
17.264356331743997
18.64516910925454
14.782418354156269
46.265073602953755
55.86567197960404
56.03713815557564
54.43801537826791
51.23748786216498
46.71672159410868
42.28080608954213
37.76003143177495
33.761431644413086
29.949146973022987
26.45093192568097
22.88193149702299
12.616047325219883
8.353906550341803
16.763348195509337
15.58600795105289
14.247506775810201
13.237672665367775
12.327145608864747
11.649728789585753
8.35453695569793
6.027191432145859
4.617852083169623
1.6621982676064437
8.231193699246658
10.13759398698958
10.564990342643382
10.591201172868514
10.616097565696304
10.709987633471501
10.690822245604727
10.801279349265515
11.037823896810268
11.102161725688172
11.388318039918081
8.515252996394826
8.778398786599576
8.849393192804238
9.16604570957313
9.503434855227873
9.361412824891575
9.371484627441207
9.335419719485742
9.065822947453778
9.006043606383166
8.466455316670123
8.08929107760327
7.254300221248982
6.306958873453382
7.170819722543665
7.6098639283135885
8.113178966189531
8.828604099311555
8.968773490133525
9.758300844688465
10.845792151202085
12.017686999401214
13.292915899608811
14.726725740037905
16.70119963233643
18.397158234076883
20.495175842047484
23.081052193672054
25.65026914050433
27.634958066731055
30.034085086800978
31.88538430256118
32.07439525406973
15.720549917524933
4.998106985411496
5.138662836485603
9.531241494748581
10.370678922534534
11.254246520755784
13.012551497008774
14.662581137422345
16.94717671880726
18.630526417273288
19.65663778728684
21.593052990332442
24.255730313555688
59.21123861185658
61.469183954962986
61.37545878669884
58.78883123017436
53.55395771917022
47.647421835989654
41.96270703124206
37.36833145114997
32.20976207492369
28.036560008482194
24.207124710863106
20.632613358743548
10.95917338582729
11.795943178402522
15.452506171815816
14.150128710605992
13.238274331352986
12.211377296490953
11.138135648083132
10.446083864173284
5.716244636824449
3.7141623483233843
6.888489233462093
9.265405452117081
9.673860590383317
10.201310093683817
10.70084323407369
10.780054334027795
10.736273001658677
10.78869811702703
10.845042339034261
10.85602191237672
11.044195314312717
11.230642624990063
8.189916048532794
8.785691673136885
9.063705291834063
9.209203567833594
9.128183552149588
9.244212477080053
9.18510201012149
8.916761412957348
8.881466582031624
8.608017190832118
7.968577941497877
7.4836561387291445
6.3628797772965076
4.1618971787475685
5.874466276731261
7.027690969015352
7.759019869814969
8.38404653171966
8.90438536350498
9.737316193415152
10.777396366981813
11.97795496249777
13.319257378555497
15.331112917746287
17.31694664182032
19.309857904403408
22.04501710869521
25.14971257355727
25.301919765860195
27.09241675967245
30.230915544298682
32.16923810711494
20.235279767221154
6.021357579175253
3.5879342130744356
7.208670715056894
10.417080090426653
11.987694938854158
13.770845420423772
14.90700400546871
16.04844398223522
17.20083468994787
18.39266893446911
19.55016615084672
21.69536291167531
17.56473019029038
50.25147382434667
67.79529603546482
67.47335562615197
64.8223064781237
59.9610784446496
53.84781634157884
46.87492652657555
40.753810655941834
35.17777030252494
29.785069279270168
25.39223675596404
21.648798228581484
18.550571029912277
13.166847524566906
15.008149498261893
13.777944564802105
12.755692458683532
11.676358894152441
11.024141239643873
10.098368575836144
9.023880909887978
5.957483447340621
6.475391719127225
8.18251766033116
9.190137469431031
9.983923996295863
10.093065453624819
10.554777674719258
10.763728407694051
10.81967909807718
10.861151680788529
10.79900788648941
10.838495388896948
10.918834225404776
8.174634204753271
8.28642226252425
8.77361953934161
8.782011067267623
8.979660896809161
8.844429859099966
8.861375473549755
8.621890685038165
8.321265848521715
8.01266907054892
7.298500736016567
6.0067637969224705
3.8981786473786855
2.707597301664458
4.950428410177699
6.05561811626407
6.476934738100725
6.860744867057529
8.036079038267177
8.504255172119944
10.296940488800763
11.541870650185933
13.281463613386556
15.466577460148184
17.616225333417862
20.2007962185459
23.499773859842264
27.003751319776526
29.047792181631426
22.441224171775154
25.6704659638361
29.244068893875152
18.98268819514017
7.1874989586516635
9.027124699556458
8.473442766635786
10.64723338002759
13.191741000071028
15.205269926551546
16.890248613578674
17.575319314907947
18.38792627351958
18.95577534454531
18.8251853660941
20.000130658332274
17.78380449949534
24.875726493551966
68.97063096805228
73.14275731501696
70.29544501627211
65.35838076942315
59.44636994009275
51.49350293937718
43.97792916357567
37.58402808834436
31.13056742417385
26.017033614343934
21.469955464604674
18.229766740012174
16.129595392293204
14.048363346229612
12.855190675698623
11.659511149579153
9.6362561900998
7.856285857911126
6.3080701827513375
5.033378830510229
3.9433837453881893
3.7205075643032566
6.085547172889159
7.746728364454885
9.127288253667146
9.771618327708369
9.989038063059
10.564626166556657
10.677610046757458
10.495904088173331
10.558530985508911
10.493800955747455
10.650420893940568
7.716485322706574
8.314054992875338
8.405751942164441
8.499640986832652
8.589864063614334
8.599335664366759
8.525330123486514
8.200855650977052
7.941073062060078
6.973607706634312
5.6545281700403125
3.47317646812451
3.2269480899763545
5.724448495112066
6.44260626859994
6.753161682370203
6.719374811640948
7.03629861952384
7.011036450377279
6.734342129161927
7.798093971029631
8.967787692407526
10.968116447134673
13.547816573719356
16.75837079011135
20.49768937677375
24.232961214725172
28.26015877623594
32.10997057471851
32.93153647152529
21.82664030945026
31.37669934993577
27.945107034794376
7.734924294291255
10.597818769116655
9.917629950283972
11.86682212025886
14.692107478225065
15.880238806484355
17.18332148194818
18.743265181011594
19.035785786345404
19.694901297046705
19.568898807020148
18.914403907064653
17.06018910487706
17.605829160614938
61.5238236711871
76.05806623182346
73.64309790980454
69.32535025990867
62.60629629623139
55.49874631246255
46.62774933780915
38.90189385793135
31.998213434355044
25.528872263103377
19.663544456909545
14.953967323412737
11.560411260632081
9.217284410817214
7.559285925938389
6.3133123050742155
6.756680181086341
7.5387991609094644
7.656758645552628
7.6276052669524255
6.702251059864769
4.883436889526947
3.471897089773866
5.103292584097173
7.52785390041771
9.062750182568076
9.86922791517085
10.201952630032164
10.597194584594375
10.382880869198933
10.505649642729662
10.452251747380847
10.509515662295772
7.478100828689346
7.699777896285735
8.011002391043485
8.335406934553529
8.24206109497908
8.088007644389258
7.960364520300618
7.460110410582576
6.736115292705178
5.282685072406253
3.0884749487506395
3.890759460592485
5.947136376814693
6.832865421422157
6.746841410635467
6.9760309557045055
7.279527552546521
7.322341510176804
7.464977588617055
7.719554623506193
8.229749168324584
9.054450684219995
9.753013239762677
10.549378200235658
11.798207673106056
13.733941271952027
16.705153443707484
19.973677807994413
24.53126181826
29.458407423925006
31.66899889111764
21.945671925788165
14.668438673551417
13.896703687014034
9.72716425488748
10.89575085917913
17.499308451624252
16.046326632151473
18.043599980377692
18.579638406967632
19.493595211617297
19.06694065734603
19.236578969482956
19.085281745206157
17.274850796490796
16.17705740193038
17.208345315855173
40.20701083723207
74.47275239038613
68.69621706190276
60.92760875337549
51.14997145377789
41.74562887035323
32.24614121836445
24.499251546373397
18.30004101201975
13.951926563560573
11.916874968435236
10.992817327042559
10.518614733673754
10.282904051419615
9.777618990246221
9.425148548120811
8.933442612947784
8.802847282228324
8.652073829692226
8.205361824035148
8.032874567150818
7.267671622396295
5.80369224297883
3.972369317125851
4.245008168745611
6.888603736184618
8.58375621167695
9.552940240870102
9.778166153387694
10.056085018847313
10.09811393036072
10.100051865324541
10.32288130485971
7.288451230239948
7.542299460091654
7.80694117193939
7.8624955361701625
7.75842951021403
7.704770738585159
7.109443933646226
6.221107481757399
4.379242998691587
2.624250375134353
4.314080835692422
6.142524182142968
6.74346866482533
7.013516829248159
7.043153918164525
7.17876298489773
7.292422861416982
7.438277448889374
7.622071569488528
7.98105149753821
8.421392699636945
8.988011966384482
9.988659701801748
10.792704816668754
12.281535214839776
13.745503081732531
15.212806662425571
16.721312778751518
18.048695847470146
19.37519344746513
18.738036986726016
8.158831920635224
8.849664661863184
15.113203624219109
14.506507054105171
16.479232325237284
29.530931744981878
21.125904589661154
18.399515675089003
18.351288350843426
18.74083377867373
20.150126717553977
19.872813597818766
19.134165564735362
13.609414808740437
13.058543520639802
18.604837587054696
17.01520236042553
32.23366521469735
35.86232676207101
35.545322711645575
34.11379320030842
31.385570460411195
28.032668719893792
24.233810756953268
20.38478180558446
17.780714388580723
15.49393082525387
13.475050099307737
12.259820267592085
11.29878148020974
10.422341216917802
10.108588593455627
9.349613604547004
8.993113815238333
8.750391817092515
8.450595004709479
8.196024557779296
8.024196201970414
7.52439660125605
6.322519048910596
4.625378928326596
3.556493288973264
5.928410478149442
7.82635263605162
9.139091191373117
9.333658516277689
9.496942808034342
9.47653693741813
9.677123364623151
6.890041655767054
6.9918341767439305
7.13851666754616
7.282817592938624
7.177124972144675
6.663066938574255
5.638567788698921
3.6874015319460085
2.9160153059075715
5.118137616397421
6.450394810980818
6.7327259829150705
7.057269345884922
7.182586509706362
7.044572931196572
7.1949544248132
7.4009764943985274
7.468898773736134
7.795592278679815
7.970297655312188
8.34089037532209
8.858713881911509
9.80566569134572
10.730580213101494
11.817409854170705
13.113383734631464
14.452054078135903
15.977349060830914
17.234053737533646
17.94090158331853
18.658643709469015
17.687771595507712
7.561510042634683
14.085116807151794
14.870766622680216
19.845791587406275
26.7384840434211
26.910861786179414
25.83834850117328
23.164105424892288
22.49204813482053
23.6991267709835
23.353485737202735
26.38444106353959
16.54720575997007
18.177556792013725
21.680027901459983
21.551568709449967
16.63460273053346
37.40925952391459
36.50650291864079
34.02265799055566
31.130614703224673
27.861595491929148
24.37530907325044
20.770773184432663
17.96704477225198
15.989006485264898
14.080335148088658
12.983488100984587
11.77560398759686
10.86900262917408
10.140894199124537
9.621280761852187
9.444711796993243
8.862773043920424
8.511869728697967
8.440617356657324
8.315527390894234
7.936560054114549
7.784009305107444
6.99772070366937
5.2176183331970725
3.1312027146994064
4.887245824386688
7.101430111737312
8.329366051258285
8.93560519509238
8.944185834583346
9.210346863503242
6.280699410313386
6.58189371029995
6.801718737405628
6.629968764356889
6.069664252284742
4.442870581721443
2.7342634977592706
3.257997917965215
5.274188451700913
6.379375813830647
6.709791293956578
6.728601453055225
6.851682025916623
7.1761181316032205
7.171693478850447
7.275327990167658
7.267159637439682
7.392917641531054
7.565849062328251
7.964732304959563
8.316137351008274
8.934093486030061
9.664288915894955
10.327237529568308
11.215302755797515
12.517256099137061
13.494838905797646
14.769561509968703
16.002542402659028
16.86452762407444
17.479001348132645
18.186561971195857
16.972300156907686
9.655732822076791
8.874087598303479
19.002892008976392
21.201399333409874
21.521290328857013
21.74024518430932
22.03018646261203
22.32446879461809
22.977627946657606
23.077114614514052
22.304537522703168
14.062532778582582
14.78857105188872
10.086230185258998
14.106860276698281
29.0591995685883
33.929316988629566
33.56944123887334
32.10270533874931
29.966253022436987
27.302468487103884
24.221271971778876
20.996931955430494
18.039114527239473
16.529466028324954
14.470638671141701
13.079265608498375
11.795061040868175
10.890748490242805
10.354460019090538
9.785715422037535
9.53400410491191
9.12457505068341
8.690368912895364
8.67251439338404
8.371747491087888
8.286626907931907
7.805394041843562
7.758534187075805
6.767258368333493
5.638962419478358
3.573652533401573
4.09813418052167
6.3804080267440275
7.524762884076126
8.304915120292906
8.526114506609368
6.0602262767792086
6.328642367726271
5.961621666146498
5.365282227970159
3.709247019746862
2.2125856613621773
3.461140424157572
5.573919454000249
6.547414996410313
6.975595198839741
6.8966904270833025
6.879148624911142
6.87745474093921
6.969873812471902
7.070783645661173
7.201348430728459
7.335393218889133
7.56407084142551
7.6806619139590735
7.897304643211468
8.144067573888238
8.54699437856088
9.061828948580933
9.670262767713805
10.764241322180773
11.74794427295868
12.949514431725607
14.06361070876693
15.3119690013968
16.465207268140126
17.410695496705557
18.066822422358374
18.882195847654444
19.310279048511283
13.777081937834986
20.263608115281812
20.827351128273516
20.985969596957286
20.96990590846626
21.291031755007996
21.523370481979857
21.828601044581962
22.198426154349068
21.89333363342873
12.90725679219707
16.414080615128896
22.997959828336292
29.458561742958356
31.29953036360583
32.678893935750935
32.51338477721878
31.698218438709173
30.429702039350772
27.53609417135592
24.865323847844124
21.375205046731832
18.855394978876227
16.85675147660144
14.896148376509599
13.437921956861436
12.212417749734927
10.9859660998875
10.43140598726958
9.995715334338065
9.743736307949474
9.46450658460248
8.900837598212508
8.695117871611195
8.615479525832999
8.29515923210356
8.143928413966808
7.958301818879386
7.690624665539668
7.0108066433985785
5.785473140409829
4.023917071725686
3.0154895909585706
5.2565314389796685
6.668904234262048
7.515597431814544
5.025126609499897
4.79537707497896
3.9374642603357914
3.2355476518738167
2.270248239162938
4.106640940236675
5.643304724764934
6.384233447036619
6.51494634873863
6.843614241568327
6.562222267291093
6.687325994629058
6.84825565146486
6.9275275293107095
7.035154784591583
7.260235396932881
7.087842751230518
7.570406498786882
7.736811329223403
7.767458783020652
8.119325022861817
8.606293584556484
9.112382763413198
9.68005865995229
10.205692183173745
11.251373509643697
12.419766326681513
13.513047117217171
15.034131541519201
16.33831019855483
17.266242597967555
18.037008679665004
19.12002232027445
19.880046311519788
20.692499800263455
22.116913409909838
22.08234132384759
22.532063976060574
22.6114811003435
22.597663441258575
22.865875306795505
22.567957052987676
22.878468699208394
23.243161709026122
23.133373111402953
25.132760082214002
27.439110234113237
29.242111062612747
31.29169596111995
32.5137850971951
32.90275902605239
32.45137783757768
30.957667308158243
28.638746787005402
25.858326499667804
23.145413792540047
19.892960537952035
17.72698187335253
15.699982506079733
13.683359970609947
12.494603674730326
11.349266154339748
10.764457643800263
10.178333712351176
9.726670417005035
9.518295229288137
9.22708027541055
8.956477456313099
8.892021336874086
8.55590453906266
8.370078841564784
8.259052068887186
7.941603445329571
7.772206824465142
7.030094717051953
6.138401677170127
4.369444632946738
2.716305138896535
4.4861538723647545
5.8908497366524655
3.5808930989708405
3.025843131492924
2.3771778168609052
2.329976892414206
3.497227383360807
4.823760189780129
6.212486705325954
6.3209255115340754
6.621762935250547
6.404333731948379
6.761229466718499
6.8207890524703405
6.812940267843053
6.935441116637698
7.101786118967959
7.170710222683165
7.105648250284488
7.3989384507040015
7.506544593198245
7.5118161543163335
7.976081198219142
8.33344588395554
8.8336977126724
9.424732639691697
10.269493911506576
10.81705457981354
12.089123703149463
13.46645832626652
14.380075421502664
15.957670534975897
17.211240648064873
18.369220609074215
19.739722268155603
21.371922800492044
22.417412858009722
23.36500283599368
24.05902501082445
24.312823849937885
24.315084571917986
24.417298625032522
24.61722733950228
24.638599890711625
25.11207991137753
25.53537288581667
25.84726616289551
26.900960314261514
28.771457787643772
30.469907440877094
31.926933272525254
33.43472263988364
34.21145837530714
34.333037232984715
33.06572221987845
31.01795471722646
27.935531087217147
24.61343241472643
21.18761360862606
18.431566056277436
16.256232837830314
14.2709391620884
12.799305528280735
11.683500698994335
10.949122181541535
10.566131106344887
10.066931068661077
9.83291978255569
9.218057786749304
9.18611467717848
8.793447511792582
8.633261369345432
8.250014950969604
8.004936396618593
8.040877325775142
7.679539469161905
7.423937977799489
7.243128344377749
5.994768309146879
4.464332793292333
2.8379533428885004
2.6348968109970583
2.1223260949316054
1.1114734022243151
2.3369439778707903
3.9215815253704616
4.801101478421458
5.87092391910384
6.212724622839349
6.134214709233785
6.387228134294069
6.522115124827101
6.733981867444987
6.701068753022511
7.004480810866308
7.008671441764347
7.077322917116917
7.197904193315049
7.015483341582726
7.473497347536677
7.552695491202002
7.580804027469128
7.8195606001603855
8.370868874568487
8.511173929090809
9.138359102017246
9.835059347020993
10.680430425750812
11.640942729281402
12.922668351426971
14.362484824423507
15.971468259008066
17.265693295182345
18.8592164712869
20.58489166324391
22.350457120075948
23.795784453916138
25.16071417152272
25.901609916192374
26.358438989960472
26.621706251894555
26.665984167591535
26.643210901007528
26.833389968748303
27.35628515528493
27.616157496050267
28.252108552807176
29.089430634622403
30.231244026929062
31.582819657333484
33.465440339241304
35.248573891130626
36.31574496549288
36.55372613583523
35.36191199207539
34.192548506043
30.654176637799853
27.138150484504724
23.60401368226509
19.73226527207131
17.331520787196478
15.183327324826257
13.574614491430896
12.254480044290416
11.569217348974693
10.953433871494422
10.560372328932575
9.868730158513719
9.371089933325283
9.027638188434347
8.90930281353142
8.587833118487758
8.590493108201201
8.234664678397865
8.004350722903109
7.628537106763742
7.535636385632657
7.476150494304653
6.89147314119567
6.026156195232851
4.225931295856074
3.016725001024869
0.2818758877368246
1.4813659590273143
3.0178074228593177
4.325183549194098
5.12984624045731
5.542628056248389
6.2367718239503915
6.535237837484021
6.390666729414058
6.512415661886406
6.6470998934083685
6.535738924463857
6.699430740269456
7.0824873452860455
6.8758853789615095
7.285993089821742
7.356160258753699
7.433972260740037
7.635002644038966
7.548040066419471
7.87197233299436
8.02817766647866
8.52746682917965
8.985989177817926
9.658105430045199
10.365785164224922
11.187837915910919
12.747118961199293
14.080740441900492
15.959881156051821
17.414781454768075
18.911487089215072
20.86509214169278
23.473979554562924
25.28454338758686
26.982880089967423
28.08593592110429
28.506647593961258
28.945165889360297
29.18783494643972
29.016607655005657
29.316802925390604
30.03704260894021
30.548110239003023
31.17893746661013
31.93601151692886
32.928574477843235
34.16132605388336
35.51675590866219
37.42294985789518
38.328461098999874
38.881897497710135
38.61964500003244
37.46065194363945
34.37404911293914
30.02013214030619
26.20091285257194
22.25748237199589
18.507680029447318
16.15422854575892
13.995873167426288
12.7390761869875
11.8332766395609
10.989492089975105
10.854668063920183
10.390092184321505
9.73332788651596
9.327149972224955
9.23763184050728
8.769146090302774
8.620582019458702
8.385052143102586
7.939226230701229
7.8045056773591845
7.663472865511797
7.365383399008916
7.090072960446895
6.778608140388529
6.179614896178665
4.380218326735076
2.4581058743786914
2.901218848987721
3.238700325718843
4.3583532803134775
4.891064854702798
5.310339848534405
5.826294451281384
5.836090572919679
6.198862905689198
6.343697183225601
6.446063094108574
6.761611594941636
6.844205910616278
7.221165139277802
6.981969099216106
7.191474421719807
7.199153987192061
7.413044946943575
7.446599998638661
7.664000259275422
7.840165108183962
8.022886141693254
8.446029662058798
8.827215418100144
9.397905928249113
10.310799444299326
11.10230504626256
12.358388241178293
13.92629020370429
15.935381074309614
17.519990614202463
19.304734969024942
21.964490224538526
24.339439549540238
26.76716357115158
28.993257663122588
30.889927813598845
31.65381950659822
31.914774136156325
31.8390505720796
31.78786232902272
32.3913912532385
33.20198988969625
33.561315262231254
34.50310340335247
35.65330278518398
36.378574351865836
37.53243670563814
38.57185213380821
39.75229976282007
41.33047527101997
42.2562108883957
42.238431539438416
41.06314777641932
38.317305825322705
34.26462804488982
29.29304141815298
25.05509580214118
20.299637891224947
17.254338109004173
15.171668859952105
13.289026155258403
12.414407873427683
11.544703785597084
11.029838221283878
10.323663781714972
10.208129194173067
9.766621344914121
9.269016410190345
9.0557779944549
8.770823199872606
8.450837657227092
8.008072640203205
7.911182362198162
7.475727556753047
7.3690198019441775
6.9818595993556
6.565892893416907
6.432821422694957
5.6060503766948475
