5.5492708456322735
5.699405162906555
5.740025043349412
5.160958814597769
4.1716636425881966
2.14217440008891
2.538371155539088
4.058948605790568
5.717581738352882
6.224413088295623
6.06593326995162
6.0666252813209605
6.156726442796944
6.121261179795526
5.85459093819433
5.867879602731837
5.8551639908069735
5.985076918672132
5.926764787008307
6.108664526627361
6.259430999561368
6.033355011184267
6.109140361654153
6.170112324920305
6.444012032509469
6.166194791950943
6.448008893726589
6.600050057747737
6.6841847209364955
6.749791950060439
6.168245289873155
5.000251734759008
2.8484814684004465
2.551332725292092
3.016324735641401
4.321506039759032
7.509519505381939
11.412595225323825
12.956224086216176
13.373404784375841
13.828106548385732
14.671140721228245
15.21746947640608
15.594136769170749
16.006177578343873
16.20104213300572
16.30117273492877
16.148229458445844
16.038472020000633
15.862177154149197
15.19276349690315
14.467247918011623
12.756015272956972
9.903841673288577
7.413133106723249
6.878568258265342
8.21491766703089
9.70811437705665
10.999169328820017
12.091112519911077
12.46876149488962
12.471929126307518
12.591025847976034
12.708557977848733
12.433211734969444
12.185052846265998
12.103022786414376
12.021762052241684
12.079598089262918
11.797888796851243
11.335996115975728
10.998408385630825
10.679224732801277
10.224459911258771
9.150965306297197
7.519567179021923
5.894436718155272
6.327291525708863
7.186644727696975
8.119568696155318
5.932073705331304
5.855163990806974
6.0610784454845685
6.067436251447002
5.772099056583025
4.555367239954991
3.160760984399069
2.5028158584583355
3.4113523606683724
5.096538904891164
5.854590938194328
6.046308540622524
5.545781388502799
5.676124877269873
5.590516786437927
5.450716386677354
5.2934859323079495
5.443785528102281
5.2602458831120815
5.227967113320199
5.190308090860984
4.778025891645069
4.070217609746205
2.4781374776712917
1.900641005982371
1.7231501681379364
0.865679725684754
1.5801881482080011
1.8882331861253017
2.083967106005453
1.6905905498131448
0.8492648232091712
1.115110562223013
1.9705646225021802
1.8612120758801287
2.391560231615527
2.527463850064726
9.16467857142236
11.974965365006506
12.66601155390214
13.128787439604414
13.792768713080752
14.355947792457417
14.814291278308703
15.179072773702233
15.523362226689958
15.72307634869213
15.726295340578936
15.705296498037834
15.587423140648964
14.58318849599731
12.474522416732786
5.464341549448048
0.37233936441600995
0.0
0.0
0.0
0.27386081337533336
0.8569597587379049
2.3810531262592205
4.674010715461677
6.846724470160528
9.476098984043126
11.329009279810377
11.725690347889289
11.734895464343312
11.688480442444924
11.298073699057653
11.486726881404671
11.33059364621356
10.636640737206283
10.574945118015423
10.123128838450373
8.666579420375493
7.086554718798995
6.116058267486826
7.116104613163242
8.362633282250329
9.041008233876601
9.098901717772614
6.196332777725226
6.259643665121718
6.433203550918095
6.65314753678047
6.5157549431392985
5.963192464944964
4.834206285067534
3.342607860899868
2.3533572912287917
3.2486962260949817
4.676263763660517
5.406314027847558
5.499218477604403
5.0053142834529565
4.793545519098542
4.573538657765654
4.181780048846129
3.8179302257118213
3.5763908699952323
3.620111102444713
3.0862923365734805
1.582516371181867
0.7035166849795804
0.1879172584912164
0.0
0.0
0.0
0.3758345169824328
0.0
0.0
0.3758345169824328
0.6577104047192571
0.946819343909252
0.9119039093729098
0.7203494908829958
0.8609170575693603
2.298377431746684
8.817684668881437
11.375111983744198
12.367078064552771
12.92164661248051
13.71786909080039
14.3835527294976
15.120891819207305
15.512410200007583
15.544629944337048
15.505063616792892
15.139505106757628
14.903829485940499
14.427346583496218
13.110756830056069
8.735660400092101
0.1682499497695361
0.0
0.0
0.0
0.0
0.0
0.0
0.0
0.0
0.0
0.6592737865708799
5.767632257309264
10.27638534135034
10.739157060550191
10.672412432166166
10.641868514596542
10.576517154833343
10.261473735945062
10.269189821209894
9.463723329954055
7.6903276720399845
5.806924346160217
6.574581677273356
7.497004606844321
8.796464554405215
9.30720371418365
9.46623271607018
9.40171014958297
6.561602221554559
6.6192322483983235
6.80133660918249
6.733490239361346
6.660197354112245
6.537276785017437
6.167989297688389
5.14462763961699
3.8438142207855304
1.8486875465361214
2.205799419409582
3.675392160630689
4.2561711514715554
4.790021194406573
4.13734280546603
3.4584106706327513
0.8171426229468689
0.5011126893099104
0.1252781723274776
0.0
0.1252781723274776
0.0
0.0
0.3445149739005634
0.0
0.0
0.9825580698981398
1.1114734022243151
0.1879172584912164
0.0
0.8565185089344546
0.3758345169824328
0.0
0.4304585287846804
0.5950713185555184
0.4071540600643022
1.980925612656996
7.622976038634133
10.092837033733833
10.947797534635006
11.793652399633537
12.410353204584645
12.889110404184319
13.208473831051222
13.835689519060775
14.243858768605115
14.32395717675438
14.364615633066354
13.997104753671243
13.691928843516866
12.544184102494315
5.9042196617232605
0.0
0.0
0.0
0.0
0.0
0.0
0.0
0.0
0.0
0.0
0.0
2.298902825260355
9.02931483387814
9.593378388883343
9.670100509181548
9.911316511190606
9.47491004133022
9.495205536335844
8.48810692648711
5.937677985974582
5.257523415729851
6.728038949142245
8.31436505410039
9.501389860382142
9.593668021810469
9.754719429535525
9.748790639683724
9.59329139500795
6.794405750607415
6.465734537117433
6.853429538530182
6.796316391723105
6.656824608302108
6.440015450736473
6.426153733586321
6.244275735138112
5.30255499684239
4.104466043217914
2.6917622136315646
0.8914339434707965
3.220751852497262
3.9112507951774873
3.834288198208624
1.208328437104526
0.0
0.0
0.0
0.0
0.0
0.09395862924560819
0.2505563446549552
0.5950713185555184
0.0
0.0
0.6577104047192571
1.0648644647835588
0.0626390861637388
1.0175147729787073
0.5011126893099104
0.156597715409347
0.8529019832078691
1.2753454376310578
0.6380430959975769
0.6263908616373878
2.1560465391892363
8.197487571211932
10.90000276321706
11.986406080117522
12.776391692436745
13.323717585239125
14.086697808541825
14.323596467905592
14.860527058923452
15.072595083144423
15.354955786060703
14.873926359773044
14.319774518545843
13.57988876740933
11.762665519572563
4.471390785275243
0.0
0.0
0.0
0.0
0.0
0.0
0.0
0.0
0.0
0.0
0.0
2.8068021912635834
8.491716040588138
8.872099427610127
8.891532409361607
8.78599304630764
8.6159261111757
7.145440458389695
4.048534144991016
5.2060503051369205
7.155473283601222
8.38339006580097
9.508316573710895
9.962399844773085
9.935081861271147
9.937632450610431
10.07398258065378
10.273981946075425
6.957452268723435
6.935159556794239
7.072258529912099
6.9851914960805885
6.80846198644865
6.555291408716017
6.574079636521902
6.320662342067635
5.965819810494788
5.369108930126535
3.668522393956912
2.042356500683953
0.5360693923904777
2.7011376266779523
3.1455649879257823
0.2505563446549552
0.0
0.0
0.0
0.0
0.6263908616373878
0.0
0.0
0.0
0.0
0.0
0.1252781723274776
0.0
0.0
0.5011126893099104
1.3102608721674
0.4188062944244913
1.9896910655182825
2.239465387264916
1.6556311379775401
1.3568491753360439
3.8833456644818907
9.097203913723552
11.464752233589955
12.617633271814764
13.249277841532525
14.045592249484068
14.907339731921908
15.477863729913118
15.719876473085337
15.764876584581124
15.874154665047746
15.781379932465008
15.39202159524083
14.324993504942107
12.44002043397304
7.12728702039155
0.0
0.0
0.0
0.0
0.0
0.0
0.0
0.0
0.0
0.0
0.0
1.6596672622443744
8.33879085731312
8.838543402569547
8.527166680841377
7.822122803484683
6.009505253233817
3.457574957303394
5.204185325059665
7.092004800122054
8.534152846477438
9.13833473261126
9.560987092607343
9.983483513920838
10.273292562782757
10.328733504767406
10.395302352890539
10.44331468817408
6.932770067151386
6.893154552771035
6.74537930594102
6.874356866068958
6.734746123891263
6.505985890291167
6.337480077190711
5.963138237721616
5.614083274969258
5.214900149629553
4.371068147178515
3.405949730384634
2.2251024557191377
0.9745429955366487
2.033486134412885
0.156597715409347
0.0
0.0
0.0
0.0
0.6577104047192571
0.0
0.0
0.0
0.5950713185555184
0.0
0.0
0.5011126893099104
0.6890299478011265
1.1275035509472975
0.2818758877368246
1.244005260277076
1.5353707425572647
2.544221046999083
3.549606089210644
3.422804019670151
5.327117689018744
10.207010760947933
12.096092083518393
13.125624309060516
14.18704634186046
14.664237070439135
15.48853801843426
15.99358049857249
16.100118660040806
16.304696696552462
16.487772384343494
16.34973511013583
16.19865906045614
15.461929182467854
13.972505265706154
10.377092409419662
0.2818758877368246
0.0
0.0
0.0
0.0
0.0
0.0
0.0
0.0
0.0
0.0
0.38306756843560347
7.780377685074787
8.106969615969668
7.375954376324749
5.109430599228201
3.570694945882602
5.792217152188512
6.9758844579697925
8.16488021154567
8.873021002752523
9.382769670119085
10.055511585243622
10.223583720993465
10.293072467047372
10.559403484969906
10.586290058624524
10.567269863743874
6.930258298091551
6.950039240960911
6.9794014589373905
6.958708153253353
6.8666712099438
6.634265602170934
6.29577596698356
6.174656986797026
5.6134659380075576
4.878585898558854
4.445650318181675
3.937587147213332
3.2136826120863646
3.044393941499115
2.0543413630477403
0.0
0.0
0.0
0.0
0.0
0.0
0.0
0.0
0.5950713185555184
0.8456276632104732
0.0
0.0
0.6263908616373878
1.0648644647835588
1.3969658156877252
1.5370699601914988
2.5510844521149645
2.8505283627441784
4.176524559259228
5.029951592079865
6.302065200336052
8.14407811483617
11.772972224353198
13.160082264756806
14.23528996593582
14.945019032444675
15.649510399053275
16.310086193947573
16.620465186498464
16.988324253989006
17.121423390850655
17.39158610366739
17.296817139488255
17.072032880851083
16.61310139331285
15.714843921416461
12.886379375588692
1.5825590705694297
0.156597715409347
0.0
0.0
0.0
0.0
0.0
0.0
0.0
0.0
0.0
0.0
6.823973867050092
8.797485799470403
7.977035716474807
7.110836395743557
6.053605301350335
6.853645461098657
7.5986123088929665
7.889715815088024
8.218446921561696
8.99853252222288
9.875265622562203
10.219486913938066
10.532624579316673
10.783646123441734
11.00862657191487
10.717831231784254
7.18704976896703
7.031331259782953
6.855831807729514
6.890336215422451
6.478356162794517
6.391831065027992
6.129085719011107
6.031300718247087
5.260547810822128
4.681580900155404
4.880876411830648
4.104290310694348
3.561061809721344
3.6795348779388775
2.2525096047185267
0.1252781723274776
0.0
0.0
0.0
0.0
0.0
0.0
0.0
0.0
0.1879172584912164
0.5950713185555184
0.9308304637304952
2.034042229619233
3.320394968158608
4.512392456786568
5.503830653359179
6.253375187005786
7.125730584031334
7.993388202687802
8.834715097107647
10.078484645117797
11.67612474390961
13.074546845431872
14.14053563106832
15.06494153012305
16.057018411919294
16.393409594820575
17.07617822293621
17.281508334878573
17.879254981653247
18.523855264618987
18.714955368550275
18.77822433933298
18.463219110523713
18.43906485017671
17.231411839650583
16.321368100718267
10.19089463992337
6.618599803272627
4.591867097901369
3.4011789968869457
1.363179239717828
0.1879172584912164
0.0
0.0
0.0
0.0
0.0
1.865968515409377
7.284160382634175
8.934227589088962
8.3992205025562
7.535310403142842
6.61683072820916
6.673765450739083
6.556256216656954
6.250278119427213
7.059862188244791
8.164282370289653
9.625314857010473
10.50858736086715
10.696500000711602
10.808075741622655
11.137165402603678
10.797497932288357
7.096502732042133
7.032205016089734
7.331001490988421
6.988890498894986
6.524510948630611
6.201760654804922
5.5410002486675705
5.121827836862638
4.118452085589178
4.212179782505788
4.100656811641438
3.67492515014934
3.415228223016199
3.379342577472725
3.6213768774984967
3.300138622071815
1.1159452198604765
0.7312403366069772
1.445565330222089
1.4420519758560655
2.1052250434907287
2.2546928788074654
2.1840593525543484
2.3300641886933318
1.7785106068509124
1.51188284492875
1.6852628296100927
1.5186401063852366
6.116928731090339
6.834926411483498
7.152648950980472
7.594104121078899
7.699960269815728
7.826249495905666
8.538333539663437
11.629070220369742
12.945535821407468
13.894736017122995
15.275756334867786
16.051740365405344
16.688200011738534
17.396153940633887
18.009310383805854
18.466693212806273
19.173421605622288
19.985847902716145
20.5107281493921
20.58786004636781
20.23752758592972
20.171454962709717
19.729839419613096
19.11670173788061
18.152899460066173
17.242223389296814
16.701422796698385
15.968300540844142
14.840449388348738
12.94134335227302
10.486734891611581
8.005736056033225
5.044413074860549
3.510252757320744
4.9784867988469115
10.003982592825846
10.138647488293882
9.51617364790914
8.564557725691202
7.483821456309526
5.232202223870133
4.903311616454597
2.2795469758543483
0.1252781723274776
1.427528089294174
6.801619213955316
9.761392762062671
10.753094147547726
10.985454831035561
10.97276264878104
11.114193454093114
11.21126579958491
7.1558484014781385
7.017340354056788
6.84373652098531
7.008179813680706
6.623247747963707
5.570922143168496
4.192508649679676
3.0588977883821182
2.0756569210349283
2.425813150325524
3.7249466273792673
3.7149870036590675
3.6020149555140586
3.6568290032186845
3.6660801773410596
3.821120022190702
3.8454978732787737
4.114520735290611
3.9768525929343346
3.598249077760375
2.222104976821697
1.5337582365332114
0.6802328505313148
0.1252781723274776
0.0
0.0
0.0
0.1252781723274776
5.1519984025579815
7.467279329193393
7.621612346150214
6.1126044783834965
5.915268822450818
5.029609879198139
5.080792389254169
10.136755670011004
14.03504619412895
15.264599688872355
16.091213935513572
16.721745946555796
17.61142625272283
18.290347870168976
19.700970792688743
20.31464879205369
21.144069648948857
21.920126194163256
22.316382025621444
22.586559622944527
22.756086765929407
22.487315179542772
21.974166848551075
21.639192864288887
21.213343892429357
20.62231205587016
19.69236585190503
18.924262365092144
18.10404422491839
17.33324177346128
16.374594938376127
15.355645673036525
13.84627806546311
12.443258268901234
12.018698178319653
11.460131339723647
10.844700569205816
9.878675408278475
8.725744146025153
7.14636731461715
2.1347048216271665
0.2774567048298062
0.0
0.0
0.156597715409347
5.43360504397325
9.734892240188655
11.005325195274674
11.4596942336554
11.463921870407626
11.5864869621626
11.516471897523946
7.205847455669112
6.970966568499687
7.028725012996343
6.780562951249652
6.142921087093804
3.6947707508252607
0.9301906011860854
0.0
0.0
0.0
1.1497047349406753
2.880729559125411
2.8657667232675372
3.909427694667744
4.167511682485496
4.828243764161009
4.896184833904806
5.253539421767056
5.276145591357067
4.455572177812818
0.0
0.0
0.0
0.0
0.0
0.0
0.0
0.1252781723274776
3.724789959403119
7.449780539170261
7.703798602976951
3.3725872666762604
2.2260586394484005
2.9859042033434435
4.060238363578284
7.282805141419457
14.735504725742771
16.171126442811147
16.784769668127158
17.56385375460317
18.683409048218213
20.286694795193096
21.240134278102634
22.262486290549624
23.255130446004635
23.994613349037582
24.383808289751634
24.51849842476666
24.545213528317525
24.53490499475941
24.18539883273203
24.206382528781972
23.52409148737886
23.002722806935402
22.403686323183027
21.541434675600264
20.680399471312587
19.83082729299373
18.380370143737785
17.387510649865906
16.56605220588742
15.245968141604422
13.998385575271659
12.914041880730485
11.74983812998296
10.433646618203936
8.549480836374782
4.091357859379198
0.0
0.0
0.0
0.0
0.1252781723274776
5.853970548775621
10.140270572897137
10.965802119156494
11.46343942385518
11.47902773877892
11.453757211024493
11.578093501226252
7.095027847791208
6.91009522699905
7.013134701025022
6.528213272105293
5.352235753560587
2.2991435038847654
0.0
0.0
0.0
0.0
0.0
0.0
1.1223229794040714
3.1761681537000928
3.780318000539853
4.652883327136664
5.121734080287529
5.321903244274135
5.849456997634562
3.7448354839837155
0.0
0.0
0.0
0.0
0.0
0.0
0.0
0.2971652820957116
6.164139889393361
7.621449998526947
7.859592374570987
3.368576035173633
3.2301700406200142
3.8049540917576388
4.835990374085588
7.633725750313518
15.320424594042406
16.679820342005304
17.773783154438597
18.924767649776978
20.462148238104422
21.905272885256796
22.920113463722046
24.03128601297295
24.630845427282917
25.323495544366075
25.994594104979537
26.329840120392614
26.466495200641553
26.297364782420033
26.3327049237283
26.045336435842504
25.61582581905897
25.250947686764924
24.801924629570387
24.55490177985203
22.997416930499305
22.011186948870066
20.947346216684338
19.254492242767917
18.014075635177345
16.726571275344803
15.756055682932585
14.270341842749076
12.762683029332718
11.08087861176778
8.818638488841458
4.449767574063865
0.0
0.0
0.0
1.523665330859662
5.645630708316119
9.39794650265665
10.952920728542942
11.626951581690273
11.889722283580765
11.922057356594554
11.9823132967008
11.90598057840273
7.232058170133715
7.219882420548727
6.983224983746021
6.750192694718884
4.533675585096328
0.6569696503551616
0.0
0.0
0.0
0.0
1.0335449217016894
0.6577104047192571
0.0
0.1252781723274776
1.4427762704697795
4.502806512114781
5.471793945824039
5.732168331437152
5.618670781640144
3.8420433606759237
0.0
0.0
0.0
0.0
0.5433024438436483
1.3219172810493212
1.9147814184245675
1.5687964197121107
5.390622065791482
7.774403322144152
8.362704136921659
4.244258912050447
4.533890987346044
5.212016157801199
6.1128842250303395
9.091231827438866
16.154466019334162
17.787568624579528
18.91043166343681
20.73904158566548
22.369555250861954
23.812073453869683
24.63871128647481
25.82734666960033
26.382649618817673
27.28581843858771
28.168305756075753
28.75555005454836
28.629978053073422
28.72567578075611
28.754997792405756
28.286225442233874
27.896885418394827
27.720905938220064
26.839610645642576
26.306463916062494
25.290094368279597
24.6324502623607
23.09830136393911
21.356050506895073
19.989646623521374
18.330912754248672
16.729263553767808
15.696153536772837
13.756148227398155
12.052808620982223
9.586140018792667
3.907047343738634
0.4537629975050586
0.0
0.1879172584912164
4.349652488052611
7.863262435258567
10.134597209766435
11.454850169327353
12.100150946498463
12.171574849431613
12.189098717395575
12.385202922895912
12.284869593526482
7.322797372580461
7.353429489972854
7.027617234834831
6.34433092573774
3.8139222212301114
0.0
0.0
0.0
0.0
0.0
0.0
0.0
0.0
0.0
0.8404470916672472
3.981739295302843
4.934229386772174
5.738736446413397
5.952513480331989
4.605892258221298
2.0142016055014547
0.9693417897213099
2.9739401666549337
3.0960934931110216
3.55102040151315
4.458632198429351
5.492693526825384
6.104147255681878
6.674704950646836
8.631790799479528
9.343423205799017
8.758298991067287
8.25152005492516
9.756934029791916
11.449762427763554
14.293951649689271
17.571004685080567
19.071713430451513
20.764917199944136
22.68483692231643
24.239591787186118
25.494306081652137
26.689798350974783
27.627850869576147
28.747659197262376
29.47224307120452
30.152969029927803
30.481123215019156
30.410099547248226
30.782037671745435
30.85351484227627
30.629429246840985
30.129253100238472
29.661007039577054
29.16552446317563
28.55618552651542
27.28745302780198
26.122634846404143
25.170818322621777
23.512247816430666
22.04133950799745
19.816486515471656
18.032930562407415
16.64703650211936
15.069317466798731
12.789377079579515
10.251199241359938
4.644272333800397
0.0
0.0
0.0
4.709255262883083
8.843272009954603
10.909530921926905
11.804687184664441
12.203813572405613
12.449140835276413
12.481890183252803
12.676348471259978
12.460135277974047
7.413106136325383
7.365383399008918
7.0638622459822935
6.4045105014947925
3.576172375993695
0.5011126893099104
0.0
0.0
0.0
0.0
0.0
0.0
0.0
0.0
1.8135292127478166
4.030432584128476
4.504183678620283
5.834137573113903
6.240804933409746
5.9243536178010325
5.889726933425236
4.651114950725825
4.785330767847817
5.044767968244392
5.386099607436156
5.826882324321238
6.590625598895047
7.360573781738451
8.642921095546146
9.726493767437288
10.65234099630211
11.544467903602339
12.51174349218538
13.958587267943683
15.65425161194062
17.168897526436208
18.696156409631126
20.760928451904434
22.95814319551128
24.228601597323266
25.881637918531393
27.55581232652244
28.83575980887714
29.76460054438796
30.938899973120666
31.611798582879125
32.6540066450316
32.837857560813276
32.78526766709199
33.362142851405956
33.15285034595087
32.631424026627585
32.47458413197881
31.8774422675518
31.010711656131637
30.480363544784957
29.42472734156499
28.396815586090533
26.71341397795519
25.483684691357507
23.908427759666633
22.029015021350872
19.834185052665315
18.110327066308617
16.085132438608227
14.040172286699187
11.446354883426704
6.14309507634262
0.1252781723274776
0.0
0.0
4.276471861523466
8.61280039475603
10.987713475510414
12.0883400528077
12.606638010476544
12.889292649108231
12.866043942359306
12.76057014300312
12.6925403324671
7.639094909377889
7.339856478149809
7.17199798506072
6.4247578762260735
3.376271253270324
0.5011126893099104
0.0
0.0
0.0
0.5011126893099104
0.0
0.0
0.0
0.0
2.2888675589797125
4.037255618902387
5.200381448361726
5.965365716638843
6.204362748401699
6.316211666438694
6.273216960852383
6.339664073766247
6.498482258547573
6.465283954043686
6.622765109210218
7.01030844726967
7.688211077881526
8.427137357012063
9.396177028366772
10.384383429962108
11.754072316021196
12.902495231368256
14.236639392661479
15.6210410250514
16.753913330557758
18.177882036583405
20.090800826834933
22.159963828473877
24.342242738202145
25.84123503218246
27.76127158330472
29.172842052078256
30.88261082034036
32.42501856021511
33.40944833029671
34.25068583867342
34.562162123397016
34.7206016515901
34.700566058835996
34.82216764199795
34.906999146380514
34.176651419967634
34.06363968824536
33.591409785283446
32.820671147798606
32.41785265247506
31.54598881492586
30.246689799288312
29.054941510341237
27.322850753361298
25.973742232187767
23.85299496295267
21.824720453026565
18.936938342336934
17.16581211806491
15.174218249331886
12.156741535270534
7.856110445597695
0.0
0.0
0.0
3.699091824096478
8.698546875895174
11.193629814184236
12.304600229479885
12.845898066552277
13.173193234454411
13.199539050102267
13.139350122737444
12.94019646127114
7.745252624585141
7.701604163946592
7.308190316776426
6.610325418592487
4.399465454610427
0.801091839951774
0.0
0.0
0.0
0.0
0.0
0.0
0.0
0.0
2.3112042963427575
4.261874678753761
5.532387004855333
6.337599035947409
6.432345587668165
6.604631806199066
6.588611903314675
6.655177136652858
6.771567781952949
6.878662323740423
7.52402379549127
7.906054063968124
8.610378655405817
9.432402458360691
10.291432533614238
11.356015268806754
12.498775257855636
13.773577148287535
15.117960606181242
16.61593699882024
17.9223718817994
19.64182985865401
21.970506739138475
23.810349229903778
26.09078710952251
27.848549695728288
29.95145828726358
31.667831410814802
33.392107475785245
34.52558680344545
35.5844360783074
36.22163848040669
36.76283566996385
36.69619029189716
36.34231316897482
35.89699478366152
35.57624041046702
35.52851131792176
35.491741999822345
34.766330768357875
34.6152155102479
34.183757789733065
33.65100748740202
32.498060885530656
31.523973544811508
29.57909653761635
27.713483306063374
25.685304022714348
23.50764262605333
20.796936208304565
18.481387657098217
16.28234113261775
13.381129021911798
9.341242324335337
0.6183757872758966
0.1799021841297252
0.0
2.6223750284154375
8.238327764700436
11.306807777369217
12.700107069898419
13.36610346865531
13.319648614731342
13.209612571944719
13.426729198508706
13.231228893301724
7.9419254221632505
7.621740215336787
7.576148602686597
7.117032909224043
5.879935608760016
3.695688122308212
1.7529622699831402
0.9082987498312424
0.4384736031461716
0.3758345169824328
0.0
0.0
0.0
0.0
2.6010812311632048
4.404727244495815
5.842591577865073
6.334289931930716
6.5815368340298575
6.7851043201818735
6.927145401087573
6.971884014719539
7.217160569506396
7.450897549341414
8.021480169563755
8.530380771172425
9.158878405901188
10.044865984526066
10.902921491803111
11.95284548489085
12.965358286482855
14.673921973911302
16.010465566341978
17.604190234888176
18.969626838590496
21.28184391256421
23.505453028719046
25.48520976656174
27.68522401228607
30.096644317729723
32.02766721574368
34.151156117423064
35.76753269500501
36.839096571508904
37.344896188328335
37.740502139183185
38.06232968192324
38.11080769071404
37.82655044163778
37.55361831669071
37.110412676791896
36.68612221619752
36.384704679481466
36.35028731527538
36.05004077369452
35.87455583508079
35.35796821703813
34.57001367679251
33.61744771441419
31.952272091310125
30.041042082372794
27.668192101487403
25.226202070116756
22.573101419833744
19.914494747023397
17.162529017010144
14.39982808972626
10.559991150984061
0.5264917030556828
0.0
0.0
2.388606984670159
8.357858263621404
11.469570252876526
12.852590703019102
13.328605823718224
13.60490284925261
13.71413859432074
13.708725139607946
13.410219430906606
7.821388268082658
7.690557008269739
7.969107553245081
7.785237447875467
6.876731333578082
5.862242317967059
5.464432526347045
4.659459401260763
3.9244640566588314
2.1525260464677296
1.4623888680383095
0.1879172584912164
0.0
0.5360693923904776
2.8150252467733714
5.7364028076861215
6.208597527132216
6.667153464640364
6.916089241729527
6.731833308815902
7.3868699981589545
7.19544605289684
7.601292690073902
8.056254672485279
8.411767450100731
8.829813797483212
9.59334955958263
10.288967142337428
11.28606959239575
12.304848803590751
13.586027021014074
15.247954121145955
16.756589525943163
18.40733370891312
20.056284681465627
22.67142789407049
24.93889841247058
27.146084950956126
29.792131703085545
32.18593469145267
34.5438836103183
36.34955670779996
37.589871517883566
38.574392750130876
39.022855528273844
39.11274526581681
39.051121980271375
38.912544643131234
38.751154033075586
38.40065460370902
38.00388650739745
37.834406285968605
37.59143070426558
37.50470078553864
37.42271351383722
37.43135703901996
36.98922200894655
36.29406467410837
34.9634063280344
33.64398110333388
32.130661423689034
29.580055280287688
27.040103753140052
24.288482473019748
21.52209415253852
17.948501181975978
15.516928094032837
11.419448338944374
1.5815160079569814
0.0
0.0
1.5623784151353564
8.080874996127333
11.73289296937785
13.179172628351571
13.71045981227521
13.832610668217082
13.886389422054071
13.646904114657405
13.494189649049591
7.657694995932098
7.801369433774571
7.76900519863153
7.5920176061888425
7.158679738638662
6.74798779530488
6.7357830087001735
6.307467663777905
5.691991637008141
5.098732546165017
4.3646114457227245
3.49352340842346
3.3584199948535347
3.705950390765152
5.288690720010229
6.230987070600605
6.540117634459991
6.807384252554592
6.866179581860159
7.253799534684738
7.610391322077205
7.599306125699443
8.05517665620121
8.362357262441709
8.72730702208368
9.157733265197907
9.868540977885091
10.710931361744473
11.769520728637879
12.858277938258668
14.08829809167155
16.152931635158026
17.06747221694883
19.039193861747034
21.693022796356388
24.168510583396284
26.53713423853828
29.1785815535136
31.690733022282686
34.344937479668296
36.472951962372676
37.97704879820903
39.503764789879604
40.38628670743332
40.57556792051171
40.49749022777619
40.6073891292116
39.984475751318364
39.60308068110055
38.96593022292777
38.73717593476992
38.57101547121543
38.4024033294272
38.17101774103558
38.35989412789838
38.02015385646002
37.85993133770208
37.69296629142922
37.00033582861868
35.893128133117344
33.927263613492
31.843097426533607
28.926225108438786
25.642939420175466
22.818423312793467
19.507785091495464
16.714821751908957
12.416282878222543
2.3029345842944116
0.0
0.0
1.4027148924611386
8.731790072147334
12.258227190682753
13.362916463611047
13.806999883270459
14.00331179664801
13.89661741035631
13.9610006766282
13.923800535346885
7.87561721570646
7.9412591929252345
7.8240321690986825
7.79651868386511
7.232549798217353
7.071324526895418
6.668155638600036
6.52640579668945
6.329118202753063
6.2514007494407675
5.514667694210505
4.4204965763157915
4.750418879781767
5.352895434061449
6.1802023830785275
6.513918922825914
6.666135497623842
6.847313244382728
7.137578108539681
7.417700371726101
7.752571475149711
7.994728702792326
8.139492972037933
8.490719725852566
9.027938649153722
9.417850013810314
10.12724226286191
10.800899365079422
11.823074219369312
13.103186335579203
14.886273291301631
16.49502553453327
17.80158304442911
19.878168699104904
22.688204744993975
25.532796976980055
27.97665219722946
30.883682661200332
33.633349964729106
36.36629067243316
38.3427747538497
39.834453014162506
41.204608379119236
41.92109962864426
42.222405700255976
41.998469407535296
41.759548229953424
41.100141350978134
40.43108968677935
39.9150514481241
39.37761299280766
39.39564454983024
39.08841806325368
39.16305073109857
39.09390528577619
39.05782434911543
39.01492833735009
38.841702723722015
38.23406705044172
37.50481377121687
36.01294831496054
33.8379802129577
30.942249148124567
27.387772469434754
24.403373232085123
20.93466505069339
17.542797060575495
14.272030850303796
3.242048205293749
0.4457066545993423
0.6949236508900176
2.832344300257266
10.286593059123211
12.873166696899812
13.741017348938927
14.295629453794277
14.286019090358167
14.117786363452316
14.003127351252019
13.698700011391605
7.882754838603224
7.97343090939092
7.959218846746615
7.8142693998220185
7.735558941548289
7.0653371302332175
7.05901685849848
6.66313542114065
6.708262781064027
6.3773745540943505
5.914200619892643
4.490193054994067
5.732512189937494
6.361079926566082
6.540427517606195
6.789363294695357
6.826946195702947
6.748545524426715
7.123263259221801
7.452082279746596
7.717739139351568
7.610980938484742
8.140451354558989
8.53516128796445
9.187962893220199
9.602122829156269
10.46553321271231
11.17002149505708
12.522145066541972
13.53395997048161
15.363935736086106
16.895015595711005
18.612383269038162
21.298567383434975
23.86756799927328
26.69364327077583
29.628779287884054
32.75191508847171
35.72336984190857
38.00765373864039
40.09859046819126
41.84088885623689
43.014067042543275
43.68396480646342
43.87307609676062
43.52524978787842
42.989629347831944
42.665501096155616
41.745763512125755
41.201121051894134
40.5221911975822
40.18712147795822
39.80031619429876
39.77383435144077
39.86993513937617
40.06657299057153
39.8252414663027
39.76420600185561
39.4905031554715
38.738467080109885
37.72867227876087
35.64008493742526
32.919979455157936
29.427243866038765
25.80762873721808
22.258443794524432
18.843563932430207
16.304969233833845
12.578009232635743
10.034921322580567
8.132715371814076
10.75071794900792
12.62205721328395
13.480269000181483
14.019284576522573
14.338407636780419
14.329417993426985
14.378309862115506
13.917484883578394
13.880803474045825
7.776133444210243
7.984296837399981
7.967058703262607
7.9571636089519515
7.42232390491867
7.334673659603665
7.089089704279611
6.829348464902277
6.526634255306652
6.460570108948304
5.868307248452176
4.937693022847949
5.98821258530125
6.397547084083046
6.5864128407795
6.8473818951580805
6.711319806849131
6.729462736965437
6.592986823084483
7.08182702546274
7.650308488097603
7.71529127794742
8.204698344209373
8.697545737540713
9.100113927331812
9.658603261360224
10.371312707213342
11.276704959962094
12.514612229934361
13.805303630838521
15.574272555159261
17.386213252785073
19.474804613042142
22.09964776911263
24.82262465455116
28.07293601292841
31.287458231510026
34.43784274521413
37.31761252300579
39.65536009750709
41.86388962368108
43.565701816797
44.75192899596649
45.12111111435996
44.99770903939144
44.84208421115546
44.37702261835242
43.83435678642008
42.849967594298555
42.36345810168626
41.687549890938854
41.06809174630854
40.68684471107869
40.83036530593876
40.903290997472794
41.08159035264378
41.06518071342664
41.148931797163215
40.91166880777768
40.31254895723943
39.183040732152215
37.29912149364606
34.56739648261408
30.614269829738205
26.823427639265628
23.431571654492853
19.850580664280464
17.050755114590416
14.503426852200947
12.358345715882228
10.185531441140002
12.42038956588246
13.170040874116538
14.043799295998541
14.54640608452941
14.585076814667696
14.672351395611676
14.476421939774832
14.221464421098236
14.003241919766095
8.017803756591148
7.907294793377492
7.779163989824005
7.773158189042474
7.504470783823741
7.216441023963235
7.214471670800749
6.981969099216105
6.566741397770643
6.333568878382003
5.410348995994877
4.605932285947175
6.160629597210413
6.451087101794287
6.723797221816473
6.947800100263712
6.817253178158073
6.906396224184653
7.086631563861406
6.690489199614382
6.924561664941237
7.7011801931328785
7.987752068312394
8.346365422187208
8.938033393412642
9.379097875929702
10.171087779646195
11.430590456008984
12.654905197683744
14.099521287579284
16.03353452686349
17.563768550367374
20.000355152368165
22.64911316581682
25.83085653045883
29.359100674107154
32.20836819273375
36.084502909465854
38.79442565496538
41.10729749090214
43.55587993686712
45.50652651913581
46.814635012705736
47.27862152010636
46.33200665986774
46.21565689189403
45.55576354100578
44.679407891730904
43.92447561127136
43.64061723740889
42.835797837575925
42.51199757361422
42.134847581808515
42.08038896805552
42.13841540007695
42.1103710873353
42.06655501671335
42.424508539209796
42.18731596453151
41.41951377293205
40.37290578852801
26.672934091750548
36.10564720046973
32.04111920642717
27.922867217231833
24.20566943432441
20.7994126929745
17.890400290670605
15.828195432009045
13.467551107521048
11.059595094127733
13.041573419474524
13.715296940811978
14.188373969536467
14.612261182257079
14.748508725931783
14.683250652454866
14.432419288626779
14.28470409474625
14.019490854621626
7.967707560127331
8.010337769048506
7.849956540843476
7.739841874837163
7.478964948266641
7.209288852254602
7.109362275232612
6.745761434164159
6.540640183166545
6.246665163174541
4.793720181988575
4.614851957065769
5.797764122400593
6.3330666312914055
6.735009293357703
6.503608873044881
6.713327168268846
6.945848610062874
6.899693824226779
7.3052824046074605
6.709584239216768
7.014004031817769
7.6344075930054185
8.18835424927604
8.716819334642611
9.435894314730245
10.373876184637197
11.305858617380196
12.713798307733686
14.018836811400451
16.129492630069638
17.788932134609386
20.371531698897428
23.71469608760753
26.894382947035226
30.167961673140503
33.688967340213736
37.35895821681129
40.10829838740301
43.05028592072914
45.61013507406801
47.45783650481021
48.61486104167535
48.879717332357544
48.0163399128025
47.90133238238158
47.500974560643165
46.14643302256177
45.44061722356287
45.0161186389771
44.191996650679506
43.87774813180786
43.329368065256695
43.134277142193675
43.12799453486565
43.58521199427998
43.42982936982143
43.543105108649804
43.36629504695687
35.534045690280415
17.115591269331876
30.499935717749253
37.056896343957035
32.96308994544168
29.12849491599793
24.87150173944342
20.974048515267874
18.047427235793617
16.27639085808449
14.122297676656823
11.455408108801276
13.164585998724394
13.777851117904776
14.151728666058204
14.367789078205986
14.44356676464528
14.414779379146749
14.251809679959234
13.976267980938234
13.648732336876467
8.011837721218987
7.979266344437548
7.646087840416732
7.552592068252087
7.434723711615465
7.257936497184463
7.057432474387052
6.684585766952021
6.460689067705002
6.12750002700126
5.01453464704116
4.292893602104461
5.8180872643824895
5.687107412258324
5.76624648593015
6.284955930214747
6.363988671970991
6.467025132496589
6.708789119996908
6.273215344941695
6.83830247795392
6.301059633353511
6.702587659140933
7.6537268478675555
8.470406119576554
9.384850533036722
10.111266089065545
11.279392950720226
12.683131950868278
14.408209322650942
16.071017767272313
17.946435119360835
20.830646565076275
23.895841405722724
27.482094422914486
31.014034201381968
35.322106522453296
38.70987260010576
41.71027550972185
44.723407227759445
47.462462993212334
49.59192341043878
50.60318882478417
50.65260064431615
50.18292108597743
49.92194562215069
49.108526641558186
48.06110442442268
47.11562261641795
46.331406906766354
45.80763939183174
45.23216435332759
45.12961710932329
44.57329750042216
44.3213756331168
44.80350672717829
44.85431759151849
44.7590889040025
37.684200089624014
14.21473168703796
23.716692222954762
40.75815918668975
37.9800554582578
33.928745763003874
29.36329257691968
25.2278887517138
21.213584376983547
18.53461728580521
16.500351003586562
13.730150698861618
11.461222125040647
13.122360015205187
13.515594611093777
14.133039180255269
14.327775114289102
14.350015844793896
14.279223869443328
14.089807711454007
13.971119869460837
13.762032386239412
7.598778731935822
7.719647240168151
7.468070419838823
7.238979569812594
7.203350708743005
7.145710695587677
6.925084411026228
6.647337810921764
6.260548621495537
6.038838907270493
5.212751838003305
2.861027740231354
0.798358076021559
2.428768038091589
3.4768913907474093
3.0452204779406475
3.0591396570516047
5.570549846081926
6.24001570445455
4.824637765201724
2.7233980244808538
3.0726209475421142
3.7994167372838517
3.7662963507680502
7.524242825905402
8.572473586716383
9.66121524762586
11.14519405745407
12.536877623221423
14.089730540427187
16.24233082462918
18.070091429255562
20.886924464467494
24.635375966549937
28.127631369407286
31.780364997621472
36.14229550021877
39.738716311300266
43.15027781081067
46.35370727431095
48.94929658995167
51.65418791302303
52.477068197044524
52.59330848954526
52.227711516955
51.63668976062473
50.642141742530605
49.868942570355784
48.73368163565787
48.295933760747666
47.63472526476623
47.07184203957957
46.58077802334554
46.138471323678175
46.358889952684
46.393908374282525
46.18903158823495
42.28798445022112
17.212913670255038
12.965950690056804
40.206039979093795
41.67779956587032
38.70385750127829
34.228922854182926
29.677064450375852
25.420888859401188
21.5289656940531
18.518301668253745
15.743559357600143
11.38386046939371
10.787071650340176
12.672899511896095
13.255782852506766
13.784441432403753
13.957547668277662
14.10071368619763
14.218915265172207
13.870392308902225
13.804143445687677
13.64654042248967
7.67412871941393
7.6419901404517905
7.577203390213847
7.190227468670714
6.923446398273172
6.5415486503225635
6.701450881245649
6.254309774289803
5.9793463925456924
5.791338499135076
4.347436477293456
0.6685806161711259
2.50450545195687
1.7836499098499132
0.0
0.313195430818694
0.864512949023833
3.36040345597276
4.630153579259959
5.362300023081689
3.963327763827607
1.0785279105094676
0.0
0.7065346167059816
5.13692001028609
7.280415781850209
9.303217301695389
10.927142719708824
12.194444306668352
13.97004541997459
16.224364877849226
17.903454469665977
21.08671527657411
24.7621329680746
28.099982489456767
32.304977705052266
36.835480460490565
40.36357204055775
44.158807999506756
48.05068783859037
51.28512076872108
53.63284907182327
55.74897232385174
55.84303230259225
55.20121961982536
53.58764254453048
52.32277394883918
51.59813670351801
50.6129259143413
49.70897812572069
49.33847116991629
48.8145574960135
48.35264446207132
48.203223464161844
47.91904208299704
47.95114337285216
47.82030032473429
28.743276978380017
7.656897415544877
8.117093307665364
36.656796898565666
42.436324781905725
38.525430712789266
32.836241501588134
29.459962560890574
25.2138935915224
21.06577605068796
18.053452796351568
13.101650556173388
11.087849831987432
8.237540973985377
12.20472738265278
13.07402957691074
13.544548329309636
13.644565239941235
13.772339622076599
13.463429995087889
13.484284328528092
13.505577173609488
13.412685577880223
7.799481572208941
7.5921529207287035
7.488922328185301
7.3660671926144135
6.86502373829455
6.607638048633954
6.37723034338461
6.213319416622839
5.930280862861547
5.973442680439206
2.426384594828326
1.7583631358365575
3.055556928476619
0.567388935472347
0.0
0.0
0.0
0.33649989953907217
2.554135338265483
4.719334349587204
3.8056493329290464
0.2505563446549552
0.0
0.5011126893099104
0.8994902863765127
2.2425448299050226
8.11650324744153
10.549721615031238
12.197988061856515
13.759909507341588
15.800332483276021
17.77276908644368
20.95638855315698
24.382189331995328
28.47343617710841
32.49341191086475
37.230001272489126
41.153686938129745
45.55895942812531
49.16353273686313
52.96231302138072
56.82396782510453
58.42152054899677
58.856930833417145
58.13599302742898
56.97749811322252
55.48019060694699
54.226163638388826
52.467377342943834
52.06183745251907
51.67572406568226
51.06420997320241
50.281217864656746
50.2056258442242
50.01520494531916
49.68319912087092
49.457749906386525
12.110471762969478
4.664567238206307
4.895832929364945
12.583106498740877
16.5034282783198
16.435223647040377
25.733692050274296
28.78074984609389
24.491856777542203
20.161754613180374
13.505890805909559
12.644537038532865
11.792321474157111
7.731770991976201
11.669276990908093
12.569828938713853
12.760574378678152
13.089052161491816
13.297606649008678
13.047953247206427
13.193516004250098
13.37358335588383
13.443466998421382
7.701770586989442
7.557076412814762
7.3653118676489555
7.262240515775348
6.941752456891609
6.66122478002496
6.33700424216392
6.3013982792349585
6.157061577896193
5.07002002682968
1.9614382031145838
2.859475642101091
3.5589478779835813
1.8668749116999017
0.0
0.0
0.0
1.5776293884536574
2.4382115886637754
3.129454149917918
2.1847557439899288
0.0
0.0
0.2505563446549552
0.8456276632104732
4.929723763193488
8.815383399010383
10.271585840281453
11.920376647932876
13.401607733884473
15.519972399308845
17.69838132142438
20.546790868895396
24.279501627848624
28.37176717981086
32.58932950171299
37.22983355879913
41.44673997582483
45.78824574893049
50.369805540651626
55.144833460404776
58.25496501171717
60.53521943088796
60.92094750295038
60.35554366744963
59.7787385988611
58.53122993745664
57.592262011469614
55.89162254025069
55.52629682812276
53.769006208886346
53.31152813392488
52.79388551923382
52.5264427235803
52.42770291611067
52.77571717144677
27.78618482371937
8.86872809808193
3.9853565073137083
8.756904659348873
8.099916683511823
23.42678108514751
38.937477587178115
32.811978013026526
27.381714045443996
21.968271531464673
10.779740570247547
8.720293167715774
11.635998679705175
10.86338488209632
6.687788210264531
10.636656458860164
11.799171311882402
12.14642002459076
12.550314414246195
12.982299885702473
13.050093317205672
13.166063914093606
13.158619731886839
13.145152015842651
7.464346771903525
7.553978209931072
7.407142569111954
7.213260483431633
6.755946079792673
6.574079636521901
6.625899937506959
6.567794075636404
6.1492257629472995
5.992007777247208
5.388131206560219
5.088786372897389
6.185595982322534
5.390513281527692
1.4459543456585224
0.0
0.0
0.0
0.1252781723274776
0.5011126893099104
1.0328041673375945
1.277682085337189
0.0
0.0626390861637388
2.2422827328578494
7.226709643021532
8.452088764435866
9.989123076487061
11.75123861854189
13.128506245418071
15.096932626680076
17.49278658489758
19.83354744049777
23.767755521144466
27.63420953407451
32.12509315171809
37.07422884451011
41.41775277824445
45.757565988868556
50.713878845767475
56.16183563781222
60.110919100796984
62.33884542127545
63.480707171307735
63.6311187659496
62.79070861266663
61.56994818562873
60.270000612804225
59.228752130175444
58.760670689846705
57.84612738334159
56.9019005078574
56.31980586142388
56.08945320204166
55.65744171613606
55.582408869944736
45.400213350350235
13.668931513379963
7.664673220801422
7.740711734995344
12.22814576671662
20.828896706633216
24.380129964911394
16.3970465112332
15.85653803530337
8.645162713865037
2.79177271262833
3.764800595121494
3.5279940761831514
4.820286621374156
3.272999865016294
8.00456273383447
11.005164676798257
11.431794969803112
11.846780551947605
12.212223729455836
12.33614214155708
12.579847796276763
12.728997345974571
12.843687740261927
7.485109937678061
7.2705652683451945
7.243516563253792
7.213224717751654
6.952100231022256
6.52892702464548
6.607255920410817
6.220250275197913
5.979942978112365
6.138236822403951
5.620962992090722
5.100784184815789
6.052428429071561
5.2950625984351545
4.261806644487709
0.8440636173938325
0.0
0.0
0.0
0.0
0.1879172584912164
3.029218652948403
2.3489883105784037
2.653154166155889
4.878080923737613
7.207523423180399
8.412793773528533
10.000353970055233
11.436472810641984
12.703804623416374
14.583801711978557
16.90892814750981
19.350722539548663
22.833464484565503
26.81988788468091
31.372253609020934
36.636418016808406
41.006399926431236
46.063435908664516
51.51390389041656
57.05324016540023
61.1350635224706
64.74479043725485
67.02594012305336
67.69117366628598
67.03789925526448
65.87607800611669
64.24466218405462
62.49390015500963
61.14288937384873
60.05308377837175
59.367003295606104
58.97783537806131
58.957646070049286
58.46864985292526
58.28375634938577
57.697772386503104
33.689686265091986
11.277799332621283
8.622116760575123
9.648255180033093
8.310456043898496
6.984011171485058
5.747323412974151
2.3428408671790732
1.8893753110011915
4.323833297228385
3.2207937057104306
2.104827789672698
7.36127766051519
5.587337538062557
4.435885216130604
10.84569658126555
10.903875977217425
11.441370191058294
11.678944238170759
11.910447055931813
12.187069788080644
12.595120567282027
12.534720215056385
7.354054557789239
7.372269033007818
7.0668120144841415
6.8023734939914
6.8978368117527165
6.672963190499071
6.302706825558634
6.185714941079233
6.322904607500373
6.141934796764057
5.678884870977496
5.025681261512783
6.198311594247398
5.570063421357499
3.315527955737494
0.0
0.0
0.0
0.0
0.0
0.0
0.7778080055035084
3.756822911248153
4.928818641995789
6.1617002260206934
7.190253255865453
8.575749822216757
9.829408129377805
11.07161927070371
12.51865579729565
14.055916517660686
16.45489682248983
18.40954919185617
21.60391275345366
25.696690025951114
30.324847731815687
35.601278578743035
40.178736298748966
45.62309915425791
51.06919009999494
57.497023567437914
62.76043209548843
67.13563991413375
70.20954596462713
71.63858114519422
71.92301377731866
70.78469285781726
69.33500917558816
67.43620848889509
65.26815106486048
63.55027913373725
62.81024440852457
61.53295696325153
61.07951613308622
60.58818454543719
59.885444076587355
58.92705106327124
51.72538816138422
21.362687507091376
10.38980288676549
7.145317500955177
5.763807742593345
4.0796922807482074
4.404102477859863
3.1243951044664904
0.7749735026852435
3.3671027592487675
2.993115730236191
2.4163295410502057
5.692689637894977
5.667617414806032
3.4416068848592065
10.385123451933431
10.641897743153814
11.04724199816178
11.307268807275353
11.498398990114255
11.955782675457446
12.22551165102461
12.484735267219977
7.371022079958724
7.16919957275226
7.406738650338149
7.047140571475284
6.896893877255213
6.52111295086743
6.342720261218973
6.004723389172072
6.123694090173647
6.005296441784714
5.500900413087208
4.660701358680768
6.376253700822108
5.849104196910021
1.8739367855367894
0.156597715409347
0.0
0.0
0.0
0.0
0.5011126893099104
0.4384736031461716
1.9573757365233422
4.304244994877752
6.185078948716423
7.131026017770775
8.279519327782621
9.733855997459461
10.66749232222142
12.016853062463392
13.660270680644688
15.752390956912926
17.915925882349256
20.508174394770034
24.561341834930552
29.299412516893856
34.37870456413494
39.36883718950528
44.91823487281418
50.83050010607903
58.062001594731335
63.89210662046489
69.62890743217461
73.59974254276297
72.77501032074227
76.87916534006108
75.50112774541108
73.90538152816583
71.4954011988405
69.54242594130731
67.88440689359413
66.17553076033579
65.37144120629394
64.00547312215375
62.923072937496485
61.712483182954806
60.12037375556567
58.1658630106991
53.2474176160765
18.312967636995296
5.41138795924287
4.243073103962543
3.8739563314563408
6.121940826526902
6.550609924449332
5.1275426872715135
2.2750722719970717
3.1414274007566485
10.749163346113848
11.532866749498632
8.490405313520323
6.807068574922438
7.7546633198808115
10.649406159294816
10.61933937413048
10.895561699314952
10.978754811157037
11.3125183196422
11.68995046970358
11.845879596160536
7.34061180311526
7.095856906937184
7.19196604980345
7.043059440437748
6.792614068248422
6.72267276843982
6.474074949828362
6.446113598014664
6.169492279183771
6.056018189556625
5.619674395154706
4.539241809507373
6.243798181112306
6.124408581082119
1.2401336257586817
0.6577104047192571
0.0
0.0
0.0
0.0
0.2505563446549552
0.0
1.479549542754648
2.094735335580926
4.412768596340554
6.9707884178638295
8.107910597916137
9.254280490193555
10.45148347043598
10.845998538275994
12.27163731827241
14.83555742616653
16.977618435262542
19.487671161493616
23.047111158165045
27.77937879014158
32.48489130901715
37.979452155963266
43.318985315200734
49.72996114746216
57.21621088836464
63.788398632088274
70.5065694551987
76.06046355533344
46.07045844391862
67.03040820579449
79.5009953479316
77.83461748096633
74.91568192666271
73.25961354201986
71.42638602397483
69.61734255326004
68.08855708434096
66.73412155034794
64.48315381785909
62.73247679136648
60.33582690673477
57.02018130846862
46.44947510618879
4.731289889089891
4.48903343816538
6.084370033792563
10.178744030893624
10.239290612283506
8.575232555982266
7.750495390754271
5.9402083774150425
9.260414294216888
12.953116041427844
11.218494839716918
9.538800888320434
10.392484111899327
10.458995399294409
10.551207182518317
10.52182023005969
10.771402191664409
10.910302295142259
11.197261005025274
11.540939132722903
11.862497741949246
7.2799504900981225
7.206794946156414
7.135800920899045
7.120219540408547
6.82371433994227
6.6400342830197445
6.415079427359013
6.238206071151039
6.019731211547511
5.980232839086739
5.981065550383624
4.679586864977023
6.099367772969885
6.604774856798045
1.929562846966372
0.4384736031461716
0.0
0.0
0.0
0.0
0.0313195430818694
0.6577104047192571
1.9090106192658407
2.1806169876487047
5.354038842903551
6.775683792048683
7.793187353854794
8.984719742338447
9.31093011683887
8.233754219879135
8.05763975004136
12.610404450056926
15.673585538259372
17.966489986009506
20.995267519896135
25.449769339524117
30.28757217146222
35.62559757297325
40.69175496058353
46.95414686662919
54.7367597321146
61.386971088386204
68.20804351131471
74.27989977819806
67.01658693718802
18.65958073395644
37.07106736052761
77.40985147095472
76.95428433581787
75.4660437318191
74.05331840484843
72.04898495656879
69.88235447793028
67.90267521127588
65.52729836607091
63.36607300302644
59.82489089517974
55.0913613401518
22.259253687015395
3.897509569999771
6.465414001745752
13.038604171894969
12.181071219647574
9.439765216597765
8.412158997895837
7.335010357932708
6.086446450140005
7.601480324238937
12.544163702882283
10.562100828213532
9.859226977144596
10.483306919763855
10.465103093359865
10.432128121269768
10.319217354006788
10.72135409224492
10.58674293129594
11.014976070806874
11.25419879614384
11.72696987195564
7.193935402965938
7.061365499056185
7.095747407076684
7.026376372438641
6.855831807729514
6.833103338935552
6.691870377061654
6.198765688103345
6.15777533043638
5.918114770595298
6.043897371415251
4.914905493326838
5.96983615565758
6.3766825427250104
3.5706139864313493
0.4384736031461716
0.0
0.0
0.0
0.0
0.2818758877368246
0.5011126893099104
0.469793146228041
0.5324322323917797
1.656091899067179
5.518100503819494
7.2095725874340015
8.130921740807178
6.773247806373059
7.755504876779714
9.445662432698114
9.435857242685723
11.94674166693552
15.926380709956591
18.849196106968478
22.659155431583653
27.22610994683137
32.658344532463964
38.04107637598966
43.447124166358506
50.697057157412154
57.6101403197165
63.30182498741785
68.72226316063713
59.22759088221753
10.604966613478854
17.721096941889506
39.1930429716178
76.05799297452022
75.42895471664978
73.8217583416427
72.01249609462275
70.13680355889804
67.79247094451955
64.48629615161607
61.25150060571604
57.26167018445613
50.364093890844686
16.138868682759707
5.434711266711378
14.27631019293264
15.472539797775715
11.972259811033563
9.184815226708013
8.187947131124314
6.104629661937313
5.461946682732129
5.991807091461116
12.106702374036043
10.01250284102883
9.763517322358652
10.21641814801505
10.221108251297093
10.37812405634962
10.261010536952314
10.372731213784459
10.551817640631572
10.946566852006216
11.278553182814932
11.510804978548068
7.1367043522329
7.095314491039836
7.09896087246034
6.83087697779483
6.887858386288732
6.8475133263113435
6.724561478262748
6.4866028687017945
6.376635549601121
6.1431528676221525
6.004325314322657
4.354886952311777
5.2427508699881225
6.3075399088548405
4.64630178450538
0.38612676870622964
0.0
0.0
0.0
0.0
0.4384736031461716
0.1879172584912164
0.0
0.156597715409347
0.156597715409347
1.9405641181351692
6.820276144526018
6.607347369675054
6.507570000391214
8.721298406265001
9.069986858238828
7.609724927551262
5.518562060305953
5.234018143620986
11.10568518083097
19.433900026727844
23.946064568428184
28.644655398240737
33.96485233855777
39.302147331334695
45.07411377193894
52.20984028251768
57.77932335518448
52.9599665067493
11.954193790403016
4.270045860383224
6.53849065841417
12.170017909731648
62.42398335358889
72.44354138313467
71.57331018897102
70.16883784760648
68.09765049228535
64.80853417028676
61.437822734937065
57.7825866139108
52.67063857056234
45.622120551793934
25.75469791854531
5.488737565106039
22.368695815977418
14.287885924881738
11.755900839714535
8.868572986921256
7.261137430041468
5.709629979150228
5.2535285884383125
6.174607941804237
11.782099267075766
9.600996888097393
9.629795214884235
10.056387777815898
10.205007557318979
9.908319058024235
10.32218493228879
10.484919847047244
10.539350518602411
10.858276664332777
11.117339484749936
11.3112676549173
7.06544663009372
7.177631622362044
7.048997583949347
6.998051039271068
6.912115367975244
6.736656765006953
6.561483262797862
6.5697984235557465
6.3088267140076715
6.183757865727905
5.682574033489421
4.208794398067163
4.915717879995056
6.026382954029869
4.95432841038699
0.6519312391758465
0.0
0.0
0.0
0.5324322323917797
0.0626390861637388
0.0
0.0
0.0
0.0
0.5950713185555184
2.162277753740503
5.010742414924325
7.0997876379383795
7.826658257694924
7.662914538378065
5.861861007414206
3.621841911179772
2.3996036983066404
3.4852806820856017
11.415791765453172
20.25124574047752
24.686483584917607
29.70475476529786
35.07055634515851
39.59372718188368
44.92609959399413
49.35513988046435
9.61800775969026
3.318705286856374
25.468423913665198
17.68996629665526
9.463320695069696
42.18884872952965
67.6601095595761
66.92148809457971
65.56896359144525
63.419584038409944
60.58298852558132
57.28629663443557
52.97865897105241
24.486561489491347
9.355637545943065
26.74134393524575
8.904111049338018
18.15528544453305
13.04464005192245
10.611284738683377
8.08543813556107
6.564437952191645
5.348863017987565
4.858095250543673
7.17168503075447
11.330252807065948
9.047379315940267
9.782597328750798
9.919865600952539
9.834370675280505
9.966199747858242
10.190917524770208
10.362719734942427
10.63294297131923
10.636034490963773
11.020394393478064
11.478462270812404
7.108437731112126
7.096994360125776
7.220181883110516
7.148432532887695
7.001750042085466
6.7801366532810805
6.634860395954423
6.3436971832256
6.343196096245765
6.410262416563782
5.729316658453672
5.06764558248966
4.556384392235748
4.755251663221625
1.7392611126157422
0.0
0.0
0.0
0.0
0.0
0.0
1.1890806209282612
0.3051803564572028
0.0
0.0
0.0626390861637388
2.9899138156992406
7.0727029087274635
8.75899819463415
8.82428559327916
8.14393996117704
5.2693447479180495
2.356012692592288
3.3660298493838288
3.9377542661946596
4.379893127259536
9.25931623482425
17.516115238942326
19.27179036942895
23.739686694952603
32.57619671000001
39.02351173358655
43.573329791852885
19.357452771807846
15.905436823584342
29.55447669026968
30.329637993622324
22.460120432925514
40.547950515648964
61.52543994609198
61.30393775802796
60.41663967313481
58.8195653807062
56.29262783756776
51.84203051120256
23.81683864705383
4.875131436056525
5.2421992919701665
8.868397204777802
14.21194556043615
13.355265221649912
11.763798890455238
9.16553091863017
7.219505335974075
5.736207308225243
4.939575771081411
4.068566008797283
9.816262071895148
10.936597169851536
8.734648148584558
9.731578970280866
9.783958991007253
9.566423831484569
9.834976697843032
9.936520355645644
10.187230080484975
10.569533268195602
10.860171270503558
11.111438553884312
11.283271491167685
7.039345415489622
7.05034794620604
6.946271587371161
6.811587663009109
6.9596763872869065
7.067398120294559
6.769472851965492
6.492600008167806
6.287698723739069
6.224557019561238
6.155126243715711
3.829677385520709
1.2746022507944499
2.7839348840520115
2.774041138630188
0.3168325908173919
0.0
0.0
1.8750914270812318
2.818728583990135
4.295606985691752
5.994311809284974
4.475294297866673
0.3446363470607259
0.0
1.7147032105513902
7.194046712846497
8.10629344504699
8.849204726011132
9.174546021051041
8.046514947844017
2.3058143793244046
1.00222537861982
2.190886507002666
2.784861579562733
4.150751467311419
4.078304930875017
4.765969679210147
5.243683061266927
4.910251289504696
5.6879755926062066
15.464231574002996
32.44865165405746
36.53774927976357
21.309620110830426
20.534021956436344
20.550508093910192
19.382848795843106
21.940971317761246
43.88724980984498
55.58840130102325
54.37707152019215
52.39022014423129
49.59621152859285
28.00145689204601
4.390633354937459
5.953832068941201
9.43429019962784
7.865257601093779
12.87950369810555
10.904656058632476
9.781472003894162
7.859117911910494
6.228970421227779
4.672545024527317
3.7928251692070827
4.085163413456221
9.793447643958896
8.858537635455125
7.7788566690742735
9.533181215393915
9.39884424193917
9.595353082473064
9.83417910856299
9.909209998316241
10.143203498978856
10.398969816460884
10.602043102138666
10.985755408614821
11.192528351731218
6.86945560736627
6.909330970552775
7.1253196932933465
6.918873639151996
6.843354392762172
6.757856720908362
6.609905566019738
6.546950996005087
6.341956004772697
6.519609689927923
6.185952858592628
5.834803941601567
1.7807718019271876
2.6954230377825636
3.762992586687786
2.8651142642885956
1.4140867023911323
4.822208207312368
6.149818318830688
6.528451189618687
6.571166821446539
6.646736682977618
6.613303563782919
2.277433744991437
2.646380795876371
7.153800021100308
8.182385717673133
8.487557961349166
9.03972424824177
8.93640900391761
2.771503311211442
5.176407999162136
3.205363838362896
2.225102455719137
2.243946472988272
3.228624842183642
3.4170240050167524
3.8705841739646685
3.8448051473847817
3.8146554753481237
3.299953015769881
4.2746017247709505
6.653548463710939
26.798235262813556
33.22153106103625
19.307040279089165
16.181261140710248
34.27933845561667
46.56748459875646
27.334440682715595
41.78172127266929
46.55217941046474
44.415426308649664
42.06369821020359
36.26354114685585
17.025646445091954
5.366546450322359
8.189264843131198
7.9610282675360855
9.854135036360924
8.575261356487422
7.979630096321157
6.439769270990137
4.886953956740521
3.9690185891432384
2.8068244203779575
0.6649640904445404
6.9773334703979515
8.9121674783761
8.304096111857895
9.241031253232352
9.60652126414412
9.638831346885178
9.582378635626908
9.827870222999215
10.272421127648384
10.405197244737659
10.556880807145136
10.880753739917228
11.072708558830383
6.892443924966386
6.684072207575619
7.00114891414132
6.900348580812552
6.807437881196219
6.792777196750553
6.649392662747196
6.452756035170255
6.211697476370759
6.391737358224338
6.452806539076345
6.1969275715087155
4.1833821106947955
0.873448570393706
2.487752827912228
2.9490865668646293
5.716705081203374
6.712848319741682
6.600444020592439
6.726559380786269
6.936086941742646
6.942898841561024
4.710828869211137
1.7487121409524178
7.214834161948345
8.018737321110924
8.286129033600895
8.91933857687298
9.14378699382801
6.2735608826588285
6.347619244607948
9.763285699394748
9.429223786548356
4.427181798335161
2.565514414965898
3.742771973433859
3.394318130296557
2.921736690428306
2.9577255073323427
3.1406522301827087
4.316351328630379
5.054739652939139
4.585724275911961
6.73965034615698
28.987721913175346
32.04781201363725
29.777597620558964
38.7756744778876
39.634634437552776
39.38947603290663
27.47263866070875
39.375449538359774
38.178821832553176
36.51046165680353
33.36067448507927
26.35270832877727
7.308604264078664
6.436259916886062
9.455011346106147
17.056241815860872
14.5635972393334
8.545472851613564
6.284392137387034
5.023504194169963
2.5265744812741118
1.2250993401916033
1.1945578930683163
4.760373456762744
5.439668210359414
6.019265708333769
9.268407451481627
9.898169527790198
9.777291695270149
9.754585211758013
9.789206623913746
10.166654343374647
10.256770276672569
10.722445452545925
10.856198594182848
10.849745883241516
6.665098612814932
6.644729321557903
6.822536565083899
6.8758853789615095
6.963882040318675
7.211255364589171
6.653648623760306
6.433441468431491
6.540308558849496
6.476232856118476
6.4183649117613175
5.996527466615008
4.752476249060105
5.439724165732611
2.5103893963121413
5.086903224471495
6.343340306955507
6.5758460669278485
6.787857020255477
6.640908039326524
7.147449276720413
6.0116109632955155
2.9891277281293425
6.556240285195229
8.046712760821771
8.235811123474157
8.420946471962328
8.982201057311817
9.135117458440245
8.211302624379439
9.512363646234828
9.50499871137795
9.608027045062157
6.827440143650439
4.021285091900835
3.6301393132183266
2.1934457757371506
2.1958190857284667
4.009085462750043
5.521814439062945
6.862834763038591
8.430096518669819
10.814184565420058
7.413034395978409
15.874257780285255
27.986021769158953
30.71179872372078
32.74867509980617
33.49936667268829
34.30523168030425
34.022998962520695
33.342350363917134
32.29662669492473
30.327065165524974
27.778606429504542
24.9300605769104
18.439206042317338
6.403899403742161
16.456613962325765
16.51743089121361
15.23968732659763
13.74641463202026
12.61076587524266
11.637799794773235
8.061988869006601
1.689937828910534
5.625667633413157
6.916413138505972
4.393833638999036
3.572114353317352
7.926487991374304
9.85718361558541
9.925919715860465
10.036067462995588
10.036322885285601
10.070180416660174
10.273058555797672
10.65517770678988
10.640258797376124
10.67672267190802
6.735400880477036
6.633714011285008
6.785335792299448
6.835778236497518
6.696931750766099
6.899311696003641
6.6139488614724975
6.58189371029995
6.573722760251807
6.520254987617502
6.426510609856415
6.247140998201332
5.28546684926154
5.106639403042097
5.899768717076481
6.302112031775146
6.349889037307444
6.315209492479021
6.708262781064027
6.674466451438578
7.118288793753962
6.057186188736772
7.319822619895964
7.723018517251728
8.086430897724412
8.3903527669589
8.68849895618563
8.959519836683766
8.967292770468697
9.159265180968513
9.149150046766861
9.49730136752345
9.17412574469758
6.5905397952125275
3.7354635765554254
1.9391856090764852
1.4275652386776114
2.9239659922521413
4.041220334180697
5.232520751632994
5.897599455540524
6.59543627552962
7.635120146499217
8.844011159979365
9.351842515416893
19.968510123903553
24.51773296092805
25.85280378660709
27.28217645641164
27.998583433812186
27.884375009306552
27.39153727326341
25.755108047723112
24.626422968013266
22.81213276524538
21.401350878489136
19.51471487468212
12.868245319554363
8.714273359873182
15.256556401166192
14.405993565493711
13.375843932503583
12.51735581236869
11.62544654755769
11.263864456445486
8.335354552772953
6.165914005712864
4.710601848023705
1.6475721977196045
7.978902193340875
9.47693163153406
9.685343929373282
9.468859231331239
9.800119383294788
9.856373013040365
10.012306233458665
10.339396601691647
10.29674691989597
10.637157213104674
10.817267411138346
6.71986643972459
6.762757979611051
6.671976920831415
6.754417566900121
6.946230738286011
6.733981867444987
6.629959137251734
6.684454335798757
6.418628081227757
6.206626475561158
5.9602729746583964
5.729225308196555
5.31241377271478
4.777509720167864
5.598502399981174
5.861287954801562
6.152480388333115
6.3165685427087865
6.8192416217854
6.843003654727989
7.202962489866965
7.160803288822454
7.698998303631478
7.876713986626662
8.097940779400826
8.336411276402398
8.470905667679494
8.832317911725848
8.953798135889013
8.970079616644869
9.211010997197162
9.134299947060274
8.471623295782052
5.75869960093197
2.7992494728339934
0.3051803564572028
2.384596576763086
2.7602154829372005
3.4164047767444554
3.833444348172769
4.758538857144448
5.555970643798508
6.632714824449262
7.11935372788362
8.150981178406399
10.068299078942031
19.540749448659305
21.49181417289514
22.313609443873624
22.87977094081294
22.918448862457865
22.55998480930196
21.62246296151089
20.879487989345357
19.874784380395923
18.432400909687445
17.116488730976183
15.868436702902374
10.377963945636884
10.359753593907586
13.710980022592226
12.991048424561365
12.329869404771168
11.66828311142202
10.96016262551288
10.477429472466847
5.727208877816763
3.8420506146797546
6.705100285357624
8.87102382111544
9.196720039404235
9.426783610638061
9.549384935193759
9.574745147344906
9.817031294732637
10.052466795398676
10.030266384288796
10.206257990604891
10.571528413126323
10.600730752434536
6.745476026245046
6.832993839075049
6.677263321257614
6.8202974243867
6.8875985374825754
6.8253081829498905
6.767421320800342
6.385019165209614
6.327975608309973
6.058191441250504
5.8305536799575775
5.161953043742343
3.9849899686311825
2.8614113381577106
3.973106812138168
5.48756845397646
6.107456921206797
6.410050030447557
6.595160633666612
6.927323551723429
6.978201445626352
7.372568495569609
7.416453418677007
7.741031976904274
8.161655901166888
8.066596280589994
8.230663299085702
8.591561461047764
8.632897005054991
8.549962877029289
8.863609188698963
8.557675931985866
6.524705968858341
2.359562887845602
0.1879172584912164
0.0
1.9651161397962786
2.182871432641175
2.656583830240092
3.3528076590478846
3.5878675290222484
4.33656873964067
5.070233999076986
5.707103329143218
6.2456782962609685
6.2848887674115765
13.370763804540992
17.827971098577805
18.885348127471993
19.502313902395958
19.582538505574515
19.04812118586176
18.414498369143395
18.118439028201106
17.15266071168959
16.46073960574053
15.676063575005752
15.107989065986873
14.325559523119198
11.171538102128347
13.072876435176246
12.323762742186833
11.917892687063146
11.252059404278473
10.673619756896018
10.213543040729588
8.957648496017056
6.210275521899999
6.549783966780136
7.908908180481833
8.580121482652094
9.044659105778543
9.461602369851756
9.565913713196586
9.600094642977298
9.995341093624432
9.949881404836283
10.275976762073366
10.217084660441465
10.415923209578963
6.581774751543254
6.725328748209398
6.944101097449314
6.644729321557904
6.500414081945856
6.667664010516394
6.753305893079946
6.410644544786922
6.254309774289802
6.198765688103345
5.243013836706909
3.9876211380037496
2.4839972346519867
1.1319960028555718
3.4854985220712793
4.362413038149681
4.761683045522174
5.315699439699487
5.9129866973642695
5.735660872219359
6.520991616385362
6.814578280596108
7.00644123254797
7.545830942505106
7.846794623381895
8.092704869508452
8.19609818601462
8.476212806712853
8.235918313068755
7.165757817070351
7.558870331377641
7.326613160116034
5.729835595580688
0.7070713078898282
0.0
0.0
0.4384736031461716
1.628616240257207
2.703337207585634
2.9121486837150568
3.8489929501563935
3.9807695948298836
3.6564545204478867
3.8379186755242762
4.4856721434832325
4.634314892755642
6.228735117668408
14.86985438896594
16.606698376796096
17.03106133983323
17.066968655398668
16.896206981129378
16.45704652122142
16.043029264923835
15.751850621288574
15.150183513487804
14.656590367080417
14.215159295557454
13.610351165063634
13.105698231927079
12.617575984062277
11.885432281960329
10.909220745407342
9.169836353315182
7.740823741246721
6.377551213372007
5.410304111017274
4.121903618306569
3.7507491021603285
6.191334329853137
7.359603393877292
8.818856364537343
9.48135234372157
9.470423087481318
9.600604761265279
9.938400451935204
9.982420526808825
10.21437887116168
10.148578228115667
10.36166086837403
6.3083975926606435
6.686298568716341
6.6264010244867935
6.660460523578684
6.757214436719156
6.336121026960946
6.537395743774136
6.085320081767319
6.0473180214658235
5.034422758593308
3.3855734630849894
2.0603245917713986
2.303468630586779
4.119917956207201
5.304990088390245
5.552227558273972
5.453202230292271
5.437114999842797
5.374032561672489
4.377209596717396
5.379261282470164
5.441634071621784
5.886308633403376
6.416980357485327
7.095462567194654
7.702302637930056
7.997910859504861
8.159417846459979
8.34920671687665
7.737008870487777
7.078590654829657
7.519436662387682
5.36639591960195
0.0
0.0
0.0
0.6263908616373878
1.072138784780955
2.1792342726424767
2.0860163977609636
2.825608382634324
3.0795012597414075
3.638581732146164
3.804695851627924
3.410049574965344
3.554931229705792
3.8262754734456053
11.822381266543333
15.12158846654225
15.410739000872464
15.590193667070446
15.63426660844409
15.157555866336523
15.116037683231355
14.652419237999279
14.130497898544117
13.608038257309301
12.348820636652455
10.68272984059195
8.998362735488843
7.937726676090275
6.915770844402556
6.44849041197474
7.022433648555141
7.861756661186533
8.216390390640738
8.154611478863744
7.38673445628337
4.931405683518441
3.3315570863037127
5.079574467210237
7.299734294920594
8.563148161951277
9.170049822938818
9.628723409708723
9.767191924523036
9.800744925754824
9.894680624760857
9.881079062899838
9.93815153627769
6.206150640534368
6.308278633903946
6.451753861210584
6.378470434857676
6.4397775332230776
6.266430312987052
6.113205957166009
5.647464526606264
4.200627802749853
2.982020821331965
2.123108117839925
2.6549135959214323
4.881166169146358
5.645080866577209
5.727166939713822
5.860948744156761
6.062159819176506
6.146573444888555
5.9221803661071535
6.121855973579016
6.4401344094931705
6.377897382245031
6.180973666964304
6.042133840781174
6.080772348853726
6.1538029108765215
6.2538804415240214
6.275357110983056
6.551263106717876
6.5167750082324725
6.1541934183187434
4.893729407214643
2.0618218193121334
1.0371820817003872
0.0
0.0
0.7562747105835631
0.9665279211751575
2.1442775695619085
2.3307133193249343
2.7383970820267636
2.3190610849647464
2.2374335416270847
2.5548348240853533
2.4462679315694915
1.9752868654282776
2.212181862455049
6.87895749369021
13.086818603110395
12.821322544339695
12.280568922533742
11.647684297222222
10.769940153878569
10.017747349974321
9.13288736014914
8.4025942680935
7.87353173064588
8.220865476619437
8.596269571672282
9.024164233274515
9.557922953476615
9.442412884909041
9.373214874337
9.283325435296689
8.97809417924079
9.021911430777074
8.805921941540188
8.479402324525902
7.789211685787895
6.039758930062399
4.133031357149084
4.585305299689385
6.731998578579143
8.182668019753967
9.225942703345265
9.427108668841031
9.552339148089837
9.830063090518793
9.635150030875554
9.932095035280886
5.876529619144845
6.308541803370386
6.178427206234065
6.22637016364695
6.226824257502897
5.9324305816013965
5.395179903740158
4.494120899272622
2.8002172041913265
2.185664666915213
3.422208242101568
5.016617568920575
5.879903203287359
5.89008868724825
5.97703244092427
6.119185145687502
6.106588492519335
5.95831589930707
6.286159214557331
6.239993963283706
6.316092707681996
6.403357089385876
6.4098118334900365
6.397283914616605
6.581273664563418
6.77238234638057
6.646504376284764
6.630980117768629
6.729224819452041
6.376397632087723
5.244957956147093
0.7954961033164997
1.4945616049320314
2.1749271948084266
1.5600970967303716
1.549903075733311
3.6255624712716283
2.3613738440957084
1.9133472650844086
2.1908865070026664
2.1632041239194932
2.284104381884178
2.428978692029805
2.096125220576623
1.0050598814380853
0.9191369608260809
2.558723567773016
3.4178290414189574
7.57660749335204
9.407520330848568
10.169653344667273
10.635532562680488
10.90572380293226
11.151042068605939
11.269098741639052
11.211395513982675
11.09667029730374
10.972450588583849
10.819898087072726
10.657177267242618
10.604506826066094
10.292520931394364
9.95491621667302
9.656592416202615
9.69942622667913
9.579716829901196
9.136731968782868
8.91706689879537
8.929510941058206
8.26739177202414
6.9690181596452785
5.016295188176043
3.8498700181569303
6.140808409586604
7.639270849477169
8.68740896126164
9.215401885630186
9.32476096570997
9.349300549190014
9.331733467297823
5.621824113894556
5.858083481093542
5.900384176867366
6.062375995519058
5.89782743017963
5.065440681120695
3.662570175257505
2.6450760357846916
2.165894186832971
4.294435558840728
5.292573506257909
6.130897144097803
6.10293400050092
6.240685974653047
6.157991506778932
6.087655774559583
6.309399766620315
6.274601263035193
6.206269599291064
6.129813978622682
6.337480077190712
6.493865351593919
6.6893555945014445
6.693755766224298
6.85484855156223
6.961696528263101
7.040219171796402
7.1227134465067365
6.898422917563135
6.827819952009726
6.477865893480508
5.28728567406464
0.4699145193882035
2.350198941187698
2.10705733484483
3.4969452501425327
4.774593644457961
5.030417129986627
4.943715426973871
4.3867732689704955
4.121392803290192
4.602295186123776
5.087768761267645
5.58127048084859
2.780884304138751
3.6110717794062945
5.78305775964451
5.297062535436866
5.130535000023329
11.816840704174814
12.32772799580729
12.455903906311482
12.72648336355751
12.89000942875175
12.681314915432969
12.571820167673723
12.335194242676945
12.026371190618095
11.714284213446096
11.507285688823924
11.277637475399032
10.898184392420688
10.69998092150019
10.460242062797855
10.32150030643402
9.874342056591885
9.680179864464796
9.33012913156071
9.10847323240014
9.11363862183662
8.56051869826564
7.507232113955537
5.611359661020393
3.7906605625094536
5.066907993493633
7.1038510643525985
8.260104050338613
8.920761077657392
8.90695176459372
9.020821613569717
5.098791785822451
5.24534635528235
5.88346047771992
5.601577081603754
4.472632012400718
3.2125885954465576
1.975245596884052
2.830502276666016
4.175988805767598
5.332858710784459
6.260526880324694
6.288964067165182
5.9883315440579485
6.171972182685778
6.1167632315985685
6.13014911372193
6.144010830872083
6.192169964627517
6.3431023894421115
6.3220936373743335
6.47850037350426
6.553406019553372
6.706123681331136
6.814578280596108
6.81134642483543
6.879803381496914
6.982241727578739
7.133114849279006
6.926831923639788
6.672818979789328
6.527185846192577
6.0625184872297835
4.549833292573532
1.1572284819472998
0.7356388852418828
3.9500465495967005
5.114244027618663
5.674191334872575
5.854017885581686
5.682910158364486
5.842383647348761
6.199338740715989
6.266646768773729
5.927273108087601
2.5781197942582748
3.1887392504395664
2.1415776949454375
2.9958493832255555
9.80469765969117
12.50517193362283
13.33436883464388
13.710826124361905
13.697755464953394
13.957339391595859
13.551990950104184
13.226384966347968
12.73422370856217
12.584382797724723
12.294951282105778
11.872382201371192
11.417268470949121
11.029416528883068
10.545553687145308
10.411798913728065
10.454328532379641
9.759890845238663
9.966395435119374
9.834663926613013
9.444696965046413
9.257693522720638
9.159775299256491
8.746471439260816
7.8923692759126185
6.15915124696956
3.8082597453449925
4.147828813560518
6.375073629698353
7.667350609682281
8.486476108386956
8.81628372967148
4.888565490430219
4.638833079523355
4.146796027256372
3.7161016545709864
2.8072572782894643
2.0166739627815824
3.1574273077915196
4.711097592804049
5.791271268287525
6.0866895974346145
6.54900584783052
6.102901514448418
6.179022000017553
6.275221308771728
6.137198931053702
6.371301658769204
6.498910821006349
6.5548155736892255
6.447184226824945
6.440015450736473
6.819479539298796
6.986269229974649
6.820024796024065
6.92208101388275
7.133114849279006
7.275100058965827
7.290156886520626
7.4657329135825075
7.125811321376985
6.704476209681887
6.470442048052158
6.131396512078624
5.688501278549936
5.132366951634718
2.5811226514096877
5.646207221565335
6.269589792014325
6.254547691803199
6.356080891389289
6.285244351634232
6.4530192046366945
6.566553984163336
6.592257277487446
6.650206925817734
2.7142610405730627
3.7305757704117157
6.100599401889165
10.226669111076903
11.883226790841217
12.977792135975577
13.644030719532278
13.891342418293679
14.12894480017765
14.340095045298312
14.102389950215121
13.90888848902748
13.54743911006124
13.143227986653622
12.40035136540612
11.975591109338348
11.801125888496909
11.324455365460627
11.173065267415373
10.80987495942619
10.485784292903368
10.362675274086989
9.978122917589069
9.92672793231662
9.82967171599654
9.635098462276002
9.328795751260959
9.080367561322346
8.919804406355992
8.071524343334612
6.9011442743232
4.90552970992179
4.039537515429807
5.677998317597337
7.027585497729278
7.854450369859343
4.034063061444127
3.519593870151523
3.286457406283614
2.2459783186261033
1.8150313557481197
2.9662147853923977
4.897548606528181
6.09193754641399
6.140146904631389
6.191694129600727
6.370346477933423
6.075178080148117
6.254547691803198
6.638665773893786
6.4744318260984555
6.505985890291167
6.350747000557374
6.35815369415924
6.642436552219076
6.884685722407214
7.103915759804656
6.888744922151989
6.916634498454794
7.151912535981083
7.261257259608068
7.295476039126433
7.231302845168261
7.2820214586447065
7.020328729066537
6.892772424547898
7.017340354056788
6.724204601992655
6.26206557921065
5.546238338431102
5.33714190406051
6.09858349435178
6.453613998420184
6.177973112378118
6.562510688710577
6.6238177870759785
6.641816506482543
6.943555840724046
7.086850563582412
7.0364693811682955
6.931421476623738
7.5178014754964
8.813725526426117
10.520954652141159
12.092828678463373
13.265826477010345
13.92541495346349
14.356656586962968
14.160755055743953
14.172437966628365
13.972669029197231
13.626404061518231
13.5555862392739
13.129808143267995
12.780916992983903
12.262313201567487
11.797850715197319
11.636412075847415
11.148991793798286
10.971325555172289
10.912802724255185
10.635544285821283
10.469321104927776
10.36855480907721
9.931338312766385
9.67331926755545
9.641200025239852
9.521891829210348
9.113602892021007
8.959892389923182
8.185676793909666
7.262583827393377
5.078594678874157
3.715943567871175
4.598526090355557
6.151004344964556
2.703461013218308
2.5823956810767283
1.888540653363728
1.9478058844324049
3.748236635530437
4.660736564104454
5.667460941758385
5.919260875820586
5.939021813664295
6.281413162853573
6.150108978150273
6.192051005870819
6.204431482696434
6.323712066844212
6.336384196427386
6.446445222331713
6.579889362380608
6.493126347100687
6.937780825714578
6.520611863887594
6.88056763794319
7.027359628605922
7.248359109909685
7.293142420702453
7.145482764385846
7.319616832048864
7.235502407547124
7.303244360912935
6.848528279827494
6.852064154139761
6.8900321968708615
6.829207267692908
6.593632120774061
6.578793481617282
6.153338351583042
6.3074676637779055
6.418055028615113
6.615069994188866
6.720884406741112
6.896089299139158
7.2854656960581226
7.526698027561254
7.469310904999793
7.521578843517058
7.792873908288129
8.503233445142214
9.44409546600042
10.97574215415308
12.521072421269722
13.143797999181873
13.924299732812358
14.487442699751186
14.351359710021718
14.154755945532855
14.063598212902193
13.816793085761612
13.453030069233915
13.089431722125598
12.810911971938435
12.457649603062029
12.244393550261192
11.95894991388618
11.702386585856212
11.287552834702323
11.19316769649208
10.971343415163597
10.881544522638972
10.601711162719507
10.223922028072028
10.109592497172912
9.925673186291831
9.645877730171582
9.29492759271027
9.203799728216607
8.854544993301618
8.614725340868683
7.265600118759136
5.489265603402528
4.32207382221132
3.9330383857814377
2.2841043818841786
1.5033380679297297
2.3845140396746363
3.1550498232784694
4.3557185711256
5.511113275850301
5.908080731443607
5.996073372759063
6.199360481886833
6.32249722732419
6.349124780861168
6.391975275737734
6.364489758950827
6.399263010582904
6.453877167886625
6.487936666978514
6.876254727628169
6.93896805946914
6.669684151492587
6.796053222256664
6.830876977794829
6.8447606262377425
7.1776316223620436
7.117826202690039
7.317650319714301
7.338645290780695
7.362590030348938
7.480789741137303
7.410604017737347
7.289665258436984
7.201875824492082
7.319020747753205
7.249380972584866
7.1637888230042845
7.013845328829671
7.146942626503043
7.014549865981416
7.26220475009537
7.28490253661452
7.894757062848223
7.944701648213265
8.253484020711856
8.609742053684128
9.147742468476192
9.495486107614884
9.838895407649348
10.57578787003287
11.60419600771651
12.842773715471482
13.570055693968174
13.98205736905973
14.334761391390598
14.362469514465737
14.23730727195111
13.951415750818843
13.713523679131297
13.43669199891814
13.437574792749526
13.054371714204077
12.764708371281143
12.440361023234919
12.15888307264987
11.923904798021374
11.568885168144355
11.569074597079833
11.34419762638202
10.907222089474486
10.734491744025055
10.778886348071534
10.34523167582643
10.103289466607478
9.869042929743735
9.41951131518584
9.182902781145499
8.969437623827451
8.754462004131675
8.337216290405141
7.233981392659478
5.631923503585446
3.9472913880940186
1.00222537861982
2.4122170570299195
3.1550498232784703
4.102346158149593
4.8673718285991985
5.38166510605208
6.181898007962431
6.2813411972207644
6.151060648203856
6.240329098382953
6.19921978195929
6.556174623918991
6.521996166070403
6.579134564830526
6.606992750944377
6.648484195591178
6.722650837147059
6.819642667800927
6.8800223812179215
6.964045168820807
7.139280923992435
7.323552697545917
7.235001847982661
7.3230968351422545
7.359150836584016
7.305246638927478
7.469369316517771
7.629591894290989
7.525404502544234
7.752835172031512
7.812351921687367
7.651756852420491
7.751123110826806
7.867972382652071
7.584396627064012
7.661393684475359
7.5713625205411965
7.7198482614040564
8.325723072746129
8.446593221159443
8.91839139886441
9.26599210620194
9.90365132863446
10.362379489656783
10.746689560750701
11.275832812701191
11.866478750614757
12.368571687837072
12.987937578620961
13.863525281953969
13.94396322254933
14.259338197828468
14.512706168705755
14.240637953473142
14.122433540151896
13.896695508681358
13.782587555790675
13.551809865176565
13.15960095850582
12.850834412457852
12.806265499984264
12.685802263092382
12.439344978906462
12.057179535377456
11.85136740349902
11.79285313443659
11.354982748131944
11.111127811499534
10.914874494841161
10.571864816761751
10.53560844039885
10.131549232708931
9.851071500103332
9.523734955304313
9.167657987322983
8.88980877134209
8.504859542350312
8.070646562535961
7.231283935202193
6.008512904036977
2.583659099346801
2.9007440606202137
3.308510560519415
4.076099139605463
4.772436117579478
5.369787252094776
5.864153217864782
6.074367110022077
6.120212292156092
6.088801879784872
6.2962518020103495
6.695021109650409
6.845853382265528
6.737761993431306
6.7852010404859
6.9106963549431955
6.8843130530802705
7.088817075916977
7.0462668151685035
7.23659516357491
7.225032314242813
7.407442031673749
7.20187582449208
7.276802874418584
7.345794621661407
7.487871414748082
7.56994676229319
7.884437283238916
7.625697166135845
7.866121132817475
7.863624368779521
8.370196172990806
8.173717176886043
8.179115391809074
8.536557267525549
8.580912785189863
8.642770556989687
8.951039412860952
9.242215335580138
9.40119748632111
9.711421269096011
10.228978620714727
10.758851464134548
11.262606116817196
11.722831318298818
12.143044023669397
12.682964185951876
13.09678601448708
13.720038193725006
14.035851909592564
14.100255148271318
14.193463928100655
14.20251167246361
14.26965341913965
13.982714821986825
14.036453706541552
13.960196247725154
13.672617409337436
13.431558914513849
13.369437505634282
13.137721340864568
12.81390278548969
12.699140100089988
12.538905367574984
12.280677895273945
12.008039870620141
11.40275470140714
11.235100699272468
10.83964980769866
10.62470235655113
10.398363646889552
10.316319998009492
9.893304302026674
9.66271277277192
9.256475939086707
8.819150903860697
8.535765964987787
8.012411761479301
7.793016034933721
7.042328887592976
