3.7949190705928872
4.173689704748178
4.292939975771632
3.788772766873503
3.388084378920443
2.084892478761852
2.1157718950261923
3.150602814436154
4.117184202408672
5.277358393733607
4.681580900155405
4.734213547825037
4.830600316970203
4.527217786360289
4.985872279446103
5.2210859890851395
4.809952319521039
4.975193369346481
4.700966360888011
4.70986925012279
5.101816484884989
4.712002413960603
5.069059427314241
4.905381513904069
5.291564043897456
5.420843233637203
5.569917843877039
5.5002220911189665
5.353775816204774
5.403828184232643
5.086835680088248
3.6298059308248036
1.3946101228270642
1.319954529891013
1.1586090988558042
2.9899183006054217
5.121919820831573
7.632356617212407
8.234181713147349
8.484563788460784
8.863040247917015
9.340248983216345
9.42786770278652
9.584452610064973
9.65862132867363
9.730634149958314
9.784212027208387
9.52821628769775
9.429628905994573
9.215635278948168
8.955207376061772
8.694661601564293
7.839430503343669
5.989634131441111
4.801436080498623
4.774838957362054
5.47619695533425
6.749406303584317
7.8006227995262885
8.390578483299368
8.66333410198838
8.788772973068895
9.120857492653581
9.18979873392216
9.24742437311304
9.21766309263337
9.169847101806127
9.116345456444142
9.16095209621228
9.092867245747842
8.900063097209044
8.597896880966399
8.483807506608208
8.280399803854369
7.244218673557369
4.408686460598826
2.8545892772748562
3.4397298797369453
4.621215768600195
5.890917934263123
4.1313511071674816
4.7003824749466245
4.8262226786130356
4.687499999216094
4.527045810799176
3.8321432611305286
2.3541713145941423
1.088168933503937
3.059350123185463
3.96734661277536
4.750658569807065
5.053663049340538
4.96855663034282
4.831009540021556
4.168490932959384
4.409489742863662
4.439166566356291
4.529042533306477
4.23004032838265
3.788725324626372
4.307388275246357
4.176044422714841
3.3968584078916
1.9155598785374268
1.0360994312454996
0.6014810785561435
0.9685184982687645
0.9989322128096378
1.2071603837973366
1.6993035570657125
1.5495017849874952
0.0
1.0451971560618785
1.3526340556092742
0.8407725280076583
1.188557957022283
1.2717082776323598
6.108065356738518
7.969585494062429
8.120195935835088
8.639451126310211
8.823609368403583
8.856317356496739
8.935889888083485
9.226078068446911
9.306756342840437
9.424691013742374
9.120478611175129
8.918278791910167
8.840687298775343
8.060915770595056
6.673037579519227
2.3730913323024105
0.0
0.0
0.0
0.0
0.0
0.6347451709967208
1.8422502286602835
3.5617916725053282
5.273252287512376
7.11865385645549
8.447492385087584
8.725705547798988
8.7941906950711
8.72740125548023
8.625361266716663
8.679289916879643
8.697057122409337
8.385223278341455
8.73652651183545
8.172008928525896
6.487768431337789
3.523815157662233
3.6430904704649025
4.480192616086104
5.711147688076616
6.342287629089745
6.426153733586321
4.521847039010379
4.632693278820203
4.931092609419804
5.1074184383991845
5.201678852640773
4.730037622727501
3.765984355064859
2.8826358570813473
1.3343473637960985
2.292027651070026
3.4031473794010045
4.196209255504235
4.3829304917405985
4.188981854258759
4.170449433907157
3.976987993372365
3.2748998127973716
3.0992742194734513
3.3260421146421226
3.4956379440813783
2.4748468751064663
1.0472702702439356
0.1879172584912164
0.0
0.0
0.0
0.0
0.0
0.0
0.0
0.0
0.0626390861637388
0.4384736031461716
0.0
0.0
0.0
1.005862538618518
5.847831896642099
7.784386755443409
8.06253055796081
8.256554533326945
8.693885419535048
9.063917506259589
8.995557197370564
9.021624907185082
9.095592442797821
8.926461410461126
8.471483564501623
8.031272353817482
7.5520775349190234
6.802079398099215
3.5356273866973336
0.0
0.0
0.0
0.0
0.0
0.0
0.0
0.0
0.0
0.0
0.37593525587048277
4.879623975082018
8.188472295187001
8.305597199188654
8.386356633289724
8.376658978852364
8.306417868075508
8.1832974536975
8.21452909520301
7.807920243826116
5.175430452158821
2.8213423378274167
3.7699877109680537
5.30830585847177
6.210438279717509
6.5464751609782965
6.479859423734024
6.727934224072885
4.695420950648069
4.982711139053059
5.533535966152979
5.325347670909846
5.42342351327897
5.258871947557437
4.866287308769717
4.350029392246412
3.105842522345531
1.1958322770196792
1.8748679395506243
3.276072840404032
4.02928621467326
3.9178507424580977
3.744865874819664
2.3470874622364337
0.2738608133753334
0.0
0.0
0.1252781723274776
0.0
0.0
0.0
0.0
0.0
0.0
0.0
0.0
0.0
0.0
0.0
0.0
0.0
0.0
0.0
0.0
0.7196087365189006
4.657096370519783
6.523249395430826
6.846999766934942
7.071224485931108
7.198881358829427
7.563014556326368
7.710678551042798
7.6197807423352595
7.914238050260245
7.882952602923569
7.331658031932598
7.153300866738322
6.610827165260281
5.523902038710689
2.016249529602341
0.0
0.0
0.0
0.0
0.0
0.0
0.0
0.0
0.0
0.0
0.0
1.7258136792346483
7.482596293811103
7.938631179667676
7.839797749651013
7.768932106735589
7.733343731487054
7.592721451834234
6.731196631204979
3.8993194743328954
2.690287616206856
4.02081029634809
5.782205891195388
6.82062592396821
6.68051409481068
6.850526182351014
6.6753496666415515
6.747258249707844
5.11941542023094
5.311343462048965
5.57101589341845
5.501667098864189
5.596538467525294
5.274138364327945
5.170040840871451
5.108736510131322
4.373727219407069
3.155503977373868
1.3363998437060431
1.101479116954135
2.9692855047795814
3.535569307721353
3.120671079925976
0.676636959076842
0.0
0.0
0.0
0.0
0.0
0.0626390861637388
0.0
0.313195430818694
0.0
0.0
0.0
0.0
0.0
0.0
0.5127649236700995
0.0
0.0
0.0
0.0
0.0
1.0990597792279184
4.350450345956778
6.477523730941759
6.882246499781395
7.271095502936735
7.613236634367033
7.807967296083786
8.081190513711341
7.782668306426507
7.778041545026825
7.805259680489872
7.399729541349435
6.809435256304369
6.32077002509102
4.438191401104612
1.309520117803305
0.0
0.0
0.0
0.0
0.0
0.0
0.0
0.0
0.0
0.0
0.0
2.1579614148283253
6.974273984194754
7.447426854964072
7.448182179929524
7.327224866161157
7.046242334138581
5.815055844824531
2.777043343149275
3.207366323621798
4.410759851682808
5.862009147655279
6.581010495096977
6.901604465342468
6.872336725092764
7.031331259782955
6.992480001848878
7.005285916397732
5.624977446148967
5.572643700999267
5.849379237457187
5.766221963200303
5.634682217530146
5.508597957439265
5.122590419142838
5.234191853787052
4.914336483217235
3.956121214001378
3.379342577472726
1.3722004725112682
0.3758345169824328
1.3094994835311924
2.587021206704869
0.3758345169824328
0.0
0.0
0.0
0.0
0.0
0.0
0.0
0.0
0.0
0.0
0.0
0.0
0.0
0.0
0.313195430818694
0.0
0.0
0.2192368015730858
0.0
0.0
1.2512795802744718
4.971198681364711
6.462731805464744
6.970311811913916
7.456194132815626
7.580632947249283
7.80129705636356
7.898662835992549
7.981379862184077
8.02914626203853
7.991805339764231
7.692206846830532
7.052477587042736
6.681757976510072
4.681827634854533
2.234621771178656
0.0
0.0
0.0
0.0
0.0
0.0
0.0
0.0
0.0
0.0
0.0
1.043807350252524
7.120990892315462
7.311712176202703
7.117032909224041
6.6821615664599285
4.778250395536269
2.4373192027317057
3.487383788941152
4.960582318617142
6.098615674676176
6.735892508560677
6.53206185294222
6.842208008092758
6.870106515876388
6.978761724485349
7.1271767057674085
7.009053569987485
5.578713437770508
5.690414069552206
5.857276586513055
5.9141269352608195
5.8675769536850915
5.6003257070228685
5.415394605162481
4.843821613958983
4.6172545576816555
4.449697863935468
3.877741446701238
2.957312621781168
2.6327449498767406
0.8725692919295494
1.36202974687927
0.0
0.0
0.0
0.0
0.0
0.0
0.0
0.0
0.0
0.0
0.0
0.0
0.0
0.0
0.0
0.0
0.0
0.4384736031461716
1.0685016247822567
0.5011126893099104
0.942441429546459
1.7515070753154987
5.3509843789797005
6.6334760937716135
7.203007187027768
7.640940787550565
7.731400579475428
8.093778411671822
8.063141049677581
8.162572929034123
8.120660348215505
8.210506705117604
8.036924849096787
7.7104825114309135
6.749018234717969
5.129602752005524
2.8529118512930096
0.0
0.0
0.0
0.0
0.0
0.0
0.0
0.0
0.0
0.0
0.0
0.156597715409347
5.758449671025741
6.280649185851423
6.028354922592578
4.253990680842437
2.594526369346014
3.8086857284448077
4.46134216599012
5.766261151173338
6.329691255365707
6.4740749498283625
6.626401024486794
6.861879451101616
6.8887449221519885
6.835778236497518
7.062715861312877
7.2137521115152765
5.774729487902585
5.689579566472137
5.845367869168678
5.762536776912571
5.6127435365796305
5.468281701885239
5.404562370023392
4.697357775884086
4.567597882993209
4.174668955222065
4.180915459557212
3.4558200834726946
2.7617221850192535
2.715030710490049
1.8412528643752133
0.0
0.0
0.0
0.0
0.0
0.0
0.0
0.0
0.0
0.0
0.0
0.0
0.0
0.1252781723274776
0.3758345169824328
0.0
0.469793146228041
0.5477216267506667
1.4989601535669363
2.2272351931766545
2.7169383187578973
3.0917707120047893
6.227549729037638
6.803629378521318
7.280282877511971
7.708702792956275
7.820338915181438
8.227144885024057
8.227912215484007
8.196185546196135
8.154731158826635
8.320946615710632
7.977757255042637
7.614084575994459
7.21129397109707
6.127539892721559
3.5010762686673544
0.0
0.0
0.0
0.0
0.0
0.0
0.0
0.0
0.0
0.0
0.0
0.0
4.657869304026511
6.3220936373743335
6.137638517838262
4.701654507926334
4.137291881939927
4.642987328909142
4.519689512131895
5.354419397883112
5.754563962315971
6.671961016539399
6.6722926408564485
6.786729553378452
6.954721499942593
6.914623288959426
6.9199105239609064
7.048505955865705
5.731714237581206
5.600221557819105
5.750251725889625
5.512754903208236
5.48981260874316
5.251194780593281
4.355849665992153
3.880257273104972
4.018769265497103
4.107920788010002
4.02618134427027
3.168931359462497
3.3843585065763584
2.8081660482831103
1.5091102449268228
0.0
0.0
0.0
0.0
0.0
0.0
0.0
0.0
0.0
0.0
0.1252781723274776
0.5011126893099104
0.9424414295464589
2.0114108541499074
2.557423995179144
2.476585081744047
2.661197808240164
3.312731855503122
3.2399310059313073
4.089554797670624
5.206067611288452
6.094404734627795
6.531968146138567
7.172552213023501
7.719192938300487
7.92085180032792
8.159166600755512
8.26033473057891
8.225835149193935
8.126790685957417
8.151282847329146
8.350388629994779
8.240017148193974
8.00619116644976
7.650944676473059
6.97390131486781
6.349744017858909
3.199810598073917
1.8470061450722373
0.8127234400398508
0.5979058213737833
0.156597715409347
0.0
0.0
0.0
0.0
0.0
0.0
0.7534394191653724
5.132247488877388
6.547120458667873
6.189592843539657
5.332019935089853
3.665100926867174
3.6689142468679856
3.6802276038328707
3.9019900710541866
4.768877383265991
5.985154678849509
6.767922407780179
7.049965817982901
7.171201850766804
7.251839113003073
7.345866153021365
7.108870647148972
5.7143088360782315
5.782898791735881
5.755320934916043
5.680566806460297
5.292740913188456
4.692444977666877
3.6094587528305233
3.1777763322707764
2.913015523252699
3.692281128938874
3.82684440089216
3.8489929501563944
3.271943783887306
2.9944160895971232
2.9944573581413474
2.583705127081698
0.8798436119269455
0.09395862924560819
0.8769472062923426
1.072138784780955
0.8689321319308515
1.514990302289919
1.337984523794796
1.4319431530404043
1.6656666917919443
1.1660974140265628
0.8842215262897385
0.9737816069004407
3.089867593755841
3.634123128498491
3.8257297499802405
3.992958520373919
4.130069337274235
4.280212929754442
5.119587386737789
6.4562756218056965
6.779262896974301
7.024083603099812
7.379085976474682
7.800018343290625
7.944305626297464
7.95203232121604
8.380376792678682
8.250888321846018
8.456237760122944
8.310274841823254
8.480363009383952
8.344277818411284
8.178769498343884
8.07144395664018
7.74878489008555
7.375065242495717
6.985060280719292
6.333326310865217
5.835658085094631
5.73784929159198
5.462893844075923
4.897682324062308
3.607787011988664
2.5558596060527323
1.698354490864867
1.293564775459897
2.4985068740856935
6.261913985948769
6.701833009468787
6.483834264336175
6.1131842159951635
5.165912361639939
3.583679726250637
2.8752540382700253
1.3884047820551924
0.0
1.0208306711587252
4.752849257876031
6.2186283349458344
6.832774839354041
6.924702282803091
7.060382242888902
7.47269007894137
7.110837159483538
5.879238800417599
5.530485496936168
5.810122858055363
5.604860205943604
5.183027577698914
4.293068873193431
3.1544099607340623
1.9809558710648074
1.4107117985020836
2.1087104189898147
3.394875455752516
3.4946161619286396
3.318470184239614
3.396526797848283
2.8665097571725044
3.2924203567836643
3.1222811534775152
2.8406252040023783
2.7070156361285576
3.174927802174644
1.826981556561927
0.5790411698325361
0.32484766517888314
0.0
0.0
0.0
0.0
0.0
2.8911318178244514
4.194556484119164
3.68022760383287
3.623007585322149
3.0237055290903805
3.2230232226430635
2.852853501852075
5.145589262795587
6.977618180643856
7.415505928189703
7.444136423594433
7.995418038158958
8.010267037919299
8.173990251085918
8.32590867988084
8.590398874804649
8.40076804949882
8.555156893515708
8.675146904721213
8.600257517658845
8.660885948195267
8.56198299341705
8.233433862645937
8.075355078664712
8.035255095732076
7.966336365856436
7.54217339130374
7.63851951017042
7.588826945268472
7.364215210046521
7.0886268768910785
6.680677319585807
6.192071936745882
5.979167535863122
6.763406290801001
6.959075259342765
7.029802746890402
7.111820415650821
6.102090544322379
4.892112921908206
1.6715191263366105
0.1682499497695361
0.0
0.0
0.0
3.8352937193429333
6.421572264579118
6.845938401096111
7.128159961934693
7.363045892752602
7.407142569111957
7.407634197195599
5.873664356081624
5.652412811258079
5.882653583139434
5.280953120218679
4.871692923682119
2.9203191324289444
0.3598043682594504
0.0
0.0
0.0
1.1367478137661877
2.362335588051095
2.598714709609284
3.052491552949057
2.7034610132183086
3.5997856536902226
3.654599701394848
3.7825473023636906
3.6406768966665974
3.373828357531761
0.0
0.0
0.0
0.0
0.0
0.0
0.0
0.0
1.7464090408607225
4.072604062727843
4.203672257803509
0.8011124742238867
0.0
0.0
0.6380430959975769
2.8778667287220996
6.981915470574478
7.426819055769299
7.610427087757185
7.96112055975101
7.744921270433401
8.233886810452066
8.605028371013367
8.788608154197776
8.717125132861739
8.757759918696838
8.762247585500287
8.736771283203055
8.841706225178973
8.871755022210763
8.756077471627256
8.50062075616352
8.6313973336143
8.682902197547694
8.5061949031334
8.606317952120015
8.250931978836837
8.104842875523511
8.15824957288828
7.912050487431587
7.702941242717197
7.735952581308037
7.609439957499876
7.588288586591608
7.444307490071966
6.7553479653489
5.716694461725187
2.7011208887882816
0.0
0.0
0.0
0.0
0.0
3.82041999807442
6.618705909465443
7.189966612616822
7.334921629103083
7.588024889709802
7.355245693118456
7.589471756460796
6.022650701834079
5.506302661218953
5.345268291502492
5.124433487803746
4.10338719927363
1.3372231351585886
0.0
0.0
0.0
0.0
0.0
0.0
0.5011126893099104
2.4920535775577046
3.260828240710966
3.5538165787938745
3.4967732292654095
3.7107992008874566
4.034317867480728
2.7074442153180147
0.0
0.0
0.0
0.0
0.0
0.0
0.0
0.0
3.259114995798863
3.8865864195095194
4.210829530540078
1.227913208737756
0.0
0.8689321319308514
0.8805843662910405
2.4568478381961354
6.552131438825864
7.241436663226384
7.776296100298189
7.917393579909632
8.124902824391786
8.569772955132462
8.73259925203655
8.734663745638379
8.603501354336528
8.860769526992359
8.834709419014244
9.082359962404139
8.731996416291889
9.19313588449308
9.30155156093506
9.109455512853344
9.03472420287699
9.024173303180742
8.894247131273863
8.789550607734569
8.74350753005464
8.662963509598907
8.460135242601051
8.33878618869375
8.455786081850876
8.285573663449238
8.152414137841653
7.674914375433338
7.519554068342472
6.909277341911148
5.59905110495728
2.033855090326883
0.0
0.0
0.0
0.7647338856905894
2.8800127120789196
5.927890070486509
6.870097584395564
7.214311383126541
7.580048702503677
7.610986373110765
7.786954943706199
7.580105553485663
6.1264728805326705
5.637404988882638
5.683001508621603
5.375455902760221
3.472722133194901
0.1682499497695361
0.0
0.0
0.0
0.0
0.0
0.0
0.0
0.0
1.0750351904155573
3.434398261294688
3.540648402775952
3.8791426221930525
3.848992950156394
2.5963469616944437
0.0
0.0
0.0
0.0
0.1252781723274776
0.5979058213737833
0.6336651816347837
0.7625392454167339
2.9019953465932744
4.358035371598624
4.386592687599547
1.6104440859895128
1.530279696648806
1.7130370178689085
1.3291874265249852
3.177982868849269
6.602064054685191
7.535935848194447
7.765833903851891
8.285038852258925
8.554461093908555
8.632071304726047
8.870184481240061
8.84589824356221
8.787558519033885
8.814793516713818
8.964146663408648
9.220182727761015
9.237983202971192
9.405006513475739
9.453332622590969
9.300300476014991
9.280274840061645
9.227706767971599
9.088717036024798
9.069121506790792
8.990834858820675
8.911542545058579
8.793034178926973
8.67808240411165
8.809502556295012
8.565952918244022
8.570468754739613
8.216552031214873
7.874260690596491
7.227848101854237
6.360825503538158
1.9280030918994422
0.0
0.0
0.0
2.7363049999330116
4.791331111084618
6.292294168966006
7.238487941728953
7.628205752612004
7.51188381158626
7.776163060779262
7.859783977884198
7.732881719972427
6.045832705595734
5.793413543467284
5.561870354872796
4.916794609794438
2.8097045191938137
0.0
0.0
0.0
0.0
0.0
0.0
0.0
0.0
0.0
0.5440844667519689
3.0922456629378328
3.6883798507471597
4.162734835714627
4.176070130713879
3.086608073089389
1.2250554862432304
0.4501258375063607
1.883339447548389
2.2000895012773314
2.7526774764840916
3.121290308198272
3.203826159726726
3.1450282967419323
4.0319995183669715
4.976936053425469
5.061210655658285
4.179283845798898
2.5662778134687736
2.7824301321975056
3.7631738115888345
5.772579329086704
7.132681933242161
7.679569800215863
8.123610831581875
8.310092024911008
8.48099205397082
8.625500426638093
8.92768486589301
8.789492420598036
9.150377460766661
9.100867269303645
9.19120829053933
9.300846640562982
9.24490728295927
9.4937093251944
9.44200973512127
9.686606485631621
9.778223502327696
9.609692461865764
9.633209547922943
9.612820174165941
9.190616249365434
9.4707023574252
9.315663238983428
9.224927523631816
9.14418168794394
8.838905505363172
8.865966254014612
8.778749511343584
8.363919631628795
7.58457262387227
6.379804935177674
2.661218093536051
0.0
0.0
0.0
2.8385840902773536
5.019040410597502
6.5395728473007635
7.197044412137575
7.592772931154289
7.5628185167144855
7.7129234406371445
7.91984623988152
7.9884592051289856
6.100349645313602
5.872518250856337
5.934465417130101
4.748451978986046
2.669832110873952
0.0
0.0
0.0
0.0
0.0
0.0
0.0
0.0
0.0
1.2527817232747749
3.1603445006298703
3.507826869625415
3.9597356964775665
4.5284342843244145
4.3412193481247705
4.377682442862146
3.4031592048656334
3.3610953064002036
3.59094068088194
3.622491528410414
3.6658093764649973
3.8020254198033547
4.3398928823968195
5.324323966969148
5.959126869433109
6.2387071581308735
6.323023566257071
5.7272750899497815
5.84001564233871
6.5630147891907855
7.146196233018415
7.815186427689248
8.034555935972127
8.300082884925942
8.395546749958575
8.739985102436352
8.82410535730011
9.014438957711516
9.251382325725867
9.333461169219728
9.446831648057204
9.56466262827652
9.651487242160863
9.674454928303465
9.624237271494508
9.736875711040126
9.730698005530815
9.938208885217696
9.874780152878023
9.90428330306911
9.970405033090264
9.561236008264853
9.592239233691423
9.502361479598157
9.433653259153782
9.402335692043001
9.262079670735533
9.214577084794923
9.144684520839927
8.745440960827256
8.002047031752875
6.877245380613171
3.833383444922112
0.0
0.0
0.0
3.0351891615980406
5.470211854513883
6.780409281643715
7.380368695203753
7.895615810763592
7.990380528645199
8.2529872166315
8.144684453417204
8.339430142361103
6.041844870261255
6.177281101008775
5.762990870768518
5.052648593442965
2.636376813193109
0.0
0.0
0.0
0.0
0.1252781723274776
0.0
0.0
0.0
0.0
0.6067235529157076
2.0568525059496006
3.770915702275615
4.082699086886074
4.394460244776469
3.908870369211786
4.676818401787557
4.562873606184889
4.064800131043601
4.169906456854217
4.592391156082978
4.839691727613872
5.2839575597373285
6.077629042291518
6.167825981798465
6.595423803133053
6.801609237545124
6.8755032507383715
6.719390604697798
7.193899637285957
7.308757814619847
7.805751069872276
8.01511095294132
8.183532162749424
8.525507290517906
8.581715387489345
8.875659528105178
9.146412222761839
9.197250681612704
9.343069014234247
9.413935304482711
9.498114515042376
9.93202944525365
9.851189235706386
9.811785396280875
9.818271752476583
10.261631307234575
10.106845101032453
10.288446219337832
10.167156295233287
9.989786544486266
9.959786139956421
9.734574124600366
9.82276851786692
9.759952314722282
9.789511154056536
9.736309903608984
9.394260746866303
9.652935674138895
9.289657528705716
8.971466071169266
8.510959620245654
7.213983338558246
4.604134444869046
0.0
0.0
0.0
2.1597767907403593
5.485556921916221
7.202598365347563
7.459759004390929
8.316170470513244
8.164658230473053
8.252070188764268
8.456406937488762
8.572916492150238
5.981638602996268
5.977724452293613
6.0763349302550616
5.324830482119711
3.436884134084653
0.39112391134131974
0.0
0.0
0.0
0.0
0.0
0.0
0.0
0.0
0.9861952298968377
2.5752864352562295
3.745558600713656
4.381951241266712
4.2329780798043135
4.434576043549557
4.888530622867726
4.8703339430615324
5.179387820720078
4.971868070585224
5.474947278078448
5.783063925946182
6.134264933695748
6.6558224343424355
6.685218592245033
6.601064066328973
6.888553464544282
7.054319577383073
7.185553133922122
7.568037100940617
7.717671482081638
8.070971528875505
8.31579354567919
8.465520473864135
8.681250996173198
8.736537889885074
8.909922665472322
9.310964319738519
9.363255950985533
9.55618818316311
9.779040611505245
9.978129424221578
10.022329787002432
9.85731956781765
10.081280622215116
10.321024702002461
10.208940286452362
10.113832757452654
10.308031044167508
10.282398611062412
10.182889597855711
10.273682062929973
10.373883796069869
10.107155486173593
10.2650071216582
9.95529935010805
9.902717787122185
10.074794917653556
9.920559119528695
9.81153648062336
9.384673798266041
8.71390285358172
7.543868696369988
5.052907673599345
0.0
0.0
0.0
1.8699162399814917
5.527067034380489
7.352312102566481
7.883739523740389
8.047644736097093
8.54469795398497
8.617759771794358
8.6231089193497
8.748427206768095
6.349651119794049
6.35686688900641
6.0998955514576565
5.841528392873663
4.598871966434871
3.113205906659643
1.6298702375084513
0.9396595614573371
0.0
0.2505563446549552
0.09395862924560819
0.0
0.0
0.0
1.3102608721674003
3.624720830234251
3.9678722196880236
4.611114756978503
4.617835756294125
4.694850923225534
5.2246807155702095
5.7108674346326325
5.4394349491689695
5.990532315804322
6.377598316764654
6.554433445466088
6.2512785593459945
6.478262455990864
6.5697984235557465
6.815437014769162
7.422379722638552
7.2206735111941605
7.602710723342849
7.8220864786520865
8.078636869982942
8.27600697998433
8.351488474774259
8.617979525565914
8.655334116082207
9.1392974157073
9.474973081268047
9.478826326227574
9.773558084368922
9.651736157818377
9.875341839765555
10.041676974984862
10.218480918300735
10.29456942990191
10.33801209054853
10.434373565551576
10.490567124246978
10.56718016535142
10.617025610059894
10.610371575148106
10.662777827625861
10.527101572412272
10.556483474656806
10.483422884192702
10.246983115255563
10.107087510057468
10.137411312993452
10.10028664817701
10.107721293604733
9.92705371681164
9.677217574482022
9.086483956233032
8.121603327542196
5.666243509992961
0.2505563446549552
0.0
0.0
1.5565788017305229
5.651055276867143
7.142469908346175
8.046991080664633
8.617712101246896
8.585457369595783
8.751526504741241
8.88236410904354
8.79862905500288
6.3294785898053565
6.286603122419871
6.4465894330414555
6.479145671193837
5.535015485936416
4.243354771962651
4.180980731486333
3.8801218726669404
3.5461610176538327
2.6943719433086644
1.4689110674866916
0.0
0.0
0.1252781723274776
1.9389402773520106
3.9205019692998615
4.23211502478565
5.1006487130022125
4.678405901243506
4.951558894394313
5.606753221392933
6.0973654234936845
6.070809835589515
6.067674168960395
6.409858826613926
6.309280807863617
6.460069021968469
6.81928194345518
7.124937565070209
7.310237291951777
7.407933659757392
7.621056358767199
7.848116097296817
8.059074509326233
8.274590404014155
8.522612259017649
8.688430931631283
8.754004097760566
8.979319364711122
9.334266363918092
9.761209906274852
9.741866187201875
9.931903468563375
10.013054714885936
10.059207922250245
10.153302325878492
10.338711975836882
10.345081715969588
10.451129025239945
10.799887411385251
10.90323548328531
10.753826346174817
10.666583504336897
10.709647717118644
10.745378062282896
10.948711383005888
10.90399824121023
10.749910923208208
10.509773938580558
10.337461542550965
10.598391921368501
10.249910331397373
10.377115616548307
10.318791004436806
10.474916016206127
9.813171632483238
8.697270099002406
6.299508071266438
0.6292253644556527
0.0
0.0
1.268393968569925
5.9438106871248
7.31092108555727
8.309458562529622
8.798781475535963
8.965583069576564
9.05143139889015
9.066135718683798
8.909032423852407
6.24725995695803
6.316449583952089
6.351817629367654
6.163253431978037
6.051282323846272
5.543451898105242
5.270123910269702
4.688053480790853
4.742920098458031
4.36108931847551
3.7229881264314924
2.67025821041361
2.423387714585204
3.408559104013232
4.156437407853377
4.406314743951763
4.5349180361498
5.013251780732704
5.27779978796427
5.674782053110512
6.209358272796292
6.1911428181589265
6.0177741361961825
6.417099568335206
6.507727068744069
6.890915412073835
6.963390412235035
7.196541649752546
7.223098726760308
7.470532898656856
7.495124168578714
7.850091855383337
8.04539513228841
8.05753204233414
8.54720319936087
8.803547462182275
8.89424905447417
9.224748528014244
9.166635205773142
9.555562640703075
9.541207827337633
9.898222756186579
10.136781649989803
10.474014062204585
10.40707609630674
10.545646266667957
10.722236579661642
10.650911099083052
10.691213643946206
10.920583210569554
11.012424699712074
11.07157109204599
11.249734515496437
11.176412528843695
11.25412193285368
11.221075605715443
10.981712752831994
11.090082940044937
10.761558714239827
10.589496540890146
10.717819683165184
10.8227919963254
10.855721334797462
10.732161778544977
10.584051409074775
10.00911708839434
9.199776939720506
7.041149133464701
0.7524691057411496
0.0
0.0
0.8825749433846475
5.80968145065899
7.600096438895842
8.470415783014058
8.979063830516623
9.248644501720841
9.186904065410339
9.159929314662442
9.376742086573884
6.293533701550821
6.33700424216392
6.358272652915938
6.28179529107671
6.286390456859521
5.905022824991866
5.700928821283609
5.1118140478262575
4.8155437685134155
4.821893766337213
4.635088053188922
3.6490986813223243
3.607651376024614
4.3004029780709025
4.718764322164672
4.994079204449661
4.863452139374731
5.582297330926836
5.716027993916164
5.694323254254853
6.017421335471643
6.205004535309079
6.410525586030223
6.566791901676732
6.581655792786555
6.8358749568015424
6.9976091917534
7.1546014484290446
7.340803968637115
7.464941822937075
7.797046077628726
8.078488332743447
8.085243785163179
8.30626506860765
8.609816012174775
8.958263661815943
9.198150119941888
9.145079214955853
9.559684439087727
9.578836591443196
10.004935443603442
10.322132823432442
10.414852596294402
10.527707741983605
10.641655749669207
10.810384409889735
10.888576180896889
10.895533674518127
11.046965265243552
11.424848443950848
11.301799022183847
11.345467376619927
11.389112296994877
11.55576944041474
11.624201720986411
11.517886015285995
11.396814553833819
11.2499593789568
10.888098921511501
10.89954830550413
11.030164014390696
11.220779208271967
11.172581752723357
11.3017231094372
10.920760374984752
10.639660604738486
9.788109643742262
8.342757374946952
1.6283333029595992
0.0
0.1879172584912164
1.600230116135683
7.125526257285623
8.12486555521316
8.794316594380877
9.116542803502112
9.482501861896742
9.444373696021957
9.629100036511247
9.79376312433297
6.6150699941888655
6.507896531406856
6.398405047332975
6.294081781654545
6.348360524414892
6.079459852002523
6.03856671192141
5.71330522256367
5.109373234705106
4.840496315197726
4.384100922758406
3.669017928762721
4.054117709322558
4.357427122616562
5.092619804885725
5.057107475976249
5.193556187949174
5.0823606223592765
5.354531668653012
5.336618275089486
5.996646425371708
6.044902776712996
6.226824257502897
6.418271204957664
6.60374197739131
6.827437823786588
6.897727311892213
7.202559618097574
7.308726642020874
7.688570380931178
7.930064900270307
8.186562708363185
8.455427168157891
8.530776422441308
8.907171897300044
9.264081902183202
9.388623513931337
9.499759319558697
9.72147030681237
9.943697192694469
10.026207553284696
10.437865344404054
10.522496807113006
10.561442942217132
10.758114251094643
11.07883812051528
11.315302539163891
11.254056867625774
11.426737070891974
11.610911859806132
11.742733312705731
11.813634456672464
11.84074563529285
12.004284149797494
12.041756514164422
11.95780453639559
11.771363616403448
11.664949165026126
11.163634191989082
11.297795583806195
11.526039824430148
11.598014483319083
11.640300723722783
11.416242193503463
11.301162043301732
10.940279508894237
10.482154923476259
9.76081138531149
8.341700002999344
6.781996906860127
5.602713909862269
7.036916098110511
8.243097050525718
8.896881556916947
9.23143606768456
9.595116453788501
9.544667948635444
9.582103575569281
9.612947885310945
9.829558752571263
6.254046604823362
6.5800335730903505
6.667153464640364
6.432439294471819
6.459712145698376
6.108113215185562
5.96834993845876
5.608729082521387
4.960208901753054
4.96449278353511
4.448890589022697
3.120093120197904
4.2168355772416435
4.891541463411408
5.246363498508841
5.392404255013529
5.318169051268446
5.532398287938438
5.394411482042653
5.418825173279337
5.839922326463692
6.17050176002707
6.357202024105659
6.60362000513424
6.801718737405628
6.965410553211227
7.18258650970636
7.388836510493519
7.493877215529616
7.7232471629385
7.990066740760506
8.338364291134935
8.65368010454184
8.875811948638262
8.96055652361711
9.33847285969466
9.604305721133889
9.772058810083394
10.033930209961277
10.171332699940532
10.41696396271901
10.703784464928603
10.772131427770619
10.879211513247332
11.274211609550868
11.411948911242995
11.711921888836244
11.830877552435316
11.836046528856526
12.05208816044351
12.031022608118736
12.313223930945977
12.384995035593501
12.452507895429838
12.338310440355263
12.317245505511803
11.85560046509297
11.493331591483377
11.527649049847355
11.316178178407284
11.63923775525868
11.79548304894213
11.840342838232306
11.70235464786636
11.735729171991323
11.333666843329349
11.146393433001435
10.597388757764554
9.612011538451414
8.459638600356381
7.105188500048487
8.281937020286954
8.787150532562428
9.177380972382585
9.48324282852883
9.886312599720755
9.890367148281333
9.94376104826697
9.994458394419658
10.017851889875441
6.398286088576277
6.213557334136233
6.296608678280443
6.239157741204621
6.2066264755611575
6.313731762936684
6.185419034152761
5.248090793292333
5.069793613104989
4.872938914550897
4.236377320173985
3.6079221769006784
3.863036694753469
4.450240840988406
5.116929576616027
5.096483959094609
5.34592970792388
5.431348887960386
5.473706736826306
5.2968328977266985
5.266755316935201
5.800968596108615
6.087060980776096
6.296132843253652
6.580127279894003
6.935269056654743
7.156112098359951
7.413147828735804
7.621016781961281
7.994616617009286
8.295776111632524
8.635476400918316
8.863690507971315
8.948345874672256
9.125060864394511
9.742932212036933
9.69720647378265
9.869655458938766
10.093567405483459
10.382738557342996
10.508126686936391
10.642646224581084
10.986961101564347
11.230253951175559
11.568706411167385
11.661511909437293
12.104123213012315
12.2139174510295
12.263190032519827
12.381538156963945
12.609224148227804
12.537133850523492
12.886988222650267
12.750373886642851
12.771383843707087
12.705868215273076
12.095832649004498
11.718352895187067
11.407879986956216
11.440859031555725
11.628013714320693
11.225219677465581
12.04719156322226
12.014572079041626
12.134275955263947
11.766810966458603
11.52692474391499
11.379432513447188
10.468482677565953
9.697408030726857
7.927636386040259
8.982640361508217
9.372307516959207
9.638825566544725
9.88596343757838
10.25683288752459
10.165842006374874
10.207829311027615
10.311197178445273
10.139703500867517
6.521877207313706
6.426748527369811
6.460570108948305
6.453231870197047
6.453639250373228
6.465283954043685
6.014050909883034
5.543343600571757
4.720572523263087
4.603823730240346
3.898926469195419
3.5870187684181145
3.9567979450559054
4.00560108947918
4.813386241634934
4.899478960691157
5.127503217360046
5.138179102269555
4.813386241634932
4.9861406989112504
5.070646926770191
5.3393518797707245
5.7030785400234585
6.1938778467321365
6.721504452477644
6.93984181577592
7.193971168645914
7.3437565779668805
7.488590974033557
7.9915386533765504
8.186526256906726
8.58220956064481
9.00012455853045
9.069046203896393
9.373491599307002
9.869783821717933
10.081152911070104
10.202017730325146
10.457018038859253
10.442157970605178
10.93637582792427
11.133238804448663
11.397723433358786
11.636822631497996
11.827649317186191
12.088407292767425
12.46347319291813
12.6342286471488
12.68224145609387
12.934735580159835
12.954026933100623
12.878400569589676
13.00587490630764
13.011303122058766
12.92919298875123
12.792997266762105
12.519091575285547
11.628571626827995
10.962728559681867
10.164315048826658
9.972630275473648
11.976398909126699
12.376902884014042
12.138847239866513
12.29469762244457
12.226941955949227
12.078104692663599
11.5883313430124
10.885106655475758
10.370990575356055
8.488136970300756
9.517017840107126
9.577388159465162
9.764878935311524
9.994273334334643
10.309187761736407
10.193971207336544
10.424662006423238
10.389774809902116
10.360680458089051
6.4608080264617
6.329954424832146
6.3380748709742
6.323737318797257
6.240231880797101
6.492005214384318
6.122104635974068
5.301550942627735
4.664118406139958
4.2600228814379815
3.809910347120553
3.0649324172118106
3.9131785271832777
4.029286214673262
4.153197137012355
4.371068147178516
4.615269006364288
4.327035346509876
4.5298498082192475
4.367902037492329
4.579043159117151
4.0536957843046295
4.394094128058316
5.830402761236103
6.464354025160948
6.623529365656494
7.1108371594835384
7.370390229983083
7.645296749771295
7.792031349796555
8.364074024197874
8.762037290211772
8.758168518196273
9.244097052907996
9.49942848101528
9.70097128922376
10.279729671205391
10.565506895212952
10.652623707995115
10.899532743855335
11.211047333571155
11.57392710815122
11.728817447879454
11.964381541819622
12.259200614347307
12.397338016464834
12.681082612694539
12.873037160151307
13.073399886858237
13.059267206719573
13.17203484740665
13.136661956947814
13.3957509962476
13.537446867986878
13.345376139047422
13.23721583477682
12.632397815995649
11.448883873310406
9.861602381277631
8.792361477349289
10.725211847255618
12.417599792984586
12.294755319517346
12.295795199231204
12.123525771416748
12.127969177672231
11.954761656426658
11.68393174254696
11.38385838279699
10.607385861021847
8.838382691436344
9.82455765133402
9.914938980363296
10.155681848964711
10.362701621514075
10.694189199161901
10.733540342648272
10.669835377397975
10.837049033203362
10.795601694337254
6.446827350554851
6.2130814991094425
6.322973062350981
6.309280807863617
6.35655672641608
6.1994576994726875
5.833707012211988
5.12606601775346
4.492039148845083
4.430659041654009
3.7913922751719698
2.390125469948198
0.4421107631448695
1.5491210528249901
2.5653188537607496
2.328142015655955
2.0550061873176295
3.6363524303223285
3.671804556042517
2.8956862497918965
1.4569650411946167
2.201669087800621
2.8245713281770275
2.526410100339971
4.94065012066701
6.137636260613089
6.918695488516137
7.090072960446892
7.564008618781597
7.943115524230359
8.310531333170708
8.80692696256031
9.076010174175465
9.369408392156243
9.71547766138806
10.179379222929132
10.438872102116106
10.622014351766909
10.9663203490958
10.98072557483723
11.262554738003699
11.545317766262468
11.959007785488486
12.269057870518587
12.595638748298025
12.775111620644026
13.115208196822795
13.303958551920767
13.255007723077155
13.569856151621964
13.554571229936386
13.457224336535322
13.564193407098934
13.890310589674828
13.728905846459567
13.518238915642122
12.432837254165458
10.53106963334041
8.292037432301134
8.386295268708094
11.344807432542586
12.236546918412975
12.420172032690312
12.231575794932562
11.974426287187137
11.96267139404051
12.153756863240336
11.657787895292858
11.079279972105459
9.91693109623066
8.744344618554475
9.891828912114471
10.215359281446645
10.482486605830383
10.420406486709904
10.897203982135718
10.810517987859313
10.79251420499416
10.869576908707035
11.090477978515443
6.351817629367653
6.27510235001503
6.303896413125613
6.418984957497851
6.341599407946729
5.987506066860521
5.676070650046527
4.979396344813617
4.8091937706896175
4.802311967002816
3.432669971144436
0.3481521338992613
1.83305208156471
0.8689321319308515
0.0
0.0
0.0313195430818694
1.9620499509793354
3.2690539852469507
3.577079778970028
3.3068385841515373
0.6802741190755399
0.0
0.399138985702811
3.2312140905202673
4.610704789898412
6.281510640704718
6.98169647085347
7.533862038819944
7.990020186663569
8.455273099155969
8.996870925718309
9.008649239414359
9.415703858485413
9.788951201623734
10.19796779204243
10.449792415801939
10.72952104387864
11.223197668947233
11.644893189628478
11.657693319022524
11.804044278673134
12.471687899703056
12.68697563184052
12.908276333172237
13.106606514908826
13.351144672155453
13.49831678695246
13.761550835766002
13.847764703201804
13.895744548285398
14.063654456982757
14.07922699273037
14.181436793473994
13.885306834254424
13.74164080707067
12.286940461517585
8.71752485676239
6.391676164103986
7.341907467389309
10.456452240734212
12.100524697383745
11.781838207750123
11.28987446437677
11.899092542901023
11.834377573077127
11.791243505646781
11.534415129546456
11.113967205303
10.589672895893164
8.484985414626403
10.34059974348584
10.367690363221097
10.420173534485611
10.785229740777156
11.044167289515892
11.096922156431585
11.28795556835862
11.307322639558173
11.431948837046995
6.391856316981037
6.433084592161398
6.30246890804524
6.371182700012508
6.449609092807824
5.9712259464036395
5.632481357336687
5.326665742641982
4.958164461423066
4.392608447460686
1.9157680040732181
1.3701387245141297
2.17947458649029
0.156597715409347
0.0
0.0
0.0
0.1252781723274776
1.2906348319899448
2.9012188489877255
2.9772531353399088
0.156597715409347
0.0
0.0
0.3248476651788831
1.2158662906259954
5.269801752662035
7.1484325328876945
7.471794532083914
7.895143707445961
8.305356434643858
8.923760767084596
9.443804439615457
9.44204323640741
9.938464307507704
10.556367510227954
10.743400530892904
11.158981876340235
11.427202725592684
11.618982417936612
12.100032326957542
12.312814423941672
12.526898289092216
12.80573190628812
13.220642707978797
13.48170420114286
13.633539949865082
13.820706421526374
14.137873079229198
14.447828908543146
14.682594285680993
14.754235999462868
14.600866496096197
14.573829542606347
14.311482158713561
13.742059136313259
11.394231145401895
6.224688909044313
2.4444628814817455
1.7880446485100894
3.7307384602331775
3.8307228345437845
4.658472614922293
8.694819333604823
11.61996549214604
11.24033235164801
11.565603458340567
10.552434837143993
11.331090511096084
11.456633136568298
8.811991452471519
11.059150781548487
10.981729463652044
10.97970719664518
11.277162764369104
11.563484816673283
11.425588149467227
11.549236180064357
11.644019650099853
11.562539246129877
6.452254948190419
6.343578224468903
6.370537402322929
6.302706825558635
6.344054059495694
5.8761080113414
5.7176558014969805
5.381889503282126
5.076143610928788
3.7428155467339335
1.61844989226381
1.8351914260164723
2.3860566078642345
1.4324949516395624
0.0
0.0
0.0
0.0
1.7881103613011564
2.435562794294525
1.4187268728635745
0.0
0.0
0.0
0.0
2.8019898972626325
6.102715271826153
7.060168326573064
7.382670435780091
7.764389482221038
8.55140107257943
8.922824645850145
9.381998903270185
9.811785396280875
10.042927283090341
10.646441836665208
11.010977441297815
11.15462617983012
11.840245812834567
12.084506839440504
12.371331291610229
12.812263031305061
12.957756746351688
13.090318791571498
13.547721579737773
13.664956819109975
13.91221292801687
14.328581381216488
14.784737671335648
15.067525323503435
15.415220936453505
15.486184896715393
15.654894300354215
15.381495166732583
15.104412310439228
14.383381482859777
7.400130473262932
4.19315158395726
0.545164456113906
0.7822478226826395
1.5688529254559584
6.247765190736367
11.904653390496842
11.373797905720092
10.601083438870146
9.939766293985754
7.391466502206645
9.217743989389128
11.4893111728814
11.377757795394334
7.673327683825527
11.281505097767736
11.530737074323612
11.500456209813407
11.669039971148981
11.8626406283411
11.895856219008683
11.878479332033816
11.94914311565266
12.022018626901534
6.302825784315332
6.383804325689591
6.199933534499477
6.21212631827366
6.404622153367863
6.302129524652179
6.007621138287793
5.524660534782877
4.939425471232049
4.883184238558488
4.038280936322593
3.557160531529629
4.2480346282611015
3.871840399017525
0.8520786917553236
0.0
0.0
0.0
0.0
0.0
0.1879172584912164
0.5011126893099104
0.0
0.0
0.8706908199089107
4.475019793869045
6.095851697116645
6.797822666162984
7.431702411753655
7.931605642553944
8.413796883291063
9.007371873771032
9.224997071177986
9.714111878587993
10.28505229148585
10.671998852678929
10.748094994584616
11.402707929837966
12.071271997378444
12.356829339473055
12.685919025943123
12.882129911716504
13.165034875902725
13.203173645836605
13.510898652134017
13.719157698313412
14.346376202879592
15.078870623989097
15.355774019730601
16.027615507664592
16.138080618243617
16.276010963068966
16.54800165641489
16.69853272366492
16.47650751380772
15.833578922464525
11.799023463653064
3.424287240393121
1.2775607121770265
1.0335449217016894
2.725116619492721
6.535820229395492
9.348564192820104
7.784109569919354
7.296404735061542
4.796934328414073
1.9326584639367619
1.4356703212745263
2.8668386789036067
5.902446345054628
4.6303103854338294
9.453692264067708
12.00793050988539
12.105699857383023
12.275907436201402
12.345392432944701
12.350386421006682
12.345453555343276
12.472040528275176
12.57480249786373
6.498341279175904
6.329359631048658
6.145308380906569
6.243608696277689
6.107734597744625
6.0747022451213235
6.054872084331338
5.717251859318828
5.155347476713587
5.070377499046378
4.0182119400411445
3.609458752830524
4.212485512068491
4.110468332957031
3.3606661140302903
0.5083870093073062
0.0
0.0
0.0
0.0
0.1252781723274776
1.7210933607746246
1.493018193387503
1.7258152693259348
3.055363799743981
5.327432428418965
6.377334867854089
6.949657112737773
7.155993667018619
7.786585548853545
8.205888446276479
8.924606439262318
9.276966189195914
9.967769459006677
10.216235474018927
10.547457127381053
11.081240267397643
11.522516005708242
11.971711479490052
12.439426972542995
13.11782356461054
13.537133415106164
13.624116095961732
13.729170277471837
13.72417795151598
13.906883429186026
14.704144762157068
15.497006171423655
16.34587394813231
16.764854905316156
17.09852532652033
17.17143290416907
17.332755982800315
17.319768820376474
17.363274644616403
17.06384659326591
16.36699164047372
9.682517017260617
3.355000195578403
1.9262905907183354
2.954650814017154
5.496744950009078
6.825580811312525
5.822417260042678
1.9551800173774772
1.4657140343055215
2.30567253894783
1.8900840649082553
1.4837781839056317
8.711249841789565
7.31479489665937
5.992373113670729
12.81467063958269
12.889849883508745
12.91108623860491
12.871326898008153
12.850179150887573
12.867310515433532
12.854694252443407
12.847617435690355
6.492769470830593
6.295775966983559
6.303539536855519
6.054385504422887
6.0332360524275686
5.99086167202192
5.8339950814031765
5.4263399177958025
5.612024906486523
5.06762222770765
4.280212929754443
3.906017094702053
4.314717523544041
4.152942330975758
2.291706389251346
0.0
0.0
0.0
0.0
0.0
0.0
0.156597715409347
2.3182584277843126
3.2458114193429086
3.7372709533613344
5.313914644282511
6.219201387558478
6.707880652840889
7.150173954848351
7.545210932079514
8.343033126381794
9.12395141954064
9.5100284691663
9.788019394566179
10.177946115647092
10.714762487881416
11.157146938554085
11.754956087985212
12.371997949630055
12.797227852188582
13.259090663465598
13.548860261639112
13.88494895634484
13.794253389883194
13.687335639607818
14.214853862298055
15.175433507904852
16.219267227274244
17.114355727557495
17.6767678626051
17.925258702114363
18.459314393173482
18.774350117610368
19.17938835750858
18.788720284136794
18.651894343855318
18.1254900179287
15.40632542692759
7.405971036973815
3.947415796590271
5.499692117876731
5.862734538778137
4.826244245821828
5.659999604677731
4.063538163944722
1.455483685398062
2.0997623805753225
2.1165745522066235
1.9944679462300545
7.333630574598964
7.85221011975837
5.179821133033994
13.74517832194055
13.612420036202723
13.730519033596082
13.533392602253372
13.354550028561306
13.292763235392876
13.153185814489945
13.239814258343214
6.4732854414290415
6.240685974653047
6.398048171062881
6.2955380494701645
6.2547856093165946
6.08832604475808
5.870323257991613
5.765117056554338
5.396087345307342
4.976210841379899
4.313008972053078
3.4289022904298054
4.701770948471866
4.4720183887608185
1.76209435204026
0.0
0.0
0.0
0.0
0.0
0.0
0.0
0.8922366006512296
2.09982428339166
3.809384740207891
5.238520766062873
6.236159364541611
6.747223538858605
6.9608227719563205
7.338573759420734
8.174033908076735
8.624155027318363
9.490115712411137
9.851326922393348
10.099561660182053
10.788732788016999
11.206762031595987
11.632112872321468
12.485349323066279
12.930267459850008
13.585674646300562
13.809929064680327
14.02460570393141
14.310254385156322
13.44739659104648
14.722193219273173
15.918084018266823
16.98129956940162
17.97340553286401
19.06460923092935
19.95761083386112
20.501024728690233
21.13947598340309
21.67466159788614
21.738897305653428
21.799629068387407
21.523009507748256
20.581746509940018
18.551051308034538
8.52055765961062
5.646679199361902
5.7449889830202325
3.208605430735224
1.847895899492102
3.0963228829491203
2.6670419189419317
1.5987918516293236
3.4494870061003415
14.721051352804563
16.897033717555306
13.399392258594293
10.622110979261473
11.193074628786544
14.513378302237694
14.210351568489635
14.074526458472466
13.718524548029457
13.735411818110965
13.745905386635359
13.825642919983817
6.4187470399844555
6.460213232678211
6.440372327006567
6.218985211215928
6.17914095877425
6.487936666978514
6.019071686230672
5.64496004152397
5.488807875076764
5.04484106642068
4.490620937621331
3.6981883503254935
4.673073375453123
4.583633681923884
1.1446869580334726
0.0
0.0
0.0
0.0
0.0
0.0
0.0
0.7589433539622611
1.4777907018449532
2.2645188441388515
5.189482844878309
5.992159222056408
6.834249723604966
7.162805566836996
7.1126791498238715
7.563848893316022
8.408381348464149
9.130067814451323
9.528121103319208
10.298225769322158
10.744087009791755
11.158798233446745
11.854652002031635
12.40979459320396
13.073568421986533
13.49530961860424
13.917364097536812
14.01434998689777
14.062883584751487
11.519889522652118
12.817936289260887
16.46176318541177
18.02590546336467
19.78034748617044
21.35164668330098
22.555922626297388
23.38004815704516
24.45898903964821
25.546352623477084
25.717993189358403
26.126930236724704
25.86062037143061
24.992255582981343
19.56971150188541
6.412718482613701
5.942758557273015
3.9011715669933436
4.08878539431061
5.035228354435826
5.232289896113523
5.343366333828967
4.726596348057435
13.374726204769663
19.79549412244142
17.960432642979413
16.42570151406367
16.68629325052124
16.14411266329569
15.677396063651111
15.163100990882057
14.910930077690693
14.590937950559798
14.448431345770146
14.214909180864588
14.194083757989704
6.2545476918031975
6.274767214915782
6.28153212161027
6.28848823213839
6.274150679961447
6.0666252813209605
6.092748516540029
5.557872806361407
5.517484901589852
5.0422499534501695
4.337302346229224
3.477411307280972
4.39432649077488
4.71304424903469
1.3797565278323385
0.0
0.0
0.0
0.0
0.0
0.0
0.0
0.0
1.6110220457175843
3.7292917279956477
4.7534243456676135
6.091699628900594
6.63072339369801
6.063613387362383
5.791004265364559
6.284586492225877
7.451607758683906
8.293052102169218
9.00184752003424
9.58350200940197
10.327870046566732
10.737240466186549
11.48372841559704
12.277149264664436
12.948682772662089
13.353357858795013
13.7516921548379
13.90118198152066
13.906362938583511
12.74544994368979
9.484238573629652
11.972347082499356
18.860593415583857
22.034390347114602
24.326498220061623
26.131151240567295
27.442602745594
28.613626966019012
29.579911659334652
30.165314216447708
30.50177528023235
30.252623982054047
29.027405352076794
13.750024113118648
6.823446267569434
5.739632924017042
5.665679634462248
6.339119286607019
5.68443568303808
6.013530717723016
5.646967268553093
5.469786718794916
10.862715901726368
21.923424829813044
19.09756899600985
17.639716562195535
17.50097397857329
17.13896673874269
16.629610199346985
16.171419090578976
15.823579030804446
15.469998356603751
15.221679422243918
14.939554435605476
14.76516351206746
6.348339062688174
6.411026673010058
6.410504124303504
6.322785648743674
6.203479533198728
6.233517198564577
5.982211655608912
5.588461503724929
5.5285294113606565
5.168313546087961
4.482312438849758
3.535008500986422
4.0503009080427725
4.592141206626165
2.301531921291393
0.0
0.0
0.0
0.0
0.0
0.0
0.0
0.0
0.313195430818694
1.097658528047301
3.912165163350967
5.747109326285322
5.8250445271296645
5.336232744681333
6.290493919648533
6.402354635982081
6.125279782183492
6.457860183396976
7.478965755174642
8.539217425808513
9.335359709398741
10.054958176162797
10.846595704006587
11.59174913137429
12.601387513852499
13.213708322603251
13.80415313783988
13.365319430567503
13.222953805781268
11.279403561833652
5.937805684316498
8.912642525913839
15.249324860204318
24.810290776278126
27.776327514180213
29.892469217011627
31.878817585918306
33.484451975782065
35.138453102580364
35.65690220809859
35.3327334179117
34.91676447456345
33.26551129617483
12.588481322836591
5.125787984984805
6.989404538831773
8.398826083373658
7.731604697352322
7.0004931503078165
6.8809259930505515
6.010086534718414
6.449915465171827
8.99386761091699
24.546023427294067
20.313688800808873
19.310248991735964
18.75704197450112
17.894233996838206
17.317454878818545
17.045552698792203
16.597835998391094
16.373115389008667
16.33489124138432
15.81440526007592
15.85209787095798
6.342695009265929
6.487172410532238
6.4115277599898945
6.3576778591324485
6.246542693635643
6.081871021209797
6.030824883220295
5.64156193465161
5.414915988576689
4.869193888216465
4.3685666691778
3.4990025310892463
4.2007345063818455
4.523472760025858
3.3435111055907463
0.31683259081739185
0.0
0.0
0.0
0.0
0.0
0.0
0.0
0.0
0.0
1.2571636592276638
4.9862941730680115
5.367217805781752
5.878853425193468
6.3685585858007565
6.056234365899177
4.796626661726144
3.5602811256364517
2.9463558993128465
4.26343766419758
7.877462503302799
9.031966466524924
9.737746048614055
10.57675117138425
11.454390412824607
12.82779605043204
13.772707192138386
13.347976907638381
10.87239343522168
6.090792318550229
1.3304943110609404
4.589654860589284
10.751486163791181
24.52794312209858
32.20807136036225
35.23151540203771
37.58798309877413
39.259962347928834
40.67007659306424
41.19003647638819
40.187279171001336
39.17960021259077
38.43479060956379
26.192901539442055
7.017755924118505
11.307782480807964
9.976315494935507
9.289556294044145
8.19428231586584
7.765666691795322
7.083559515942575
7.144463742538584
10.71254599357432
26.91764399049096
21.657615989340236
21.08574204450528
20.401180722524316
19.286387338545673
17.96085170371541
17.390682072350604
17.248950325906023
16.936063924666026
16.91000056750502
16.674694788009774
16.58440817078674
6.337242159677315
6.2812942040968744
6.269242120250234
6.316449583952088
6.219342087486021
6.032446823472373
6.015481925745608
5.640988882038967
5.4579322286738865
5.158683608803593
4.327508195053908
3.6573863286746455
4.211808781013965
4.534547034657974
3.615181453213954
0.3481521338992613
0.0
0.0
0.0
0.0
0.0
0.0
0.0
0.0
0.0
0.4071540600643022
1.2690271484312883
4.455388089687418
6.284861943966969
6.499292949229487
5.73330211529065
4.272243525525314
2.6887374462904816
0.6577104047192571
0.0626390861637388
4.063920549893346
7.717608834616282
8.562385564100849
9.744297994837007
10.51663967881258
11.840831393227175
13.296588251397225
13.20292484572822
6.332992954074898
2.347017292382442
5.732724175595794
4.087564666329798
4.034175001208327
25.970690136288297
37.24526870007599
40.15632350924029
42.78805444912165
45.43648774990065
47.31159134960695
47.453289522593025
45.72277347723379
22.065912114991406
9.008762140582895
33.60148516645224
9.952157845376464
12.850790548099624
11.30912721797988
10.510295253301331
9.521972106984164
8.479539935063366
7.92863038738617
7.9356559244999065
16.97979799327598
29.67020938033728
23.899094708963784
23.478526542487586
21.894322838136304
20.08945773959121
18.88571359261025
18.06540791116887
17.859445591887116
17.52169904712061
17.386944613405717
17.25909063818703
17.106657341774497
6.6704484079388635
6.453520291616531
6.494867525553589
6.343408761806114
6.409573915976639
6.259499454411976
5.997792530596995
5.899119112885381
5.402824570718081
5.331589374187937
4.732626048369091
4.231998829330425
3.9625841144075116
4.163409306227127
1.5001809958003383
0.0
0.0
0.0
0.0
0.0
0.0
0.7464678281495265
0.16824994976953608
0.0
0.0
0.0
2.5684748780892948
5.966881169688275
6.956578512416656
7.437258427042115
6.482467927330562
4.072442558949739
0.3758345169824328
0.0
0.0
1.2950127463527379
3.0946172414649853
6.8757566564793
6.834921567181113
7.882087819071418
10.253994291632319
12.775659681488333
14.7030061005366
6.991617527491966
4.916199776882833
8.0616175508485
9.059131540439852
6.728320816435416
20.633230991087437
42.111779431108
45.71018351342377
49.81593931869023
53.0417944144924
56.192943387081186
55.163723270660554
21.50378012894441
6.9330752761626
5.611962974353995
13.882766200145502
24.127017018808
13.317499642358493
13.100378960996888
11.806296979186897
10.731107404085854
9.49348012874836
8.848461194544335
8.089304574370393
29.66529050339578
32.17646859523598
24.65309106409296
26.29074118722606
24.301096743193824
21.637249259678082
20.238572748381294
19.339248585271164
18.977631235985413
18.501452503835324
18.089866513208744
17.780641944187497
17.675525216830497
6.206388558047763
6.480266803910207
6.3305492186156345
6.405836992887885
6.34343401375916
6.266668509944573
6.334214176071582
6.086844804433545
5.7824170893803535
5.771474862516769
5.399576802436817
3.198805723200184
1.456061645126134
2.4833543549661234
2.216662948178404
0.1879172584912164
0.0
0.0
1.3983437715032792
2.154561710578788
3.1213987619419927
4.5926969138395695
4.122281590864713
0.2112217272115946
0.0
1.3161416642786201
6.168074876691572
7.010786060467317
7.3813519513710375
7.7120950237757375
6.325732039498803
0.9196660375079508
0.0
0.09395862924560819
0.7516690339648652
0.0313195430818694
1.8062755270225335
3.814098149892164
3.549764176460294
4.315139448561968
3.745573066725852
7.4971055423801385
13.446360044991495
16.05824687702423
8.440810211425886
7.91696721296677
8.906624137879184
9.123123190631922
13.485958374619546
31.32046177214408
53.23500902309962
57.95685603053926
61.470903984957914
64.59070099358149
37.44331019855248
7.47335154238672
8.82764007518188
11.036299277902122
10.938358135763997
29.84205719190397
14.633478372420791
14.224416853876928
12.928664980722292
11.466262567059367
10.457933605916274
9.94795389721025
11.494605653766724
29.667559845853496
25.650867173633873
25.87463572075357
27.98805143883765
26.442167075655806
24.078456238193326
21.693742850548546
20.44484161841743
19.70980405487287
19.489999796573095
19.03488646972085
18.69446257103504
18.297684281885605
6.411459305139285
6.526039461523163
6.2276569687997805
6.48731662124198
6.431657087081025
6.419698710038037
6.429432772592804
5.9902886194092755
6.130505989992023
5.772047915129414
5.536985794609327
5.205318609619612
1.1855096139564345
1.9973295822389996
2.938553112270143
2.0453331638661294
0.8687672848059514
3.671216102349741
4.877542139324206
5.338845524309333
5.6405445013599325
5.9387019148596325
6.194204800156221
1.6248743759019866
1.8832532121884233
6.14457140085027
7.254827488012826
7.344476137252352
7.535372688750851
7.679355548592709
2.132368594654231
3.8314550713872753
1.6559242533656384
0.2818758877368246
0.6577104047192571
0.9215562985522976
3.1438930115579025
3.4086950891202052
3.6468693794984866
3.1666195205502095
1.6291046743505118
4.48525369869071
7.267791623063581
15.882110685765692
21.53687849220918
11.87552786465902
9.932489359381554
31.518589016195737
48.16775403184042
27.235444773353233
51.88827609892756
65.30805352781614
69.31287879039704
72.37912840424714
69.05864117635282
32.31280159595894
6.921288308117404
12.650606636179683
13.677818600456547
25.630952457170498
18.719886315292037
14.76015857997564
13.673329504730495
12.065386508741124
11.505420844205236
10.187077427262263
7.545864400025811
23.441277828618354
34.25809619774125
31.486921633045068
30.785088716667996
28.731152550847728
26.322039471703267
23.730625111985802
21.861932582628803
20.593745572344087
19.817418173752692
19.51353620133834
18.926998654083484
18.53013939602558
6.012324517945643
6.102544638178326
6.116190178985924
6.316662249512439
6.362128534761391
6.364251841437432
6.24699678749159
6.226943216259594
5.95735348437183
5.86496011244527
5.627178306342428
5.091882593904863
3.6760021615812386
0.6740797884400814
1.7726282699469393
2.323528928672901
4.565020753303196
5.4832070417144045
5.357370542689847
5.600889046458601
5.868325056845134
6.066052228708315
4.101576213989187
0.8968917918345836
6.112433895141111
7.0684350051034714
7.56318563654621
7.5984419431580585
7.819940856945931
4.792914347576244
5.254846766968331
7.972102686334362
7.300960145152633
2.6257168562177675
0.9371576866426699
3.097639184196427
3.028774198677505
2.3290461021477333
1.89858757336305
1.321069180802931
1.0327835330654815
2.7825929798643334
5.044715491989876
9.141406571190979
25.583060503387703
32.15784466954894
32.70202891437971
47.61561777260282
55.38103190529589
60.72497767520706
45.40792629181193
72.38378496216023
75.75345146335576
77.3727603696631
76.59844610937608
67.18931883230672
11.725524493450775
11.601130199312149
24.40852174832464
61.933766800992
57.37748123215638
30.044847462589317
20.96846633979009
19.93954274081623
11.974047923393025
9.243712638185453
9.718181648724265
22.634793046547017
24.993526985867433
25.860129759896147
33.50383689557934
31.223824878350573
28.158460367204974
25.57701220124236
23.061123007809055
21.311244030517784
20.564671430820663
20.106907507191174
19.31182687301521
19.135402478831452
6.068009304059645
6.268171491439955
6.3204247039983645
6.494510649283496
6.561865391020999
6.26011950014851
6.530800299742434
6.548886889073821
6.218271458675741
5.848197800981314
5.4159196020912495
5.399335113588606
4.274139743350968
3.7357611854065054
1.5802846368855183
3.865691940839247
5.363926704185515
5.730513905132571
5.677867568061833
5.67406650878714
6.088239572053886
4.771428960486728
2.5438873288300727
5.919846225709285
6.906199155756408
7.16329719492064
7.425220696528561
7.792167378821362
8.084001790956396
7.11448878967151
8.440254466855412
8.379555267742061
8.020859891728476
5.5865081002027495
3.427458417104461
3.1555865144623163
1.1027175734987287
0.9585128468136666
1.4151309814091015
2.7758168710275712
3.483407749993118
3.6468693794984866
4.827477911600396
4.997817685353773
20.53112489649088
38.12976726276748
45.02709450997308
53.60053275722399
61.26606484147865
68.28153627707808
73.29016714460808
77.93017068299088
79.68263612226961
80.5492042665312
79.08902012057575
76.4830113648012
58.56703394533378
11.658018644116538
61.79619592615881
65.54684654131292
63.87570880841151
62.31539622714119
61.54810013873845
59.81672893084954
41.72810419428851
13.843686715683567
28.948778286547707
32.03571672317254
22.464677919126977
17.505674078381137
30.147110737084983
32.89878671329333
29.668529257224918
26.853264672901272
24.687517474098282
22.78456432693761
21.41944522372562
20.479834570272576
20.060153131028116
19.31240639281412
5.903106948219859
6.122623461363365
6.433084592161398
6.281557373563315
6.364013923924037
6.295657008226861
6.50825340767695
6.171853223929082
6.13522011453153
5.9134761224708
5.624024974088016
5.464279201307574
4.272910543420267
4.20595333563984
4.623757326083761
4.862273862970136
5.079455051171193
5.54678500201736
5.544011089211255
5.875461274096933
6.306847897485499
5.147456207045053
6.29037159740716
6.581511582076812
7.039618043852258
7.3057740326911045
7.257368280350066
7.749473272266011
7.98874314126175
8.068703410524334
8.265643543384202
8.172022281073009
7.758773315543115
5.032250421529769
3.1300114753738777
1.0990804135000307
0.0313195430818694
2.109320866481342
2.302948399153313
3.1921532910944257
3.531110704073681
3.22708935990288
4.256585749180747
5.743118487068967
8.386993162574377
35.83881404491764
48.70683068107772
58.40555975722341
66.4403797692249
73.82691524047247
78.46549689915764
81.27612697589308
82.16421040130506
80.93779494012287
77.51679970430122
74.95608090598812
71.89272487131855
43.05303796844128
32.09249365704388
65.12119528579706
63.786488001371715
62.648311786742696
61.777816512878175
60.38021649391466
58.5593114985355
44.29056729448851
32.47038608097861
25.458158873295616
8.908806354166746
35.96450045115428
37.55307996674096
34.33739249212264
30.92276894992748
28.127913688868748
25.399399828028166
23.384437035458415
21.922484228242034
20.88648020680436
20.57990756113709
19.683942075345136
5.820014405496328
6.105918222320839
5.881114040045998
6.059932340259281
6.288488232138391
6.213676292892931
6.55378814777651
6.289320943435275
5.959580963289055
5.688643770260663
5.727983777168599
5.050607178303087
4.152584031450507
3.8464771237526607
4.252169672664078
4.71165577550945
4.845569917786111
5.7229588524912405
5.521692988812434
5.90058089580144
6.146764369278061
6.234230951104762
6.524680411293398
6.794819269019508
7.175774609887984
7.268178659286944
7.305728288525879
7.660141296800255
7.798359127411766
7.843687043180134
8.049390123788381
7.679803166043715
7.1567887862384785
4.450633277933255
2.3201251992452456
0.4071540600643022
1.7844732013024585
1.7997625956613454
2.4006267254860703
2.9005170836269762
3.531668029529639
4.121782542408305
5.005502804861848
6.448901736034718
7.791272757204061
19.063853423704373
51.79164804242216
62.817974702399816
71.01042498118814
78.1269241786629
81.79377433762176
83.40697037043961
82.66703751083385
80.38597279065735
76.480487024199
73.793774709941
71.302509800921
67.83443040806262
38.74516947615964
45.66951569533745
63.478937881753
62.89711560499109
61.847420402848996
61.022085544248604
59.11495932704969
56.10680694255451
30.507927357540712
21.527034616397334
35.226665183751116
40.372540595291184
37.33254215985305
34.897559458191196
31.561674078470112
28.74651533505963
26.032934190208515
24.05678226999413
22.401962627692075
21.28326253205356
20.6670491730671
19.920339491932616
5.692994349193972
5.806647980781444
5.8846608101685565
5.989142514183986
6.102328461835775
6.112899305357877
6.260977463398438
6.148768437753279
6.0145972709877435
5.571209526582789
4.778338670792392
4.343415096562783
3.692838454394832
2.732707260674971
3.0124406338869414
4.1203962381339325
4.714023499508579
5.510653240152262
5.515477674560728
5.7904027029236005
6.076356671425906
6.280937327826781
6.458327843515566
6.606992750944377
6.938053454077211
7.091056216614176
7.247570860092171
7.54722245584602
7.466563848836022
7.544909635828002
7.7273512142681815
7.273851043838256
5.395726496817631
1.9998454843315348
0.1252781723274776
0.5011126893099104
1.7728209669422694
2.167582038282288
2.4005854569418412
2.7846758711137207
3.5089621548094456
4.1093772207932835
5.107299310524733
6.254817492248078
8.34623813635127
10.570857565086655
45.5241860200106
67.24626393155695
75.10477313022022
81.2789738808072
83.91818336587343
84.24654470903856
82.3269729029778
79.32861922603576
76.14317255077562
73.48048241582396
70.80249708414497
67.86041784667138
66.33829559007839
51.285850018777886
63.78475677688388
62.72251775019349
62.01210667931544
61.026960565223455
59.436906924196734
56.339699563084444
50.97634835585654
34.541799609702046
34.91065990324398
37.83741572738562
36.49482311685455
33.61112752791379
31.09669262449121
28.835406133162866
26.119496647311628
24.290729812743002
22.7630858917147
21.58082921582631
20.75735475113638
19.67841255952046
5.474468661492655
5.553285299690517
5.995262402633024
5.874183181470921
5.926191734395663
5.9874233563460555
5.970912552475236
5.916849706613314
5.633393620594131
5.264521956755506
4.18005240453855
3.634680453954451
2.398759772581985
1.2315297344643417
2.848360285089414
3.82684440089216
3.666366701920957
4.14640765562427
4.184247810302372
4.7976431382913285
5.811418386609289
6.018466147565524
6.38492545840596
6.58884982082807
6.920129523681912
7.0803700041734645
7.446407833116812
7.436270127226347
7.37744187306872
6.34536309776217
7.059664108941698
6.836472475714293
4.990963846871863
0.2112217272115946
0.0
0.4384736031461716
0.6263908616373878
2.0627119290405846
2.7033991104019717
3.533897331353476
3.6481194308484364
4.171428684381043
5.077611982510286
6.317760551318058
8.066423247072127
10.526531572163208
22.50036665419063
66.91931369471028
78.02338656774492
83.54821752895964
85.00285688614471
84.36334125999068
81.7558111965691
77.96510824616364
75.29160344607621
72.56138061420442
70.16359951922446
68.01240576878216
65.70242377888906
63.43576745714415
62.90230354697349
62.24867730066397
60.48497346442136
53.17016259037112
44.975146888308274
36.59306969986296
28.709548063470322
23.118909042162898
22.09293985651573
29.702848906804334
32.768225419988596
32.49258116015345
30.114209599047914
27.948272115210134
26.078932263460295
24.176810281413793
22.5974713565769
21.236339599799262
20.56685097257578
19.73165886052881
5.507400710760365
5.6618325992178065
5.602323220875081
5.8092382032975
5.6790814905902085
5.821710030380231
5.763397898716405
5.568341177749831
5.414471607897654
4.124245337159213
3.2004822069909715
1.7668583724907232
1.660362314616044
3.6154345612705567
3.8958375936318936
3.8932900486848627
3.8514050946653935
4.177606706643725
4.1573129764325305
4.003196547962394
3.7569846718547897
4.590390888997311
4.785655004667004
5.38538020510692
6.181425298664307
6.922563183070199
7.1726706443648265
7.345338759257742
7.702696992174749
7.481935875571272
6.572648810781245
7.067640012883387
4.9479951859383835
0.0
0.0
0.0
0.0313195430818694
2.0306516315946204
2.3656493881333893
3.4918295346488435
4.202390487910261
4.5083075882164385
5.9193549687642335
7.076101263603875
8.12475428715229
10.668375077146232
13.629971794555505
59.09419127184705
79.1343457763273
84.19824380896544
85.43487261466743
83.78957793588107
80.29469540592346
76.9874028416944
73.70008672460497
71.4176351839279
69.1081982776361
63.16135051367055
54.37878090370477
46.7304183212261
40.152414318903354
34.23187614260935
29.649281078651747
31.777425520839742
34.50594065464682
35.3010102314932
33.905023950372566
29.19236416483213
23.23497714429067
20.02786722325004
23.011794444119353
27.590951874981535
27.97645239386119
26.69201222496072
24.628014851214843
23.61356838055258
22.162099464323564
20.766650724005352
20.13894697425929
19.64693117279509
5.048098979524682
5.49407655978825
5.390711486201984
5.540427196054927
5.483454802780728
5.459939455703008
5.620962992090723
5.207396238441835
4.4005028666011174
3.4635504053690584
2.113996747297752
2.806108627739339
3.72931727283604
4.097825763851771
3.914626466456539
4.56044061025664
4.3685013972486795
4.313195296017213
4.578328206503097
4.516751760710234
4.413062793636978
4.997204810612097
4.966101958702818
4.67580877514093
4.824564777363983
4.676384806641262
4.9771125104743605
5.3560625632303385
5.713895406812068
6.06045149720196
5.907300592664753
4.927128944328993
1.9937747651104
1.2468224811056965
0.0
0.469793146228041
1.6476291916818337
2.1901251183664567
2.8315324198198253
3.3877024593121137
3.8480136996825065
4.5574646372754515
5.785136286311565
7.36134423311599
8.290123493498143
10.891234354739929
13.116624071547399
38.58666242109937
77.1423698070896
76.76242849102249
72.50649271233729
65.62151972846506
57.77825124296392
50.35053622534449
43.63775827224593
38.28057727011887
33.33643550880625
32.54257605122712
34.14202529326636
35.67334472510966
37.106053070093104
37.89948165537705
37.82895779472536
37.417304769497036
36.342449997964074
34.86620404544707
32.486393270167795
30.438066744053483
26.718223081385787
21.600964409262605
17.525569776822294
17.293575754703607
21.61701096085417
23.04812127544788
22.810895948206003
21.682607857635237
20.967408889321213
20.37995710773213
19.848656847256606
19.04222736261981
4.660169224010839
5.334169653829703
5.262770298931341
5.086539234785739
5.3481738626905795
5.381889503282126
4.861961083822814
4.187795645548625
2.3466376355944045
1.1143079050425806
3.088743318708223
3.6907919952561588
4.233957330278198
4.39267371938981
4.524651036430455
4.448890589022696
4.497540962867662
4.79795869168632
4.6105447295559685
4.9909042055377615
4.453459436117676
5.006482055335736
4.993061732416247
5.18170950596678
5.317165437753882
5.6714862291453745
5.685865881230366
5.676603493855665
5.331629682312802
5.115831198267689
4.532488188985063
0.7617159539641885
0.6890299478011265
1.7332063562244553
1.1150899279509006
1.7902734356747545
4.5828304608373
3.535983800661788
2.800111136220732
3.2015968579028877
3.7747132985725944
5.034326314689277
6.38408016475415
9.132609693241855
8.11725624127855
9.384776203226819
16.155733483665873
16.551990009786568
34.26777668110711
40.53019564250511
42.37885222860339
43.50962877155647
43.04535991279892
42.45554785518771
41.51378751367996
40.86246886153338
40.20284969513176
39.29746802770012
38.67735508058799
38.332402584119556
38.13268504770465
37.58337934809857
36.717873912000734
35.96167976513834
34.59253968449482
33.520708206253644
31.106046316104585
29.27772776072401
27.115402963540465
24.343227924278843
19.420342246606953
16.026590870076966
12.79271836120121
16.94790034239692
18.996857887643234
19.643654882203336
19.37513292753405
18.97710934510117
18.97534005023828
18.241760764139137
3.9437651694760154
4.055487166271075
4.988896978508639
4.838499592690418
4.978774237312698
3.9297799513972556
3.1282982304617746
1.8383564587406112
1.3138361293497607
3.1521806589102246
3.7737972140496696
4.263193023770094
4.146272255186239
4.54129508434319
4.624185754117922
4.39665599321448
4.662544765202867
4.792216942844584
4.9350965589562295
4.746466098861754
4.905185175302282
4.960769432912431
5.194245343246158
4.826372978462392
5.502955695800202
5.697151294962942
5.6280363423765225
5.843075658718103
5.876153285466275
5.758186197979262
5.000209532469202
4.111801019742235
0.3597837339873378
1.6532530687955473
1.5287569193763908
3.016843191070476
5.3236549020982995
5.956914210943094
6.391822074986493
6.345736339065325
6.750220658065801
8.939222898723445
11.084160776265739
15.357122042905939
11.32921188880334
15.055263782936876
20.35844593649201
21.212973648017037
17.62774185122228
42.445803839738886
43.72539464805554
43.79568716032502
43.24919853099521
42.43536155510102
41.400055390411566
40.2990588164956
39.56581408198799
38.76351617452944
38.00299817159393
37.71690147241375
37.29403786770253
36.35502475995914
35.350096902305864
34.91298352257865
33.83202724807766
31.922067354525378
30.414419726296078
28.398132378528185
26.244000547848813
24.241977755871268
21.912801379597553
18.075123207224454
14.780662231865962
10.574909059936594
13.03626077426508
16.304748760987714
17.330666182412802
17.86541879371295
17.521739028889698
17.703281938666407
3.9165340438782095
3.619553776988753
4.265221653226777
4.0451373360762455
3.605843999218705
2.9681186508758257
1.6664487147002645
1.5556779138233536
3.2510173843489216
4.143404632273488
4.838338788319242
4.659394129331643
4.544642058816205
4.41897651803983
4.2249577520490815
4.333320072404554
4.029843540129219
4.831988790495442
4.526001288396165
4.568948134958924
5.289835342000368
5.502477079214412
5.506491533272657
5.304737895020215
5.6375474805933665
5.9042530534451485
5.677986526818532
5.504247378505954
5.778548212802573
5.6966557728302964
5.518824639979478
4.866588916727101
3.321989927417339
0.8930366724275142
0.49309761494841925
3.425953774826708
5.167831553667245
5.873839333844853
6.605727407518265
7.133606477362649
8.285726938013768
9.955545841274208
11.792641451154713
13.520018941064317
9.918928876920594
11.936145430340591
8.726933922876087
12.447249477562556
31.155215047651712
39.30884227193636
41.10040959104797
41.690838475067366
41.74299910063673
40.80267336223982
40.07943414261658
39.1530963890165
38.68356152487649
38.09023974413073
37.611998407881
36.92539413818628
36.34901997835181
35.64426459252344
34.88168103102005
34.32677683233177
33.30111526800671
31.78212760854193
30.345571166864342
28.18088552758769
26.005394908837587
23.341787362979083
21.44792440469048
19.33322911831902
16.537707631449045
13.29755295061873
9.474533386339573
9.715551509675004
13.821144321430637
15.602712074159296
16.66858279445915
16.7718655070164
3.5793090807938626
3.7112211259053858
4.066561440903192
2.958984598149046
2.7031308648645127
1.4989601535669368
2.485219384377836
3.290624574783113
3.9426505185640974
4.043127911602368
4.298202373053104
4.65470807408285
4.652512325644839
4.691675924313634
4.236504875225229
4.840062729105698
4.302254775386684
4.441125067304065
4.893502651688102
4.9356665863787645
5.153628318875657
5.263354184872729
5.162117202110559
5.467443366890727
5.763397898716405
5.830933099405883
5.767890969360441
6.002312219964797
5.718449105997727
5.657664820120089
5.421599086085441
5.159092503048021
5.058111089490811
4.336694097247159
2.1098451195049033
4.9569368416839215
5.981932539516195
6.38964804993986
6.880971697459088
7.27286984974945
8.303574224849193
9.39483342928402
10.876114556633551
12.716525200827569
7.962584987299458
12.003953287287619
19.852298793272528
29.815491311183738
34.57061805063801
37.92633889968452
39.43239932076613
40.201200853130345
40.72497236795783
40.30387758336528
39.59662593661174
38.928738416186796
38.39739596958848
37.81534772475273
37.34910791629903
36.70797100313162
36.25337660569984
36.006536323867806
35.560823454189006
34.78301193299871
34.31130112706117
32.695649595816434
30.60797629622475
28.222504019382807
25.882959264135422
23.152409246273415
20.927776829094668
19.01120135925912
17.30228650994274
15.43639898064124
12.336154914211278
9.288188823945285
7.357506374787826
11.555264733894896
13.496781923801356
14.687543907079968
3.5877321285842165
3.161995842725639
3.0223753731244956
1.8455069731053315
0.8376125888489822
2.661920207873022
4.008116915882913
3.9758733424604475
4.030854509146403
4.575363404711842
4.288349452964901
4.718985023807136
4.4270504566500835
4.625192054961402
5.000999229695993
4.678034899751681
4.532351286219963
4.543995588274615
4.854336365690387
4.872938914550899
5.261301927349846
5.2450318970647745
5.0551002489471255
5.400386782787041
5.5164812880752905
5.889818283682352
5.75933230320455
5.839996011095516
5.752883146985003
5.568486755230296
5.518109095656106
5.824791569107363
5.224779912707692
4.880582283204968
5.00523826191171
5.847421271651404
6.055971196432737
6.391856316981037
6.7129450400457085
7.493685050007768
8.329920622397527
9.353609547343664
10.905214814127543
12.82611053930561
15.200275052768877
19.268083473838352
24.02798714824436
29.040756173912023
33.39285953537628
36.56762161644571
38.74280339662702
39.74366477333948
40.44580524369603
40.2172317544062
39.65781172049973
38.907254556601345
38.70044329107885
38.23675743442115
37.83535492726534
37.395085233511665
37.30600456835948
36.716564915235104
36.41578458679018
36.30820951546335
35.3318875019368
34.05478494175376
31.50848968195391
28.570987901989177
26.001550923704226
23.151557397960026
20.740400216971757
18.591608272297414
17.18911478870415
15.927438570673962
14.174658898231582
11.861624289407278
8.810157639601599
6.399673844230064
8.808485600614409
11.83478300921419
2.5054142976393208
2.027014471595922
0.755306193963563
0.5316708437555717
2.1519371522920467
3.236471023895007
4.052549414849413
4.034620386900086
4.136618361028742
4.345373597510556
4.368195667685977
4.665744127155439
4.553784882870142
4.731038548913142
4.679872348664442
4.612331254942625
4.463947137479485
4.910144012271921
4.529055235273048
4.452182824282296
4.6970084501040175
5.046442424395484
4.893712848808747
5.483648435945066
5.629283740733218
5.619243834252789
5.743751428216466
6.037658524209517
5.804552489264942
5.963215997898994
5.979355418428335
6.0479412257562615
5.866733497506551
5.6562650119863855
5.872775209910833
6.238108853565186
6.390497266751272
6.643081849908653
7.152116513568365
7.65162153788063
8.273060672010295
9.544071115349672
11.127766969017415
13.075187360424842
15.699558783665418
19.056420936995845
23.59682005790678
28.39697962781761
32.73508346341741
36.240925917535975
38.45287501917177
40.00528614488835
40.72218135800973
41.17471531926496
40.73954740771721
40.24958471873023
39.489545944512756
39.0059641628712
38.55135202853018
38.553192431152226
38.54863638141232
38.2451569331392
38.35594753123242
38.15672226649708
37.23328586945632
35.17910552229724
32.90921739844478
29.601591219935326
26.47127260824357
23.190318687919852
20.43660504382283
18.481182473308372
16.9632168990394
15.386858500567392
14.058417255839347
13.39651499531443
11.231120881143303
8.573258362995556
5.863345629942352
6.548854544378157
0.7196087365189003
0.1879172584912164
0.8099302057658107
2.5869180353443064
3.3971047575763533
3.4768539818250117
4.038266587919571
3.859828142455745
4.3574271226165635
4.424968216338378
4.539336583395417
4.346789121405391
4.386124695635301
4.763718395756554
4.29391922624552
4.549431607553647
4.672664152401769
4.714222525439288
4.941362296468069
5.111502285991866
4.957895033699256
5.339666337988301
5.2532730192333545
5.489801775414414
5.262141382496188
5.589658750403827
5.716729948159796
5.963964028274868
6.108210432771415
6.120115074570238
6.258506739348498
6.278871479712161
5.904707147301093
5.978027101340359
6.258212649259145
6.677260307757241
6.764026336537535
7.1306181023529
7.437330286415519
8.125821765950509
8.800392302421029
9.864132027098481
11.190878995477197
13.035555041009836
15.805552226592008
18.462743266853618
22.810047130358864
27.522919072117602
31.79988415461106
36.24213855905201
38.841372944874585
40.4748182762172
42.08193813489601
42.726555232080045
42.678658567613454
42.36535550154348
41.58499734073788
41.18209472036775
40.67343418701805
40.46451805495269
40.44515581261786
40.381744955835885
40.50113405409081
40.248098327835045
39.42972529583293
37.68800538785886
34.761398914215285
30.580537845626527
26.98047930655158
23.425362517100254
20.442193718246298
18.223498608259767
16.662697187352908
15.183290928640977
13.853029415009788
13.260974389062396
12.677658495676814
10.69488877736989
8.408775587327243
5.988472001823532
0.156597715409347
1.255678128909378
1.8062548927504203
2.819199054371004
3.5375546166441447
3.9890415184783707
3.746673251625573
3.569349457073665
3.821390823066765
4.628129806383064
4.219945304224421
4.283739725175359
4.598081981398611
4.916573908151976
4.578090959012859
4.567030542899596
4.8317680888529795
5.139171882455373
4.688129923909913
4.7973287669925035
5.23122604373713
5.104557897704861
4.9963870311775045
5.2750367084869065
5.431588840888074
5.865831177123393
5.748102007149776
5.888606702037597
6.107183286302824
6.3329961052134855
6.137782728548004
6.430723367971961
6.5690341671094705
6.57498810367792
6.673583236235604
6.829990441931573
6.840297366977068
7.174263959957078
7.690308201758663
8.632333445954357
9.128498551909084
10.273241340707107
11.758855762155605
13.593792134253896
15.978150242974131
18.484526383601697
22.033935199462917
27.135024962340996
31.471900088746043
36.26098484581132
39.30629754306319
42.04714167770335
43.95496729564869
45.26014849290499
45.44375736340231
45.45923432604285
44.68310647037365
44.33714988350098
43.868019821101704
43.95753517445499
44.119972234374
43.96705238923784
43.98130814157762
43.43164331945473
41.94609430200848
39.445402245058865
36.14780439994018
31.916863145223868
27.63540644117735
23.758933612331568
20.400973872312356
17.92279231432997
16.471105293926783
14.974950201881686
13.88622436096248
13.21546322096786
12.374043970625523
11.84809440908553
10.334192495469141
8.454631173688345
0.3874867513426219
1.3459995981562876
2.4588259944706783
2.8080835111946625
3.5106341311773224
3.5389557921359605
3.5144474511781367
3.305723933239618
4.00828403486424
4.269203927051447
4.281865701139517
4.351021344686876
4.498891214833371
4.694070698682356
4.818893430315348
4.960209910011719
4.7868461954946735
5.057142343538742
5.243013836706906
5.296650097891105
5.407890693974763
5.262956123957048
5.200745640919315
5.667617352567592
5.874810461306913
5.893883879194208
5.856699458354858
6.125878086749182
6.166605274949706
6.288607190895089
6.547358376181269
6.630341265474872
6.594515335977035
6.875653599684025
7.165263707255204
7.412624850219895
7.620110428815884
7.7685424726319745
8.154843244609673
8.825527858084527
9.665805174673325
10.604984937863238
12.062357244601408
13.486449904496746
15.9722344473746
18.341886926903037
21.498277918435296
26.23625429801515
30.94943057259679
36.180701659033105
39.97926969478976
43.166409348376966
45.760240336763886
48.24165570523289
49.43865552608888
49.420089233906054
49.318338644630764
48.83377767830184
48.62323067027475
48.364453363145074
48.53252373346675
48.43410468365643
48.3514661614385
47.45013492242514
44.921091601263875
41.977332477642406
38.098573958330505
33.342257252898186
28.753215765974343
24.286245006251367
20.56916899585236
17.954217135987815
16.209798092532218
14.45956332393876
13.479258006703112
12.902324234759337
12.11805573177619
11.35828623072494
10.836851127666668
9.900203405848647
