4.049611663427753
4.037558138321748
4.118859662204086
3.761696246696536
3.02007799322738
1.7964027678441523
2.155147781013778
3.2807268538792522
3.6987456757814527
4.637482827557646
4.546799585694687
4.3733927930383265
4.6980259221374325
4.8335762899513925
4.34891959791428
4.228081827434877
4.182805478432521
4.445650318181673
3.8157701262600425
4.118995062642119
4.409754040723494
4.3845371961793544
4.420392041934663
4.458576390129575
5.062709429490444
4.788537956047552
5.096483959094609
5.2348207702222025
5.064296928946393
4.918416976812884
4.316400121945659
3.686754210697078
1.9148217852662817
1.0560673675137475
2.121493024417581
3.372366524778575
5.9071965312233035
8.265226349064044
9.09331443648117
9.635614360904436
10.210760522532608
10.668673316483478
11.139255254876216
11.589171548281572
11.973151736621912
12.099196695136795
12.376149546778727
12.450757843983299
12.461590976133406
12.599649550031645
12.331380884691736
12.014742933650536
11.03923276846556
8.490178924163736
6.348333583660878
6.331328561333155
8.151585009974257
9.826056217545478
11.333714854320155
12.713928810148627
13.781659644537152
13.810511898974035
14.073392174920917
14.454905661190956
14.455643991441601
14.204927377253957
14.053948193564395
13.886578053161069
13.36160577594929
13.250462250451973
12.993996950376259
12.377567453391203
12.00142518320673
11.483365517920124
9.807369188353023
7.727066017122241
5.828738486475978
6.007129385997305
7.138674962593683
8.077201989842624
4.526393993793632
4.89448190216199
4.853520935723525
4.82896897620658
4.108777151606348
3.54916558246011
2.516880823550498
1.9651161397962786
2.703295939041411
3.8438258969108965
4.206168879224436
4.4326175426017835
3.8711414994206286
3.769243725907736
4.092626992062975
3.856150222892963
3.5001171820011647
3.8932900486848627
3.9259555471252563
3.7814326514517713
3.8816584485967867
3.712200376379271
2.90841495935004
1.6631349146179701
1.0810091510520217
1.188496054205945
1.0311575844325032
1.0311575844325032
1.1673928327536665
1.669069454513779
1.2576687060029843
0.09395862924560819
0.5324322323917797
0.8099095714936981
1.2244386904434457
1.6783163784256208
1.556439302459562
6.567428070361994
8.504515862367755
9.030989878045379
9.222510391359945
9.748263512829102
10.15055192374659
10.584070657958485
11.103650950882889
11.423450600427179
11.570618808305891
11.995649616010104
12.129731927624857
11.934879672716331
11.418803284686266
9.926833049674562
4.357166011100589
0.1799021841297252
0.0
0.0
0.0
0.5113843067615947
0.9084405772676656
2.7545750229586137
5.054267516223147
7.897318371258636
10.805714569208487
13.257765265306983
14.140516059976228
14.106686422680793
13.941726623470775
13.612997568980013
13.397046753469867
13.105143914881241
12.138847686250369
12.016991406661749
11.598487691566179
9.679583238645158
7.332326203527757
6.4705168282880505
7.050903207952935
8.33777253019525
8.987785826714616
8.79461328778143
5.04527465251271
5.1362626066254355
5.097323414240953
5.179237520870718
5.335767986614396
4.805865539509131
3.7406188106631912
2.577111938172936
1.9330145738060893
2.6609889858692437
3.601395727241762
4.213832553890859
3.827584569033281
3.7887410483302064
3.8484356247004343
3.4098510085763487
3.051523821591725
2.6803326002997303
2.835818097269672
2.8066616257419335
2.5465950522715035
0.9628907611764596
0.156597715409347
0.0
0.0
0.0
0.0
0.156597715409347
0.0626390861637388
0.0
0.5011126893099104
0.0
0.0
0.0
0.0
0.0
1.0283437158863509
5.804084842165517
8.01043052256688
8.64177714811238
8.961323770972456
9.56884480489489
10.01288120167875
10.476697787879711
10.758745361976752
11.147412032888747
11.287695663835162
11.181130019849583
11.228205789376236
10.867422571320928
9.949753585038511
6.3907505071580575
0.0
0.0
0.0
0.0
0.0
0.0
0.0
0.0
0.0
0.0
0.9799371964710519
7.714957830618143
13.190196892939634
13.721665190516049
13.557580176810612
13.244159369408347
13.107729684920082
12.159609143593457
12.16649648506489
11.42845567892084
8.93537472286983
6.707974286640382
6.717829390795208
7.942685420292809
9.02788922920173
9.486969932797557
9.580033120624767
9.454549605174828
4.861840276878108
5.1998923272541155
5.299346480217211
5.239688537945649
5.488378434326681
5.372378365065285
5.29855205556463
4.07812291248236
3.1278945072434476
1.1732685626633959
1.4267006786808407
3.4381860364551113
3.327872482503854
3.7874752732764216
3.3099864967675514
2.638017145152461
0.156597715409347
0.0
0.0
0.0
0.0
0.0
0.0
0.0
0.0
0.0
0.0
0.5637517754736491
0.0
0.0
0.5324322323917797
0.0
0.0
0.0
0.0
0.0
1.0561086360579723
5.05891366446176
6.845133295564686
7.575527031725021
7.954427148311305
8.216139122328633
8.833601252588835
9.077125606132045
9.258795966309487
9.66565469869504
9.96136910830206
9.885458673635585
10.051040537474584
10.096125305855164
9.512368271455667
4.463130713742917
0.0
0.0
0.0
0.0
0.0
0.0
0.0
0.0
0.0
0.0
0.0
3.882088704599173
12.578233418974218
13.297900016781549
13.269716307800113
12.846967500101549
12.384441291065864
12.184930455270345
10.795068497118265
8.079190169923978
6.249945941983037
7.609195623248287
8.897682247936647
10.00126980881834
9.953032651473999
9.874403526075499
9.981906167204386
9.726965046263754
5.615659941096462
5.463286421121754
5.642616689619784
5.816498329643087
5.811367245155677
5.3591408419813895
5.378878662738445
4.798136041905275
3.998626659427771
2.825296820640143
1.915399744994354
0.5164020836687974
2.1733129467351544
3.341448122970497
3.122384324838078
1.114328539314693
0.0
0.0
0.0
0.0
0.0
0.0
0.0
0.0
0.0
0.0
0.0
0.1252781723274776
0.0
0.0
0.5011126893099104
0.0
0.0
0.0
0.0
0.0
1.536751359465769
5.7167276599910375
7.381289337749592
8.103503140247579
8.770379811912978
9.133121238787213
9.751275675715245
10.010173100967974
10.30743651796026
10.612922445270577
10.902571984864133
10.775079629739208
10.533441380532715
10.211082654389891
8.739245172438068
3.3350909131595525
0.0
0.0
0.0
0.0
0.0
0.0
0.0
0.0
0.0
0.0
0.0
5.002866361341966
12.99865442002318
13.680942046399279
13.24938144833432
12.66328783239223
12.057124539816625
10.034271400716364
6.475009281347089
6.62429385128432
7.860876364137177
9.153882555912586
10.19550616098226
10.33393068189981
10.540330928887382
10.434676596325072
10.380145219774636
10.214264048101235
5.727597500615739
5.64806223232477
5.5582089312364715
6.059240328889938
5.802636612492935
5.460370016604925
5.569008666389329
5.190650616761086
4.580671567461549
4.0594041681666235
3.5968066337243343
1.7167154464118313
0.0
1.9781626367907672
1.9985913341486552
0.1252781723274776
0.0
0.0
0.0
0.0
0.0
0.0
0.0
0.0
0.0
0.0
0.0
0.0
0.0
0.4384736031461716
0.6263908616373878
0.0
0.3758345169824328
0.9628907611764596
1.0138776129800091
0.2192368015730858
1.8638349334627324
6.179875477685802
7.668220192471348
8.517170147599813
9.053787504690373
9.652935674138897
10.191655400849731
10.579955142740216
10.951852306050933
11.273896465335037
11.477836605907065
11.60194874064617
11.488596373682833
10.743914878631363
9.143313329714546
5.034276420932039
0.0
0.0
0.0
0.0
0.0
0.0
0.0
0.0
0.0
0.0
0.0
2.6643434770144183
13.951938147458293
14.19458469276753
13.397616349714578
12.342034960858262
9.531901700943607
6.049725585194677
7.474732971615665
8.972177122672269
10.023537588012909
10.566364793963015
10.764391610970398
10.869514212920249
10.848501231504036
10.797362722538454
10.558048838690803
10.605823797964446
5.83590688262963
5.922699191496451
5.834944467694391
5.846404958511558
5.908264421733656
5.560267299719205
5.724586660072056
4.8366426655106585
4.204651508277395
4.244052354436428
3.6775763769911043
3.1854563461561587
1.7291084351361155
0.3445149739005634
0.8143081201286039
0.0
0.0
0.0
0.0
0.0
0.0
0.0
0.0
0.0
0.0
0.0
0.0
0.0
0.0
0.0
0.4814453805882301
0.3758345169824328
0.3445149739005634
0.9075053607380043
1.0291670073388963
0.6336651816347837
2.644064985447497
6.808075083409319
7.8163749692203615
8.72369474141563
9.300108503031748
9.832426108503745
10.512515553916513
10.97570927647923
11.144575867558741
11.703864174727594
12.148603644194813
12.189368021367441
12.009606406676475
11.553466941758998
10.630848088262734
7.841133348153743
0.0
0.0
0.0
0.0
0.0
0.0
0.0
0.0
0.0
0.0
0.0
0.7448873940511647
13.054235825168359
13.207496157630166
12.607263756181057
9.668901991045425
6.839465126681996
8.581795681372979
9.646393399615276
10.90125275491211
10.719411358824992
10.695034634339263
11.258483170643007
11.233578262628233
11.125211202574674
10.870164649962618
10.895165733368449
10.779096551696371
6.052666346584957
5.905595877604511
6.037182689182726
5.937761241095239
5.74366007795935
5.47443008928831
5.574935911449841
4.983550594199405
4.397026994706306
3.9014265718953203
3.6601729559544403
3.2242614640788587
2.715071979034272
2.330713319324933
1.471277770483765
0.0
0.0
0.0
0.0
0.0
0.0
0.0
0.0
0.0
0.0
0.0
0.0
0.0
0.0
0.0
0.8492648232091713
1.1143491735868059
1.6074055199909987
1.1966349342001115
1.9588322835260534
2.432416730307403
4.131059333020084
7.596279432329006
8.432415198268327
9.1357869702722
9.742172451799389
10.0670498870847
10.870289433993197
11.359070283967576
11.78051115996197
12.28074720676289
12.641135274953761
12.9144172675843
12.84327640995012
12.680858257863553
12.017592656415827
9.97645800243274
0.763442641485217
0.0
0.0
0.0
0.0
0.0
0.0
0.0
0.0
0.0
0.0
0.0
11.175466572742485
13.723686987090788
12.734253720897527
11.810078430682383
10.366837773623212
10.827213811079188
10.319224245070464
10.698574876756757
10.272003333831297
10.40775019820445
10.924853683517949
11.386147042584664
11.283245429195821
11.221013571452062
11.230881390001201
11.12916653130724
5.851606716374412
5.962565185108973
6.148984614095829
5.84570707981348
5.4952071093158965
5.192073957848819
4.940579384595972
4.332539847861374
4.0997842647995455
3.4962159038094502
3.882215774052746
3.326117969047525
2.982825758053272
2.913036157524811
1.6111045828060344
0.0
0.0
0.0
0.0
0.0
0.0
0.0
0.0
0.0
0.0
0.0
0.4384736031461716
1.4893603991166928
2.2214560276332445
3.1550747850039516
3.6267924947187207
3.9733575160567134
4.3301401911182635
4.677733524081036
5.512926481774229
6.402705333371683
7.356521889756351
8.281497791979703
8.825661642856568
9.380613398846808
9.985654497282397
10.461666688539063
11.179025934201873
11.607084909727702
12.157539976131998
12.628787649087089
13.144801448974922
13.552115363874567
14.047516787536912
14.086558299169637
13.93122123354093
13.297382263988467
8.519039561641897
5.740675895408545
4.628630666118023
3.249556354114119
2.134422824392553
0.5295150395534286
0.0
0.0
0.0
0.0
0.0313195430818694
3.1583312002199917
11.790119715721366
14.372369316042962
13.31992254751383
12.313859544753292
10.826936443447135
9.44750467447101
8.714490344432129
8.22272267460258
8.957044136875343
9.659554920770004
10.797382775865026
11.701411407069388
11.638205829609728
11.455797605494736
11.2633484110264
11.117930683852004
6.023939298770093
5.9128383383248035
5.8903913362949964
5.546679732661762
5.779551826317133
4.858325448449292
4.633091330681619
4.008252316320944
3.79799222245258
3.937587147213332
3.6732531737814633
3.848992950156394
2.7613301338491176
3.261984160167109
2.8781000887163573
1.7078151777814572
0.7196087365189007
0.5011126893099104
0.9082667493742119
1.1420521909420898
1.3540146725177786
1.7291084351361148
1.8529050987354019
1.6460612858866013
1.3889507413262334
1.2520409689106797
1.001484624255725
1.101295688045999
3.6065491645384165
4.554327859923082
5.194395643095519
4.955587206971414
5.387013896679313
5.843631045705455
6.429627487208638
7.493980952750658
8.141638467120224
8.70262513313695
9.239075532067192
9.618690888785684
10.365990086932882
10.880075765725875
11.678397295281334
12.212531751709777
12.686954435147204
13.21280338798428
14.190573937782634
14.714472036462404
15.150476522609322
15.423887862523395
15.591944523351597
15.677610297409425
15.660546777497496
15.898851792343132
15.658590697075486
15.690179689113762
15.310030788596302
14.393229198252454
12.377055947911503
10.12275401941356
7.542814704181697
5.688074520071699
7.880854319837849
15.27491553569921
15.594432876489538
15.140489663337718
13.901644813445634
12.493101167064186
7.610595039811325
7.078769104908255
3.451424229022328
0.43045852878468044
2.0793577284381373
7.972498500192801
10.526182251738394
11.78269255376481
11.879329829883128
11.929582814760211
11.768441365714189
11.59222763243241
6.157515671752139
5.848806184844542
5.884803301879284
5.866977282348681
5.198643649056417
4.304450523824697
3.4406534010974017
2.6662403939412123
1.8700655920085891
1.912700413993682
3.016461467500795
3.621512277936527
3.1544305950061737
3.3173348990555827
3.4946161619286396
3.040921855677316
3.3528076590478846
3.1788909831826957
3.2801282598790675
2.922073721574074
1.5126442335649575
0.9381047837278906
0.5011126893099104
0.0
0.0
0.0
0.0
0.0
3.416093791749672
5.050393614401783
5.306850391404931
4.525310208938618
4.276079704269485
3.7851722803446965
3.8028907093086204
6.0225918706263455
8.462487930911273
9.001847520034236
9.385675967528599
9.766384716229558
10.51141253772906
11.54101092119188
12.114015997060259
12.620759382766487
13.311126648796966
14.037662721780057
14.896681304802955
15.57074629893315
15.980631774144054
16.218461892787925
16.747277199496597
16.99310990732214
17.391527427869473
18.237543007499944
18.32051043920473
18.506839604762902
18.631561571380065
18.583708168949006
18.151073537546683
17.660456504894757
17.201003069166852
16.72662095179277
17.032773211512836
16.646213837921216
16.513796541132198
15.739504057479197
14.598969640824427
11.663931504890888
3.6466446032208184
0.4915349999751156
0.0
0.0
0.3248476651788831
6.614789111316547
10.64703623922381
12.083404276126014
12.185789866638073
12.223556890506606
12.09284566063699
11.754718841384175
6.0154601845747635
5.89560303703214
5.837290905368314
5.936184574968032
5.074167555874574
3.4911366354149385
0.4654152318652477
0.0
0.0
0.0
0.8515007320272518
2.3034551879778538
2.4056558685781897
3.432556883296543
3.4480897615763335
3.8362784176996962
3.712893102273261
3.6385817321461653
3.493325594634918
3.1588222216830895
0.0
0.0
0.0
0.0
0.0
0.0
0.0
0.1252781723274776
1.754245013767445
5.218738932539102
5.310490148383766
1.6161034674903436
0.5324322323917797
1.4246688330430088
0.8600937661168148
3.4381595597771746
8.419409820543548
9.115854301169994
9.713975976939839
10.262855875739152
10.990602019610522
11.861523703218491
12.394421946528087
13.098666848081917
13.988804878521028
15.183311096729481
15.839949672479703
16.255446919403287
16.85873230952199
17.45755422757256
18.01162960346229
19.066096488663725
19.678006329215293
20.54251730056956
21.22855928567122
21.32799608212836
21.39717285608627
21.429255229820264
21.188555728560388
20.87557433157616
20.415605435159783
19.997429416835804
19.23806780590124
18.49365122399712
17.79679519074933
16.584245795813157
14.926137768535128
8.283988083889152
0.0
0.0
0.0
0.0
0.23450556165986022
7.496870997031871
11.99784866078415
12.737648240138968
12.685591351578761
12.541394634006995
12.380858833664647
11.948061736220577
6.190785941888834
5.989358690526538
5.862667901994693
5.530095244159119
4.7340779022967014
1.8349759966513053
0.0
0.0
0.0
0.0
0.0
0.0
0.4734303062267389
2.3595836223212796
3.30403132259963
3.7187541445473786
3.8590879743146247
3.8599635428937766
4.032359366532953
2.7783503145619624
0.0
0.0
0.0
0.0
0.0
0.0
0.0
0.2505563446549552
3.8914937561501395
4.907087132975809
4.916892061957138
1.440017697745721
0.9628907611764596
1.013136858615914
0.7276031766082792
3.215055289580764
8.319853606698466
9.131242066433241
9.908835682944716
10.632181368460511
11.35948870064108
12.1528473985615
12.987193056559425
13.875397129769748
14.75394651857748
15.733589441769494
16.378310582802783
16.931090654529708
17.96492440631096
18.835545382391413
20.40011855519805
21.185783202375777
21.91645510635597
22.90020135252915
23.20496617864282
23.44176524423274
23.530741547455534
23.445511675508882
23.425710200609338
23.162902479735592
22.849467127315158
22.197463951530228
21.364124762332057
20.56356237597427
19.17819186201048
17.436650816011973
15.901226199231264
9.796694886261477
0.0
0.0
0.156597715409347
2.7946265192474344
8.088055273657659
12.144160543017941
12.896792780202151
13.219783174614953
13.050784904688932
12.875872744635956
12.69510019916349
12.276746651507391
6.197334672240771
6.079913945858469
5.922180366107154
5.61173992306507
3.557009525880848
0.5011126893099104
0.0
0.0
0.0
0.0
0.0
0.0
0.0
0.0
1.1484206823984895
3.336655552495798
3.44363115792866
3.981884245741803
4.1599642032742965
2.60742123632656
0.0
0.0
0.0
0.0
0.156597715409347
0.7196087365189007
1.3914433480537067
1.4271614397704817
3.4259846194574948
5.118269315005651
5.217771194845696
1.4502893151974054
1.5972966971753377
1.1566810884844543
1.9331291113515712
3.811861132492888
8.178703925884394
9.628532817510889
10.242870566120827
11.130160359057522
11.823669242700856
12.567361189117204
13.542727760515891
14.859176770082158
15.836983517949834
16.325390460950125
17.022339253263553
18.075811198039787
19.525808073759674
21.13657457344311
22.2687116422229
22.933644039939036
23.875716385496656
24.752970583434262
25.07723717458428
25.57050243538651
25.52559282369531
25.561513721456027
25.44297595477518
24.815288074931637
24.46440135541839
23.9028040735895
23.687029899836897
22.40087173203003
21.077688888016617
19.283516121632545
16.97271266244439
7.989492894589196
1.9950277248950643
0.0
1.1386136429556406
8.12870571178519
11.392304084231464
13.339031467749642
13.775196860495788
13.98042858268559
13.791835486260881
13.206071267294957
13.023961551980491
12.73359265801313
6.272265570242928
5.9850769186721315
5.979108475032296
5.348880980003204
1.9996554484291553
0.0
0.0
0.0
0.0
0.0
0.0
0.0
0.0
0.0
0.5011126893099104
3.2819696378772107
3.789162973348133
4.02618134427027
4.263263152279003
3.4762580354061376
1.2351158488514793
0.4107912200630001
2.3157060163382264
1.890448693368886
2.6939045752247814
2.9122931236198406
3.690744553009027
3.5696301435908793
4.429507807886601
5.868506882567828
6.111681234499781
4.738800699714783
2.586299162817784
3.740859603581855
4.828797942247651
6.967223507624226
8.933506342541941
9.725131220003792
10.52310927152879
11.39680133821936
12.300515178889867
13.060667032385368
14.057955247196
15.486775420478898
16.27847805814562
16.97270997069922
18.43920935437074
20.046222397997184
21.48090611424746
22.719086730828728
24.23864705215223
25.14484365101467
25.94073496381442
26.630664851415617
27.523195473591887
27.80801911691638
27.637209616007112
27.29611689834115
27.26885336000441
26.624688334086958
26.20375148062153
25.456228253036734
24.887146012169524
24.042066276557975
22.842062324662376
20.698300045559826
18.26961308065436
9.97261412202403
0.1682499497695361
0.0
0.3758345169824328
8.441703547823208
12.4147199877246
14.308014800374844
14.896028976552923
14.788194677010484
14.534953865489683
13.920406301245764
13.3141062028339
12.95297562952195
6.1442487483854755
5.996408507858312
6.0278624025712215
5.197241645819246
1.6989974462395332
0.0
0.0
0.0
0.0
0.0
0.0
0.0
0.0
0.0
1.00222537861982
2.9245645862523255
4.023243592848612
4.30431997996645
4.747682596825878
4.622835502152211
4.208871029592304
3.5911752175787974
3.3144863689594493
3.555623955599785
3.9606957419686473
4.266668895664909
4.63174816093434
5.366267200017345
6.302481165265955
6.519014896144433
6.793553925593397
6.750020408677641
6.48799651854563
6.892144678196564
7.526339438996545
8.454692633635744
9.329832810688073
10.15611284553203
11.08943384107848
11.78248008315002
12.582042357553055
13.638251883406754
15.074413651382539
16.116064836973663
16.89420677686848
18.31816902140589
20.021820795146606
21.90581295852778
23.37909551552656
24.731902687773417
26.196213038066208
27.349292286543267
28.336511166936805
29.300535393064624
29.542486812021114
29.97825719947073
29.18654148105467
28.77938687975503
28.69303994253291
28.340356768509544
28.04000253142792
26.946802819387283
26.286292431304464
25.580877341885348
24.598588869445955
22.953694816628783
20.16137223478256
13.066122520385417
1.2004557928121407
0.0
0.0
8.021548077548413
12.90473487599512
15.180479540265909
15.834124103434407
15.808910035825878
15.366684998197497
14.774710042389607
14.039008100653554
13.39878881879577
6.459805852502029
6.092845734125882
6.020455708969354
5.2509374754678
2.7839138978085707
0.0
0.0
0.0
0.0
0.0
0.0
0.0
0.0
0.0
1.2986499063514363
3.0526153585817304
4.0172326895672565
4.157416658327264
4.745525069947393
4.646770576803102
4.716246298316184
4.567656378621909
4.319575365947864
4.624927512011265
5.320662703021995
5.610051155285721
5.838663129810442
6.1972627066079635
6.712161865807044
6.962679784430386
7.0775000605050415
7.484255000888628
7.572977307906952
8.063691207631361
8.331207791800907
9.341891616707084
9.608027045062157
10.36724610338756
11.358651526336438
12.202381997724245
13.105129629688896
14.276865502323915
15.676163635071182
16.761641310725707
17.66886888934109
19.583146870648648
21.382854815434392
23.25199195858734
24.99921945079675
26.47839188578304
28.225234864480417
29.16514704735521
30.26071104107858
31.035940019492898
31.726606734277915
31.550522694768045
31.404582862485395
30.92592381474849
30.42711750617881
29.472635883501752
29.25224329067946
28.813551754306253
28.236653141227187
27.129880192912573
26.22704888648277
24.619828308169012
22.067797104554288
16.128451608920816
0.0
0.0
0.0
7.44283295978652
13.537363041675407
15.857246716811682
16.3127746997743
16.237598587901203
15.866180350505472
15.39660631443304
14.448598983977659
13.654643815466008
6.546594119734993
6.239709052646421
6.203382595057
5.617142157263084
2.9719088284432114
0.4617780718665498
0.0
0.0
0.0
0.0
0.0
0.0
0.0
0.0
1.287738426355342
3.101973982211427
4.0096534918127595
4.450240840988407
4.876896825334894
4.878855326282669
5.366881680906688
5.388715092501607
5.290843716625564
5.610929942714847
6.011989382846395
6.3848064996492635
6.348933856471662
6.849633508251848
6.9779824459053446
7.402145825434754
7.4974670464969515
7.843423346298326
8.002807438188848
8.44142397251345
8.855720840156394
9.624817025695446
10.273169609075653
10.62634130232882
11.766691854981124
12.493752671150265
13.645069755042597
15.18637334943111
16.270291660295683
17.336886051851973
19.192181108414438
21.39223420954835
23.18874114623705
24.98596664798562
26.979428101783327
28.522616690252434
30.34059731248779
31.82569544721417
32.114558331280854
33.24742990859286
33.250026489185586
33.63144056153638
33.072102454320685
32.374079596370066
32.00159284616461
31.299596206105175
30.447793450270904
29.871477522990677
29.300786627396366
28.938576388463996
27.936874139944173
26.092644368007292
23.628917827320127
19.456129128131032
1.9445399575509228
1.0024667484106946
0.0
6.3670283978446305
13.622797042547516
16.312414569034804
16.79375594983989
16.62322082160042
16.21735849398277
15.766160744115213
15.245031899977054
14.237219317202634
6.51356204655582
6.23992171820677
6.324213153824049
5.869795479503844
4.395823183546673
2.622846106812281
1.191413094112661
0.5549546782038375
0.1252781723274776
0.0
0.0
0.0
0.0
0.0
1.091806093502635
3.305723933239619
4.243560300909592
5.044375300095077
4.915665059471192
5.358688614421983
5.527032371707367
6.050741757286132
6.016563299437544
6.146360499884078
6.3091618491069195
6.7861842966531825
6.726678339542968
7.020387441113336
7.301697945302049
7.549602659980226
8.040662531527136
8.110427882587837
8.375097997317775
8.949138768254514
9.205694422910119
9.664027713264494
10.372174087286638
11.023094614959737
12.147868807703716
12.837264418796174
14.432211640992708
15.675221200257955
16.73411953017174
18.441909386761523
20.739089149385535
22.942969804438643
25.173165421296883
26.920582448518516
29.037477784303146
30.697777169045136
32.615926016701266
34.00982181524566
35.0697372747229
35.62268782276125
35.55812476272023
35.32361151435509
34.59581988081055
33.89525111640531
33.41329026383727
32.57557395882079
31.66365257903127
31.015822022088187
31.004590768849845
30.13110588304193
29.317284519247544
27.990305313472923
25.34042889924358
21.54905512645635
1.905655722198554
0.0
0.0
5.783882057422148
14.09952836337119
17.04606006447025
17.302854182719965
17.11041020588851
16.558394971794392
16.337137855525285
15.496434606414411
14.990232241280255
6.43344146843149
6.404333731948378
6.397810253549485
6.202668563072687
5.534760281310004
4.968175882883192
4.31582567143973
3.5898260299700224
3.123429220912727
2.197747760005737
1.1367478137661882
0.0
0.0
0.156597715409347
2.1758239081938635
3.7276295727643283
4.32824534145777
4.8992687635705146
5.198888713739555
5.485082610361545
6.126591839289368
6.0731020460400895
6.226348422476106
6.39864296484637
6.800572352736214
6.797568955592738
6.999442250612913
7.448937504894976
7.793156784099605
7.973430909390921
8.184975812857989
8.505723249789222
8.840032970755354
9.024952861046728
9.433419865835802
10.18710475542885
10.507662500288204
11.595159382841402
12.365092426530838
13.37250731492886
14.885172423297314
16.3185771761974
17.707870346121407
19.88929299837029
22.383673305050337
24.5189232617582
26.62296088872566
29.44835082947848
31.159658346701995
33.33017926574463
35.260624566107275
36.38358127746795
37.0468075367147
37.14233866577059
37.24327041768786
36.83206079737888
36.27825696860508
35.269389272095715
34.330176215249935
33.58331848461939
33.06225775168802
32.79565452882125
32.28629846316198
31.84612422988525
30.93599696566521
29.729544696858593
27.30658410408144
23.210070520116943
4.343873404595358
0.156597715409347
0.0
5.140366012614514
14.831132384759623
17.667938229059864
18.308096348647396
18.097382237044048
17.098832885169646
16.594642092790604
16.088761808176706
15.370923515428254
6.661751118957841
6.392451110764525
6.269242120250234
6.101517491709735
5.832991467888616
5.37644868294604
4.982861438902418
4.726142296543705
4.173503380784044
4.044277491200925
3.303072706397854
2.2360642909034976
2.246274005538845
3.4396679769206076
4.115514334167517
4.64829549165885
4.857511364602286
5.176201309027694
5.597616755447493
5.888672178457064
6.218725552531686
6.094921768233908
6.673345318722209
6.760371503468569
6.73060912163485
6.910517676891967
7.152404164064728
7.691513744508992
7.987320995201551
8.080917439511465
8.365094948899161
8.707911713208963
8.834242632378276
9.14382304008803
9.874965212963033
10.334015505842642
10.816872775932397
11.740919041595042
12.750986746484925
13.960458076709392
15.68768249737868
16.85565013901856
18.61958220868845
21.32432960223225
23.82907658942181
26.252750332923178
28.64805540025168
31.01198900255017
33.80070513080236
36.14315338027551
37.36557966522971
38.15984760133807
38.751689908924455
38.87787503028623
38.29810702537925
37.88892929296973
37.33318750157282
36.16598761873703
35.68533049636243
34.70226845266383
34.410753633689076
33.883390453666664
33.494156345096656
33.070389207408034
32.417914548860615
31.392675201510272
29.408247494896923
25.623046763725707
6.306339708558848
0.8842215262897386
0.0
4.198390779361115
15.769055759735497
18.851378749772916
19.647434925283974
18.999154330386585
17.938697121379743
16.86525991952381
16.440841480763822
15.892114412538279
6.330787136129031
6.39864296484637
6.6165985070814175
6.56638452150055
6.336528407137128
5.952531145957281
5.669217551648827
5.2688058385375625
5.239944107150605
4.731038548913141
4.257015001507411
3.626392806602129
3.717685672747965
4.1916187326975045
4.5663494780797045
4.87513466298891
5.100498413152853
5.449475845425213
5.827167307742691
5.8543570962264875
6.184143225289118
6.43184450068833
6.6768781795341035
6.74471176979877
6.8982189399758544
7.008944070126981
7.23123415463622
7.771643665021537
7.991210288730676
8.131280322362963
8.430944274737959
8.738077409714402
9.11148523640128
9.57265310559343
9.943127916353857
10.565016690070465
11.205265435228357
12.042847734397737
13.052750737914115
14.35197189720998
15.990261834246846
17.49537967353156
19.50243234965152
22.79514446796239
25.144590004774376
27.57834460688473
30.479644084419203
33.40392567691715
36.296168940001046
38.41299279371208
39.61017607668946
40.24030370507784
40.35639440998275
40.098275501201584
39.56764811953384
38.83182844857828
38.37021544176073
37.72419831324496
36.75901961724617
35.80348209829319
35.536728066239704
35.11741038162094
34.745912393311436
34.228863598705196
33.982986693142735
33.25155752876455
31.969192318844986
29.29153727629642
8.522957934630988
3.6178532467308067
3.5550641347625147
7.24322088114108
19.22497162191952
20.95898587799451
20.976704955186964
20.024832334903806
18.642255679724045
17.523215499318887
16.62397435503635
15.897601065846308
6.485762856396384
6.5066059360277
6.741439064952943
6.274269638718145
6.1575156717521375
6.057521171052007
5.942378148048892
5.160949430227782
5.232499084975505
5.3701125436410955
4.749430900653009
3.6275074575140493
4.305601749859698
4.810819491705095
5.040826612362437
5.407164316322647
5.750109234178899
5.204156278299208
5.612601044868904
5.859372078029556
6.092867475296727
6.370825823742414
6.384806499649263
6.391593147514597
7.083752688712159
7.143024623967638
7.43732491475359
7.551733320336725
7.903676849339781
8.264322470344643
8.630602920263797
8.811758421735151
9.064056337853572
9.700342511397151
10.128911294364825
10.561160406198473
11.267396016129995
12.259620577219582
13.341557165052002
15.093539475924041
16.50673990407393
18.43050300910997
20.838835678692863
23.93458561473104
26.53703238156012
29.396963530869332
32.69093081067502
36.08220751209479
38.328002344249576
40.243151994305464
41.29779725257661
41.92142784958468
42.15784820933155
41.71829512487981
40.939526707111
40.211869271065794
39.21806692899927
38.63356989630122
37.857366133355384
37.4396297271771
36.45313173735029
35.90934610934339
35.730865280951534
35.59712238740544
35.2562125573077
34.75126252082196
33.76145126469937
32.77561212826139
30.59744901454058
28.400836796028187
24.027548980004948
24.942365009970853
23.91701213866682
23.54593424475936
22.625700638382057
21.229679196703483
19.084281424921926
17.95860113749571
17.038773428183166
16.425792158582528
6.42674852736981
6.555936706405595
6.416479522598672
6.5803651974073984
6.114114144877901
6.136842054783611
6.259856610126195
5.739986626329093
5.362867226848445
5.4661919923098425
4.828813791583545
3.7877460741524858
4.479113076897184
4.764947595687253
5.029448384034561
5.204490667253748
5.651266706032791
5.803481058447295
5.5048204311186
5.693668694938022
6.2405670158963495
6.425295770336393
6.695021109650409
6.633714011285009
6.833867595381828
7.083643188851656
7.51181615431633
7.79665172338404
7.923988043912525
8.250888321846022
8.461734635483467
8.967256724208676
9.186742764612395
9.618703175758641
10.042225670435764
10.826275798244179
11.623456090355337
12.566725097976699
13.582810388184209
15.495069215528437
16.863159606310898
19.02875814313905
22.11436624324272
24.904734980892552
27.827441859573224
31.21772662945973
35.105767030295354
38.28997763562578
40.25753020049255
41.894743607652266
43.442208251068486
44.0685309880144
43.50529498994782
43.1452158680194
42.53027080366021
41.43079967019052
40.12745166385349
39.45559309364835
38.68053145214891
38.146758410876814
37.68333963086268
37.161895386438104
36.73272588794679
36.63633835206955
36.76002290873133
36.63900406774437
36.24219607524285
35.2299320030688
34.022410155273484
32.72874168139329
27.715854974595207
27.94168061598224
26.146651513476403
25.00694397653765
23.44275209556896
21.67391797118539
20.02644759774428
18.313961857627806
17.104011947567606
16.560524971651198
6.560837965108283
6.419936627551432
6.399500928096298
6.30963768413371
6.279290135621657
6.171042253803042
6.0912455350446475
5.679993753847654
5.695286559644549
5.430259935827193
4.525695558833463
3.8284126953653037
4.349355871335226
5.207337349429215
5.140783744951998
5.49922931093315
5.174055294929698
5.753886760499563
5.687497665035375
5.168625307922352
5.759107184637801
6.135220114531532
6.499581370648971
6.821772308637624
7.134589733529931
7.106358878089136
7.166587235312744
7.598643417395955
7.926204270124034
8.491479741411881
8.648345487132216
8.953870228409048
9.402351214382534
9.743174621061945
10.301371829188916
10.961485761419977
11.666790376293926
12.64368026396744
13.909722404116598
15.802557496454263
17.322642333260486
19.91419132351701
23.224891744822532
26.16804687187469
29.546122171716927
33.17364790496876
36.930042493588694
39.65389849956164
42.07042215795563
44.41558938296142
45.70527178973355
46.319077393773654
45.730315184682354
44.77840982179773
43.77443884572099
42.81097627284997
41.26757802000853
40.164583542463795
39.34167814698789
38.68403859947978
38.4548466452826
26.270760507787053
37.880477220161346
37.76335186145734
37.821165132198615
37.9362881403883
37.832974728487734
37.17125162315152
36.485033214944536
34.86954931970634
28.91979249934769
29.275709331012443
27.502976557333497
25.54057605141132
24.017660785532676
22.23501177786039
20.37512869689433
18.677563784469335
17.39780003425211
16.552558756692942
6.7189926834178095
6.426510609856415
6.43987124002673
6.29577596698356
6.279434346331399
6.302468908045241
6.13861543984489
5.784190474441632
5.5719250709061585
5.227900744975871
4.412798495777147
3.6798056788149425
4.072739463165873
4.877431985194933
4.988193964692799
5.090567547362839
5.1227407189921985
5.3368660361558105
5.668074302495897
5.814921663515882
5.2727600537339745
5.592736288098764
6.329954424832147
6.3844243714261255
6.690000892191023
7.017816960006702
7.417807668766037
7.879696344091558
8.189594071699116
8.35467524856472
8.626802172802645
9.066392847751159
9.305278665203774
9.795772516906483
10.34665303639231
10.990394310360735
11.86741009712967
12.737829874630425
14.251809784486614
16.18799661693351
17.788093221322093
20.582370858491593
23.973407059335067
27.270074684547932
31.026408984707622
34.76585724477179
38.688360313640175
41.29750635209892
44.37790380919562
46.53710507269104
47.90499027928808
48.156054170053146
47.6472757017102
46.36700884916917
45.148481644840984
44.16420830087621
42.61911756910147
41.65058559689729
40.38772126541209
31.82853001491185
16.73949487025252
31.594917795806037
38.74699958047087
38.54538807141136
38.9226047976606
38.73036568330108
38.77081762701869
38.46732332278784
37.736858112107704
36.38424176881968
30.03983140297258
29.905399663663157
27.90750631509921
26.13848912832925
24.421999403463943
22.818020003893654
20.459983869915856
18.643027472332502
17.573718675681036
16.67523898329808
6.632210750345501
6.531229141645335
6.42674852736981
6.391117312487806
6.340860403453498
5.902987989463162
5.900719311966615
5.7508247785022695
5.052928863549789
4.5378828379410505
3.849868518735546
3.5337200777022773
4.182302788440908
4.514356986341513
4.319613775913476
4.131048587748124
4.798133354576354
4.945761610536993
4.912782843065114
4.53102473357326
5.080308364836392
4.2340226022073235
5.186532970858315
6.085562074826266
6.25502352682999
6.763127328277711
6.919196048080602
7.577203390213843
8.042869380420576
8.430352167010396
8.632326526539437
8.90092457796094
9.494715013950499
10.051711807338897
10.634735461538934
11.25879126204953
12.06532334779332
12.99402034423016
14.358489611562716
16.325813691585843
18.115090723156158
21.057830539671073
24.74935341904799
28.3409805354015
32.433962449590354
36.718034812964
40.248305675935086
43.31219375358801
46.44777301743289
48.86756423254812
50.31240148204674
50.594004749209525
49.638323763123594
48.38684806160345
46.52978983793765
44.88922726306862
43.196505611911164
42.313387226018804
33.24235131330283
13.866480243058186
23.800316473340658
39.72604815870103
39.75090335816729
39.53215272302388
39.68113352900254
39.690750701062676
39.865798219840016
39.244967274006875
38.6472045223514
33.24840295193807
30.242542584154563
29.757561414553802
27.78639925723979
26.009209413183292
24.358045219130595
22.824035905459752
20.748102768430392
18.928974432844775
17.609827016590664
16.631075976050063
6.459066848008797
6.431844500688329
6.426153733586321
6.227062175016292
6.091699628900595
5.734409400434116
5.739594482447496
5.208085393738822
4.944324410930403
4.471238164217642
3.9003119209834005
2.042377134956065
0.1682499497695361
1.5114372684972541
2.3043354416129094
2.181445038291925
1.6952224533302915
3.8822474925960426
4.180544458065386
3.198324185425112
1.648291820779517
2.466085749698549
2.6081456807638492
2.786648415575642
5.471279163351896
6.368248423210427
6.761392595220628
7.445362291341521
7.954866827217926
8.394629722091343
8.651210122253314
8.886576329305452
9.510787503111796
9.987655798084461
10.660091581602071
11.283383812050234
12.224924484943328
13.007837359545602
14.466580459886357
16.543121130764465
18.290307859034225
21.489605693188206
25.489941504093476
29.367434484417068
33.57710206290706
38.17374632878489
41.70514262781847
45.654410285133515
48.96511698385034
51.35901390181003
52.73358588454728
52.85901679276895
51.53983205743559
50.16320688992365
48.10386557383259
46.316490964970406
44.22648301299118
38.512950341709995
16.499792031209953
13.080096793622005
37.96803623840407
40.77149871435895
40.66065360745689
40.79701378708659
40.794608158511686
40.773566093461234
40.62117427554662
40.1442217445803
36.12658842204769
23.194492687709126
28.012735097567084
28.966952299261905
27.422519239744478
25.863798382957945
24.559079823413825
22.682331354659315
20.533458511321044
18.789949430615778
17.449010181906086
16.768489480270834
6.4522549481904194
6.188709907780809
6.419222875011246
6.383732360056784
6.050233436206837
5.751255339404186
5.514263752032355
4.8476153663747645
4.502066213745271
4.439166566356289
3.2091452125806335
0.44211076314486947
1.8390673107454003
0.6729997990781441
0.0
0.0
0.1879172584912164
2.392375406044147
3.4787159940952694
4.004032795006036
3.1339540221098163
0.5324322323917797
0.0
0.48869906631351334
3.1882873985416293
5.170157502474214
6.926863313828742
7.33017747549093
7.892810921330724
8.103020174997063
8.835836572025316
9.398810740653023
9.660759158684202
10.120254606441705
10.469567562628653
11.373860319969745
12.17471835629391
13.16358582970861
14.906799166187131
16.649756741195166
18.79140193106044
22.258663344180224
26.18871288330558
30.371079803222987
35.032594197779076
39.219858571982364
43.19907615514589
47.30962266704665
50.83899087296067
54.10037276610055
55.97132378310259
55.81299022774545
53.97452984969081
52.0714776358988
49.57128800231593
47.77199165591686
45.31825505577756
25.231115318047166
7.842714255609221
8.901899342085438
35.25640830775031
41.72926073467088
41.29139151931769
39.87800702577231
41.55112660231753
41.45748453011867
41.55780552158542
40.152506924759706
27.42590790981322
22.88407383444087
15.899692077636669
28.429165565679067
27.019345640472366
25.563691835319176
23.75781084046828
22.254682945810202
20.1277356439969
18.56348745016687
17.46053584898985
16.756333916068282
6.343340306955505
6.0731020460400895
6.432727715891304
6.2745075562315415
5.994235256164434
5.4879478734247655
5.165711928595632
4.87827144034128
4.554936108905142
4.251209627172999
1.792328500988847
1.0766106024171163
1.8448281215575735
0.0
0.0
0.0
0.0
0.156597715409347
1.5243171021972595
3.4390900171925374
2.977172446055029
0.156597715409347
0.0
0.0
0.3168325908173919
1.3949451833031752
5.3080176375645065
7.219799754887379
7.770133015090638
8.29030631041039
8.8604868268027
9.29082325961312
9.607331866689169
9.799621551979762
10.465631392645593
11.359017504661159
12.190457651459127
13.31272169457555
14.83326120503436
16.78724697589349
18.963447281036775
22.215128312076818
26.789467504401305
31.254634847804667
36.08777948974
40.52668606033115
45.20038580237117
49.31037061750837
53.27765610983455
56.78066671499359
58.27058270540673
58.25966237866592
57.00509837065041
54.50824203521611
51.23568025997652
49.08017071541711
46.404655584264795
10.853226424093886
4.538222514459907
4.892851967875375
12.52427858259403
16.041724496606978
17.818809155667594
32.40765241510786
42.21731673586804
42.51005510028343
40.82858172960496
25.94102067998111
28.229984567057244
26.908267559030065
12.781464725891494
27.616542060826195
26.03533221220686
24.560629107868152
23.11998785978018
21.438568827847384
19.608448081703884
18.0635455307724
17.18634802210564
16.60345586647826
6.460332191434909
6.193002675924403
6.170923295046346
6.307875043954089
5.736247517028747
5.255280246262476
5.18948284487831
5.03834076874752
4.552778582026661
3.3219722345978804
1.519140858107401
1.6719040330208468
2.73227589578396
1.4456837619295984
0.0
0.0
0.0
0.0
1.370044821240761
2.552105772168526
1.1689112825727153
0.0
0.0
0.0
0.0
3.054773284237098
6.190055963278246
7.1699548977177106
7.742681815465068
8.032661686594302
8.712973660656584
8.9701378037814
9.422409749596113
9.925111424746406
10.536588850683819
11.363108152493004
12.326060716210087
13.4017121659211
14.918217188711774
16.698477168164985
18.982569062273313
22.30370823628476
27.006657925723573
31.63235581411259
36.647208533236395
41.190111559232115
46.430539889706466
50.97653041748265
55.536299136549346
58.863416216991936
59.85450352224562
60.17854062933386
59.124702847385834
57.30605077461054
54.20175669716704
51.83382410250695
26.056815878139336
8.357650892734418
3.9184366611161456
7.956868055097398
7.458261093076133
23.489070204388863
43.86195279505647
42.65206494282881
42.297394413465966
40.427840538318
19.61332477084259
13.365206214826069
26.172751475640585
24.71373236592433
13.899930547894748
25.18859547175898
24.75040282154544
23.334314908540104
22.191764338998862
20.797561977571704
19.044510490991343
17.88546016365785
17.07840977644073
16.531925053249445
6.43210767015477
6.053455575540151
6.1370799722970055
6.066052228708318
5.781844036767709
5.737665015595748
5.130514057903731
4.935582654873729
4.99521925929473
4.663548378717424
3.8666671720691212
3.572470051180488
4.526846784868464
4.022573035496987
0.7581200625097155
0.0
0.0
0.0
0.0
0.5011126893099104
0.3445149739005634
0.5790411698325361
0.0
0.0
1.1958116427475667
4.453733363164779
6.19622428440606
7.0174348317835635
7.7379337740205765
8.1294462666285
8.607534225581603
9.081344466246293
9.330489951896723
9.640946989038726
10.321959992709338
11.200099757929282
12.126337958621267
13.235024698308248
14.624677431765308
16.719281714724975
18.75200020340978
22.259322897787573
27.1181256133569
31.950227068472756
37.357362721735996
42.20506553493607
47.628894570088335
52.55225812758909
57.70464947307855
60.60621445214527
61.73266547136498
62.28644022405169
61.021091722128496
59.442888288240475
56.94457464522297
54.45229968862338
42.69631052967538
12.895671859074533
6.953248017789272
7.204662208382907
11.006141921216186
21.47266559150689
27.925967221986348
21.367091009773024
24.872300069183993
14.685371805699349
5.529031526437483
7.7189503694952
8.757881217731804
12.625251657624485
9.95585719577697
16.742429067250264
23.318839723159595
21.78440724842518
20.76656457371788
19.65835944312586
18.45521527738079
17.254901011737942
16.73379824539072
16.070810081527064
6.232684487267693
6.147243715087053
6.4805299733766475
6.281222238464067
6.022985836933327
5.534836075869478
5.026672103652197
5.048586092755114
4.853531778106537
4.340783074703824
3.9597356964775674
3.368497835172447
4.082226238342042
4.143269231835456
3.3944049948383763
0.5164020836687974
0.0
0.0
0.0
0.0
0.156597715409347
1.3328658550679084
1.313918666438211
1.2351668944630392
2.9431088529954677
4.924292563372824
6.152217498310801
7.135180882988832
7.535108991869031
8.165758075252533
8.515356650826696
9.118039657079914
9.226263076411684
9.721227171495302
10.184073321574349
11.106888345370857
12.069106853137166
13.168152906544668
14.466072336384524
16.799987830767154
18.499115520625452
21.848176204547304
26.993790083395883
32.18980265632452
37.687455921341936
42.929827740640995
48.524882732029376
54.176001732377735
58.93115081536364
61.888053909537284
63.54675548304232
63.91215614348176
62.64759434769851
61.30801498132324
59.04565308167014
57.69960038881545
54.333418664663384
31.293768078817916
10.5817160376726
8.0628647576449
9.050379892210131
8.496306579688532
7.61651074474678
6.304203237536112
3.3505289746704863
3.759894690692217
8.051744697109873
7.818823846774783
7.248560876740484
20.310235970554217
15.710169091810995
11.462839848298865
22.913757345476554
21.074884684722818
19.98231967942545
18.796980834100605
17.69122774781039
16.91062534011527
16.467503161865306
15.735447265818639
6.116763231598569
6.121380138552224
6.158110465535629
6.031181759490388
5.8573914697242
5.734097798288897
5.162536929683734
5.202574851061368
4.983550594199405
4.568814380957335
3.860872664858754
3.5640470033901352
4.186550504766953
3.868068347560935
1.980469535069228
0.0
0.0
0.0
0.0
0.0
0.0
0.5360693923904777
2.374811113863829
3.5100561714492526
4.22784457994464
5.484315924584563
6.107875297672167
6.637666724669652
7.468246871720597
7.863740928683259
8.458564597628957
8.76390443675564
9.342531086633787
9.732951259713442
10.058684086233578
10.97198545271585
11.793538441986465
13.089919418080415
14.1249472590842
16.238213712593428
18.292189135534013
21.594841724575893
26.609916134147017
31.848462153483894
37.769149579568165
42.96311836156512
49.659365537458406
55.60038660405463
60.13906080274312
63.23344818632454
65.00437618582492
65.75720755610782
64.43786232433311
63.28998027846512
60.7228935078067
59.03947429994263
56.570788727548695
48.59123990714408
20.479270343912006
9.582325394137047
7.197017986335299
6.307702667339773
5.181439240104702
5.164128089172878
4.22777445143573
2.8305425469886316
7.152079144126425
7.346410757996968
7.198676098653699
14.937346036134546
15.413325590709361
9.177216426568009
22.297985422443087
20.45141108455985
19.13849677726004
18.06674153553999
17.313168117088452
16.598343409895033
15.979753296900432
15.36048019072726
6.212962540352745
6.116525314085173
6.205674805507575
6.029678777995007
6.030943841976992
5.870368532116487
5.241276037401598
4.715810024895236
4.860686363514184
4.678405901243505
4.251209627172999
3.7397640935032896
4.298746996542489
4.292600692823103
0.9935677806209688
0.0
0.0
0.0
0.0
0.0
0.0
0.0
1.6262908058043588
2.8408199990954337
3.6855774997635304
4.974032717096335
6.39061622550797
6.818659411633645
7.405140291097413
7.795396239067928
8.351005509523741
8.785435494170535
9.113872331599008
9.61099932527163
10.257144517386202
10.920392433835076
11.823566646696168
12.789878365659645
13.991304673177147
15.984931671498677
17.826003953499104
21.452689062157575
26.121374793084428
31.738482017244625
36.081743726514105
43.03553092438717
49.80850822203827
55.9887977004568
60.33118970474677
63.835070042104206
66.48701838170554
66.94244151548125
66.2949042642407
64.93099594621276
62.69020816861047
60.52656196540678
58.702396365944594
57.10899801937495
54.149340324647184
17.644093473899588
6.0188958907971575
4.933823179856665
4.378851575424474
7.462729340127263
9.514329480805607
8.886861102161557
5.478357802466603
8.064206635306565
27.57534136515356
30.534243980003037
21.966419395324696
16.542282239080368
16.230035539039967
19.45576192448035
18.424415350298087
17.554260426260328
16.637335065399796
16.210766183954966
15.44828722401142
14.529292807956718
6.350271165530582
6.087060980776094
6.141361744151413
5.918114770595299
5.908199690200305
5.809567471068011
5.500719349172137
4.799098746531388
4.858528836635701
4.676248374365023
4.365934647318842
3.5920553317938593
4.379575671880796
4.317163221438865
0.8033071144977422
0.0
0.0
0.0
0.0
0.0
0.0
0.0
1.0837703848690314
1.185764722748243
2.6192295810856967
4.787768902694311
5.937886067180673
6.708416450669963
7.399729541349433
7.183298443675822
7.882332446148422
8.515883310515752
8.93987464349541
9.545426982580937
9.93751363218681
10.373917791497862
11.57902493382659
12.787168410363366
13.683758738636719
15.422820691063597
17.442634532342076
20.366832414317383
25.0112277863101
30.78290542891911
21.515132930794067
37.3848996807815
48.957223284951574
55.20141695620585
59.69804934012655
63.01901096617985
66.23070591279708
67.0885851104768
66.38665746582217
65.47983741665723
63.670732666837296
61.758881708653455
59.83833813685286
57.719915614371
47.929312852282415
5.352375274722355
5.080038937112581
6.41503106561237
11.33644682602296
12.729465858407641
12.559815608349279
13.03566864464829
11.088105164220904
23.444395255594895
32.454967503960845
28.05484044866546
23.381290707528823
22.903963626224606
20.163229110984396
18.686624901756936
17.50478151365226
16.746230601622667
16.123802388860266
15.492109392471894
14.901043041296147
14.393204528504702
6.162251537462493
6.508253407676949
6.247378915714728
5.865729883991988
5.965246757882145
5.799340788527798
5.080353395330158
4.832139090344805
4.631171051293374
4.166346108047473
4.00305354453215
3.142262303734251
4.346723849476268
4.389299694547202
1.150110275897024
0.0
0.0
0.0
0.0
0.0
0.0
0.0
0.09395862924560819
0.6067235529157076
3.7681290749958167
4.2480346282611
5.490708393220114
6.601089318282018
6.797075753076716
6.0428261109733565
6.620871678663328
7.916924024135735
8.714002736859127
9.161892954876212
9.629231957542505
10.283521333203323
11.001325112633864
12.129827198119127
13.081652700499191
14.578238107024161
16.816194891118883
19.36303098589143
23.3675554935003
28.53797490940723
27.97695316147442
12.766174417319462
26.25788199356566
51.57234728011669
57.358506288206826
61.04529231477214
64.28990554449254
65.5774244266556
66.03707196021647
65.1278936280948
63.7590439784242
62.11861432387353
59.9545179502848
57.83578136940637
23.328521841061384
4.788734294649342
7.0309562218508646
14.154077956123766
14.60575200173907
12.79664643006877
13.370134273138609
12.718094683356778
11.9465237346249
17.512242252176822
30.223215344298787
25.0228056669486
22.22524640841209
21.366292910725022
19.215483646546268
17.73989194628375
16.8175558861331
16.03174677174785
15.181127358996774
14.612424006205107
14.40295900064501
14.078790256872978
6.029224684139061
6.22048819271131
6.220726110224704
5.997792530596995
5.849575956391261
5.822764785348404
5.450858878388083
5.264927825809824
4.638025804610583
4.503282711709394
3.8546136469631174
3.4069818442081026
4.032255684638218
4.605411229696295
2.024162155138175
0.0
0.0
0.0
0.0
0.0
0.0
0.0
0.0
0.0
0.7938381542264906
3.14172827646282
5.451071899164506
5.9138565425691985
4.855850766970046
5.8328589433481906
6.736869842284016
6.307530392109319
7.243703447376679
8.278543620184958
8.930381302074961
9.81770767950017
10.412513481572564
11.320560417828945
12.371583905780653
13.773758426961379
15.882464327374866
17.744581447518854
21.224901152794693
24.908570616564262
23.91168786268009
6.852725640544447
11.40869854081411
29.30707972309868
53.424587609878664
57.78532528355341
60.71290657088816
62.35791597341033
63.202966872486776
63.58879709756196
62.55189476937558
60.85145302801094
59.11525914031625
55.8859202205574
17.812335507712202
5.673649480748044
15.218835344640613
17.505647167014647
15.31119996423197
13.724488714304691
13.44540828084589
11.600042502794603
11.616344765071785
13.485753450893473
27.451421481378006
21.836474947915033
20.715386299227312
19.826526116205226
17.841062632530768
16.693049095176825
15.754527581860794
15.400987733917358
14.536308157100425
14.086131779963695
14.068872445342077
13.729283108673563
6.14169687925066
6.212032611470008
6.22577536986346
5.9134761224708
6.0090051610264785
5.986277251120768
5.642623546724336
4.843474975507833
4.883033938709128
4.43757906690034
4.23983283312152
3.848992950156395
3.5707980748126102
4.339803824229936
3.4243026524675146
0.32042848227186466
0.0
0.0
0.0
0.0
0.0
0.0
0.0
0.0
0.0
1.0637472284674918
4.752581074833956
5.248090793292332
5.346712179095881
6.581546181690887
6.367581663794129
5.148968744196598
3.77140907292557
2.757895346051105
4.884713275478425
8.65090925291066
9.595911743463098
10.308927946478837
11.591235461267948
12.939968744928093
14.388936944475535
16.165366920477844
18.606617464067664
18.381557907614532
6.601839701159181
2.134900483861205
4.851219322128749
9.766752913802152
42.836488081885655
53.09400463498865
56.80354778044406
58.825771078982925
60.06654347708166
60.536607736814645
59.68104045976863
58.62199256344837
56.1986530218086
53.42369465582461
30.472157708519234
5.978151907335
24.962136625318582
17.678620232682093
16.314708313596437
13.864214750369676
12.77439875930306
11.273910366885817
11.335984653431035
13.160995004935492
24.46913825488518
19.26861224284072
18.91005760819949
17.950204363418525
16.67060030916758
15.677711372178068
15.163418239065512
14.617755922800479
14.263944525294427
13.966523773441228
13.697670214589259
13.506219779058874
6.060743310385321
5.931857528988752
6.182590019331772
6.150725513104608
5.882887425107277
5.863868234443329
5.619050201088451
5.617809659836311
4.9730358424680015
4.416647015600231
4.1994527364886
3.646869379498486
3.8705841739646694
3.9653563932842895
3.2921999867846705
0.3364998995390722
0.0
0.0
0.0
0.0
0.0
0.0
0.0
0.0
0.0
0.0
1.0197962005515464
3.9290231455700306
5.559318732356867
6.02953718761301
5.612868659055413
4.112259714923477
2.6330819053337082
0.8995109206486254
0.30018321382211266
4.693132268994653
8.320285562469328
9.411657397056235
10.540815715438834
11.684937800310397
12.97940855311385
14.823452166046188
15.756394751867099
5.694525060787219
1.8929476267308991
10.269833153954803
8.220377664961909
6.321432385326264
28.669472835400015
46.72522734508379
51.23077363182061
54.697044579045574
56.14696531982637
56.66463467322894
56.28227744797401
54.881622875747844
26.494611959288925
10.48484503222435
34.852554232414406
9.711918268708443
21.0867202292647
17.270356319852816
15.722249979033204
13.64856042605652
12.249015027262237
10.957337552464395
10.738949129641808
14.972842173818549
21.70558259599821
16.792023815754966
17.176178437151357
16.400487280947075
15.614248028972016
14.921139061397717
14.260288061190106
13.79637433896891
13.54773736434856
13.487513910701832
13.358902828867626
13.302649843567684
5.9886666791571965
6.256039677009394
6.259856610126196
6.08741785704619
5.765117056554337
5.579238434699278
5.501904026601767
5.467300875180001
5.176142748822003
4.548823358571584
4.140331480413794
3.7228527259934605
3.367981778260712
2.9712694748789428
1.204810142104676
0.0
0.0
0.0
0.0
0.0
0.0
0.2577893961081259
0.0626390861637388
0.0
0.0
0.0
2.22094689620803
5.300534854317054
6.592009901077856
6.68070621586344
5.886452128523468
3.4326270854559158
0.5163814493966848
0.4071540600643022
0.4384736031461716
0.8572798975706624
3.0005982923269645
7.358353285283141
8.01147847384366
9.108186240598009
11.355261115229753
13.318381334855175
14.798462229692896
6.724819147571241
5.868860079760288
11.657510094459719
13.716699165993845
11.863660684224065
24.68647463315687
41.111414921782455
44.754584064077115
47.98129240832894
50.470596879547294
51.64260174755871
51.38183431263511
23.43214517269842
5.346362170344009
5.619657165089509
11.706345177418513
19.28295571652034
17.22282616663829
16.77343021117809
14.710251416023505
12.842583975747647
11.129816406604977
10.016172896623223
8.996927266405153
18.103644134132626
18.6366159575392
14.446778314234127
15.768192978462473
15.029202701443781
14.638470861112044
13.913944422162178
13.649161984854034
13.215064842528236
13.110072040905381
13.176870852808165
13.019216140144199
12.892435712568044
5.9858014160939765
5.792290971196024
5.889580366168957
6.051163365089574
6.088165887422061
5.904610831043971
5.870799093018404
5.65805507289714
5.269120296755137
4.761893648810368
4.512161237903501
2.726404337576499
1.1331931908559403
2.1447247351109873
1.626228902988022
0.2308890359332749
0.0
0.0
1.20572999792354
1.9772931361601713
2.767428548518393
3.520687302122387
3.037528319019517
0.0
0.0
0.9073847544561612
5.361703219587507
6.132426817101118
6.813049767703556
6.934066800766452
5.726557272242064
0.7390680081323249
0.0
0.0
0.469793146228041
0.2192368015730858
1.4893603991166917
3.004334444773098
3.2918630313277055
3.284132709431344
3.1755463893969176
6.8197532294162135
11.94435779824513
13.088803137083861
8.02917525863356
8.618068446281686
9.961546206300742
10.48455968685883
13.068208079421844
29.141558106888976
39.77138215838809
41.79066140551662
43.537381136488804
44.84232515354839
27.22501660625099
4.157979873942589
6.250786079463281
10.63563004148181
9.445993543869129
19.664915130494197
14.945224297006622
15.077689896608312
13.269260110204034
11.380954667493116
9.747589617224211
8.938251040756654
8.412393293042994
14.592569469015793
12.451363253712673
11.423373734011523
14.174123955052256
13.94678058787826
13.558983777734115
13.213697078040964
12.9207603299508
12.864905938335584
12.772960356787907
12.749519142250545
12.895876708703453
12.867358384010897
5.841261075077502
5.958434858063767
6.002431178721495
6.082072411036832
5.950357894263403
5.731476320067809
5.796333033753852
5.404142642450218
5.155204985002863
5.138004110572598
4.634506854576457
4.103868385676421
0.9398842589096983
1.8568792141910664
2.718052969669819
1.5054318163839
0.4836812894063106
3.1446948049751255
4.010632742286647
4.191618732697504
5.03242435701575
5.08147613671917
4.915002126798445
1.2207015584350174
1.6653919386700566
5.508224863377506
6.389996179771437
6.832746462665458
6.8151235373213765
6.8685093558383175
1.544220438761189
3.3402915276303995
1.6604241435764855
0.0
0.0
0.508345740763081
2.6783036188717158
2.7732712480188817
2.196514244094971
2.7264146993127776
1.2593152889080754
2.8274982965286815
4.371655358465397
10.998491231387481
13.360308089092038
8.70135188727789
7.9788720854699084
18.62859606648552
27.95107152195968
17.59046419288668
30.632577843643855
37.38744970577635
38.899660643811195
39.5708215333351
37.21600852569042
17.84500037275654
5.822926465709349
9.82015663051313
10.547775739193746
15.755395646779773
13.101321405564493
12.925667165832031
11.577789317531316
9.696229405615659
9.06515882564289
7.161876466962022
3.8069778238888397
10.000894242731826
12.868578780922705
12.110968605146809
13.033754960581085
13.218591459507392
12.842650885277566
12.717851970065936
12.334902553441086
12.353768364056783
12.374373736600448
12.50044409377281
12.798548673363555
12.790635034405966
5.755893987528685
5.729889711066315
5.843218150428829
5.849002903778615
5.773194020354702
5.897854048903395
5.772763459452785
5.419774658891913
5.135112397903364
5.230702396657576
5.100987534260464
4.534746060588684
2.9710812867801315
0.4806633576799096
1.5243377364693722
1.6416008344353583
3.8491387380304802
4.619006215505819
4.740328985487521
4.687696337817885
5.488262331642342
5.707377977503157
3.73089004786854
0.9051640751388486
5.55507586369159
6.599942933612603
6.822154436860762
6.995811898573868
7.107395762898047
4.303856473074981
4.245970892237405
7.211351977895202
6.68387054085321
2.2072066833507487
0.7115111250689593
2.9970442496942633
2.9362993577009657
2.5010157490044165
1.364926152513873
0.5360693923904776
0.469793146228041
2.1965761469113074
3.16661952055021
4.770963121600566
13.096063289527786
14.982167390277985
15.138742076389962
21.860432018536017
24.657490989173187
26.761885363387197
20.245382416623464
32.10200186500101
33.82739685933579
35.077254029180956
35.14604344878561
30.240567796748127
7.5902094979531824
8.0410641353331
13.341852703981347
28.27649720935616
25.065557003781407
14.19776987562953
11.69535477906966
9.897610254335971
6.008065782296894
4.13635842167531
3.530970711612565
7.27142148797391
8.349977980695819
8.918174967117587
12.361632779749915
12.644282836635702
12.471461555582858
12.437529711864995
12.054743300778112
12.212733587479557
12.151761333188194
12.230784199880235
12.366264213240036
12.50988704408225
5.78452560954088
5.925651167835521
5.628324411567714
5.867306550119194
5.8994307150306
5.725878342777808
5.777259615866557
5.339351879770723
5.363765571007408
5.301398737740097
4.651645153460785
4.521476037518554
3.5944832000066906
3.57440791785615
1.381749690330094
3.3126978815646924
4.652277765483519
5.1525471748811
4.997879765799679
5.463953909761252
5.412282167488473
4.0407783802484
1.9781362738795556
5.093594036027269
6.317044377735576
6.512628327446758
6.5860559645094074
6.927464441772888
7.212996786549823
6.170084365872937
7.320075535280448
7.292159164535171
7.264698656193554
5.1032364162468715
3.456934734384614
3.278992974695037
0.9738022411725534
0.4384736031461716
0.313195430818694
1.6591950289749813
2.400626725486069
2.6101606012483454
3.6647443934388484
3.252759794019753
8.955897097668974
14.705674189344109
16.570471018022026
18.863547018780594
21.28820926918001
23.83491414876946
25.593983362302914
27.076486829272348
28.607090372586843
29.19684565305593
29.65198675794846
29.48083098098086
23.101046211507295
7.521512999629774
24.80971743008766
26.06839886396868
24.625629703015235
22.599963981288322
20.191412536271486
17.99087536163603
12.25086106094468
4.002700746042011
8.134697605632743
9.23600903408025
6.24370387746306
5.270606596079958
10.241935224821116
12.075128231004244
12.120130778737682
12.26756275860605
11.936799057030758
11.851771778372036
11.930629360078962
12.267012126925879
12.350277008413872
12.454717677440394
5.730109962954418
5.68157041997486
5.883731871061636
6.098317093547266
5.7737670729673445
5.910372941894183
5.742055803332563
5.4999714739802865
5.472461434463533
5.224411287846398
5.205494280768309
4.620031504732134
3.606958650130623
3.643504792490619
4.114385334852579
4.190639482223617
4.476807937498261
5.072370867556644
5.118667375921335
5.482166205844714
5.722294449621479
4.679114075496909
5.912903537707544
5.983930813446843
6.34905281522836
6.640576415009475
6.687971292318636
6.897345183669075
7.096502732042134
7.19408066850642
7.132623221195367
7.367121980141651
6.839533110530792
4.388359692708001
2.6550816872397878
1.157341585300976
0.3758345169824328
0.313195430818694
0.7516690339648652
2.0969278777570564
2.1908658727305523
2.2374748101713084
2.7266004077617874
3.6263928066021287
4.434195606314584
11.742192602272294
14.95800233486492
16.499776980089983
18.585878308118865
20.481642718904943
22.356849948536425
23.484088443563273
24.56855973314065
25.135066963480803
25.31712902137922
25.20160043895463
25.115482845069288
16.77735316288396
12.108942119542762
22.519176274437754
21.156286051259958
19.35197838521775
17.573029914710176
16.380515228813138
15.558175960916085
11.3320912563201
8.386423764488228
6.5653085378434435
2.631179683226179
10.07540568147393
11.730175680777068
11.890746500021129
12.073712572631264
11.898830537765344
11.671233725648758
11.709421897763331
11.895120987239848
12.175911556166513
12.195898960032174
12.255011411114733
5.582870383539479
5.641470584394495
5.66947900211625
5.956023688856493
6.052745898545519
5.501656265535444
5.820133364253026
5.264952517657424
5.256270001258184
5.1319373989914645
4.796521492079731
4.532959535202023
3.8035812007160055
3.665673976026966
3.552144602425996
4.15515563796013
4.59947045492385
4.558853110800691
4.940429084746612
5.0658844284023425
5.493864285156534
5.8257213986687395
5.82921394156795
6.2328251871952345
6.39757233603609
6.4118593843069425
6.647600980388204
6.795671094033526
6.947011362787513
6.899699678555071
7.361183836630055
7.0520954588196005
6.497072424967593
4.305119456825943
2.0975378379421596
0.1252781723274776
0.0
0.0
0.7203494908829958
1.1901426371110362
1.7771988813050628
2.1792342726424767
2.2724521475239876
2.875540638538721
3.845919798296701
6.340327332476321
13.312244937284666
15.265455115355357
16.437642213250182
17.95561051684799
19.11603862267194
20.444034481473757
20.964322894643782
21.686608058270625
21.800073098938434
21.93595104217087
21.56583132610146
20.78727531447651
13.5529386835087
14.399365453172988
18.038891692423665
16.948916538674826
16.27026618097965
15.292678461864016
14.313262192340323
13.17773415344298
7.488019290212077
5.492152053021896
8.186528973719218
10.864432708369177
11.155753084002306
11.507745365679499
11.70413694920529
11.633876047509686
11.478208590302721
11.482201906786779
11.61109442766184
11.844540488994992
11.90925244762333
12.099693410547843
5.193241729731596
5.536270250285956
5.728414338070516
5.670052054728895
5.764544003941693
5.538277477315079
5.382645355730364
5.5606839415226395
5.272295295667037
5.030266830137269
4.696599227052663
4.483092663392934
3.464107730825017
2.2607906450766064
2.927341513707623
4.0079815154448815
4.336257823826217
4.650082017045509
4.736979323685587
4.913073946500681
5.218970467510307
5.65944496296456
6.116049479058382
6.334906466885051
6.610669822466014
6.60070719005888
6.706997437637915
6.837074970112584
6.867927094473718
6.877892740381224
6.91739875490107
6.907464197825438
4.623056482549878
1.85559516164888
0.1879172584912164
0.0
0.0
0.4501258375063607
1.00222537861982
1.00222537861982
1.8165334987484232
1.5659771540934684
2.074364163400774
2.1908865070026664
2.9913405825077533
3.362802730589541
9.57866198425204
13.807994531849516
15.352745535839404
16.113748233524294
16.80411540837034
17.43548197817262
17.897946732966748
18.575506635846317
18.622649685769346
18.570389159576788
18.404305394824647
18.018142505443926
17.339369695269536
13.735143119078586
16.285348163215442
15.663892172119308
14.94294624560639
14.189719059626846
13.229971950035992
12.312201263959961
11.017913412041558
7.432929804943852
7.761042563077079
9.494554241359893
10.735156084664387
11.095419373411737
11.377690132049715
11.662120433078261
11.694927307052057
11.407458221428065
11.760020436415063
11.717473127835001
11.873145679632106
11.896223076046706
5.327669356156543
5.381222014642629
5.696005189737655
5.708863293373246
5.562417018459053
5.56155589665522
5.35696945658405
5.130664357753091
4.966440779961064
4.455439612777204
3.599228328234261
3.14956166114593
1.7282851436835704
0.6882685591649187
2.6065141731624553
3.452476130736941
3.671247230586557
3.9991365426366006
4.246880138094264
4.122056742739604
5.278226813342091
5.111177323252471
5.876176818420304
6.123337213903553
6.419222875011246
6.528689107132084
6.47207060190902
6.677601279735319
6.342788258002095
5.857638413120237
6.068285574954278
5.778421141908321
3.9173744070336785
0.33649989953907217
0.0
0.0
0.0
0.313195430818694
0.156597715409347
0.9395862924560813
2.0044507572396393
2.0044507572396393
1.8471122874661972
2.0044507572396393
2.0663490890392833
2.330610147964373
4.354020077461249
12.513247213202312
14.68028451195684
15.33452677862611
15.590597298366323
16.108150533577007
16.449080690507103
16.6963964233346
16.789821528692684
16.603380396613485
16.529169196508363
16.469599015031378
15.998373710082808
15.646721936641708
15.142655857643177
14.269995571412968
13.255450427464405
11.405037119637
9.545164357943138
8.049113160552169
6.749731104417694
5.1580236104084864
4.759554666773572
7.247614865242072
9.386361770657338
10.578330695155449
11.051155843937261
11.12065686286707
11.353153527543455
11.549261755733774
11.301351925350826
11.540551631147167
11.54652488055546
11.711634991112495
5.159211630922475
5.346271905017055
5.683862630425436
5.526328551167195
5.2963356396735275
5.196252570275278
5.421179358512271
5.058964403156009
4.584375684907533
4.014801340075452
3.0601806063011923
1.4275446044054987
1.4070952727754986
2.90477347189797
3.225974708990961
3.6994541253792765
3.927388441160369
4.171428684381043
3.766305974486076
3.5165681605389603
4.010965333812858
3.8507776407005228
3.99404831577319
4.663840940873981
5.599062766480059
6.143612756022667
6.1153792088598875
6.545125569644726
6.548479508897638
6.220475477423108
5.461567263283824
6.172126858833054
3.870930233228903
0.0
0.0
0.0
0.0
0.0
0.0
0.7516690339648652
0.0
0.2818758877368246
1.835460053106008
2.0044507572396393
0.9082667493742119
1.2527817232747749
2.2511588901693314
10.371770340870892
13.710367606901546
14.28919082782223
14.934589348323376
15.154692198987972
15.429682311355608
15.528977513473743
15.489442409339135
15.364952729154568
15.24511600337192
14.178637064965475
12.251891417655735
10.819838297910202
9.486207254115142
8.504343130501262
8.04859760518742
8.747189096396196
9.859963463532093
10.335855298568514
10.171014743546584
9.285703135849001
6.695251376107134
5.340071699696408
6.2633486749150675
8.766582711124318
10.256619688932632
10.877447704094553
11.103784266724361
11.250234559649979
11.230845004932812
11.335266110473135
11.426384180464328
11.486563146793072
4.677835873820971
5.027255989593586
5.143200195032474
5.29131757210072
5.026088217710809
4.913319011183818
4.969860843556103
4.509027147880051
3.403433903980901
2.601782996523951
1.2243585858275081
2.356324686323773
3.2971303901699156
4.153243203958673
3.8907742222811303
4.033454812462065
4.294592747156703
4.56087688367759
4.400373969179319
4.482484414410872
4.589004429273795
4.194556484119166
4.458985613180928
4.353183539739061
4.523550733921553
4.494630261815594
4.597814686542555
4.7833587371881094
4.939952006838222
5.004369434420329
4.6104167363939945
3.850392977318972
1.4035809167803
0.4384736031461716
0.0
0.0
0.20320665285010336
0.09395862924560819
0.7203494908829958
0.1252781723274776
1.0371820817003874
0.1879172584912164
1.346740352520383
0.8689321319308515
0.8769472062923426
1.2527817232747749
0.9082667493742119
5.87935102593597
12.1119196287586
11.92782545840939
11.766225581815885
11.228785947867149
10.804537419932315
10.322308750022172
9.618888386623798
9.292653406261184
9.11779207933567
9.17745207201721
10.046187747103044
10.858536568440934
11.363104358392086
11.700258164300255
11.699788624631992
11.547499124049269
11.63562639062802
11.439066647330492
11.011395373674452
10.699219324997166
9.745082741689458
7.7567986583813475
5.866005595187755
5.962397310251619
7.852627957380813
9.509310553109149
10.515999355835298
10.963125234971477
11.085534806702332
11.026058441125826
11.200480451458485
11.118026740528137
4.512161237903502
4.52961256072901
4.847416340444056
4.927847208714801
4.92341403534205
4.917356820024075
4.300839251491849
3.6036869318819353
2.778006752110754
1.443554118856369
3.1165015561967975
3.597269827286488
4.145176809257126
4.594137929133469
4.439774815338353
4.178310299661762
4.223370252593132
4.281628453649277
4.451220091462294
4.615744542237239
4.558918382729813
4.569013406888044
4.534918036149798
4.876683940885331
5.164963884286027
5.407153482993903
5.392729546559851
4.933075473408254
5.029413516472069
4.752843147055144
3.5500064910433125
0.5244171580302887
1.3656669068779679
1.7764374926688549
0.9082667493742119
1.3712946439702738
2.013098705599222
0.7742327483211482
0.2192368015730858
0.2505563446549552
1.3540146725177786
0.4384736031461716
0.7006821821613156
0.8440636173938325
0.41079122006300006
0.4967141406750045
2.033598665620227
2.4923691939130794
7.068192521167203
8.838854102260271
9.489120709214166
10.314064617706336
11.063759746990971
11.329801733111566
11.765318738255326
12.186699920640871
12.276199280992971
12.470000664184896
12.639443887716952
12.647422182991912
12.630309019409681
12.605597657999473
12.46543352532273
11.998897488481264
12.087058283163406
11.81491346174873
11.55510482193264
11.18768279706289
11.039799106578839
10.241687041838093
8.518871896906905
6.300507456472248
4.873356934811731
7.382257029778504
8.923262594109088
10.372346771020059
10.802478396021908
10.793163131772852
10.96369577775916
10.863667671550253
4.165553181537722
4.177471306205693
4.665572151594323
4.843671314109622
4.531609283236311
3.878027971281135
3.632409883586389
1.755164869586309
1.4116359817743152
3.662524460781728
3.93555851775665
4.339088871615881
4.513377735867627
4.377008921950959
4.669726400980112
4.477959163533262
4.638634053592646
4.422522518443552
4.5931713806261545
4.647550801346281
5.087661976174751
4.56736063550297
4.887513150834309
5.089724738219457
5.231764899184754
5.289835342000367
5.611024378741699
5.802063559880291
5.560358649976319
5.278372840576915
4.672121175348829
3.455612060879512
0.399138985702811
1.0677402361460488
0.9002516750127209
2.0703574844928534
2.9828257580532704
3.735463576555425
3.5431474118267685
2.543941317268422
2.3427314167688618
2.998453418181037
3.731620916901934
4.23381707326038
2.4590773184549035
3.40334788561348
5.0181168083856615
4.4380170398950645
4.149072446267305
10.943461540160268
11.445690134963503
11.994585362162951
12.612603786419333
12.843672119627882
12.988918396618633
13.336923205935076
13.42028260777727
13.579903418748106
13.396302292936458
13.122454924010519
13.222531562871804
12.965456147148974
12.55799508370259
12.331870064712517
12.201852171253512
12.091993836517593
11.759476058066198
11.492427134640003
11.314715726729704
10.863399786551444
10.340736121537274
8.95511058312734
6.63313727062114
5.000649986978644
6.391949974593061
8.246688580368547
9.4982970691536
10.270394527091526
10.643381128664018
10.53461178302485
3.8853206444557356
3.698188350325493
4.214138283453564
3.948557739950716
3.678269102885095
2.937301213116624
1.3649261525138727
1.8607757331921067
3.6056928750768407
4.504261962183283
4.252188877646887
4.279298951209677
4.173387185328816
4.837471616135186
4.801703718020752
4.8335762899513925
5.147364948940076
4.8273765919769565
4.465060141954959
4.930997844586028
5.095152028843618
4.998394258206627
5.089819503053234
5.247612176706541
5.439253885253899
5.5476941795050685
5.515192691139275
5.511320728791758
5.643189742232426
5.131248243694482
4.785842581980112
4.198776005434074
2.8573728117243924
0.34813149962714873
0.3758345169824328
2.905341731801543
3.145110833830384
3.857415997946746
3.85712947336685
3.8705841739646685
3.8992625420006046
4.53437505909686
4.736818519314405
4.255800149979733
1.7856058253935394
2.631278177420652
1.5916685155226373
2.3333442062487952
8.402296180736966
11.325228441644262
12.266455248896222
12.810296361322875
13.058668383920423
13.306604293712425
13.59603911934419
13.554407284085757
13.601876831718405
13.691045900646595
13.52755600208672
13.29600314967195
13.133219450596576
12.947233347907439
12.590462895128402
12.258409496628168
12.193833118858207
11.949660329285468
11.922775161038357
11.606487838510104
11.358813129102842
11.255481887496606
10.718397909330385
10.525369614917205
9.449245146221127
7.400491670107888
5.201466762913759
5.544563214977081
7.676677878068597
8.909816468161816
9.92464170972569
9.906709357959526
3.371612255576364
3.7044700544829103
3.8473209737885163
3.1561773321303717
2.5762219847133814
1.5572006910957694
2.41181325812279
3.3629294911811316
4.334530067352447
4.838908815741775
4.575933432134376
4.540752107290249
4.786450830962176
4.986141707169916
4.750658569807066
4.729451049457193
4.6938361385210365
5.02882963053068
5.209497222046071
5.300042093803615
5.391047611077051
5.133766258488705
5.408730149121107
5.637313638625524
5.489239556130515
5.643813936298682
5.642810322784122
5.751828392016829
5.348539302672596
5.080458664685753
4.855353837723802
4.63134302685449
4.028442364637406
3.831772371804893
1.6456162184352472
3.687801891019089
4.481161212814757
4.474517697510665
4.892558935444824
4.437778092831052
4.510639010376675
4.980305193494404
5.233719695490682
4.707595282698779
2.077495478111846
3.2885011788059475
5.556125164555293
9.188135892739561
10.868825470653835
11.7114307607804
12.502162040670644
13.005279645226826
13.196776840215202
13.736327393819648
13.881876587760116
13.958184418722011
13.94289088755731
13.944982303525295
13.326916743438332
13.18810786566132
13.17251372816861
12.745361612829758
12.511734469587045
12.290761163907803
12.217270037606538
12.1241021236081
11.897798232738024
11.859731224009245
11.709734470306705
11.399729143134024
11.401722747458768
10.970363004878626
10.392872624391105
9.58281218626105
7.714136594300447
5.962517933796688
4.735480993915614
6.424967926406062
7.749895287737654
9.052713119926524
3.6922811289388733
3.5466435823534708
3.350578357224048
1.947604482345106
1.5266425366501077
2.8976891878029543
4.0111900677426044
4.519318510640073
4.8234812657931645
4.6930914482084685
4.638025804610585
4.790021194406575
5.032588515383968
4.7911994708111685
5.016332014810827
4.94808329578369
4.580630658573101
4.710676525035564
5.449739162189181
5.185153932602486
5.5248943767507175
5.133524898447414
5.471352551593376
5.719232467624186
5.638744727272267
5.846513974393966
5.819702803351109
5.69629017315911
5.49081622225772
5.408321254876678
5.441920792783885
4.964364159397505
4.489011762453625
4.16248002967803
3.772057161162551
4.54012950990517
4.6891091743838
4.9000489881136895
5.07586032468612
5.317910456873377
6.1895208779068485
6.2874610856698
6.398549258042716
6.419103916254548
5.966753296946133
6.905958333649773
8.025320358867125
9.47656198377345
10.874056179914712
11.948168731996411
12.699190812014656
13.262805761522262
13.672887734767832
13.88275747474874
13.698199833198402
13.736515244678586
13.963290074503817
13.799454623031279
13.23499287362688
13.07220547591395
12.98059491110536
12.80516330020146
12.687617850903536
12.611724053609171
12.390680368706862
12.357391305468978
12.084021978641239
11.876914840619438
11.996370807180806
11.690200785989523
11.468847870382735
11.111109951508231
10.73450180865196
10.388588232188706
9.833077974049159
8.434131899409394
6.18335167097661
4.577229819100493
5.42428203387819
7.10599829805009
2.4005441883976184
2.3298693936002763
1.6905145720568502
1.2636932032708685
2.5136289262845404
3.92627379024845
4.10204528516668
4.208568510172943
4.36080114745917
4.657645825504512
4.518102012675946
4.737762235557681
4.807210906701169
4.675468149821844
4.745896071439217
5.034326314689277
5.299825096803004
5.2727150232402105
5.47695450510757
5.494973168026692
5.62268523569839
5.522029113687498
5.482308697555441
5.585718970753225
5.393302599172494
5.8007572973189845
5.639842776813678
5.923326471332442
5.877299390691563
5.520258814395956
5.612743536579632
5.604364683810958
5.392934013052933
5.337764380314773
5.199158141463366
5.165967497800589
5.34629852374082
5.35463693800861
5.463337562575367
6.0767606136040575
6.253426559086829
6.566766649723688
6.687370164374491
6.900643140467948
7.042289093338568
7.443011516565269
8.71071583413884
9.810177788155166
11.170931749561655
12.125378085386119
12.828437430808549
13.420419430875482
13.589903170294026
13.726886694713723
13.871230858317741
13.855064700517737
13.617911235503367
13.621877389917595
13.511819802371866
13.11927653801445
13.087746503408646
12.92716882797489
12.67032977443036
12.596744991593857
12.60692455295508
12.471328264931929
12.495024927982698
12.271241196341931
12.300570675213551
12.051003310143326
11.478107639255066
11.275970908089077
10.924324139601865
10.686865396171306
10.207495432454166
9.798367674998078
8.504475057420656
6.425568613191465
4.294104750658185
4.560897940512359
1.7917475212998546
0.8769472062923426
1.8776910761839711
2.87618050108313
3.4918295346488435
3.942785919002128
4.35332379675688
4.381163171336746
4.414451267162219
4.8064662163886
4.739898415531335
5.086224776568165
5.0239168323134695
4.689109174383799
4.964269394563726
5.1034039843409404
5.158522475625488
5.220666261511965
5.520909397488595
5.434179953858586
5.62068486577382
5.623736904896827
5.259294700320719
5.637886691238168
5.8522987277437535
6.021363896681247
5.741340259009193
5.938582956102935
5.666705089310148
5.807275260617437
5.855099259273624
6.022110208058105
5.888773471588469
5.867068632605798
5.7126408196939105
5.824772012377526
5.76832153026236
6.334070244805965
6.313086744691233
6.726405711180333
6.979075201933132
7.143305518319115
7.438319254895919
7.961219644044232
8.280172940594642
8.626954986044685
9.764495936160566
10.398269351907508
11.427282791063229
12.525393457280796
12.872445596026568
13.129414758644693
13.447575297480695
13.791091972188967
13.72587849100617
13.774522471662953
13.71510778981121
13.606842764727569
13.332298871603886
13.157851032714335
13.27193783871327
13.159262954520754
13.045194501708433
12.861284342735413
12.960074223677552
12.799689056051289
12.657081415906998
12.391923772616448
12.380653466182057
11.965516043242507
11.912646396958298
11.555933852450414
11.218221158193424
10.704550987916477
10.440455169254989
10.163030754661916
9.73580488038429
8.366007294609716
6.5540531888544225
4.388268142631909
0.469793146228041
1.462439404669729
2.886676815987176
3.2894892895990813
3.8600672247885104
4.012591243234422
4.439774815338355
4.675877372873198
4.657844851435221
4.962356932368382
4.587550683819433
5.1184196148550125
5.278047549030592
5.1826078501257395
4.925735720588748
5.0460196716322
5.18607394341894
5.482816788937354
5.733860870551319
5.614944396773092
5.832804691828831
6.085006687838913
5.809567471068012
5.833881989975216
6.046795120530974
6.010151266251765
5.9557857713430975
6.008607086177063
6.34300517185626
6.286055042316145
6.301874114261751
6.369895894859676
6.23550999130648
6.24725995695803
6.142889698155712
6.707141648347657
6.648030291857148
6.423720823208202
6.897843720911752
7.147152654986541
7.533195456426429
7.936370849390108
8.366251471777128
8.970820397185944
9.419851807361555
9.879948604297056
10.441126205369864
11.15396886273207
11.831358514683512
12.558272616240657
13.097722511428508
13.300960970597977
13.627631524611504
13.76856628513752
13.760024287932483
13.553852304687961
13.629221253119319
13.658766425274415
13.53231579909536
13.353753121681407
13.161498248336772
13.279507349836578
13.255429418989788
13.21501901026501
13.255482906854747
12.972267985800933
12.837808293636833
12.63792432537574
12.385799166705425
12.03876171782543
11.83841673143738
11.563126806295566
11.30651159062964
10.927449080886506
10.734037193983902
10.262728164594147
9.543647712059474
9.46582730543551
8.346315864546801
6.621064719996404
1.7443978294950022
2.447173760110487
3.1400123676383016
3.415909354104833
3.873840168509524
3.6453328035686416
4.330688050545593
4.147808831116084
4.281192180228328
4.357468031505009
4.506220463131056
4.669898376541226
5.096050373002582
5.23180992967852
5.261346957843608
5.561504755201608
5.353356088631601
5.602801837460873
5.552997230499327
5.781610194799866
6.15648852528355
5.977962369807009
5.96952852973655
6.139404668800084
6.288369273381693
6.356055918880369
6.232014217069195
6.398430299286019
6.334643017974484
6.3281665326994805
6.493364264614082
6.9639356689603025
6.547834211208061
7.012589444299754
6.763904364280465
7.12668507768377
7.151420907897445
6.968354231060173
7.4649775886170575
7.812088224805551
8.088213061319202
8.603283760698325
9.08124294745775
9.625245221097517
10.203098845605384
10.571946713894853
10.952314486396595
11.40625245815718
12.15070529271822
12.623139228656564
13.139809819977671
13.318204572754246
13.50997344878654
13.646919983123443
13.668062208826116
13.665537347831851
13.578851102181057
13.486893308818667
13.524999626153583
13.616932307304172
13.429022582841368
13.453618037608452
13.631849490149872
13.568558827293362
13.45887479457657
13.32851020057442
13.04475507995805
12.784285527009667
12.65650548596016
12.326680396146905
11.992007889430859
11.640587621446524
11.292664598686896
10.966292324298982
10.567838700844138
10.113025660536538
9.607082951031648
9.211977438098636
8.674003336807637
7.867878431954231
