3.718594794712942
4.04934086255169
3.953724793196213
3.9898853685142264
3.3806382248202667
2.3937718980340876
2.5495463219908916
4.377409087284831
5.493148740833163
6.417337485848601
6.288106103915252
6.274363345521799
6.335263063711017
6.554696614932528
6.343340306955507
6.343077137489067
6.22048819271131
6.646955682698626
6.332256821276128
6.37106374125581
6.268885243980142
6.648365236834479
6.47312327977478
6.369394807879842
6.733624991174894
6.252042536348147
6.30868601408013
6.028532672769719
6.0885947293249645
6.0388606484413385
5.847505789611972
5.126726402689552
2.5989299814157976
1.2027533347413646
1.4741805006996673
2.6647298667084716
4.400375299356371
6.33503145268437
7.1415111332088115
7.386105741712677
7.582587620033796
7.615606985399478
7.920154040829398
7.717076431048082
7.720242291201706
7.629786441968892
7.5956182434441235
7.400904963038569
7.40222344744762
7.030193806594363
6.7809009097273565
6.504554874428594
5.5612509824968
4.337612260438355
3.1303503783355398
3.0733823244281195
3.342394129586547
3.9388092601396467
4.7131341899224894
5.049675645651887
5.341845531524272
5.130664357753092
5.294649999548875
5.340527459792132
5.51767853475419
5.478961732136693
5.189399242180201
4.94360408365851
5.229324086063606
5.235195467301613
5.1684533414155025
5.35287747204581
5.110324009587272
4.546070284677612
3.9335409185826578
2.770652174565784
2.2024768385465165
3.074062142485218
3.866245247051195
4.329216746544871
4.071358345143257
3.9356286462655596
4.288720454456724
4.554327859923082
4.368009343721841
3.6886506516232225
2.713259890214975
2.034247523049093
3.728225163039871
5.293636679182561
6.0711667118596075
6.074248151265378
6.417316024121882
6.375896824552015
6.124061711325397
6.054028628152794
5.972058657700523
5.95912686943311
5.859211920693537
5.897661405514874
5.7423683952536
5.7359693907118485
4.807670185082982
3.4139631210529564
1.781201837063933
0.9809180939872928
1.3132028737995947
2.3028422863400984
1.573989643050811
1.3338426730692823
1.6861067553347497
1.1275035509472975
1.0648644647835588
1.0094996986172158
1.3066443464408148
0.313195430818694
1.0335449217016894
4.04363017196033
6.366170949547513
6.966215658742652
7.414632171882925
7.1797254837764495
7.585495217931635
7.509027829304837
7.586250151919555
7.512431257389788
7.418583045771393
7.05012894648503
7.024519359964575
6.87310098153904
6.286747053685489
5.620224983051978
2.574736532903362
0.0626390861637388
0.0
0.0
0.0
0.0
0.156597715409347
1.0544207846086564
1.7143118023238997
2.787424235033139
3.787127361187225
4.647776877646583
4.938138571474819
5.166551383741977
5.240692151460212
4.868934965014473
4.808798406157117
4.905381513904069
4.988624525594719
4.9846980510155605
4.761151645826714
3.2419307754233073
1.9278546365349754
2.165997358193533
2.7149481734015977
3.7969937669958873
4.6629783512948935
4.937837971776101
4.349290599406106
4.3417623251777115
4.70075347643845
5.2386849244310865
4.796941219652904
4.496561712393772
3.7149870036590684
3.1043126306527613
1.8367924129239697
2.5916422966021533
4.652833472696921
5.4951018399603
5.753028724465466
5.748153148603388
5.587363454183516
5.30596933886413
4.876042347161748
4.120930578886441
4.295129519926176
4.071595840123083
3.9043656404400995
1.978448546636173
0.47343030622673893
0.0
0.0
0.0
0.0
0.0
0.0
0.0
0.0
0.1252781723274776
0.0
0.5011126893099104
0.0
0.5011126893099104
0.3758345169824328
2.614758272429676
5.683681678884902
6.798743605715569
7.114317162576926
7.358725696211842
7.61058736168909
7.518121417659655
7.486345756425769
7.516311305166961
7.302933764049756
6.999501442492073
6.584834790828729
6.239399169500216
5.471068305262361
3.3467891267204237
0.0
0.0
0.0
0.0
0.0
0.0
0.0
0.0
0.0
0.0
0.1879172584912164
2.223955469975399
4.34891959791428
4.356447872142676
4.475155166113188
4.687930897979201
4.191618732697502
4.40435624300399
4.496811661850584
4.199634203872948
2.931521615835909
2.2411326044421194
3.12875238455717
3.6293780002709206
4.135043375133284
4.654669852523322
4.931487973952304
4.817938542882137
4.9380613607474855
5.143500794731194
5.090133961270809
5.356366929175284
5.064051864263254
5.044399663135753
4.577867570041477
4.172996978854186
3.0580363212156034
1.6226742800777734
2.206118173066947
3.988167154856149
4.998781805546225
5.122958386390288
4.784429745414198
3.5702416248231956
0.7392554109684681
0.3758345169824328
0.0
0.0
0.4814453805882301
0.0
0.0
0.0
0.0
0.0
1.00222537861982
0.4071540600643022
0.0
0.0
0.0
0.0
0.0
0.0
0.0
0.0
0.5637517754736491
1.6853752690578498
4.41862884054832
5.470932824020203
6.161916402363244
6.094251498035409
6.3779693478778405
6.77300903343767
6.445944135351877
6.370706864985717
6.318658273592418
6.068733801481489
5.837568166038766
5.529701015157878
4.326664345018054
2.7211691321229545
0.0
0.0
0.0
0.0
0.0
0.0
0.0
0.0
0.0
0.0
0.0
0.594330564191423
3.6247208302342506
3.8422893209810494
4.039516639269523
4.417626266074118
4.2893287034387875
3.92504156858049
3.6615803051491613
2.564656614895011
1.8695728304619181
2.9465686956117727
3.6934225878258102
4.720727707886122
5.123894632356124
5.14826329309904
5.315836532693003
5.204490667253749
4.970172276583569
5.1710444543860135
5.155616904437402
5.644949208195226
5.419409059220726
5.457100581666175
4.671922149418122
4.1916187326975045
4.20208475834756
3.481469883317456
1.7130576521410212
1.2242966830111703
3.2053731611240437
4.406551991442
3.7960337215048066
1.934126563625058
0.0
0.3445149739005634
0.0
0.0
0.1879172584912164
0.0
0.3445149739005634
0.0
0.0
0.0
0.5011126893099104
0.3445149739005634
0.0
0.0
0.0
0.0
0.0
0.0
0.0
0.0
0.8456276632104732
2.3017279157878807
4.544337370145977
5.8204183476744795
6.499318201182532
6.826564067479809
6.811587663009109
6.849423967427035
6.856692784479815
6.787712809545734
6.588733875571745
6.4122920164361705
5.872381626474347
5.088553590501756
4.132027838222009
2.0032513398836285
0.0
0.0
0.0
0.0
0.0
0.0
0.0
0.0
0.0
0.0
0.0
0.77059558832245
3.2270687256307666
3.660730281410399
3.6069173815864
3.691723803482916
3.579309080793864
3.0739243095746756
1.4219282334981118
2.1027803123017224
3.014748222588694
4.008674241338873
4.318634525439588
5.088757897305667
5.139685366603659
5.200312054827288
5.400817343688961
5.0889800479068885
5.044001611274334
5.374605614285134
5.496455398127044
5.503816817604038
5.635397761853517
5.098151356606816
5.162222471466157
4.8273765919769565
4.376029671477074
3.8679329471229043
3.2569063282471378
2.375634405316375
1.4050015243213283
3.050699436490094
3.6383171049730088
0.5397065523891755
0.0
0.0
0.0
0.0
0.0
0.0
0.0
0.1879172584912164
0.0
0.0
0.0
0.0
0.0
0.0313195430818694
0.0
0.0
0.5950713185555184
0.0
0.4384736031461716
0.5011126893099104
0.927193303731797
3.051666675198394
5.281836807800904
6.355911428726502
6.752889054007569
7.209780480338243
7.041187405829961
7.083261060628515
7.0982352225219625
6.6693020232694495
6.735510380337539
6.335976816251204
6.07078809441867
5.1657089034055215
4.089012509586786
2.275215479438722
0.0
0.0
0.0
0.0
0.0
0.0
0.0
0.0
0.0
0.0
0.0
0.0
2.8895666146275345
3.4541481071048183
3.6718045560425177
3.3267578315919346
2.4329072114878754
0.8761858176561349
2.1769088381896275
3.393203479384641
4.156687357310189
4.347819295405381
4.770218693429711
5.236782966757563
5.320662703021995
5.252210516706173
5.663694248766465
5.3028359373466865
5.259294700320722
5.619722450838582
5.6650339871560895
5.696863225771753
5.449768636985303
5.091137574785369
4.993212032265605
4.527193423319614
4.091392935552488
3.7815680518898023
3.8132542998563075
3.305641396151169
2.4455890800217324
1.2440258945491882
2.3591337956792495
0.5011126893099104
0.0
0.0
0.0
0.0
0.0
0.0
0.0
0.0
0.0
0.0
0.0626390861637388
0.0
0.0
0.4071540600643022
0.5637517754736491
0.9628907611764596
0.5637517754736491
0.6846520334383334
1.3459789638841755
1.3030278207142294
1.3459995981562876
4.267913813698025
5.933314345904805
6.710555550402854
7.1776316223620436
7.3117121762026995
7.0933898350381535
6.946612866509149
7.0998196066333925
7.010418954377907
6.769460379568924
6.528927024645479
6.04337454326457
5.8481005833954605
4.560819457135253
2.5296178064632975
0.0
0.0
0.0
0.0
0.0
0.0
0.0
0.0
0.0
0.0
0.0
0.0
2.805069906921628
3.073649256934046
2.8430814828194535
2.2698444402558096
1.41955016431612
2.888451963715616
3.5361266331773136
3.986525692074638
4.433053816022731
4.644574828365092
4.805448744355184
5.203756481462998
5.305321780961602
5.353213596920874
5.378229815566326
5.677362332752279
5.65656975702705
5.72009358942802
5.770901809904125
5.403977533047923
5.419161298154404
4.90059733982447
4.722531024210858
4.5418380613961284
4.200191529328907
4.009231566794831
3.2347784132550164
3.213187189446741
2.8196532084664008
2.8774395918998357
1.6227568171662228
0.0
0.0
0.0
0.0
0.2505563446549552
0.1252781723274776
0.0
0.0
0.5950713185555184
0.0
0.2505563446549552
0.0
0.0
0.0
0.2505563446549552
0.8412497488476801
1.269279671818949
0.9854544755327429
1.4419281702233904
2.246017307629453
2.1714253595589583
3.203960975715199
5.691492131938325
6.620616550581133
7.179106506612969
7.27063679970515
7.366630352058007
7.0930227289487435
7.2132247177516575
7.218215370775953
7.280546574393786
7.157050657366426
6.837785597917233
6.424387303180374
6.3576778591324485
5.014184992454164
3.733449346494219
0.1252781723274776
0.0
0.0
0.0
0.0
0.0
0.0
0.0
0.0
0.0
0.0
0.0
2.6096578811911884
3.8600672247885117
3.2963216349753783
3.087448256029624
3.062017656845971
3.3344881534882975
3.7451366756957287
4.0978257638517706
4.117036561694345
4.493187687551167
4.541838061396129
5.156200790378791
5.301832323832126
5.414431299772789
5.683720138714708
5.6839137718790465
5.8692224268911986
5.571067034872061
5.89459942351758
5.7297983608092
5.362283340907056
4.908090746490371
4.565639382045436
4.3508780988620535
3.8875656699834065
3.83638209959443
3.3156835569598178
3.0600980692127435
2.6254706298793478
3.47627602209694
2.1789656455529385
0.1252781723274776
0.0
0.0
0.5011126893099104
0.6263908616373878
0.0
0.0
0.0
0.0
0.0
0.5011126893099104
0.3758345169824328
0.5011126893099104
1.4108745931381073
2.5947994513169856
3.4557321252817936
4.261197947699236
4.116460031255578
4.308684367748018
5.076335907027536
5.440826575156915
5.924954278913258
6.40940473275798
6.644347193334767
7.156594794962768
7.334973122165452
7.46648823854796
7.422412647490611
7.342386149927975
7.3352887626771155
7.267914962405134
7.463730635567959
6.993081129793024
6.6086402225936265
6.4725969408419
5.756658563378018
4.796554061947929
1.8780501892610992
0.9604415210909355
0.710151142432567
0.4071540600643022
0.0
0.0
0.0
0.0
0.0
0.0
0.0
0.41800363724405826
2.5201414259084203
3.4391725542809874
3.8489929501563944
3.847878299244475
3.5156500602809566
3.8484356247004357
3.13851706025268
2.854713082907531
3.700839577167259
4.07915308648235
4.732056020946555
5.3738684033042725
5.374621399680152
5.798245824756121
5.780124878929777
5.8050577245745005
6.052939981488929
5.766263161779626
5.6173172234734015
5.63860223556154
5.116328456320859
4.6896792018063325
4.337237074300101
3.539669152302064
3.5566032060736696
3.6097452774104193
3.6164331828819303
2.912747277715239
1.8536458530994977
3.268558562607327
3.5766578539520992
3.31976701903298
1.561534675821388
1.1442055626717202
1.7734102928552606
2.424442310484354
2.352407533050619
1.8215236528371959
1.87620956745578
2.076457911854944
1.630771891527714
1.2512795802744718
0.9191782293703058
0.8215824401259998
2.6899558532319032
4.480829473774935
5.11889790263388
5.881654847177794
5.294952277903735
5.32271798573499
5.206226950307695
5.503877343427633
6.577750262647717
6.768586623262146
7.138179236483829
7.2745726652022045
7.393228238394233
7.571792640465867
7.644370344585999
7.517972264286831
7.3687764713733985
7.311643485670662
7.2755916870494675
7.238979569812593
6.788859194215148
6.950421369184051
6.339234672975094
6.113335733588532
5.280583525840455
5.089745405672549
4.475521037741033
4.161295250257201
3.648657385166909
3.1440527133636698
2.088720106400235
1.1885992255665083
1.113546516406373
0.6873833648960355
1.0821650705081656
3.4327262849268108
3.6858640243434255
3.709684549975538
3.9971780416888283
3.501231832913083
2.9246471233407743
2.8227627639252946
0.8521612288437739
0.0
0.485082540586928
3.6340880336571724
4.542882583799139
4.964364159397505
5.536270250285955
5.421913544303019
5.837080596354501
5.692421296581328
5.92010433199913
5.728170553228383
5.69758185586486
5.421092730624051
4.776009168352796
3.969440514161166
3.4263231319204293
2.4115472921262056
1.5655597596457764
2.084484352401354
3.099141758934037
2.9944160895971237
2.3729443424028984
3.824068857883548
3.92148121977375
4.007273065847057
3.791663076048034
3.9981572921627144
3.9281521480496595
4.228720148523793
2.32652525942137
0.9147177779190624
0.39913898570281103
0.0
0.0
0.0
0.0
0.0
2.5127183385528715
5.627998829956205
6.021919283668599
5.858641127713467
3.7767011747920898
2.9438494559819595
2.9325051165203293
3.9860007233589543
6.865944677847136
7.263679634346291
7.511392183502619
7.654069399284779
7.735558227063348
7.6092688772800345
7.801173394162697
7.707751428378943
7.7183341903851215
7.549955099433982
7.457792492056364
7.25452802545103
7.054811205466715
6.723032965370197
6.972331952890109
6.749898436420572
6.445086172101948
6.029542153613017
6.024045469454419
5.948214042852292
5.498051002111976
5.341134419504609
4.666028209200275
4.348575646792051
3.899684467018533
3.9792790858463545
3.9981572921627135
4.1260169349406555
4.195535734593052
3.9890415184783707
3.201596857902889
2.796100928371749
1.2352081630072644
0.0
0.0
0.0
0.0
2.625940477613029
4.720981746314439
5.412908761547568
5.668424247148079
5.981162767969477
5.945027234769562
5.967084874476776
5.986277251120767
5.737393622254036
5.900003767643244
5.542536316604723
4.115551761776994
3.1329012740142357
0.528033683756874
0.0
0.0
0.0
0.7348362280614499
2.0633654373107886
1.622756817166223
3.054114408751777
3.613646555602135
4.397198970267421
4.967444393475627
5.162313202851159
5.264545311537517
5.449010683987733
0.0
0.0
0.0
0.0
0.0
0.0
0.0
0.0
1.6646090787513386
5.339212540522698
6.20278780127351
3.244009378280327
0.8143081201286039
0.7516690339648652
1.0648644647835588
2.3930464797057436
6.455143428531865
7.345602456139557
7.53375861587003
7.700188405698586
7.731787224073161
7.889355690418316
8.002295485108444
7.981646548571762
7.680232508519351
7.650240830827662
7.638432201074402
7.421444071701302
7.079671557674621
7.143134123828142
7.114053465695117
6.978379596262211
6.7568606851846
6.698867643834833
6.629840178495036
6.324180136919891
6.177400059765474
5.9796409415592064
5.576943138478965
5.229359282433025
5.242507481245518
5.0529288635497895
4.6906966738397475
4.667159651050271
4.08219726621117
3.8183333949109057
3.3405774649596234
1.3247476093458543
0.0
0.0
0.0
0.0
0.0
2.522578456454098
4.891740489342119
5.544110286348741
5.846234858301249
5.780606581285305
5.9951434438763265
5.97968152764494
6.085006687838914
5.901387790381927
5.93981960957797
5.06170581597588
3.9624804325127783
2.223497141358272
0.0
0.0
0.0
0.0
0.0
0.0
0.7982779714056216
2.639916098513574
3.543856955073675
4.657844851435219
5.1894828448783095
5.69007794467714
5.8546922313257355
4.696081236025182
0.0
0.0
0.0
0.0
0.0
0.0
0.0
0.0
3.1425458868614955
5.501952082285642
6.198004942439269
2.7681378715480247
1.479292844845256
1.3539940382456663
0.7866257370454326
1.2532010628885546
6.186140715461179
7.467279329193391
7.830356957208018
7.826070319928328
7.94253623832706
8.029738323566212
7.8744271136393476
7.609572997018811
7.525342279900322
7.58142403789471
7.486552930339037
7.695636403865968
7.424729068444922
7.372499805037569
7.151912535981086
6.968617927941984
6.806018868164172
6.767659238313739
6.595135381713568
6.508491325190345
6.3690846452895125
5.981638602996268
6.029581560409152
5.9935432447950925
5.66407366821477
5.619528817674245
5.155722173792997
4.833974341812815
4.565639382045436
3.8528062701572074
3.3255812778636797
1.193039042745639
0.0
0.0
0.0
0.6402790048156576
2.294366731248667
4.4444847719375415
5.577946751993526
5.61054267638617
5.786482684892209
5.959699922045753
6.178211029891514
6.030608706877744
6.03672859532678
5.944000088300973
5.7426564644447895
5.115152876299448
3.7696767351968488
0.950497772452175
0.0
0.0
0.0
0.0
0.6890299478011265
0.0
0.0
0.0
1.330184878798472
4.671487986523178
5.432177678895741
6.091818587657291
6.2254402347642115
4.469016895214746
0.0
0.0
0.0
0.0626390861637388
0.41742567751598647
0.9291219780090662
2.0013900517023084
1.7582363579050506
3.287977746302909
5.94135686890904
6.368868748391086
3.438719731433136
2.622211693881839
2.6682426715945238
2.161256913467836
2.0843359958730137
6.4918494484971365
7.669478666293324
8.104027460151924
8.194358409876589
8.36541692573284
8.285478160518625
8.126522903600408
7.909936969685058
7.859201293674585
7.818885116232516
7.814591376655694
7.533459153308241
7.574602187075718
7.536163779396277
7.268634521690606
7.266895940557871
7.110221009405665
7.076558660670642
6.813967693755769
6.734636624030759
6.557640518839763
6.343552972515857
6.267695656413163
6.200304386989302
6.0629490481317
5.8596158628716895
5.521886621976772
5.101277629437366
4.812559978339326
3.977967243846252
3.419326804462282
0.9191575950981934
0.0
0.0
0.0626390861637388
2.4275477199330324
3.454643529744439
4.203064008821446
4.998582779615518
5.859473371160962
5.905399158670436
5.870744865795057
6.038192170026024
6.494867525553589
6.173680064790399
6.0625166954465985
5.847714306842603
5.037921041174349
3.2441807115192565
0.34815213389926125
0.0
0.0
0.0
0.0
0.0
0.0
0.0
0.0
0.7232458965175984
4.248792600289608
5.186633137512731
6.071263929445461
6.343816141982298
5.18623441420864
2.0200925754105197
0.6912864908913198
3.372564801017843
3.8905145056762516
4.2291899753305655
4.554764133344028
4.778265336580065
5.330887438039333
5.508495790563813
6.607519089877258
6.821969313413711
6.200908473064012
4.459578343913517
4.614089933637481
5.045030937079339
6.089506669869272
7.693691215534641
7.846453891912085
8.303740458909017
8.450534764866237
8.522984812257064
8.405547296756788
8.380998917850627
8.189550414708298
8.075774860765996
8.121121531170495
7.931030830771344
7.576510287892304
7.476471042168451
7.38929237289718
7.172185106934091
7.047031071614779
7.124336437126063
7.215718623849844
7.00969330443953
6.710173422179717
6.777377507811656
6.647600980388204
6.438894318020104
6.248449544525007
6.089039797298265
6.113303174751861
5.775252388837435
5.583053183375073
4.924475871201114
4.061665188533757
3.5830349531379486
1.1260014079469947
0.0
0.0
0.0
2.3873072739486756
3.6505472990612677
4.740552374458902
5.3881420398889635
5.809567471068012
6.030489748121046
5.934268698196027
6.343935100738996
6.238970048153191
6.459448976231935
6.14310264316019
6.1500335017352645
5.00652977315842
3.1300321096459895
0.3248476651788831
0.0
0.0
0.0
0.0
0.0
0.0
0.0
0.0
2.019405294239285
4.151303907993704
5.5904254361808094
6.210529350530501
6.633072503821756
6.533233489564679
6.390892146815102
5.284247209688931
5.3072447864205
5.424727765233989
5.917212450212143
6.18606496938986
6.345647131173337
6.799479596708428
7.206075386870945
7.257507468979961
7.7143772395860575
7.53950071976975
7.262509256305644
7.457777811678391
7.72190460372156
8.015646134778551
8.355047801804137
8.536645851041248
8.590003223535765
8.614967812672154
8.491018604656775
8.525709191902978
8.585735689438645
8.276124311410351
8.239980410618077
8.191428127433577
8.205383652530557
7.970797157215248
7.7052001440248805
7.666209383189788
7.48245679091008
7.1598171918272495
7.245868044639418
7.154370676399291
7.113061278047012
6.904157083487454
6.85102726933085
6.549124806587217
6.625925189460004
6.438681652459753
6.308588796494276
6.2680525326832575
6.00623711554911
5.835141186628466
5.154410222489088
4.594707956556004
3.7805888014159157
1.8170632013859527
0.0
0.0
0.0
2.161507004382984
3.5285742433978338
4.899978586320587
5.596495172952052
6.232609010852684
6.114092403707055
6.086343717453708
6.370706864985717
6.385044417162659
6.464544949550454
6.405361157861095
6.363657047653942
5.498808964487863
3.6698487475186763
0.45374236323294603
0.0
0.0
0.0
0.8456276632104732
0.9745429955366487
0.0
0.0
0.0
1.7069299835125746
4.682177977947533
5.902576397318176
6.418339659808272
6.61595320939184
6.6421986347056805
6.521732996603963
6.343816141982297
6.3925700695212235
6.232371093339286
6.640717305058934
6.72629621131983
7.1171424090845505
7.33342670655457
7.655553529287658
8.02583514588725
8.19356101577237
8.368513442235676
8.228608015091162
8.310007583196692
8.576716386459825
8.61718257314729
8.692466484180912
9.05384066670826
9.028764083645601
8.846598423516161
8.715979994767235
8.645218981880554
8.365429090790746
8.420485335207223
8.470482538034345
8.349728093474997
8.345189158949937
8.074699833987797
8.08340482623135
7.799217875327132
7.82236996371395
7.4041212692501475
7.393983563359687
7.319353135167053
7.211293971097069
7.00949441025742
7.077924045061064
6.873251330484694
6.808148509000868
6.5328261093884965
6.392332152007827
6.281676332320013
6.443918605149941
6.267908321973514
5.4970795921933
4.933419179440176
4.062644439007644
2.315644113521889
0.0
0.0
0.0
1.9380344488110162
3.690609152570996
4.852557412406323
5.7514892806933915
6.49219641821795
6.410861000573598
6.361771658491297
6.398430299286019
6.445349341568389
6.6094579964463644
6.407801151410038
6.365203511491013
5.915018447123237
4.597818248085297
1.0628231981268963
0.0
0.0
0.0
0.156597715409347
0.48144538058823017
0.0
0.0
0.0
2.6987195977096157
5.011294536263625
6.3559619326325905
6.890097526985932
6.892662924687394
7.030457503476176
7.417472440524271
7.281002436797446
7.094044591623929
7.279563318226504
7.54804006641947
7.733545142760855
7.974621011458031
8.140384553338826
8.575002201219508
8.727536269148061
8.99659260587545
9.13728127887613
9.0094164867697
9.009036648138286
9.355763216616856
9.465642529477472
9.384227535550561
9.308931416105557
9.268900986018295
9.041913362724912
9.13484611160827
9.04332100802481
8.785135033451162
8.547440606235499
8.596624678029452
8.436585959900771
8.365878062487951
8.31121894382888
8.211262744567996
8.158459463938923
7.884297305595322
7.586970102182557
7.4974778527849
7.4923307999187285
7.1825865097063595
7.200365174561177
7.088067841604428
7.109853903316256
6.832339082489276
6.765773849151093
6.646598806428532
6.281676332320012
6.2328034460243895
6.020120573870106
5.600889046458603
5.045586085540172
4.062644439007645
2.3784276395904134
0.0
0.0
0.0
1.5455045270984056
3.920533687843158
5.031958590690148
5.858519909324195
6.156369566526851
6.314971574965625
6.2328251871952345
6.425796857316228
6.37080057178937
6.794524709364112
6.925795038830877
6.630341265474872
6.501613984021732
5.8255501179387865
3.563272607686061
1.6258607799987812
0.8664828918453275
0.6999414277972204
0.8878586862884364
0.44211076314486947
0.0
0.0
0.0
3.350683182402773
5.8089356270349235
6.786456925015817
7.001148914141322
7.382969898341882
7.6819484438140835
7.68890716970894
7.697090202814884
7.749933008759697
7.965218259715955
8.122098752681088
8.521362737727666
8.773571419854699
9.197719379565948
9.36380466050742
9.51037159468268
9.65399773731533
9.926038534284078
9.740168004973375
9.795247958253912
9.754021790415754
9.924979667715679
9.920805649097321
9.795441678363062
9.500054023475311
9.56373503110522
9.214263679908296
9.355611746184781
9.197594125028019
8.996161865499502
8.797183768570099
8.669671857856093
8.687869911598765
8.57608296152616
8.198748521042718
8.24756401570618
7.964896282882274
7.885457019571117
7.802260787764832
7.713653806210561
7.330509862904779
7.392244982226952
7.255547047298299
7.111204265572948
7.011342491250659
6.595279592423311
6.4457999246421345
6.370061567296138
6.295894925740257
6.016746989727594
5.8271153642817115
4.955856634695224
4.01788535905919
2.8545273744585185
0.0
0.0
0.0
1.3122308149888946
3.5406071342317254
4.895065788103377
6.011448816286253
6.424531513890116
6.431725541931632
6.205674805507576
6.607374879167515
6.301203564619128
6.993735886378797
6.934176300626956
7.149454395562879
6.794524709364112
6.54332442838954
5.911410031237064
5.144010302655287
4.685912499760143
4.1809796749954256
2.978027071975651
1.7129105511432834
0.3248476651788831
0.26220857901514427
0.6555271306303194
3.410752480999494
6.724664532727431
7.205811689989133
7.506845553331934
7.683697831234766
7.7810168001945925
8.006557571796543
8.288041135365209
8.435679865005106
8.556743878938038
8.99502653307893
9.270031906348189
9.489554025523603
9.81832910141659
10.016412275960905
10.19040258147493
10.276293442058936
10.342824524971617
10.23917207911907
10.435530283120473
10.291129759905784
10.483306919763853
10.062879863829519
10.167713209943047
10.18392986835001
9.856870844355393
9.681054322582343
9.596072834791963
9.214148255736236
9.102310960863562
8.976020805374105
8.928618439164941
8.764159658569028
8.571125277702748
8.47070901193741
8.280764398746884
8.07350973192069
8.004341345585042
7.9180375335769915
7.706457903361929
7.500043290243048
7.264171262429935
7.340911265677049
7.1670051292158625
7.032915643894382
6.844979625958749
6.614042568276151
6.817253178158073
6.513944174778958
6.525873789086701
6.055445136943981
5.493762101570675
4.6793739805274575
3.2337918954291403
0.0
0.0
0.0
1.0195259843444267
3.813118899418277
4.8378913437083595
5.870941584729132
6.575344979948013
6.432965633404699
6.392094234494432
6.643965065111628
6.5355010069504615
6.930530926454186
7.212123030243045
7.1996456152757045
7.12173019033945
7.011825187853475
6.685067936139468
6.258090459164373
5.785656905213234
5.625539375367678
5.2584864080950195
4.531353047363241
4.039431585554679
4.853758876344446
5.692417877961629
6.9313076552970285
7.138033970943343
7.455900041915764
7.9139585882481756
7.9678779258622345
8.126965267720808
8.511008560327173
8.803174908942855
8.8825687414935
9.018151141666614
9.381587758796886
9.963040995994545
10.207671739738094
10.44972376708038
10.681317800600244
10.724704872285612
10.84399589591942
10.989246191122975
11.036525754735466
10.984979458482222
10.816892021253452
10.829717298868482
10.823648993446305
10.601869428442832
10.350186422105452
10.275680977643157
10.085329315777347
9.903964099864481
9.779856994390741
9.652980736105945
9.23625578517626
9.042182802302914
9.11614810938618
8.862129460293446
8.589864063614337
8.605315084759672
8.229175991986319
8.10144790245292
8.064380054378493
7.926922268873509
7.816836266250048
7.451487228713043
7.48275625347187
7.141549739716713
6.839204610949281
6.744997177717883
6.651159093153144
6.6478641498546445
6.288845108408483
6.363011749964365
6.281222238464067
5.978467605116565
4.961285604389638
3.270638003423926
0.2505563446549552
0.0
0.0
0.594330564191423
3.8481567031127493
5.431435515848605
6.053239399197602
6.377518764804094
6.213557334136234
6.213676292892931
6.432608757134607
6.3375990359474095
7.2438986914769306
7.089995338434029
7.464258029331585
7.335656915770946
7.353770808867528
6.838221354781997
6.779153397113797
6.656586690788712
6.220131316441215
6.237204176635492
5.944000989629701
5.194580756277617
6.304363043646401
6.844870126098245
7.391681822783352
7.52834786612205
8.058604812975226
8.29568060870191
8.391911004470904
8.63351690353993
8.89294602988116
9.101800842575582
9.308031977776377
9.738375636959814
10.40169364730127
10.69410635533337
11.181573098530988
11.315607302905574
11.55481714954247
11.825085658026644
12.181423101164675
11.988672146691297
12.027664812784874
11.940737356028828
11.756816731376905
11.624402359799472
11.554428365948919
11.29120946764891
11.047241998161775
10.763691202203075
10.62964879696367
10.393722798469083
10.091878875911405
9.933339613568455
9.641263880812355
9.343451048883457
9.284230247700597
9.043744463008762
8.704627059255445
8.639883094936868
8.638478967710142
8.555091408029483
8.206505325805441
7.993397851559332
7.6435115966706375
7.645229092501363
7.442999361383379
7.348552224641404
7.120364805949031
7.000985785639189
6.8885036839783105
6.726787839403471
6.481243725916833
6.254190815533106
6.206031681777668
5.884428759983897
5.377291163282493
4.1446203362875575
0.6802328505313149
0.0
0.0
1.0874021400963847
4.0835380803421435
5.523949712828402
6.202236489831711
6.453996126643322
6.54119177405247
6.637034206536552
6.419698710038037
6.317044377735577
7.401432356802189
7.4375886116354
7.596108310991775
7.508862511724451
7.46940508219775
7.2936340487860924
7.229942504426323
7.025612115992364
6.8990240455072795
6.940183094913909
6.45386533326506
5.757009450830965
6.978100877246672
7.210297895616622
7.843268745693675
8.086152531681671
8.244184761565963
8.606995034044491
8.760264990092432
9.01189056171585
9.377340103848406
8.311175470632941
9.599591573461563
10.464694785350483
10.989200084639586
11.599607004017487
12.129888261400023
12.810069577253541
12.803253114712437
13.03846703902195
13.308587881502772
13.327392491121516
13.21547294885401
13.150598039789719
12.842055504618529
12.778177887349969
12.395397973903025
12.157692541510638
11.914357346999871
11.531543910849134
11.086999150883512
10.897289387266737
10.547947003590753
10.413004227435884
10.101222575778174
9.762334865188858
9.468162482504043
9.402686770379944
9.164556141387317
8.971802578148663
8.586619955838902
8.250497916220121
8.296807527619782
7.978150287452564
7.940046937915679
7.747700485989288
7.603961550481965
7.323629600567803
7.183569765873643
7.065064501870582
6.937179697770432
6.748752051751157
6.558426237012758
6.472452730132158
6.24773579198482
6.184763271025651
5.704512714439937
5.0896137472905645
4.099671032903881
3.3902517779279426
3.164999822862971
4.412374592860886
5.51550091744957
5.75617897095014
6.089050542179924
6.4058369928878856
6.499794036209322
6.336647365893827
6.4397775332230776
6.583040094969364
7.765901561121818
7.652982005682641
7.871274573495833
7.9351759487552656
7.7810814679586535
7.708339484250484
7.335588225238904
7.186513443722591
7.260235396932884
7.045064559280215
6.72071873430465
6.591976408804826
7.430971718166796
6.902083313869632
7.650112448485722
8.21105809916034
8.595784068620013
8.810620216013255
9.190546385374873
9.660363738276226
10.063758567671124
8.919666246157702
7.442825784296338
8.725596610030559
11.766890119163037
12.799421219930442
13.30561008768458
13.839470792161448
14.232147010316769
14.52295025347262
14.577147293005442
14.626371281311007
14.493947182861428
14.626570328913905
14.243085853472452
13.872577931566969
13.511916956654247
13.246905007033016
12.834698751234866
12.400810779041327
11.917744847400925
11.504751834885095
11.155932427479229
10.885776805985023
10.483669413761332
10.312850467868856
10.02863281756786
9.597592473137157
9.08625056291505
9.043475023430759
8.607879300444754
8.390674743792578
8.30581757139897
8.13100724816309
7.971767219391363
7.778862252241283
7.600164873614806
7.405631919181054
7.174036028755248
6.999291901667259
6.657588864748384
6.521732996603963
6.592986823084483
6.634240350217889
6.357176772152613
6.133572922326406
5.7991440695937255
5.7348536507371355
4.984585379688875
4.093736786395108
3.8023628679093524
5.279827673392215
5.6690484412143345
5.968685073558009
6.238253064274928
6.349651119794049
6.321091463414663
6.507489151230674
6.56664769096699
6.473166482672345
7.988083422464134
7.8405157484004855
7.877910476505953
7.8606678682478845
7.952679264389271
7.883842232205364
7.716021643520835
7.479542788088212
7.4183350625296605
6.962952412793019
6.5739606777652035
6.610951798489677
6.58101995399317
7.034854301039746
7.644868937473919
8.539814809892947
8.69686738608217
8.922627298792179
9.315894459821308
10.238408878979058
10.678299944090075
10.590312578559354
8.799228655438823
8.424214884636616
10.11993632613323
13.670168687176286
14.865864296503682
15.70509601046107
16.413875573841647
16.626306572317382
16.849565245717034
16.99234322888271
16.76674071069829
16.525646229162987
16.151847962354783
15.856608638214821
15.240090573924618
14.57377024516951
14.067465520924973
13.386561687331264
12.91553711458551
12.222447040892673
12.030289979895933
11.367727937414783
10.714089000329075
10.39555239517659
10.403352388596566
9.949434415828753
9.417662408751433
9.252441153535727
8.893246490600536
8.533093027043796
8.506163827582986
8.33992969046404
8.077028145982341
7.842165586961279
7.656510328491008
7.513202295995317
7.381459248410978
7.120255306088528
6.775125894717889
6.880404509441059
6.616980635304556
6.492243131897713
6.164684447840611
6.07391301616613
6.110297211761098
6.0013822910820585
5.826639529254922
4.8472709253683695
4.690454296485528
5.853092032244501
6.001501249838758
6.101376791782194
6.234111992348065
6.329215420338915
6.308541803370387
6.323737318797257
6.672709479928825
6.505985890291166
8.296838687233375
8.074104782954246
8.181752301491628
8.075950129698267
8.035846832812714
7.944151025692821
7.703292043208298
7.807799919854755
7.577203390213845
7.353735043187547
6.8292419785421465
6.25154144936831
6.885511393651597
7.802788181528452
7.383182115903633
8.35484315639648
8.814313437722326
9.12548431937846
9.69545498849987
10.341335796115809
11.420150167163424
12.027712089212434
9.52996481991334
9.380976558610975
8.572323272472456
13.429974098040795
17.047740284993978
17.67028349551561
18.133755725368957
18.730087038180017
18.785385989711493
18.7453303075944
18.54177599544446
18.259301042243347
17.958588179310038
17.703328482872312
17.182050380789107
16.784996498763604
15.889465227827252
14.909662114557811
14.237175218359193
13.53487151507224
12.977442601472928
12.286843801335019
11.473217392093186
10.93583692872439
10.579054870827928
10.278596447068807
9.851703549195872
9.519817854772278
9.263648616833375
8.869996014446954
8.585502296120657
8.276489945234845
8.221421535760465
7.8856920530700885
7.71998402894592
7.609108603348135
7.162506104275208
6.914768027084539
6.868691350919994
6.627810578622649
6.485907067106127
6.193874615394064
5.997943975406196
6.257304461547252
6.118921976221062
6.063284183230951
6.1112271406438365
5.234845133262879
4.638612377880891
5.826060609313539
6.395806185074268
6.191953788284966
6.212032611470008
6.426510609856414
6.411935140166077
6.4530444565897405
6.500295123189159
6.4511338154740505
8.310075442058585
8.254777615375145
8.445374775419879
8.198331041278426
8.069063752505963
8.000783406207658
8.02109161127453
7.778832635672265
7.608681643028549
7.605575623362784
6.499582846756351
5.809063152491321
7.460856243543417
7.781488178141732
6.956365894439311
7.01987662202327
8.52770111599512
9.078832750167255
9.908635949797866
9.523270380400406
11.938776778613954
13.03530190485539
9.031135729246529
6.821172673024538
8.023414757382387
14.94811990195927
19.103559168813703
20.23489573506978
21.109473506842917
21.845856825985486
22.114271698254832
22.429216379302513
22.049060148965285
21.514138496696887
20.849715623633383
20.205877286505185
19.396298575734182
18.56198336098568
17.568499735909025
16.904411556589327
15.738240421959285
14.807767819051206
13.8665400943431
13.124034493624109
12.553061170931107
11.628496058440254
11.155589701857105
10.60089235520094
10.135531216703892
9.693919851888948
9.554624327013025
9.119709456565813
8.705225707463152
8.296302733873855
8.09972593250149
7.914621296551664
7.606103017126404
7.512147508468075
7.219536058005567
6.771195112626005
6.878384368464866
6.527686933172412
6.016494565142811
6.149876575737319
6.514827389981933
6.487078703728584
6.486101781721959
6.116049479058382
5.910735685493015
5.536507178023534
4.6698384792699414
5.621587186156979
5.892618815212222
5.954488221308609
6.0492062897382475
6.46616716924666
6.473191734625389
6.349770078550747
6.377399806047396
6.4405766687275525
8.551218255667186
8.627944566874566
8.514278876944811
8.290996864374554
8.311057955412043
8.254090004716975
8.218375549463484
8.076501523741006
7.666410079978651
7.709791854229516
7.359891467429179
5.21745467532027
1.480344565867191
3.7544017340437503
4.464332766168299
3.863847400458812
3.9029015679896344
8.586905429781904
9.893697261687873
8.965705364127272
7.184662024776503
8.65217979015628
5.45108107210182
3.6575238778891777
5.717838382534183
16.318449110012196
22.110337116997414
24.08353665253572
25.23382062953943
25.86808813854114
26.34498993218053
26.630918120564143
26.042972121135982
25.88412801794422
24.95914120001343
23.954405551897437
22.81045118148092
21.574527284383315
20.080788772805292
18.836988774828214
17.403365743422135
16.485702776428734
15.40214805977781
14.062735564269122
13.1940930008025
12.462905176728926
11.652040089731889
11.029119469916184
10.343018945683896
9.924733789781204
9.312895060692048
9.223646368552364
8.80467838251217
8.41077404122343
7.886792669371849
7.754030708724641
7.640345736517014
7.431386771241993
6.951076125769823
6.744235934771979
5.995733746246889
4.862537817340674
5.812633370180276
6.287150923079471
6.423313163587895
6.253213893526478
6.040523787272737
5.944000088300972
5.735152553257071
5.154868860127797
4.85781196430101
5.6013196073605185
5.5338324623549155
5.65370449396383
6.071718023301407
6.157180536652892
6.213200457866141
6.518203926018394
6.282390084860198
6.41845861856497
8.691809818981348
8.748309875342072
8.808416562489993
8.721921828268316
8.425059937057528
8.384312686504616
8.570607914661045
8.499106175642336
8.120316589086304
8.101508096096275
6.778159541555644
1.9156713911731358
5.033607946583291
2.9697145950559727
0.0
0.8842215262897383
0.978159521263234
4.952156557807984
6.562123482179926
8.335642919572937
11.27596352338666
4.998782544732042
2.1397894952922343
1.9628526081597677
4.431154275340381
13.477897381675968
25.78513318137648
28.435898680262593
30.055505845182402
30.926451442624504
31.280317314283344
31.67548467470326
30.908938331408166
30.705806109025765
29.324808995741808
28.556678512037266
26.963780117258953
25.482088506290637
23.495095113579318
21.440541393356185
19.5231270536419
18.136623455680112
17.153189236868798
15.681003803962833
14.201826702089921
13.337887899258574
12.470391566429162
11.615686893567533
11.09683916633109
10.431513974764732
9.858700023679566
9.351379613575837
8.940523602271773
8.406169421928736
7.857802785171663
7.517558258216052
7.152617073132828
6.711961783878424
5.8983569389144055
4.720127336451262
3.6655228518851013
4.462169544840554
6.11344070046258
5.939251744867038
6.190785941888835
6.142388890620001
6.0000200095142215
6.091721370071439
5.705228258763307
5.028810152263682
3.7730570459085513
4.692633499075767
5.560501141687048
5.473465047978094
5.962835588674871
6.384543330182822
6.391261523197548
6.534906213166973
6.7907698353308374
6.538708080324136
8.875008655022903
9.124533630348656
8.896172496698139
9.03830931754988
8.782989567064435
8.554927880544524
8.78927228789171
8.747559393713864
8.563759715166551
8.465190308081477
4.843569206706555
3.747386493718471
5.257900270212465
1.4020595703512222
0.0
0.8769472062923426
0.3758345169824328
0.9861952298968376
2.4554958875696378
4.756983866729002
5.153639569542181
4.552309790510948
4.093216036062231
3.3891581581020893
4.083978227632645
10.067078908626636
26.552666873834063
33.42437232774131
35.380765745080424
35.986293045612946
36.78128612556055
37.009706160098105
36.5552387140277
35.991871895022655
34.73881106090516
33.57724813434044
31.901819104877095
30.052573328038378
27.833597267540046
25.357211055163503
23.008068073525685
20.535227832741683
18.757474525216423
17.28512555102295
15.928230647686535
14.394928696463342
13.165996961759893
12.380730818578487
11.48230725121047
10.68985234675446
10.00549474440209
9.465955016580514
8.944311089121271
8.56631294541065
7.8257496649294085
7.290085355160662
6.5651538889236765
5.675765601006942
2.092080134811154
0.5377067072083739
1.8459498086778983
1.1875276609368353
1.7862902751956105
4.302966062723605
5.652555302968807
5.740126336480819
5.537416355511244
5.36276976563148
4.722872532798029
3.9115215960535497
3.429770256016746
4.392673719389811
4.606368804458426
5.26261999908198
5.171216420892861
5.8875260732317765
5.836650035452583
6.26712260380052
6.398048171062881
6.492005214384317
9.257337419838603
9.226371215191739
9.07452060598966
8.927612773372969
8.867178147129412
8.985813337979868
9.043438977170739
9.055196744863132
8.837528856512716
7.6445828022509374
4.162028735171294
5.347142163899465
6.95880635967047
4.135693165804273
0.0313195430818694
1.00222537861982
0.1879172584912164
1.8893226762720479
3.2720925512454633
4.065582190429307
4.2300403283826515
4.341827597106834
5.5304818171023244
6.772677526087548
11.716234038095276
25.04352594965066
36.08622985727765
38.364055963559984
40.247502771906696
40.93840870908059
42.16886453380312
42.27139511459979
41.798666432314604
41.44599114887761
40.4431055932028
39.13953812098865
37.44567145454696
35.30822415614459
32.421339186942454
29.422600161840762
26.523425901676543
23.92882354533331
21.40853274011578
19.233518190297104
17.352229867596442
15.688990008795926
14.069898500457873
12.90836090430548
11.86098746563854
11.067971947095804
10.380661772344208
9.730885451704712
9.201395517261014
8.552680990248575
7.998960212406082
7.389673381915531
4.173672118112219
2.375463417387992
0.1252781723274776
0.0
0.0
1.5609220545433349
5.049793923439228
5.2670264418378
4.8348293345482665
4.065211076771293
3.060166820382499
3.8387433205773265
3.7193576491158407
3.598799135864346
2.6386520670630427
3.973317676801797
4.007573938829972
4.6483198546995235
5.233233270766255
5.827064222828101
6.066154961394613
6.45256862156295
6.377875641074188
6.268052532683257
9.567726485004183
9.451727914360083
9.404529896473905
9.410412898066605
9.267486055326401
9.33996971327247
9.505114135550015
9.514124123150841
9.357885612654695
9.25614640105491
8.573090415839932
8.7362645577936
10.14906843325815
10.436155745448751
3.9550716204717133
0.2505563446549552
1.2512176774581345
1.7130576521410206
1.5810278237221258
1.3327007808910076
1.6745576923351244
4.331139524855951
6.1943158680871075
10.08720137592765
16.344239354392357
37.35673241215403
40.9242829983692
43.93349294029646
46.445758085789535
47.278407578637776
48.658938486121166
48.37728163231213
48.50784212254061
47.793156793862245
46.76313402661129
45.35435762985643
42.81117976587249
40.26706677930464
37.83802335467265
34.42461277351982
30.843285778958094
27.71529138444558
24.331090859278362
21.38585085069228
18.99069427995299
17.26465876178854
15.49445061850098
13.849311923471419
12.718429465183595
11.652916290253463
10.590228739517244
9.800623721242317
9.156253176967367
8.64090779079262
8.034834255814989
7.196490861938837
4.823242942579602
0.3284641909054684
0.0
0.0
0.0
1.7590132971671761
5.253780781808343
4.585420207310544
3.414691531832354
1.4086294162328317
0.0
0.34011642526565755
0.4376709459657385
0.7858643484092247
0.4304585287846804
2.927582240438492
4.124378511958603
4.549880582941169
4.900774519911919
5.7437514282164654
5.967776885846115
6.239182993157666
6.406312827914676
6.302825784315332
9.742236307371895
9.704328273322465
9.600176565863206
9.59106429131681
9.278465215253831
9.411269288870747
9.600094642977295
9.719906450662277
9.89728856304014
9.691782021878382
9.071046524026794
8.752646402587219
10.600062233705597
11.267762119955119
10.661269661315485
3.7605248499937876
3.500653873185012
3.497887880177327
4.141446131325713
4.1360947614401855
3.0991506429460127
3.8167968189810595
5.333330183813339
13.303411496623696
30.76553598907637
41.92103532557512
46.09796549650186
49.830146164781084
52.41435021628043
54.26048546623617
55.063406645088385
55.66007635870115
55.34155492083444
54.7672609341135
53.64885845465917
52.050640056373126
49.750767383139525
46.56803945920907
43.072883734959994
39.43919998221766
35.71287938087198
31.695444956113313
28.021423930396455
24.257797209658357
21.002148837569486
18.26806921166341
16.72906927880581
14.626453684691798
13.107278053018161
12.079953026991822
10.900694764643871
10.032809222275104
9.450510330726157
8.63953774897597
7.9084989358664
7.196624315413894
6.591033258515355
2.5004929695551703
0.0626390861637388
0.0
0.35478659135224766
3.194294245020934
4.309518751755246
2.6147539449763095
0.5164020836687974
0.0
0.0
0.0
0.0
1.684296946056329
1.0364413273362922
1.0311782187046157
3.8281418944892414
4.825638792671646
5.1557672042867635
5.477893157391401
5.954411764262873
6.157133543529001
6.438609686826944
6.458735223691749
10.202144196749675
10.139656757275267
10.135969312990024
10.02258520929244
9.691975248392724
9.851255477367765
10.295433875758032
10.051271324963873
10.156608905672858
10.261759018379589
9.513001033502754
8.87933007683881
11.153204846286519
11.571127445464324
9.051871873675541
3.780453400977884
3.500117182001165
4.407531241915888
5.077133365924493
5.620230771917874
6.456146732755488
4.4938814276552765
4.349290599406105
10.71135076525121
41.679926591085795
46.821065049983204
51.50333221442419
55.77766059206825
59.138037250299575
60.662621220509585
61.514662517711784
62.242995840432144
61.9840684144446
61.17302924978208
60.786002094365614
60.234122964065904
57.79305042036652
54.370294580922064
49.82529815543783
45.068384781810956
40.575169597033366
36.52780088824651
31.849541063699665
27.44110268441942
23.72693537858338
19.958642546014417
17.821951366046733
15.773708453458143
13.62882541181716
12.274498107391453
11.352348608629466
10.219700246721663
9.296309022116013
8.950616595596909
8.130289573860649
7.4298761213110875
6.688353420541773
5.489052909427989
0.800437950129496
0.4063514028838692
3.0284418021138113
3.612060933241902
1.9642762356617167
1.0641237104194634
0.3758345169824328
0.0
0.0
0.0
0.1252781723274776
1.534506182560494
1.503785233478809
0.7079565021587115
4.320503692895648
5.027091831225367
4.890971435988876
5.500805977060356
5.763403766045143
6.3200643169460715
6.547740504404408
6.466787214983194
10.256021795245296
10.28011565863518
10.561817182930767
10.499137590741022
10.381122117342178
10.384089695624176
10.52283496470544
10.369961568932162
10.532066054385412
10.292439950048948
10.023895302949354
8.726234858213882
11.043550971289447
12.194786909669155
6.990871686863934
3.831772371804891
4.181523708539273
4.504632963675106
5.520689375297872
6.497755035906187
7.730881513212334
7.494743789684888
5.173050776695656
6.719409392959675
43.37381298823938
51.92190962398769
57.2601380849624
61.25281431533068
64.78567022387054
66.05798284044516
67.6792674552361
69.02526826117953
69.60022525028312
69.22861575218693
68.23221585616061
67.96212934762956
65.87807865307349
62.79909392700684
58.264946217887186
52.16540133850598
46.33625748926
40.64259680682176
36.148429843457095
30.716440159541307
26.197876133830746
22.020841818563014
18.721920199700573
16.52721417566128
14.486073627416996
11.92124212938944
11.267708745078512
10.43172863788633
9.767444234432118
9.026289692255045
8.23992983421234
7.444266366472373
6.917999882845216
6.404466387480682
5.170925326511561
4.346629357926686
3.557295931967661
2.9282929382462113
0.1252781723274776
0.0
0.0
0.0
0.0
0.2505563446549552
3.271625246892771
4.15065724904603
3.2660263536960468
2.673719868729596
3.2717661853723063
4.900226338332645
5.1254371013183055
5.468553985681408
5.986612386220016
6.3360525721103365
6.647363062874808
6.399500928096298
10.589098040442638
10.6878475652167
10.756329309788752
10.814806320799013
10.733263122082205
10.763738472320956
10.655455526330655
10.67241539468704
10.745999310893952
10.597138963020601
10.463867919507535
9.275002683408596
11.518935177064737
12.515955744349299
6.829347779789069
3.9740502419507058
4.7868461954946735
5.2898353420003685
6.138435053677084
7.708347358069904
9.104513895561857
10.336897245340372
9.029868354395001
7.093514966890669
34.845411211907546
56.81228593290355
61.03632062576096
65.37376461641554
69.42725067365399
71.04409839760434
72.18813549294441
73.17106441801812
74.28143813659305
74.92883274984297
63.85589105025757
73.96434599519229
74.22899723463364
71.042594514287
65.01284486683431
59.536877755473384
52.892067465436114
45.52197748020829
39.65609512547138
34.294301856967465
28.94970339903941
24.217470485516586
20.135212721795924
17.412049675967342
13.281429523653408
7.940170322612435
10.329779875042975
10.760775732777434
9.768152351412219
9.32834512062113
8.274619151924485
7.7710463389670545
7.032806144033881
6.417744866024784
5.142940592378739
3.897238769123708
3.034317119140485
0.4537629975050586
0.0626390861637388
0.0
0.0
0.0
0.1252781723274776
1.5838253082066995
3.7926423265219205
3.8146554753481237
4.076350735498719
4.387777467020374
4.92658903425395
4.974459183555734
5.1320876988408255
5.6654134066043955
6.171518088829833
6.302825784315332
6.431844500688331
6.48684078621519
10.972267775854922
11.173488108987444
11.192730731673967
11.345617665409554
11.23000720587912
11.129951551054512
11.048935662792555
11.008682621508516
10.741752710924283
10.821094426327091
10.600997005653017
9.545115560675463
11.711957215767782
12.66350274474616
7.472457963846253
4.604060977730584
5.445125266491907
6.171399130073135
6.691535432084319
8.29581114133533
10.313006902082762
11.955753258593369
15.020182267601276
22.849622451920048
45.08204810350978
59.7577550114619
63.90841747959724
67.65594352457646
71.42946627836265
72.7290545534239
74.67410649411042
75.72546399573903
76.72078671573591
59.27146817398368
24.73234107984035
79.01756023763988
80.16031032152384
76.33364336679819
71.71507098605169
64.71412395986157
57.458504517042854
49.92442330298289
42.931032542058155
37.012944488264694
31.30789903570805
25.912940756145005
21.17016957610415
15.809672992408082
10.198297638436248
10.009040667326518
6.730113940865319
8.340371707272443
9.800238853352564
9.29120840749015
8.355799865145604
7.734036056359558
7.04703107161478
6.192079758818249
3.9955627261071167
1.8957943390890108
1.0787526079618288
0.7516690339648652
0.09395862924560819
0.0
0.0
0.0
0.5011126893099104
0.8279715658545124
3.9167203678423443
4.177114653116887
4.048632412953867
4.670667429894468
4.644141242273064
5.240692151460208
5.114677284903764
5.511492695298607
6.05078882319419
6.182590019331773
6.404431228978358
6.185714941079233
11.211017028059256
11.654194020776664
11.773961909093462
11.834631253586807
11.504135470126968
11.41230145447497
11.479911707720252
11.360533059773312
11.359650928156531
11.474310222678664
11.061268190472013
9.813276089028083
11.862883263706898
13.17222462772353
9.996880279609297
4.699405911801657
5.397284591986242
6.95461708348726
7.485176034411998
8.811540121185434
11.17144714023342
13.226388963514111
15.286129919711517
18.776155996133678
7.28849228311967
46.662481358002935
64.07092291707914
68.27267164668068
70.78627327119906
72.00739592549824
73.52360371096981
75.0164933607225
51.05101921847761
20.10890676562343
32.86679414891714
79.46166730164714
80.75597915038006
79.09559627248481
74.32872534956606
68.31603667845113
60.544944396537716
53.334531994163015
45.65317083481716
39.228386531754246
33.51309621260074
24.45648537420408
11.041889277337035
5.8829181982232885
8.878243142769486
10.814313782272398
9.705178496614678
6.989053992234012
8.964623438217462
9.374976427955657
8.370048619165926
7.35323661920234
6.815101298868704
5.5363107153365
1.6452878406421823
1.5074223934775066
1.7298491895002108
0.5011126893099104
1.1275035509472975
0.0
0.0
0.0
0.0
0.40641330570020673
4.168461713338921
4.2457178277880745
4.04049588974341
4.4118192453032625
4.983536735680547
4.935816886228121
5.548409723828441
5.783329352637798
6.271094213064597
6.286509136172093
6.432107670154771
6.428719299496744
11.868186645075493
12.15388816492884
12.385571755266232
12.407200522396286
12.227104612258564
11.873741443410603
11.957448026234013
11.900722319219994
11.837146419131324
12.10244085197143
11.590244910007877
10.066774616435834
10.761156764432926
11.719317398323067
12.508376609682877
5.940403100027644
5.897834664279087
7.203889209323388
8.319799329117194
9.935274994287218
12.666390414752756
14.16339302238011
10.265793976272189
9.343586399514436
7.402231423003856
7.829135220428425
44.66512588455174
67.29155375433778
69.24408380706583
70.0331055813733
71.00991360305103
67.04287334032706
18.71031883868144
16.299673282358466
6.81063786391494
44.90164830609271
77.17017941617091
76.3917209309008
73.92371247867743
68.80240755845745
62.23923507851358
55.816837728446494
48.332768870964806
41.12258675674993
32.3874585997897
9.569297667636013
2.8690136026568314
3.572137347488088
4.785506211411489
8.97600810135232
10.344971078999524
8.276127861707742
7.265576340441378
8.592194082169707
8.327843518659733
7.394439425763348
6.425297536668843
5.024144653588561
3.291472750718305
0.9183755721898729
1.5659771540934684
1.2017948714712252
0.0626390861637388
0.0
0.5950713185555184
0.7516690339648652
0.0626390861637388
0.741491319786549
4.595078958047829
3.993612836302298
4.517905674074156
4.89342174537318
5.087661976174753
5.245290491459844
5.461421685803361
5.84708702700661
5.776018084838601
6.164922365354005
6.499653615725905
6.506202346077843
12.249455004540875
12.444733406029364
12.691195618920343
12.806609330215291
12.648136655422952
12.35332310093346
12.385150224525468
12.635179014703972
12.850826249780665
12.617248009516153
12.086050040938987
10.892739645949467
11.520391540638505
11.040962250833362
10.90250216882546
4.781150314338226
6.70930549272177
8.168892956903319
9.37340697340911
11.134183722265446
13.846532063493052
13.58629889566624
10.634769964114042
12.583239713824305
12.717523895424534
7.578246145486627
14.795134510735712
57.66364261516215
68.09482681887951
68.67871040607407
69.08046178712176
36.70179277568288
18.798866793593856
10.607064751693397
11.375581803454399
7.345912923576665
33.619190234545
73.13150432804254
72.36654778918131
68.59598620776349
62.55940331963882
56.95992444464435
49.54067497567814
38.99133367343858
11.447367803784088
5.860277177520394
4.614934550435603
1.5375333823740893
3.480406178589645
8.421974615574896
10.675188755967254
10.117836908523259
9.951678744313453
9.326387281103173
8.066273570561629
6.911501460474622
3.099333368622767
1.193039042745639
0.8143081201286039
0.3248476651788831
0.1252781723274776
0.0
0.2505563446549552
0.313195430818694
0.0
0.0
0.5011126893099104
1.7082771833037456
5.198264229608109
3.8749691678244624
4.781712695635001
4.951828322118124
4.991861780299897
5.358104728480595
5.495451784612486
5.879330150674715
5.91163800587617
6.016054978358252
6.418984957497851
6.314207318519349
12.505989413679375
12.720348243324612
13.040558790588042
13.147451064100444
12.923822369463606
12.935127278968219
12.907219727274846
13.125142673574969
13.345132870865577
13.207634689174844
12.476138523617442
11.29848246470219
11.379839325100043
11.741777877545069
6.045482517275225
2.380876879675938
4.3044409220932165
7.191150641144857
9.384639957973645
11.194916916506637
12.1981046042916
20.073667962322254
16.585580843654526
13.877312585025967
11.905906665617321
6.401640961551425
36.63370840599649
60.51148939092138
67.82215240223863
66.91523787689259
67.07313612294028
58.90140213139266
17.13281484006697
27.537794700012988
35.680453931259
12.443271265995225
9.366912511941562
69.2813527236397
70.76856219795098
66.72162886481833
51.58924868196783
39.55403415716085
36.055102815837095
16.326849107754025
9.404498722438348
6.562107071044936
5.363108577835465
3.450129196983334
6.033044419941582
14.902173728812542
13.668506617627653
11.925714248045885
10.47975269746329
9.448057468638662
7.977512623650472
5.319730390738608
0.900865498513673
0.0
0.0
0.5011126893099104
0.3758345169824328
0.0
0.0
0.0
0.0
0.0
0.2505563446549552
3.181017831100762
4.647550801346281
3.935628646265559
4.244961476401407
5.1216920749838755
5.041515767659421
5.207568204948684
5.327107136872644
5.797814274078388
6.129240926010036
6.267814615169862
6.439420656952984
6.405361157861095
12.832150705698616
13.2225742451475
13.33321572239105
13.590304497507255
13.447337728360512
13.644243244118213
13.606149419106984
13.750792275121904
13.713503145617
13.558111421110187
13.036359146406872
9.143990637282274
5.2729292421342056
7.947037560450734
8.752773390307016
3.4706161196188616
3.590607354489181
7.158373631570411
16.671375485624086
23.06336561380362
32.651002165907514
47.8235378081947
45.435497275202444
15.45495960061927
6.444029119629148
24.668260676765165
66.01953170683953
67.38363906811169
66.26718362317737
65.80695174722881
57.77206796602939
20.905964623639107
22.366101582020008
26.3026463497701
32.281631880525495
34.57715727731086
48.97784846054278
70.19327250541276
45.511748168268745
14.329294852178565
5.59942327379272
5.066749618404729
5.143268751767288
6.170217657975009
8.10302878951997
7.224394719815761
6.275002756703808
4.599105465795758
6.056759879474855
10.550804114963695
13.955841341318651
12.15137076642841
10.61431806682311
9.581347370724634
5.195297898988749
0.8588432794222851
0.1879172584912164
0.0
0.0
0.5011126893099104
0.0
0.0
0.0
0.0
0.0
0.0
0.45735888895953136
4.141154696177537
4.186587079890037
3.502903809280961
4.159741304187076
4.419412791460776
5.054201904788161
5.321333216851601
5.154082243613851
5.976340429554929
6.051163365089574
6.198862905689197
6.439182739439589
6.493915855500008
12.77231325789481
13.349284728650877
13.601519567900294
13.665411030439127
13.660740700306295
13.793657270895698
14.160588897618037
14.376062599034762
14.307183237849234
14.128552085040248
13.580805992908532
12.304486570192001
4.500794848922232
7.271380315139861
9.89791512917343
8.684681433554294
6.963878420270667
19.09057375736513
27.99732014506775
34.764552265711124
41.17733630580152
48.87467106794585
56.83407352261861
23.275200631476732
25.910404189429833
63.28391869543734
66.45288971655651
66.09399844757262
65.38295102728149
64.03223878266137
25.44347260834735
38.610559613631246
29.802409100389475
21.246621153760735
22.610963188565265
39.07783538937318
65.56010248167183
35.50673969066996
7.132434840587904
6.13092798393546
4.964062621044431
3.96591371874025
3.831063922207067
4.184763979380293
5.178499990476456
7.444884331423282
6.618754291178452
14.871067916486439
17.99473522880827
9.215703429635651
11.701608939766151
12.163648753494172
10.760212414697113
9.548238246119439
7.625988971334277
2.9963248786433136
0.0
0.0
0.0
0.43407505451126577
0.39112391134131974
0.0
0.0
0.0
0.0
0.0
0.0
2.8238708042505953
3.9638850892835653
3.882215774052746
4.148300884642922
5.086958962358912
5.398237064047192
5.11032400958727
5.491919032909768
6.149676625465172
5.972058657700524
6.151060648203855
6.212342494616211
6.492506301364153
13.038434036109788
13.173005433446189
13.542134284004328
13.634099598663553
13.793497716245307
14.375434174027836
14.561525999640656
14.890937883961278
14.776064456277634
14.58452208791317
13.912733097120222
12.705205077005127
9.151463977064614
3.3447119162334156
6.8560035669641435
9.273051479704197
16.59890706384994
21.505199898045756
27.08178482657597
33.50005977668846
40.38548560101676
48.13263234277011
40.4585661058281
19.471552789501906
61.55062876763185
66.00714163497166
65.84888649950527
65.51913562332024
64.87068637917763
42.657913958465215
45.67514677962201
65.95343872581618
64.51815909274283
33.24431382515047
33.109453538433634
64.02240526455054
48.90349407372934
7.6918681225495735
7.259024663669595
7.338817354246683
7.502154293357457
4.426882085450912
3.9094276946677438
3.723274651011388
3.7598414276434964
4.363987562354859
5.88729766461634
18.988971755895495
18.45418791909126
15.815756560089937
9.606398512024747
12.20397168367177
10.765239774026341
9.826835402704038
8.496102175645344
6.624524497703423
0.5631799873952412
0.0
1.2581273387743366
5.274305445245391
4.970303277251762
1.7007724736628183
0.6064022910970275
0.37749246607244163
0.0
0.0
0.4814453805882301
2.054891496840513
2.2881104977968723
2.429886186931216
4.725730354767413
5.401484152876715
5.45343915802985
5.272550864871996
5.318158217939702
5.857510428480897
6.192645799654308
6.185367090691782
6.081871021209796
6.309756642890409
12.790255473772184
13.296356914431636
13.463884206417045
13.804700796066363
14.301091137497119
14.241888409414985
14.895379521048904
15.056500083746613
14.863815220181657
14.578601350308869
13.906399969879972
13.021317868948637
10.409696726140334
11.388375153596726
7.369098013072799
13.219100311699291
17.267498656987875
20.23410453212424
25.65969835802634
32.043857540186856
38.76256159174621
38.37807993201583
28.289699788254616
55.54616334151014
64.44842211229368
66.27538622570152
65.52136681875596
65.12161442127578
64.86812754434163
57.519966640412015
65.42309285217274
65.94464750226892
65.24753394535725
64.20203449520932
63.66966008209383
63.87134000265037
26.384495617624303
12.705110205980413
18.59914547058839
16.693701355495467
13.866494352670738
11.304613432201432
8.622165804768253
4.569870582257911
3.535549936583869
3.834423598646657
4.603016455327576
13.421056940441058
18.01355310437933
16.0085173154759
13.494199729178725
12.124096088168589
10.778544799938354
9.926475473091752
8.920095986810507
8.27212701757339
5.777055359137472
0.46137590697872405
5.611604192183692
6.718115802375491
6.525682585253069
5.893072909068168
5.643458049804406
5.04931683813394
3.2819482256607357
0.36126508978389255
1.7080398752338188
3.0451032665634825
1.7070235307374382
2.014326349968252
4.561484295078017
5.4198396201226435
5.544011089211255
5.63860223556154
5.7348675698356155
6.259103450789871
6.212054352640853
6.1199021295657605
6.019612252790813
6.092726775369185
12.756502062008146
13.172477649144229
13.475342544991932
13.945818762933195
14.343600734394132
14.524634048174581
15.112385711814179
15.084543376571686
14.901983991439552
14.753960551153817
13.999054803877458
12.941069056101963
10.52118956433888
10.77568567620057
12.234868141693914
14.221584611727561
16.304412723595863
19.008982575986053
23.327015585317035
29.516235969928204
36.74383223492759
35.57216465808284
51.03027092187427
58.85076059395229
63.537201493503304
66.06123355203793
66.5158483853651
66.35861644194549
65.5545457258201
65.43246170482023
65.84710151775859
66.35440000297052
65.75651631316198
64.82736137870369
63.304392051946934
46.08399018598167
14.551462326450842
16.454682386332646
16.057280171684305
15.09175872292393
13.448066450479233
11.16872579688122
9.692734282338224
8.466336424697781
4.696282761389893
3.011993824386367
4.185013928837107
11.95056946344641
17.592247976878205
15.488611764012003
13.401540476921515
11.7239118830941
10.639930447345563
9.795690594020572
8.833880217203543
8.175412072699075
7.726775485746858
4.063556986306308
2.9153949370321204
6.832611710851911
6.8598593101254215
6.398549258042716
6.261121674108181
5.872518250856337
5.851748317630685
3.391616936090363
1.8491276733536488
1.5136829543826702
0.6347245367246084
4.0822882801609035
5.5371794277736655
5.822980961690954
5.5753664723517575
5.993566777749121
5.890964388907641
6.321379884834147
6.0934405279093715
6.1151195501756455
6.184428135926404
6.274125428008404
12.800660571654953
13.090479056497655
13.62385166494947
13.916952252425016
14.154158334294879
14.584990266087997
14.907666643174837
14.939946470306042
14.825401392337945
14.326815084116658
13.800257277546878
12.365759423522617
10.516970294293452
9.381371675398588
11.790714688546267
13.405745411380735
15.41303598643925
17.777240718031152
21.127141499531422
27.15775389752277
34.08217563719669
40.665892200721814
48.62855872875616
56.728180247565405
61.98957078734111
65.69477365591972
67.20003679174177
67.42814195181805
67.25449654652557
66.6028917234722
66.84652558536376
67.68090568556332
66.99549885316684
64.95816950937397
50.47604022940732
16.14100502349271
17.6331251459136
16.407169089846477
14.559740987389464
13.195880911360604
12.10792867981239
10.968162424285314
9.694751387567717
7.993289005200447
6.815562967311256
3.2077801021335004
3.8054360197690467
13.008757705407602
16.85073240370877
14.771628745818406
12.821620089914552
11.306468754433478
10.381151977486697
9.621408472997192
8.8921829253612
8.455214333801257
7.650639842249343
7.309349936076066
3.333531800324025
4.281857392038083
6.807002124331454
6.501084631588478
6.513850467975305
5.921942448593759
5.767175425037071
5.07888502374866
2.3279413068114154
1.7550378938805433
3.533835688488559
4.826656264705063
4.96631484315238
5.465217853591404
5.640751954301389
5.720717783494274
5.8875260732317765
6.108426609113967
5.9870664800759625
6.369488514683495
6.267457738899767
6.080486998471112
12.482448004821958
12.968283455122188
13.352788517844346
13.665155142369176
14.117547411288106
14.344857584407984
14.661017155825665
14.732155463886487
14.5404531122934
14.127964959850496
13.038444154841073
11.477783959602414
9.33037478652316
6.613977541271388
8.972037930531616
11.943445790752952
13.777762196845037
16.445160280913623
19.162359077252937
24.18946462727966
30.353280398761957
37.75188084945199
44.69311180812415
52.79342337395131
60.161023076140246
64.49641947457002
67.34599082551652
68.500142113315
68.77624820269001
68.06096833719215
68.91055717213665
69.05292436977297
69.47805393553374
45.17707289008789
12.799120628717791
13.325194019770526
16.455281721001114
16.289481149567507
15.472673912752724
13.657775491835327
11.481740653917107
10.026351307382036
8.549128054543651
6.97975290488572
6.396002778133642
3.923139249141379
2.838317539611826
9.463118950012811
15.892880934159175
14.016907506221479
12.434746016357124
10.86501978804785
10.035464673872744
9.439418575727533
8.72758534192654
8.384885909042762
8.009752095333017
7.563677264629851
7.317158691630657
5.22692564708551
6.606848540234635
6.589639329227392
6.144367707142176
5.929684277294874
5.753320564991473
4.790198544625527
4.146111923868906
2.7690094101339207
3.5537200901163577
4.313988222526967
5.008835911761742
5.273610342209064
5.8107135762933
5.748102007149776
5.967203833233473
5.99285123342575
6.149438707951775
6.047216728334418
6.067317292690303
5.857964522336843
12.359979585991937
12.847728545371522
13.269900046108058
13.50753562138899
13.879324629314926
14.121587824163527
14.05704615245113
14.015648765005405
13.656580928894801
13.180238150880964
11.958444427946839
9.439516849188351
5.92233567748764
4.94258084632383
7.937501324777877
9.736190908055484
10.979300775760123
13.175831960733923
16.135518048278374
19.213678664499604
26.5552374108758
33.768044618869695
40.83507719089932
48.69065745301147
56.74865414515942
62.38470376852242
66.64017224279863
69.10197146855555
70.90519353626675
71.05342506838018
71.52200016638707
71.75113426828531
64.42698225677006
17.76723159981464
15.005491236800772
12.888321145879592
13.999284375204727
15.300965541644983
14.650810704148286
13.539692827350502
11.940725433531874
10.434335838799141
8.33876329225043
6.422101896456495
5.457315881487999
3.7388720510774696
1.7318463735880623
5.303512489497469
12.355920650107425
13.22366660861804
11.681194066522128
10.585716625608377
9.735211954033353
8.961723490207028
8.486072719101113
8.155652272169068
7.624311024456864
7.4721626851777465
7.1519125359810864
6.847109266795446
6.583040094969364
6.364608717707524
5.755688722977719
4.893446772820576
3.721167352055762
2.94648302921568
2.04410131431578
1.3030278207142292
1.4391143016772376
2.9558725817061253
4.344593372967382
5.277869181498707
5.663551757055737
5.841498992590897
5.824002240830807
6.040523787272736
5.992539631280531
6.0168659484842895
5.699874066315437
5.78218324741251
11.940841109541179
12.394405220344554
12.947144311642605
13.519699914208505
13.553234224775847
13.623653341690273
13.64714738283925
13.507126354982486
13.065983861605671
11.807847841513851
9.499980994801227
6.521942007706711
6.066704482924182
9.050338098652803
10.81161739702425
11.500119331323289
12.249973321684278
13.199258157584646
13.888194372224808
14.69408055187576
18.361893697605698
23.48439001195122
30.489107059222878
38.96169810026173
49.27783351196074
58.890435584378054
64.38294050945397
68.56179610655256
71.67503851642572
73.1848569511206
74.25649665484909
74.85546323625881
61.02861658557638
12.571812785638388
16.26341300705823
13.863286081645763
13.477068067964362
14.227856624370407
13.020725844788938
11.797249462539895
11.316781849130656
9.725943462433776
8.363178824826047
6.924372429057249
4.94114158577134
3.811647595417554
3.983204598082238
5.68201593063347
9.275658890062365
8.872961245106815
7.9693221428272505
9.25095134140261
9.35663198276075
8.817298275728309
8.050220979843187
7.858745669972157
7.3485270383628185
6.741717651653202
5.58036276561026
4.708454159425436
3.634429348602042
3.271181620733022
2.9807683375095007
3.368550113853085
3.4856783203611807
3.6806495288507968
3.398776733944231
3.306817949879424
1.3255709007983996
1.2403887345504905
2.554513562266675
3.801670142015363
4.8715155734631646
5.411420459229102
5.844794816556035
6.143437778259437
6.0659550111224645
5.843075658718102
5.65341642477264
5.813060013967223
11.30759345121091
11.906645691842506
12.580727915901468
12.904828435860457
13.217299191998208
13.063005256533339
12.994991641981924
12.232851623190966
10.88478596186906
9.019233076884138
6.498522156200315
7.340001873832901
9.59947818243555
10.944914163824306
11.76377397394022
12.769404432138485
13.619815805830777
14.515534255771822
15.941183180844874
17.319939985425826
19.66195862880221
22.90197783470815
26.211774216600396
28.87837148854157
31.250400940106573
34.8721492596943
40.824834334516524
45.612445051287324
51.283718208564565
56.331726609225115
61.108445355993126
61.33987525502051
31.23390297706937
27.93180243835136
15.060017696832523
15.792555710151948
14.235473320722763
14.448600297730648
14.443508236075244
12.135449339094142
11.057783156475097
8.87592231532443
7.514702275934625
6.155698486032574
4.312544058213868
3.7418579948890938
3.574342638741791
5.287443385768844
7.829142091642185
6.924144405127271
8.124933734844193
7.529473004462898
6.3671275836636365
5.975855504575551
4.960175704089802
4.627391079827021
3.779180364788193
3.9671166086215583
4.251894015208229
4.44362953411178
4.596116977434606
4.5172898811833875
4.309213022192545
4.109489082483146
4.132752282659297
4.197494235540827
3.990323288371618
3.6479840304104045
3.499559856545205
2.9930331931477414
1.7291084351361152
1.6147211085326196
3.471354224887114
4.323247793044439
4.800315244495512
5.653037005324334
5.795275193015944
5.810140523680656
5.705709961118836
5.73051390513257
11.098924463520984
11.388220443963107
12.083361461949917
12.263286125402397
12.316635596704298
12.000247274831997
11.415486461737988
10.283476455078661
8.163522774597814
6.394250650973368
8.27847321128998
9.939156866496731
11.153710932275041
11.795014379078049
12.587201252461508
13.293392437460147
14.176798129082586
15.430772426285765
16.92213903570558
18.368106652816415
20.58853371795347
23.333269205930964
26.75853140804129
29.586126218541075
32.64626851051032
35.82795563499764
37.30432278612508
38.65809049456735
39.59166726889474
39.93221584576088
38.47862200867071
14.456990836826073
22.96869451795283
22.886086892765423
18.73270977918456
15.470020238091736
17.85256825439374
20.3181094667824
14.080597843488848
11.446711017560336
10.063487854633555
8.899240823707666
7.42651985815912
8.24236106828318
5.212731592436364
2.892664432544859
2.625747972805443
2.2667276799431897
4.33078147758496
5.661703989792806
6.187622199230658
6.244234747730161
6.107504110756942
6.206304499011355
6.35204606293092
6.1243466947468495
5.9953636957644285
5.655430508906316
5.492298452358074
5.1411791094844945
4.845048616444931
4.657435628383869
4.62338116653407
4.698595949559968
4.3134357536507935
4.454766091866018
3.9932610397932793
3.6607302814104004
3.9325554944058667
3.963955217792475
3.1203772879940894
2.1616813466470775
1.7173736636874763
3.145883156914206
3.809333816681787
5.201630126559426
5.346282738345798
5.337344652741601
5.517915462491768
5.333855195612126
10.371698694643138
10.841271861087007
11.017990062075484
11.325188722282139
11.240832965050073
10.444359097154845
9.343945812196079
6.9133687108642246
6.08169649521808
8.644545791633796
10.399343529698818
11.187557376816544
11.724928800004083
12.148829604799323
12.808227040528957
13.283576725990876
14.301995632384372
15.73516240364281
16.860709560710244
18.228667547802843
20.861148476202963
23.587910323467653
26.345893236973517
28.979887699352787
31.8265094517298
34.37276477401082
36.29269444937076
38.058464580049026
38.86286610791429
39.014922650194066
38.872194992399706
35.293621985741204
10.236207356931015
21.18843425095702
19.59708400838231
20.215329160963215
21.632710460150477
27.684850614909124
24.89309362672473
18.863827620739166
15.068833898045126
13.900226996362594
14.264536727041499
12.960269092320981
6.87294286419447
5.881264047849034
4.525905649614655
4.058142984027624
2.956454784416616
6.915159614203871
7.098344722382469
6.968946427523494
7.159817191827251
6.7073795658610535
6.443986780556423
6.323261483770466
6.239828011403119
5.684271549477869
5.505681552922431
5.673493456174496
5.222929057746044
4.978218068409022
4.802472771373993
4.533941473004831
4.656628353471095
4.557093635783624
4.3574271226165635
4.0020742940582625
4.015274188619482
4.200901625363177
3.845497873278775
3.4436311579286603
2.913081753522404
1.4471500103108415
2.488012618651876
4.148300884642923
4.565617706333678
4.950478070152414
5.363286954421617
5.443260531173511
9.81807845130434
9.846579506890764
10.260530833805511
10.03660957715609
9.292630252493025
7.890928796973293
5.503034674823343
6.1874409267928305
8.576887346181579
10.16453766985986
10.9252270215109
11.287803505648686
11.635750627555216
12.198979922017303
12.981458249164456
13.485809964795623
14.161659333912548
15.491116522862963
16.705717231883852
17.794198796029608
19.90109318348979
22.738491320979502
25.22051170401767
27.8511794051357
30.328763417002865
32.46350332677225
34.46959967957989
35.97115876353385
36.968516454968615
37.1147441678665
36.51177275685316
35.5684533994576
29.02142289345184
11.688268754672432
10.273201246445927
21.552284273655438
22.972694226317888
22.39184412067631
20.755509911480765
18.455724560028592
16.519724667396094
14.389871163207914
12.586518128503416
10.447275093973554
5.127569561745987
4.182879765037943
2.3427732833088646
2.2227690290258852
5.577010849828263
7.080295968635858
7.121730190339451
6.919418895877264
7.072258529912097
6.542168696059097
6.51999181815106
6.418865998741153
6.14272402571925
6.085341822938163
5.5440110892112555
5.340355493285284
5.235660225368549
5.046278266027269
4.941970545450133
4.612503230503742
4.9070072349195515
4.838908815741775
4.527217786360289
4.1790222305385605
4.331783496474707
4.138627785502619
4.116057311220458
4.105962287062225
3.8489929501563935
2.679991470321031
1.1107326478602202
1.3594105204945361
3.105263977948518
3.7471268951867978
4.313697392375595
4.938841585290663
8.949992331565333
9.157760758065988
8.756039651395623
8.112443764726642
6.454665462733515
4.5744642150724575
6.594533896671918
8.538858852647422
9.904347158641613
10.446284097084249
10.91494648606925
11.387969551321488
11.867621768061287
12.388470586696307
12.84302097616189
13.366567707460563
13.944495823068577
15.111473046882063
16.47558518561329
17.369502850901654
19.06270529962211
21.263846377243276
23.899303839926258
26.837295954075298
28.918768818345935
31.080666803509406
32.80578605744221
34.22926924450342
35.008094022772426
35.350476573773705
34.60181781124749
33.603122498461545
31.7266700748324
28.82202841695305
17.423025383765918
22.527176641953766
21.29417737779329
19.696688063371884
18.099334596691808
16.695600201466974
14.76272402648213
12.934161332550625
11.376127846530725
9.965521098009933
4.379658411251755
4.4672228730656345
5.424620638190376
6.83372806769019
6.734135537050924
7.2454093414078375
7.069418261270752
7.138561364706963
7.0212433344584655
6.845962882126032
6.756328208015811
6.608759181350324
6.377756682317489
6.189856013006097
6.136842054783611
5.761051461042482
5.465487281315215
5.2521052473505785
5.035029328505119
4.873137940481607
4.718785997876427
4.826656264705063
4.668310877085275
4.228758558489404
4.394023971355521
4.641969856875725
4.510573738447553
3.9861037670567097
4.027749638743415
4.0116119927605345
3.209285911255024
2.4603807722001227
1.6584130060666606
2.987132069775228
3.792506926083889
4.489641687147442
7.871487778499391
7.4711333076100255
7.070084584170407
5.027970245840891
3.859617697339111
6.460274615582268
8.535053657267415
9.612525470249325
10.088385852338453
10.585922793036815
10.834297429911677
11.278153964208641
11.801834911340004
12.04947236599619
12.603820838208215
13.274283240858965
13.836967373948907
14.437187541018348
15.852038029617068
16.96406031481316
18.36574006412521
20.287551544805325
22.888408095372284
25.37666904302056
27.829351976528734
29.881172082798106
31.955833422834733
32.862623166185735
33.4206621074121
33.75042085873452
33.45510342102621
32.478073583902926
30.593573709078797
28.093292985891885
24.834561283778903
22.97980683129096
20.962005829800134
18.927701986960553
17.431140775922707
15.865701529015784
14.003464776638902
12.309640338694695
10.731581295033976
9.078519024772929
7.585615149423264
6.974401874432275
6.840297366977068
6.843886869930963
7.003974160648941
7.165225100747308
6.86945560736627
6.884103512255457
6.8875985374825754
6.800190224513076
6.473047523915646
6.376992425871213
6.1713773889022905
6.256349280711471
5.796475525464579
5.846280132426123
5.680997367362216
5.138507090199065
4.710848500596678
4.666352376137501
5.069209727163599
4.7084946351164065
4.7140234995085795
4.251645900593946
4.522084286500617
4.618681252766423
4.405943742459939
4.238176851593107
4.031380116059065
4.374985149074062
3.7695145267837997
3.713315027291189
2.6129744697944983
1.3576518325164766
2.3603037424132656
3.4879282564571295
6.175230039409671
5.496264897556033
3.511326106928483
3.736575421317254
6.3770194313949755
8.203634399947958
9.213592260822365
9.595550429531025
10.07397607402128
10.51692615556853
11.024788279590519
11.215554354219867
11.527526785854548
12.089842519032567
12.55708483985901
13.184822169824445
13.59156455355263
14.476589416068126
15.606141977168875
16.66166560719276
17.643124376997775
19.470822286211703
21.750323249914313
24.101221658534143
26.74616434276517
28.822923451582522
30.553871304134333
31.61262293523074
32.228501921709615
32.23204825582574
32.0378090942081
31.197995263788904
29.571142571137393
27.414376458610146
24.94054988837087
22.124216308407746
20.414048852841248
18.3985960489901
16.995238353634896
15.576615787904823
13.56609348553598
11.929657120271159
10.391906485884274
9.186368966910724
7.948671374636708
7.496970046751384
7.065295273900334
6.833758095521325
6.964195517766459
7.160800447994535
6.840569995339702
6.863395184437689
6.939350187692279
6.949165484654133
6.609166561526507
6.5754639387047105
6.234349909861461
6.4058369928878856
6.076118753912511
5.674951163545003
5.8398033677069945
5.540475251738801
5.035329928203838
5.105995097311449
5.185888118393237
4.8777014129187455
4.553719610941018
4.383121672284518
4.515971536167056
4.3881484685122
4.681580900155405
4.223862306119968
4.391258195494976
3.9225958706856665
3.871141499420628
3.9163141665282497
3.4436105236565475
2.7848203110185072
2.018258642870335
2.0021459570589033
3.915151497291768
2.251940913077651
3.7089352286415047
6.292424678651018
7.7499534310669445
8.693584001662721
9.183066626917315
9.459759243757798
10.027255324771094
10.239558607269709
10.690947390727727
11.21064718748887
11.574924188561289
12.125588958851592
12.444103625702422
13.102959299286386
13.513134387800656
14.234758277939296
14.752992850207226
16.19585491367777
17.09171238566595
18.626820872928633
20.736043169560322
23.070521174274315
25.74650443796584
27.892228780286846
29.337410899032836
30.49908941781276
31.017795084629856
31.259388384673507
31.259338155489782
30.583714667363353
28.534157452700736
26.797647155169617
24.38017717114633
22.154124567050477
20.05755026611004
17.9800278660283
16.869106710492943
15.038274552876468
13.481850160864443
11.852921121159993
10.518567450733856
9.58127490571083
8.401828322762684
7.716125066470744
7.52652694734141
7.052969215126377
7.162805566836999
7.124718565349199
7.2115219022989
6.94399159758881
7.13409810544629
6.954612000082088
6.650516808963938
6.650394836706868
6.514326303002096
6.321188681000516
6.154412491175525
5.945838204895601
5.718086362398897
5.417401832191603
5.597046558907207
5.201479826710064
5.190800916610447
5.188479231363749
4.876998399102907
4.921256508463566
4.85319631084532
4.2535900531387
4.3822076937397565
4.646770576803103
4.349898848388166
4.2587379014013935
3.6828788306746336
3.605358908249813
3.143438857462505
3.0055316327734642
2.5987147096092813
2.0684841060376775
1.9082492306296328
3.542285172136321
6.058045897681738
7.238437153915247
7.803965916771622
8.460454717814326
8.853203433558223
9.30113727091649
10.04864751942481
10.284446121914518
10.621800464469814
11.167173890249899
11.288256589328396
11.858031590061955
12.52778233571907
12.877194801949788
13.190846591002435
14.019323345131372
14.80762554727392
15.96838915000821
17.069598821184513
18.349277694711056
20.00286061376125
22.13090898095348
24.81027008148889
26.748451892205495
28.24964554107658
29.390062526630643
30.435509166606423
30.636155874218282
30.559659592209364
29.765565760724783
28.04649563683096
26.107187778315165
24.44743171364087
22.09538082789171
19.630896216751115
17.67630456378333
16.56538599404461
14.476426929636402
13.196089179724856
11.637666528264939
10.676364713994564
9.417289301442457
8.750010695969348
8.30363971033542
7.788385506579136
7.197904193315049
7.3309538857583885
7.376468595386682
6.994073317441133
7.075684904363864
7.072258529912099
6.841061623423344
6.573086921458423
6.466999880543544
6.561483262797862
6.33652840713713
6.039172250586557
5.669858421564558
5.746097865890389
5.438336899627556
5.699443505413518
5.372378365065286
5.353250819276005
4.899478960691158
4.784255082524164
5.137269924781848
4.667530652542096
4.7067324727704225
4.318328795876885
4.585022155449124
4.320658298316486
3.9772553129694574
4.069244386288254
4.010242535812014
3.488485581913088
3.3085105605194154
3.3505783572240473
2.504733166550686
2.99357590665689
4.909487540604198
6.5673934991869185
7.050297158392333
7.55371451304926
7.98317217461922
8.922088419636177
9.359926085806624
9.86291910426497
10.328756741134685
10.66714411696137
11.05818705376588
11.778818113998181
12.108335826841667
12.599308155470093
13.122824351150541
13.419059853919261
14.003203151157289
14.5472064313342
15.683503660399957
16.848100167081196
17.89494327829265
19.397237928502996
21.30060907168521
23.74014739015741
25.78469298705613
27.62556714888472
28.750315203199182
29.459078618013283
29.44267370662493
29.409733138764818
28.62013790569727
27.307926567012675
25.78275291555731
23.601469728044734
21.43417320175007
19.166623895313293
17.330234634166082
16.056008670478825
14.253811286688233
13.123206092083299
11.627123604635594
10.773101854819373
9.762709180560387
9.00073368371833
8.535211864370186
8.342233429940585
8.077006317486928
7.4995462275333855
7.664559544628992
7.432881707532816
7.385323582548068
7.210239183569826
7.177631622362044
6.905904596101013
6.593368951307621
6.657970992971522
6.792298348223389
6.426034774829624
5.862094849382049
5.850795746248373
5.554431404915806
5.973561639195905
5.508309888248075
5.359586958580949
5.141084673457644
5.004894555879788
5.1890631173051345
4.863112309857816
4.757578595053399
4.704945947383764
4.66450595347956
4.3547951007576025
4.264242402752891
3.965220992846259
4.161193403204995
3.660730281410399
3.682321505218675
3.361652631856165
3.185465385622913
