3.7776461394259773
3.981884245741801
3.5682348061617466
3.5765224535140683
3.2037436226382763
2.3300115539641877
2.6258694881526514
3.6760156855101744
4.797748494565675
5.650768327827786
5.866302936604632
5.677074263561088
5.510984603916693
5.930257329907518
5.737875324609564
5.843099191672131
5.704838005986257
5.7281705532283835
5.841261075077501
5.95081198811935
5.930711423763465
6.157656371679681
5.802636612492936
5.7614418131408955
5.682673230626908
6.035852296078798
5.508471021426179
5.480521492717043
5.881893754467006
5.885569609143992
5.357880041185358
4.4796524124393695
1.6261639057873942
1.3146800550744182
0.7932601944984189
2.4563849902866823
4.534787560975735
6.709477960906521
7.464678126055267
7.5134659928771255
7.895143707445959
8.088994243217916
7.897400963864248
7.916640529965114
8.085019613597106
8.214098793614458
8.114025262927552
7.81159588223697
7.798303836965771
7.410515275165408
7.0918054509267225
6.821390180414486
6.281130872544033
4.907072312700096
3.6483435765816883
3.6369153981283415
4.023854494509039
4.666173527182214
5.4554015742343696
5.729289149275452
6.142053755520754
5.998938635822284
6.005869494397359
6.106372316176784
5.9874233563460555
6.067101116347752
6.214836374337953
6.218224465551853
6.092629557783333
6.116644272841873
6.2606675802522345
6.023757400263229
5.652700880449269
5.198059763115027
4.556681753597243
3.0464425840815847
2.2912755305210095
3.1437692059252287
3.56255786970742
4.611352004468739
3.746673251625574
3.897660694141638
4.307862770226831
4.486173660639415
4.157281257889232
3.3445006405580773
2.5045746993680296
1.4050015243213285
2.8857085756497054
4.762036131466824
5.343271897802114
5.2732989091816025
5.098491186123734
5.580421762279696
5.2599236167558745
5.404314608957067
5.261301927349841
5.313350689078089
5.2662147255670515
4.941313570386717
4.849573867322538
4.820776399606038
4.460365956393111
2.5629791873591325
1.4964210317981395
0.769792931142017
0.8844369556549049
1.4633609268490089
1.2652934240662712
1.4263587825900483
1.715426453235818
1.0648644647835588
0.6890299478011265
0.1252781723274776
0.5230571753938963
0.8885994406525317
0.6263908616373878
4.355338492557292
6.864926710830613
7.329558484585133
7.316298910453187
7.446267925495941
7.924928709337037
7.961573598213669
7.846626639803045
7.7876807592377535
7.843423346298323
7.6156417978932875
7.546721582010423
7.014185600719922
6.484165888653225
5.861169086924064
2.720388652949641
0.0
0.0
0.0
0.0
0.0
0.399138985702811
0.9820946477155488
2.0825847371284607
3.128522072016953
4.813392888898425
5.65096179187437
6.042751266189964
5.900003767643244
5.918114770595298
5.975574733553764
5.916395612757366
5.7393094990260405
5.750783579922947
5.848287359455245
5.283869524735512
3.8514624780962015
2.6799295675046966
2.9088666337956353
3.7370112367564547
4.462835663780651
4.828009203999694
5.05896440315601
4.0385373887956355
4.304079522332873
4.5454493337289765
4.472760391744466
4.904811486481541
4.201202498346091
3.956643339635069
2.817341369554113
1.839097213104706
2.4480194278843657
4.017078084146419
4.631105779364253
4.864780715628685
4.472018388760818
4.3000972485082
4.645011101786039
4.239670797190046
3.7008315301060977
3.4395752294734843
3.5083841950813737
3.323868032951579
1.6785318077907871
0.46177807186654984
0.0
0.0
0.0
0.0
0.0
0.0
0.0
0.0
0.0
0.0
0.2505563446549552
0.0
0.0
1.00222537861982
3.585982621757521
6.053261137121888
6.957527828657821
7.342842012331637
7.553187119285645
7.731854881343095
7.576717133792131
7.680325125181315
7.46923012788788
7.449616342095077
7.0460352793987715
6.832010582907765
6.715719978571983
6.007040435708316
3.7617594953330116
0.0
0.0
0.0
0.0
0.0
0.0
0.0
0.0
0.0
0.0
0.1879172584912164
2.8223385249279374
5.145672180128531
5.447942473871251
5.517678534754189
5.710151890309261
5.630331638596838
5.41332848912074
5.512897394918964
5.029937833949097
3.4885205034144913
2.27245214752399
3.167820451335003
3.8196679231727835
5.186573569048372
5.491273172186024
5.630043569405648
5.371689209768298
4.491360771354111
4.555236708603867
4.691228479702754
5.045274652512709
5.10541121137006
4.982571343725517
4.509831735463903
3.7273744955920973
3.062496772666847
1.4712571362116524
1.6656254232477188
3.5863438110323873
4.138205860484692
4.03980316384942
3.6446400776746493
3.3508758919403587
0.7276031766082791
0.0
0.0
0.0
0.0
0.0
0.0
0.0
0.0
0.0
0.0
0.5011126893099104
0.0
0.0
0.4071540600643022
0.0
0.0
0.0
0.0
0.0
0.5557367011121579
2.6362832659682445
4.921901304078376
6.042138806781181
6.562222267291093
6.750280564643709
6.600800896862532
6.749134179974295
6.651663193633352
6.6123950966269005
6.673602154027993
6.54045276955924
6.29021813485798
5.7780891777546275
5.190629077376186
2.9220543203710396
0.0
0.0
0.0
0.0
0.0
0.0
0.0
0.0
0.0
0.0
0.0
0.691885084891504
4.2157065779267064
4.480154911971274
5.053222654314272
4.849912688580788
4.8728928757984695
4.49521146042806
4.111377454922008
2.5270006565025733
1.8171707001998825
3.180175035724881
4.225053096085056
5.277702326747309
5.60858659081066
5.66942786066264
5.600079066108378
5.356786656748456
4.434974095410976
4.817865453760114
4.7017709484718635
4.989082145920493
4.944174111081043
5.050456878453732
4.756561123019983
3.874110969385587
3.5322253549855986
3.4978672459052156
1.2090691914686211
0.7392760452405808
3.0048754634103143
3.850983169647466
3.66957525421868
1.1215822250399763
0.0
0.0
0.0
0.0
0.0
0.0
0.1879172584912164
0.2192368015730858
0.0
0.0
0.4384736031461716
0.0313195430818694
0.0
0.0
0.469793146228041
0.0
0.0
0.0626390861637388
0.0
0.0
0.313195430818694
2.521751499459961
5.421576595666465
6.4530444565897405
6.833257008541488
7.161659182167587
7.23996282597988
7.213369983292141
7.252822369170358
7.067795270651424
6.861409754310734
6.659705726028602
6.087251905165602
5.580903464635223
3.9570652646529956
1.711307897875368
0.0
0.0
0.0
0.0
0.0
0.0
0.0
0.0
0.0
0.0
0.0
1.0050805157101976
3.9391554416864754
3.9486931403887464
4.188123655819884
4.351922621265064
4.292702728281393
3.7501092230917408
1.8266010530198589
2.507925259098029
3.669575254218679
4.364597125513592
5.632857790336618
5.660567535235819
5.688070717648018
5.8309330994058834
6.003004231334139
5.89161520169766
4.895649674044766
5.180555592602855
5.1102779708348445
5.0875428483003
5.383791460955653
4.70090377628781
4.658998764799142
3.95190169268647
3.492386860104803
3.5676774807057865
2.911797700980218
1.9664484996142408
0.469793146228041
2.5772607055310925
3.1972323861490217
0.7312197023348644
0.0
0.0
0.0
0.0
0.0
0.0
0.0
0.0
0.0
0.0
0.0
0.0
0.0
0.0
0.0
0.0
0.3758345169824328
0.5324322323917797
0.0
0.6263908616373878
1.0051011499823101
3.614906380427047
5.715724224717584
6.494009562303661
7.0258250250604695
7.193443774882291
7.548567460183098
7.413572340707196
7.270636799705153
7.043699174889794
7.1331646298449805
6.96627152996153
6.381918936526946
5.7362475170287475
4.076113488008484
2.1286120492995555
0.0
0.0
0.0
0.0
0.0
0.0
0.0
0.0
0.0
0.0
0.0
0.156597715409347
3.2398278345707476
3.525609684001155
3.7825473023636897
3.6020149555140573
3.2615677500483753
1.7800746526675524
2.3470668279643196
3.8261833935414664
4.2974652266492415
5.043687153056758
5.369633927055305
5.813060013967223
5.758186197979263
5.9227534187197985
5.861521796769406
6.0863907105775965
4.926169306680775
5.207245938592474
5.447253318574266
5.256455826283887
5.200745640919316
5.025668490137637
4.622625305031564
4.168420804450474
3.70447005448291
3.644775478112682
2.9811537816853937
2.975250378772001
2.161557541014402
1.2250787059194908
1.5142495479258231
0.0
0.0
0.0
0.0
0.0
0.0
0.0
0.0
0.0
0.0
0.0
0.0
0.09395862924560819
0.313195430818694
0.0
0.2192368015730858
0.0
0.7829885770467345
0.5754040098338382
1.091806093502635
1.4006236099585352
0.9504565039079501
4.2792022735789095
6.431797787008567
6.801227109321987
7.1895079093852425
7.460430958446371
7.320303466482278
7.516047608285145
7.200365174561175
7.225101004774851
7.367121980141651
7.133076242771107
6.79751532695111
6.160770297137956
4.6823499535086475
2.962866552380561
0.0
0.0
0.0
0.0
0.0
0.0
0.0
0.0
0.0
0.0
0.0
0.0
3.298231091046799
3.1683740340065376
3.4990025310892476
2.553690270814128
1.8393539110140986
3.0846822630219393
3.77305704590855
4.496561712393773
4.6964272514915475
5.355888312589494
5.498462625156168
5.734148939742508
5.922203899061183
5.987758491445304
5.92269919149645
5.9769999548717685
5.043103267115367
5.162218766824304
5.148099134730827
5.451173336605659
5.327833514524758
4.833293003708725
4.502303461235511
3.860067224788511
3.6596156304984815
3.5333400058975157
3.5111914566332816
3.1107733590221134
2.9246264890686637
2.936196186340402
2.3145707311541956
0.0
0.0
0.0
0.0
0.0
0.1252781723274776
0.0
0.09395862924560819
0.0
0.0
0.0
0.0
0.0
0.0626390861637388
0.3758345169824328
0.2308890359332749
0.997847464257027
1.0327835330654818
1.0211312987052925
1.403354941416238
2.3196243269916548
3.1646507541022024
6.034982813976439
6.634002432704492
6.888253294068348
7.3265053068756885
7.532579320090868
7.594143359193196
7.721854803546535
7.4004133349549255
7.586503433490946
7.2439344571569055
7.047522699698423
6.64836523683448
6.555410367472715
5.295339460290472
3.440221776254972
0.0
0.0
0.0
0.0
0.0
0.0
0.0
0.0
0.0
0.0
0.0
0.0
2.9528261636866797
3.4907148837369255
3.6564070782007567
3.5111914566332816
3.594284633617696
3.5029038092809612
3.8857425694736647
4.0050437640232195
4.109016233939113
5.0735386394394215
5.681139859072942
6.196069608258786
5.988331544057949
6.0666252813209605
6.029224684139061
6.038901847020659
4.976046683011684
5.380638128701242
5.289339819867722
5.077611982510284
4.7348217968071005
4.475935390656365
4.116057311220457
3.676597126517218
3.5001171820011643
3.4680090090167317
3.4946161619286396
3.3273151570478943
2.936299357700964
2.887977175348105
1.4682918392143947
0.16824994976953608
0.0
0.6577104047192571
0.0
0.0
0.0
0.0
0.0
0.0
0.0
0.0
0.2505563446549552
0.4734303062267389
1.4158511015010853
2.9334326729825175
3.4611766636404333
3.5728919761984166
3.6911664780269557
4.102019577167641
4.73349969162619
5.261313328651275
6.057645997137441
6.398668216799415
6.869878584674558
7.168062119563671
7.234516310551922
7.5191404395069155
7.44247196761976
7.579774199333915
7.527820472358429
7.322497910018675
7.357288780461467
7.194954424813197
7.088215947972831
6.723415093593335
6.354552657940863
5.081416561765871
1.9072647759781265
1.318456714344077
0.8126681442177568
0.3794716769811307
0.0
0.0
0.0
0.0
0.0
0.0
0.0
0.48312396395035145
3.2716765672328276
3.6385817321461653
3.6385817321461644
3.5350119822653943
3.7819899769077305
3.5286423199170756
3.407064381296552
2.9355975923402204
3.6508180999373305
4.515535262746109
5.1730625147438785
5.738160308031017
6.095159685747304
5.991434724634564
6.233755116077972
6.344648853279183
5.832079204631171
5.505966536343889
5.487374820812119
5.2326043543311025
4.600239508277091
3.8690793165781203
3.8262870754361993
3.5344546568094355
2.876201135355243
3.4563774089286547
3.073649256934047
2.936278723428853
2.7144321164898644
3.2796741057836694
3.3295444588717316
2.721316664857997
1.0231218757988993
0.8243963086721522
1.4375089873163729
2.3711945881372434
2.5199010348177726
2.0371232944115825
2.033548037229221
1.8543866074635924
1.4246688330430088
1.357651832516477
1.00222537861982
1.478490187664823
2.9282060737043922
4.3622166713540045
4.730812717406696
5.160949430227784
4.869822411267698
4.878028328012592
4.750997044149859
5.241511675869588
6.699565492083004
7.055957590136128
7.472162685177751
7.287923836476326
7.432177861887421
7.586902444912621
7.784311042690172
7.683760116842771
7.619633799887383
7.481794082606593
7.4505808755676455
7.395829441532356
7.087194085297649
6.9119522394731145
6.7457537380128505
6.552667015060141
5.519768394964491
5.0129810576246845
4.725222281130246
4.432866692507128
3.825293364393106
3.4800084201152592
2.324548556673993
1.7644547284027923
1.1485032194869396
0.6059621642794997
1.4269161080460082
3.8295018014368303
4.303643248911924
3.8460551987347324
3.4869490059832424
3.3993340594001915
3.3278105796875175
2.8143281970183884
0.7778080055035081
0.0
0.8018738628600943
3.673582794562875
5.142616309091086
5.65656975702705
6.02588358604905
6.023202013275877
6.179022000017553
6.170469201190398
5.46447283447191
5.232768512699318
5.535982181094767
5.157190545374496
4.9304843604377435
3.4467517520354836
2.929465164521098
2.2218299241810686
0.6263908616373878
1.3407983923409488
3.0875101588459595
2.959562557877118
2.598673441065057
3.303969419783291
3.3539223099598026
3.71275770183523
3.097449148294046
3.449246944167103
3.753002398030122
3.8262870754362006
2.262078872140524
0.8673680861142108
0.39913898570281103
0.0
0.0
0.0
0.0
0.0
2.448038138664105
5.043137455226124
5.896209565473103
5.615074775314069
3.7755205123116373
3.0177809056819034
2.7768102881993255
4.338304295053943
6.889417983549666
7.449728595540408
7.359673186699149
7.485409400239849
7.654404627526551
7.78348734596985
8.031523476666873
7.989698209829893
7.869028730715308
7.876713986626658
7.848863712615322
7.522249448678558
7.387889020006216
7.161822310669718
6.95390137227744
6.7662409962048145
6.8152235782856865
6.604744151350982
6.374393843056634
6.147730294995501
5.900674037841742
5.767942110814054
5.2749013454630775
4.394052757479592
4.494858045676486
4.129115302327414
4.146272255186239
4.558310133747753
4.6790141502255675
4.028256040673272
4.133007088695895
3.4706821332652362
1.4733715189379344
0.1252781723274776
0.0
0.0
0.0
2.878534918851555
5.076468573668183
5.722385799878596
6.371063741255809
6.617362763527694
6.261478550378274
6.371777493795996
5.67913263204382
5.447618918245454
5.08421754953904
4.750249346755713
4.4044899970055775
3.2243477439517347
0.5280543180289865
0.0
0.0
0.0
0.49673477494711704
1.6103638284419388
2.5637373722566017
3.098027108022118
3.6300500918928
3.8661098466131625
4.0922367855883435
4.068078811850232
4.356055194939096
4.358320129377251
0.0
0.0
0.0
0.0
0.0
0.0
0.0
0.0
1.477590966118072
5.295155847017569
6.083332804125856
2.5976979768496906
0.8572798975706624
1.1901426371110362
0.7516690339648652
2.3188090832959602
6.698592612031042
7.559424725359026
7.634940358430956
7.816476963200394
7.8101801239889665
7.967075182877805
8.098906709901863
7.903462055091773
8.006396583379702
7.8861750183206025
8.080969331651142
7.975972101941975
7.676699528534002
7.762803358238129
7.35970895237913
7.27918119000336
6.906819201492941
6.955094169269537
6.73838203916784
6.534974668017582
6.526897424773092
6.6022104509983865
6.412147805726428
6.138020646061401
5.9996780264555065
5.672824977759182
5.568005052874766
5.221400447302714
4.9361096687339465
4.366421844265893
3.6718045560425168
1.7061066920600292
0.0
0.0
0.0
0.0
0.0
2.7570882683244906
5.112180936767031
6.010490476896567
6.486552364795704
6.248211627011611
6.38944458888551
6.512797790109544
5.915249507532079
5.467873927792645
5.589034556337572
5.106879582951561
3.8728609180356366
1.4464917930351961
0.0
0.0
0.0
0.0
0.0
0.0
0.3874867513426219
2.473312731649131
3.13286000547001
4.024222843322496
4.548016083658812
4.353815850283715
5.084145867904931
3.9853185706309557
0.0
0.0
0.0
0.0
0.0
0.0
0.0
0.0626390861637388
2.6022990534356847
5.029492897481363
6.0934405279093715
2.8597857662695536
0.4071540600643022
1.2054320314699234
1.4093794386841216
1.1056183065866985
6.053441494567687
7.375029476815736
7.787371204872952
8.03719792329666
8.027634183137748
8.087599171296112
8.275046295126282
8.10642650327567
7.979861395471106
8.059843817676136
7.990943602342995
8.0746998339878
7.785498155251402
7.674196376683861
7.5747624610076185
7.339928009509766
7.406686706708293
7.325554975560466
6.908948842329637
6.763891584723987
6.6086402225936265
6.614806824722426
6.606278998404191
6.241518685949931
6.377875641074188
6.17866512374746
5.924926670413677
5.628036342376525
5.082384985399954
4.445478342620559
3.38424087464659
1.637984308708773
0.0
0.0
0.0
0.6721971418977112
2.2307301928114414
4.594270861241835
5.799221829771102
6.389686296625232
6.426034774829623
6.582683218699271
6.526634255306652
6.628192706845787
5.692370155127717
5.484261796682579
5.054201904788161
4.676818401787558
3.2321794650938918
0.5440844667519689
0.0
0.0
0.0
0.0
0.1879172584912164
0.0
0.0
0.0
1.1448041566719038
3.690588518298884
4.549431607553646
5.101498322025565
5.2140126387993355
3.648012039706543
0.0
0.0
0.0
0.09395862924560819
0.0
0.8288567601233959
1.5059380205394968
0.9335824294603098
2.8076733204020843
5.383164280441024
6.238609940545022
3.1217853916840728
1.5550586855510569
2.516243240546963
2.3674748910500973
2.8492338784225253
6.847935190939562
7.838675304853831
8.167549616165385
8.093022372221434
8.490939280340713
8.488357657790381
8.49925877015573
8.11562460961009
8.159922640205902
8.16584828634028
8.124415773666065
8.053686405795833
7.839598720533255
7.770581945296378
7.6558257574364825
7.6016808952076405
7.429085030665657
7.181111625455438
7.253462103622406
7.173659991185013
7.0663203864005
7.012260944718243
6.569059419062516
6.425652646606486
6.592867864327785
6.54145494351891
6.267219821386371
6.0983925699622725
5.516664087910883
4.953170756890936
3.6529277250269705
1.3712533754260479
0.0
0.0
0.0
1.9504802537075956
3.3953467628410543
5.092585278913779
5.8719275326183995
6.308923931593523
6.288106103915252
6.7135808788390925
6.593632120774061
6.741558023709641
5.913417258266186
5.415638390004615
5.506916021956464
4.461143140059411
2.5103718380906024
0.0626390861637388
0.0
0.0
0.0
0.0
0.0
0.0
0.0
0.0
0.8769472062923426
3.6700033529395135
4.320461959714699
5.319745717395651
5.67812901852926
4.335307313785638
1.8018248887561559
0.6336651816347837
2.879041198695953
3.1506762363690446
3.8212554226287336
4.051686359830753
4.097161734763818
4.317076515686163
5.277594173453446
6.487817708221816
6.808148509000868
5.992824780165879
4.28208284195928
4.454169872528945
4.856224017656863
5.976618001250408
7.6700806880579
8.159166600755514
8.501054414542363
8.756440531573839
8.547646521177217
8.477469626352526
8.456165355221803
8.515531316237688
8.405133588146956
8.216181151747392
8.316620316258794
8.349883836248853
8.150799350475896
7.935729969582031
7.732816337723427
7.726584880760996
7.581559352434585
7.5315494919556585
7.39679698405956
7.231074913966427
7.119058133605407
7.20947492712355
7.127668333851049
6.567277195599718
6.995157141988096
6.772222538538722
6.451516223141313
6.292102965132373
5.926530945040464
5.448899707042837
3.9774099183902933
1.4061894442345029
0.0
0.0
0.0
2.611598180339363
4.010210817268719
5.162426075456016
6.04619860774847
6.4465894330414555
6.4319887113980725
6.7458392366757955
6.700686624799372
6.66791772108664
5.97786694400434
5.755514568080379
5.661923949474921
4.782929193599126
2.895356714618558
0.5011126893099104
0.0
0.0
0.0
0.0
0.0
0.0
0.0
0.0
1.5520613880967682
3.8317723718048913
5.0040899682959346
5.3953098262016175
5.628181919856986
5.78090337387759
5.7709253428581535
4.696191466289997
4.315876594965832
4.399448329560455
4.825592753919216
5.370317010134177
5.675881548507259
6.29187304778145
6.740029510817089
6.81390850187661
7.3111490167590985
7.212987855069001
7.1626424383348715
7.2553191160964685
7.529215859789366
8.044142904887872
8.292084211776814
8.355631957313845
8.70544488301653
8.785983253591404
8.896136450438119
8.550795126022036
8.56893799560388
8.657269287180423
8.701731203299188
8.535812161046726
8.475883910464256
8.604897604995383
8.343153201830404
8.311036126916633
8.24343564153049
7.98731800569568
7.899203366709994
7.764523236224908
7.461186283411823
7.579221846178262
7.516874464610558
7.3828983669819195
6.964427297043943
6.771862648768256
6.92557603910987
6.746459282412329
6.6689198950463116
6.427955043050469
6.030331103124086
5.689983508650288
4.013822089601564
1.7313144415948907
0.0
0.0
0.0
2.320468761696454
4.0067157403910985
5.419150464825659
6.185022929709891
6.452874993926953
6.473837032314967
6.828387140027754
6.86754496625058
6.7539259388164785
6.175086108144052
5.657767003705949
5.944573140913615
5.073656759055207
3.4808919235893847
0.5244171580302885
0.0
0.0
0.0
0.0
0.0
0.0
0.0
0.0
1.6948235950569885
4.206740553083413
5.0175806930085285
5.568826038659266
6.190879648692487
6.4397775332230776
6.328570122649338
6.08897829710299
5.8846608829527245
6.068200614589143
6.254132546675903
6.342193922286093
6.594399670164835
7.01829912919415
7.441032849048815
7.8185537620807715
7.919890343947582
8.046660868682098
8.128523946918401
8.00140662734893
8.064328162238818
8.385030314607183
8.880766402077676
9.044810576210622
9.05452373090434
9.176788931208685
9.023603402883364
8.894363505546927
8.915469191829505
8.788141367561813
8.684563741530948
8.812330874058345
8.72842906214872
8.504998702271743
8.251232127175108
8.275089952117098
8.233515930984586
7.9075567655508445
8.071948750386104
8.013152035799438
7.70150145548162
7.767024005918992
7.7670916631889275
7.460286398154551
7.180584231691813
7.1306181023529005
7.094373091205436
6.926941423500291
6.721886580700783
6.5995355534364215
6.286055321760271
5.709653512104256
4.623345961110386
1.8541526419240382
0.0
0.0
0.0
1.7579993724045742
3.9094929665968654
5.659993362471341
6.418628081227756
6.555291408716017
6.824588096249049
7.063699117480162
6.934448928989592
6.936415441324157
6.226824257502897
6.100587562826997
6.07343718113934
5.299297074684122
3.855438292016167
0.7495270284201527
0.0
0.0
0.0
0.0
0.0
0.0
0.0
0.0
2.4590917790241105
4.279907200191739
5.281547839488813
5.853353482711925
6.199695616986081
6.49996349887211
6.600061892369301
6.295155921247026
6.747486708325045
6.831737954545131
7.021515962821102
7.28841546455997
7.4465999986386615
7.633802905242368
7.95057213445493
8.118521240945409
8.278825176644304
8.637720600619655
8.688454029660756
8.80153241768855
8.849270811567635
8.966264319028364
9.097414694560683
9.313945651554372
9.251461987764877
9.267745085476767
9.362712331411418
9.534171097683515
9.221397766421063
9.080134168004363
9.18267193280139
9.018312442464557
8.943557747149436
8.78758034752929
8.525368130596476
8.692460692063625
8.668676330128807
8.534560991287913
8.000195781918274
8.09318336063827
7.987591079895549
7.730278134678251
7.718469504924987
7.597299973594871
7.096011103958492
7.27891749312155
7.264207028109914
6.8996938242267785
6.831791583186759
6.718472678645586
6.471068427949349
6.031333204299588
4.374522371555462
2.7091593080336867
0.0
0.0
0.0
1.5628077939159617
4.032846563480002
5.84026529450958
6.457707797779033
6.668537766823174
6.836201213805804
7.000547786197175
7.026103744076005
6.962297656207247
6.323261483770467
6.024823953527956
6.191813088357423
5.88709551232986
4.855981579498145
2.971976412313419
1.693689618630839
0.9879745521470095
0.3445149739005634
0.3758345169824328
0.2505563446549552
0.0
0.0
0.0
2.5410612184525627
4.686450346949104
5.925577483203696
6.401998039156113
6.322522479277234
6.689355594501445
6.939418838467633
6.686223779705077
7.06369911748016
7.214735367682558
7.471039207118465
7.712659743755332
7.988186130929109
8.281181878511177
8.535204944955268
8.615226805640004
8.780459042091046
8.962921477938316
9.184587151415387
9.313941280149212
9.375489431199611
9.584452610064973
9.823693818291973
9.795994617074314
9.666936137901468
9.563883956563414
9.806424799949108
9.602997287273816
9.663967903577715
9.566162628854103
9.579404058671178
9.387306312591864
9.135664260708154
9.17235945154178
9.111316333766942
9.041482622348965
8.646071582367592
8.574160322276004
8.285617320440053
8.382837059060291
8.079618241167193
7.941661725281441
7.889214941252427
7.607619038719239
7.550149641473959
7.465205519818884
7.243179132191458
7.05765147410806
6.827710452149223
6.771577240849143
6.680683557473466
6.256493770865339
4.945026407433314
3.431537627413057
0.2505563446549552
0.0
0.0
1.3865221355128228
4.077226304077872
5.688316540892221
6.417456444605299
6.656824608302108
7.030199897247268
6.920893780128188
7.004246789011573
7.111438287427683
6.280555199603643
6.62907592204876
6.453639250373229
6.445706217838483
6.004733332046361
4.717488373788471
4.320593026387364
4.1269961854145425
3.4312103432690773
2.6286737325631018
1.4194583591404761
0.156597715409347
0.156597715409347
0.730437679426544
2.4644544186753237
5.558665431410413
6.375896545107889
6.827819952009726
7.007797685457568
7.066429886261004
7.172679575845652
7.164772079171567
7.259746609677157
7.229297726325796
7.83068831135976
8.16943747773102
8.431318097511433
8.631953973300025
8.852597487000825
9.123754072482672
9.201790211376947
9.346362833153147
9.58268983640272
9.842348139332408
9.896974057355395
10.015533697299736
10.183683338781384
10.327121565139453
10.232361270703642
10.402277825135684
10.327371535557756
9.932286601998397
10.21811717958278
9.840235609559796
9.995396056475553
9.840599223097312
9.454384187972972
9.513704004835468
9.32146431769022
9.152790138201913
8.959242161612757
8.69803562220615
8.416306384625791
8.550961764319734
8.13625892318572
8.071353699352551
8.017105997092619
8.01088391744826
7.650112448485724
7.541310832262445
7.3437565779668805
7.210985577054455
7.051002702791814
7.034719027726819
6.582275838523089
6.176827007152831
5.261459355886098
3.602142069085788
0.2505563446549552
0.0
0.0
1.0311575844325032
4.137432414641222
5.80632594711039
6.66313542114065
6.655941393099133
6.944865353895589
6.858111797511863
7.202367452575721
7.038853787405981
6.649630580260592
6.44470404387881
6.624907692009524
6.615452122412005
6.231776299555799
5.651890900099047
5.527692033725383
4.999515991336974
4.271213351525326
4.334735596299386
3.364439259135961
3.361977559216437
3.978255296062263
4.503970003673519
6.08382486197649
6.25880772248676
6.607757007390653
6.830099941792075
7.262240515775351
7.2727564620566065
7.406052015904735
7.459830535750887
7.782734296025327
8.049460854917593
8.094209484782665
8.507565457024944
8.816050336353495
9.09396686023584
9.037592021838055
9.485504408025788
9.747724614848664
9.897543985330158
9.959020524720529
10.30073300260618
10.30191958031959
10.627687976393727
10.614592625908069
10.837861194528786
10.862265750433762
10.836864073423763
10.62072766920838
10.624597958444573
10.742276478011444
10.770688034597915
10.37630144892036
10.393865110325018
10.16059784237784
9.699268161247756
9.48972101829521
9.651435673561313
9.259854509992367
8.950010649039513
9.015094855912437
8.524928822336774
8.285226914814158
8.300974926790884
8.158571549721959
8.0579559561105
7.699266657690268
7.322761606900489
7.5390659426680955
7.142986017459738
7.13878036442797
7.032151387448106
6.7319522675726
6.378351476100978
5.959779474006314
3.852167724735918
0.2505563446549552
0.0
0.0
0.6873833648960354
4.162894627387221
6.283071099940353
6.593988997044154
6.920893780128189
6.886342652952657
6.878274868604363
7.109853903316255
7.0891992041401135
6.6086402225936265
6.587177097225776
6.7748532663552545
6.667297675350106
6.342839219975672
6.1086645266273605
6.105204469780652
5.570442840805806
5.328008177414794
5.502309545011271
4.784405382373524
4.241792180954273
5.614147116048152
5.86959876056977
6.617481722284392
6.574988103677919
6.937452326133067
7.2005104401016595
7.337134640849792
7.569718831091361
7.588024889709799
7.8003403201243025
7.7978114943971875
8.222906494322979
8.501477544187509
8.730345635135523
9.135435607808292
9.471558748229343
9.691220334990849
10.076036458218082
10.276907917496755
10.215213456873284
10.551719893437673
10.985991122037479
11.19074924184345
11.388496922395465
11.307312696447912
11.45452366499973
11.48245976743225
11.718345599205861
11.487929351320815
11.35391515614153
11.193667422544106
10.990677689472099
10.970178145277638
10.805183030235487
10.786972908987051
10.162779102154358
10.000384798182566
9.97257487508341
9.497000883266393
9.307947225789619
9.085263827625228
8.806074362073273
8.505372525045221
8.336631030173947
8.14337172808121
8.061703787381209
8.128417152978232
7.816449621652312
7.647707284959474
7.3940550947196435
7.274608430882185
7.259252140765597
6.7684771234016425
6.4676199262800775
6.417863824781481
4.878821461054294
0.7888822801356258
0.0
0.156597715409347
1.2770834913370046
4.970646706190525
6.551329706001221
6.915159614203871
7.145482764385846
7.0277417568290605
7.1452190675040335
7.268178659286946
7.310201526271798
6.760628338774354
6.63890369140718
6.782429422619908
6.943446340863542
6.622000852763942
6.602592579221524
6.404741112124562
6.039139764534054
5.78184403676771
5.775540458028624
5.110436407629762
4.756896052784413
6.018833768717276
6.191250221738187
6.630723393698009
6.848637779687998
7.235010779463485
7.281038202477424
7.512147508468074
7.679899593831613
7.724177442213822
7.018239815919876
7.748608148353134
8.398177954313965
8.782805480618125
9.16028796251835
9.505821600895963
9.845521723142937
10.240299337343997
10.54033539310365
10.72672217046907
11.079887111078158
11.48135333112472
11.813877365060982
12.208079547826475
12.344934898978464
12.495152588819854
12.512744815359207
12.753786356421285
12.667991825310237
12.437712265910795
12.446930637809873
12.254171741936052
12.20416228145062
11.88205279402728
11.461147593877596
11.248975312958246
10.838772762714623
10.693538721993564
10.466551460075483
10.075415687935818
9.774640442062665
9.297675531208135
9.2699727911938
8.950571669072035
8.77891049976042
8.545693901930392
8.09798968203463
7.906067915406888
7.976406164558689
7.703623397360042
7.531859760805397
7.162275332245458
7.148432532887694
7.33395410031819
6.791402353463939
6.383396945513409
6.100926773471798
4.597852251586838
3.6667472462284723
3.3128666712722112
5.4238516557052
6.193157352071676
6.506486977271003
6.719637981107388
7.312695432369984
7.008671441764347
7.1941990998477445
7.190982793636167
6.995210770629722
6.827983080511856
6.928620285338496
6.841716380009116
6.768805622983153
6.61662043837418
6.457707797779032
6.534736750504186
6.293796871017261
6.333998279173158
6.436818004467953
5.571107342996927
5.586826733471547
6.473361197288177
6.085125646595612
6.774352179375419
6.994896285934205
7.504036006722086
7.78247059914352
7.679870823313642
7.8608046674025776
8.090754253870255
7.114621885455938
6.362510662984529
7.593412536111749
8.896081045559216
9.355332476240912
9.840410042468688
10.11620340161015
10.711044669411727
11.049581295858351
11.71797744547611
12.21879838310322
12.553273054640734
12.85209918552652
13.12495142728736
13.563705438618339
13.451999691451151
13.694595008018728
13.873330752236377
13.903648787214657
13.581841296152065
13.745088308884831
13.53945715836384
13.076497616657639
12.828771036686305
12.451199285343517
12.087564198262948
11.616894830629418
11.037656897200588
10.724476680597851
10.60379003541151
10.214729618442997
10.001644124189866
9.47735982693613
9.118427065803848
8.937997347152622
8.521290332826522
8.366060879400196
8.030783202346736
7.85055159187703
7.7750413304670225
7.292004967513864
7.39091536351651
7.2963587269140335
7.286484717905381
7.0406013000195395
6.856235867245412
6.716221065551819
5.7855803645090536
5.242961396929444
4.848535048384292
5.9168773151128935
6.485312273322638
6.6406701218131285
6.964154668681309
7.227594910873041
6.8755032507383715
7.186611117775351
7.339101153184354
7.143744183253109
6.879803381496915
6.9901463834249045
7.077432416977422
7.016084469526872
6.715456809105542
6.700304496576235
6.746722451878769
6.61004977672948
6.376898719067561
6.315184519970102
5.893554611423697
5.523082579386084
5.870154147557121
6.028974968329109
6.556074471719516
7.135611596205118
7.402750841211241
7.4419445738561345
7.857747494725669
8.043194346760128
8.064492140161528
7.755224221703873
7.150165023367524
6.884617071631859
7.689871574950261
9.340822932559348
10.245022294685626
10.790138173156658
11.309669527221683
12.081341882189507
12.572253663640451
13.370879042596826
13.827294287626687
14.356857908441386
14.679124260242896
15.099064644317577
15.420692700404752
15.534123971958724
15.471190764891656
15.456679892008516
15.45169117580744
15.148953638620483
14.851990837088662
14.237960109339832
13.898163279261581
13.535679349734158
13.223075499036435
12.72246770856686
12.008834367925317
11.648583752468063
11.172594948493401
10.568300876470287
10.380377148632334
10.007377226780536
9.573730691109393
9.299675217681925
8.825334341480838
8.61726950819415
8.10568508678633
7.804590584374193
7.649253700570354
7.603398391038364
7.373411529844894
7.204073108856396
6.956569053520462
6.961151271537833
6.889277399320779
6.7835758072893215
6.371420617525902
5.926127002862312
5.357897275539139
6.41850912247106
6.43317829896505
6.754561777609863
6.948291728347354
7.250855856835792
7.150399045222262
7.20781396800368
7.24383000094489
7.119499981123074
7.078196673423697
7.044409802694443
6.914464008532948
7.101676619107457
6.79299619647156
6.681779438236791
6.766512853644325
6.539374839740433
6.642818680442214
6.171734265172385
5.565289138626826
5.6283607434683915
6.045698960323524
6.608020176857093
6.508109196967207
7.139271992511612
7.073241786079382
7.357599377324644
7.369899635161549
7.826145686845213
8.12519133927488
8.39508835722605
7.110732689529205
6.912443867556755
6.792012940304278
9.00144513348591
10.681065477250229
11.346851337018427
12.286433010068821
13.016281186850193
13.98093633832236
14.594027279973586
15.561530597960576
16.319255068429403
16.711815588481116
17.105151114915518
17.267699625506985
17.699270261503735
17.51214881020797
17.49884109473861
17.30857951116685
17.199950238274063
16.939887396104876
16.328165056395868
15.861272787121528
15.167004656347826
14.538444226386394
13.681032756953979
13.174441568352938
12.642580442848642
12.001196197983447
11.22359735401156
10.720726625460589
10.439770543400218
9.840657223671473
9.43800336090867
9.162172224820083
8.840408978932484
8.310521669733205
7.930049135140056
7.838552357137902
7.639554645871586
7.235694573068976
6.914526788910857
6.925397888474013
7.281757761762898
6.726186711459326
6.79490683758725
6.5750818104815725
6.24623281048944
5.4872834705550035
6.617465817992376
6.548980595877476
6.581417875273159
6.809294893670281
7.074755276838207
6.95772489708607
7.075738533005487
7.176156738111118
7.195182356015029
7.136932283434732
7.359217324295486
7.024027731880935
6.920511651905051
6.97351918664467
6.6689198950463116
6.95042136918405
6.925412910607739
6.273790292909154
6.186395956159388
5.53249032397245
5.0435185641264875
6.009965325086167
6.29625180201035
5.99092499791208
5.734117829605816
6.65318224762971
7.066796992350411
7.231003382606471
6.473503446063571
7.80998530601409
8.138241554487278
6.104243614185945
5.179506245780477
6.425139725005087
9.319086483622467
11.23908264592163
12.60670705565852
13.497088433330902
14.505486604573601
15.840638588757091
16.715758693184195
17.395551302484836
18.11718591737266
18.81682878881383
19.476988262660498
19.636664999509065
19.90486904034854
20.156604891874046
19.917034525565825
19.979956890561972
19.328452873674475
18.7305675656522
17.95846632852225
17.503482199561045
17.024362805050213
16.415860056599062
15.437749447078305
14.541705836056916
13.646631420988333
12.964954512994929
12.170500527694346
11.341125581660592
10.795318174207226
10.271439472642932
9.724711866739016
9.221785175144996
8.693362599422333
8.269988728025456
7.776851442959718
7.642418768442482
7.49200685632702
6.787534658909875
7.097928654233217
7.30869087634089
7.286712649107215
6.881059266026832
6.930314169310427
6.814578280596108
6.272121080089061
5.60944659246266
6.468663783024646
6.59023412301088
6.770073979909637
6.693755766224298
6.8940283090778145
7.14026418015972
7.139280923992435
7.326205844313895
7.263223771942629
7.10837901906533
7.16560397914546
7.005120545318353
7.00484791695572
7.12455543684707
7.128159961934692
7.04060130001954
6.907269980491433
6.631966498671449
6.560600047594888
5.970220541105893
3.7067490232960827
0.9882904091943447
3.2742159931792223
3.149233354950084
2.9135505832958084
3.288371791102014
6.306977849284826
6.914585980790019
5.4162532012662
3.3826317322948047
4.780997009137102
3.4801381060203678
2.526637617159528
4.5386292549538325
9.233501432003566
12.139404197815892
13.499115633214078
15.150818715539645
16.615486917864974
17.657964326223013
18.73828025042904
20.17988975973227
21.424951567411526
22.41109047977659
23.270597018968388
23.540285172372734
23.61253035488291
23.85417058067468
23.9223862801133
23.282216440794407
22.637414027299563
21.824300375950298
20.842605556535155
19.99001697437666
18.954233808228565
18.067970597826204
17.285054156451377
16.332999728423363
15.017370926213236
13.893130125885406
13.280593952838228
12.301029270130153
11.354620126566218
10.5939787946545
9.675623364045574
9.305591436433795
9.108550065338298
8.298850799639947
7.521467918056209
6.829150030019885
6.104816956088868
6.782890124277805
7.2101207522285
7.137047873948139
7.147940904804054
6.935322685296371
6.744930769519777
6.62047233987139
6.391618399467641
5.3341263592564605
6.247497874471426
6.418577577321669
6.69311046853472
6.714583052798764
7.138561364706963
7.127780674539473
6.98224172757874
7.243934457156912
7.226120026622119
7.349203093394837
7.113070209527833
7.250855856835792
7.178963066826351
7.069746760852264
7.055918983628228
7.044409802694443
6.983280854964899
6.633103424444668
6.722268708923921
5.552750763087924
0.9736797134515797
3.4946839714905864
2.232450473931951
0.0
0.3758345169824328
0.38748675134262195
3.5913551086587807
4.425339862640484
5.341547706886545
6.418526623229239
2.0660120685790084
0.9395862924560813
0.4654152318652477
3.0443102350727798
7.301840721026414
13.031442223325527
15.117242510840141
16.896507766753118
18.447322446523525
20.099973495042974
21.94230116853049
23.602210523354433
25.31730989723448
26.78697632291516
27.788296136954656
28.24246698655562
28.454495135949585
28.566608661480608
28.214843659243453
27.58572369046069
26.93956648628715
26.094463172444655
24.849422944342013
23.506890116236157
22.20188101383932
20.59745923854735
18.978483091285838
17.642605351076895
16.722766953486005
15.435930007667308
14.123775698701508
13.30435351673374
12.167876220411202
11.047612921334343
10.271113220242025
9.254991744975634
8.445751504051621
6.875989301036936
5.587014379064475
5.084637277112212
6.002846126046599
7.062848961983872
6.903917366240192
7.100965991302807
6.8758853789615095
6.734508206377867
6.765892807907791
6.369034141383422
5.819634986048022
4.793545519098542
5.259107755143185
6.485121348933132
6.494867525553589
6.419936627551432
6.970133661278056
6.958708153253353
7.3878890200062175
7.415071151088048
7.173363369451141
7.581491695164643
7.463715955189988
7.463627212618054
7.297569914283146
7.113333906409647
7.27907169014286
7.038634787684975
7.107123134535412
6.749898436420571
6.684466808195324
3.5636174966545067
2.8292244429448408
3.7258845658107664
0.8354293147600445
0.0
0.0
0.0
0.1995694928514055
1.9728582596148676
3.3993340594001897
3.4964309755720824
0.6103400786422929
0.4384736031461716
0.8885994406525317
1.6015850859033636
4.494100741287645
12.864918721813977
17.083849527750722
18.766866459901074
21.06504640855466
23.6809729801035
25.76208578540531
27.926093368761098
29.54430706575906
31.454125879056775
33.02823745137489
33.49414120190383
33.70774689449304
33.7951561021041
33.21786599898019
32.624738342495526
31.843027645326156
30.364513449069136
28.85819579495733
27.184544512386584
25.648987597791674
24.008898785597076
21.970116731736425
20.337393087405328
18.62376443251171
16.988250277399477
15.681991982494306
14.167641051461592
13.018989727339587
11.707586739260071
10.617035674686802
9.34469559339907
7.594982784480936
3.3036709137424136
0.6534125949724012
1.3722368004216663
0.9540632525672001
2.151233467431218
5.281894067104803
7.180089762780251
6.621236596317666
6.447184226824945
6.309042890350223
5.9329457597852455
5.479297857011755
4.385732018431724
5.215144924247505
5.707227533344048
6.150130719321117
6.31423284991652
6.829871483174874
6.948454856849482
7.266404312474228
7.209780480338243
7.3545362211299485
7.663902270951522
7.505454039991024
7.335621150090967
7.369392279695518
7.178235591134108
7.1194999811230755
7.333498237914527
7.305282404607462
6.873483109762178
5.7998686089480955
2.7225883797608144
3.695645885068747
4.977520829233121
2.9130108465619204
0.0
0.0
0.0
1.5659771540934684
2.6988354875901654
3.4646650562809755
1.7615952638590469
0.6263908616373878
1.4093794386841216
2.4887030178277043
4.995944577345056
10.882669277662048
16.445275380893126
19.02904715639372
21.907543624999512
25.061043922343085
27.58259254994237
30.038963966205852
32.62582274961651
34.88446497219928
36.7914365687837
38.1989267576449
38.77943442260984
39.13150127614515
39.22588658825031
38.79169547249188
38.070883344145194
36.90097086569751
35.76958684742413
33.81545600093971
31.78392947538143
29.483790376917533
27.57539416990088
25.218481425977597
22.91094054479853
20.50608921813357
18.51078676314791
17.11223499788318
15.742431773422377
13.926303362501272
12.576558845411379
11.217034047166344
6.619526788220385
3.0888291591481973
0.3051803564572028
0.0
0.0
2.0215055981087184
6.219728475992
6.62243348489317
6.013229860459456
5.200122844912392
4.276752285353491
4.945010359510216
4.907727562191445
4.491525887740761
3.409763028200827
4.970781286976114
5.174520052996632
6.018466147565524
6.226943216259594
6.514538968562447
6.784490412681251
7.1604122291184895
7.16946326963407
7.051340133854147
7.767619056952548
7.801003028427791
7.635266340920775
7.493314056086017
7.2033149430630266
7.308918807542723
7.557842544068165
7.536691173159899
7.274608430882186
7.192196821833201
6.746121323934624
6.801765274488677
8.064820504807395
8.11347094041428
2.5445495942185437
0.0
0.0
0.0
0.6300280216360856
0.6873833648960354
0.3248476651788831
1.1427929453061845
1.0488343160605766
3.449197166008025
6.701305443446564
15.658693568663203
18.885800530121372
22.179814744250205
25.536330101372155
28.669935855876048
31.85766095142831
34.86496654131684
37.53593611367117
39.94012110013186
42.15930113065182
43.970752527263926
44.603496333287005
44.98620210493609
44.78543637427769
44.05867008971924
43.0457054362452
41.89620544138892
40.55692399701871
38.68721020946218
36.824242724777896
34.447211668088784
31.624183823846998
28.765867875973708
26.072337414386123
23.417918547421166
20.70986629900566
18.460808613751624
16.933023020096524
15.27162313424581
13.41964493076199
11.727586693337454
8.266117302738868
1.7675243197465353
0.3874867513426219
0.0
0.2192368015730858
2.326153295948233
6.519346520461482
5.572295919033969
4.272639497453897
1.9094827465403996
0.4384736031461716
0.30881751645590066
0.5360693923904777
0.5630110211095536
0.6336445473626711
4.096778017100658
4.99589690181123
5.871514637341774
6.163801232637637
6.600800896862532
6.622000852763942
6.971840324806466
7.244426085240552
7.358855248112252
7.968190525377848
7.808132227192666
7.7419405806396115
7.662649883276415
7.383881623149204
7.446372067436828
7.679012075398283
7.8230131472514195
7.5729558316274135
7.266173540444483
7.1575512169308935
7.037786258512093
8.359030096643474
8.186348731837345
7.48323584920111
1.9810708174459604
1.2207214258288106
1.1588230940291668
1.1901426371110362
0.1879172584912164
0.09395862924560819
1.4435953874005933
2.1957528554587618
5.731274358618896
12.175412975140068
17.81089898208717
21.53950284026316
25.887770436852524
29.8148468458382
33.34474294236618
36.738671878189926
39.55942139755825
42.5374377801203
45.65441874995434
48.69325623325165
50.72930555603597
52.25226144637779
52.382441979096214
51.92653249125219
51.00318184431807
49.860581496680986
48.06546653576362
46.556366796654494
44.20619548276999
41.134001104827405
38.79029984478084
36.153958583589954
32.676185523559944
29.743241635408513
26.53266498516927
23.41949491758708
20.59883422117032
18.095318429117377
16.516027030534705
14.597980861404736
12.749124254412553
10.782687029836206
5.373988931087526
0.2505563446549552
0.0
0.3611589461244979
4.528690409278832
5.480173551062573
3.100603537145868
0.8601144003889272
0.0
0.156597715409347
0.0
0.0
2.2821459594446707
1.969542486339771
1.036636122429346
4.858325439395028
6.017804085579384
6.363894965167339
6.461012088738562
6.663636508120486
6.983292627273642
7.523232704845838
7.638236161462526
7.928434347774291
8.273094907965794
7.891726517234458
7.811493173772001
7.742013672535561
7.7160606374079235
7.644634041467809
7.898646356377352
7.733971388595505
7.5075278493655295
7.305474570129312
7.109160713440298
8.294815426774473
8.522693231802545
6.179384971994976
0.8143081201286039
1.2214621801929055
1.0961840078654281
1.8157927443843276
0.7516690339648652
1.4596255361235757
1.044415133153558
2.718564699128184
5.885344723161218
16.012345708048006
20.31314340244895
24.764768666328727
29.0229686313108
33.64147608110905
38.01187673731199
41.309503253227405
45.29885773630087
49.05484754162105
52.77943733991161
56.634236498900194
59.47196810880064
60.51144038899421
60.890905641255934
60.10609277825028
58.733228180300344
56.81211385003534
54.82981997723205
52.13010803197273
49.54522666085267
46.57678348090284
43.03518469805107
39.86033985926197
36.71446274803504
33.05084423388068
29.682179903864007
26.427772340293924
23.28679518740787
19.930724563785688
17.825856831090025
15.795300155840872
13.573420649254455
11.595610459708384
8.912037800144843
2.7894639626681483
1.296049489498701
5.278212889902887
5.653506064175662
2.5751920904034833
2.1455686608356443
1.0335449217016894
0.0
0.0
0.0
0.10561086360579729
1.699103357201314
2.300533512231355
1.2900750740614735
5.780950514299003
6.147409387523514
6.377374554094351
6.741056936729805
6.720630696170866
7.155128842192665
7.4956515623423305
7.569020357107896
8.346387250682616
8.278281971550548
8.455936137296147
8.229451368523186
7.9235159405949
7.874144130692754
7.792723674669061
7.8828131185550925
7.89578318699262
7.932153275568516
7.698274870255973
6.782404029725417
8.339907861968634
8.732377849796158
3.935434492850063
1.5033380679297297
1.0488343160605766
1.00222537861982
2.0044507572396393
2.0044507572396393
2.1326253352017206
2.2759861361621234
2.2468222443507613
4.36147914080452
16.849483674919124
22.60208714562768
27.873715581285175
33.195714344306
38.169907614769194
42.12323945382313
47.28129288455579
52.42997395884299
57.08849944370514
60.80798120870913
64.38621296747085
68.25896627800769
69.36665207400897
69.2595060910184
68.08421781141675
65.6121636242865
63.68581670272567
60.683809798212785
58.36480084467305
55.107431192013024
51.11459135747864
47.71771176012955
43.81409343007392
40.034634953329835
36.519963862876665
27.694289935508532
28.84681102674944
25.66516356374817
21.887321389373618
19.37693761899695
16.77730579638842
14.836286595916025
12.576818411495086
10.461756155133257
8.859824475993218
7.162546913603672
6.53524718514505
4.394368023023045
0.8995109206486255
0.0
0.156597715409347
0.0
0.0
0.36586086598436507
3.9470789832785877
5.76639491948297
4.250627952575512
3.7821017844438085
4.398175078982289
6.248319310034996
6.599441846632768
6.526659507259696
6.730226993411713
7.014227457052808
7.115901546688356
7.482193094028274
8.661509342901272
8.733343088981314
8.575226173502172
8.218348475325094
8.141761090389112
8.050007003317345
7.99424799367892
7.9348035643967325
7.937515122682693
7.953274315422826
7.806150081293958
6.853931363787676
8.464380948202761
8.9245842983858
3.335685473708687
1.5033380679297297
2.0044507572396393
1.9651161397962786
2.088912803395566
2.1398583866548906
3.2574223851588737
3.72047230002776
3.8984710189855547
4.104203906189489
14.31529136899387
25.155266971902535
30.843925395501753
37.001787664600485
42.26693931459571
47.87675806277118
53.559201659387575
59.56263751864019
63.66006786196827
68.1259189707392
59.48183232404055
76.35227628061058
78.87147827877062
78.09612633014625
75.79810691496294
73.36175733292502
69.82327279187231
66.44207481082397
62.748884056986235
59.527533613166405
55.84492993308438
51.30431983178416
47.56226828376964
43.283098502548285
31.895259572525106
13.224606806555233
26.288356958449658
27.84966159111371
24.11594074641717
20.6056138577625
17.899627779561698
15.710024220518351
13.328020905556599
11.13801552546457
8.939994696982334
6.999390407968463
5.319042877154826
1.2103646101957248
0.09395862924560819
0.2505563446549552
0.2818758877368246
0.5011126893099104
0.09395862924560819
2.726094172946603
5.4214162862498485
5.746215704495254
5.712283943423818
6.176924224738682
6.43886906606706
6.493364264614082
6.620854468094528
6.5750818104815725
6.6757317948646895
7.025884744354998
7.319672649768745
7.501062312090308
8.620721179380133
8.752549931062928
8.913746198581839
8.607463090214521
8.516344447270864
8.263592235498585
8.226781734821376
7.9450393901771985
7.961818319249535
7.799948240900545
7.736738237327447
6.856434157260861
8.468537570801677
9.060276452840476
4.504680547774956
1.7538944125846845
1.9607382254334855
2.0044507572396393
0.7516690339648652
2.5054555661835454
3.4126376358561448
4.380921067266721
5.849701401941257
9.606948222298788
17.756628514935397
27.126142661401584
33.793412958723394
39.96874749731283
46.612494711242135
53.6769951083
60.001996417993126
65.14403339207068
69.97402033839998
53.231351559127255
24.356352400769474
82.16802745201961
84.16941979173615
83.07227619417225
80.7302686271692
77.01750607725431
73.0430579703155
69.90304196490763
65.82806705889911
62.06672705547015
59.12857511607504
55.15481068183422
50.10701214369203
38.67382638143489
22.176912592686435
23.734810696261256
8.911005493338603
18.199850951422903
26.210020673579884
22.307470930834615
18.791795173657597
16.51297047399957
13.909867953321045
11.469424500890563
7.201933713656578
5.108087492075732
2.6243211563612525
0.09395862924560819
1.3780598956022523
0.2505563446549552
0.0
0.0
0.5637517754736491
1.7031987800476058
5.917428626554694
5.779910593691772
5.870042422899881
6.432201376958424
6.3980481710628805
6.501679425371967
6.520730822644292
6.813103396345183
6.825098114709708
7.1803473690091595
7.318633575881581
7.342314618568015
8.912476118330513
9.054146152546283
9.236996467681378
8.9426241738775
8.859808755981389
8.621750255582679
8.300328884987424
8.312213731606517
8.125395984682537
8.18116658157626
7.940751085226399
7.385397316728595
8.68072594411279
9.15034803449815
6.246154998512169
2.0044507572396393
2.0161029915998285
2.0044507572396393
2.1792342726424754
2.272452147523989
3.7068821989919076
4.9560207930634395
6.197257249697584
7.407552182424912
4.456370697627016
22.39219008415219
36.02840101784785
43.10464753177827
50.964654442414336
58.401317572654854
64.27249165043156
69.53962149305545
44.86421302959365
19.73543825410028
35.3802801178341
81.52724080586117
83.60203022722062
82.9725891437572
80.41063963145427
77.01186087990207
73.95739217642122
70.58673036349822
67.19270390626502
63.42951431313836
60.66364199243244
50.6709743098143
22.936372477333116
8.690402151410053
19.46901416735206
26.147806466165562
23.98797692927703
9.735318594975201
23.551385483952128
24.12577015393218
19.94097538391864
17.163254939423503
14.293969134164621
11.161787240988366
4.931783897296366
4.051458120704928
2.941341032342508
2.0146214828716373
1.00222537861982
0.3758345169824328
0.6263908616373878
0.5324322323917797
0.2505563446549552
1.1010680491409846
5.800377877870679
5.79227519667528
6.267075610676629
6.389970927818391
6.35681989588252
6.668537766823174
6.548216339431199
7.095847975456361
6.970966568499687
7.314856951054321
7.54138773528433
7.734897793780792
8.880927702875622
9.334483950769572
9.377088359090038
9.296737217518086
9.053787504690373
8.826156590290285
8.512360882897463
8.368779597020634
8.379970003483772
8.492540471383029
8.345399491686175
7.345045561976529
7.968234159535748
8.486807604108915
8.147642985651125
2.7327269100518827
2.0044507572396393
2.0044507572396393
2.1792342726424763
2.842998945731001
4.145242081186248
5.047865765483219
4.452264613865304
4.511805164016895
3.8875398959576097
4.610266829762084
28.565252109348414
46.01810192918713
55.14747724947383
61.68089662692574
67.8318044732845
64.27647987408268
19.147949994458966
15.536462989315199
6.755628529526614
46.31837801310579
77.59108408289617
77.2610968035407
76.1943684721016
73.84045084649276
71.48373114554065
68.97551556819097
67.07424709912002
63.98383655419495
56.30997146850732
16.941062743236678
4.700871600729475
4.61407393902161
6.522515220923108
21.12421060729692
28.24064155381295
17.17736751128955
15.460150707747207
21.50354076767583
21.15761619464436
17.578345545871056
14.440764039526535
11.072442281499162
8.253539650495801
4.549139835022142
2.4582067661983804
1.9651161397962789
0.7516690339648652
0.0626390861637388
0.313195430818694
0.2192368015730858
0.0626390861637388
1.273359366592922
6.498197627354413
5.936011702343811
6.458327843515566
6.667545051759697
6.6022104509983865
6.707498524617752
6.778552269169653
6.7763817792478065
6.93184268220298
7.341982231154167
7.4745521350639175
7.53359834193813
9.257414252776769
9.391128228745355
9.790336504321312
9.61327048276714
9.227396192185822
8.978559371003897
8.757746658085189
8.686473932037662
8.717007801435717
8.78777830761523
8.675394936021943
7.838967762760464
8.361000988770003
8.215468333431414
7.6060807691233965
1.4213650713337938
1.8085184243869319
2.489904533281442
2.5984670983439324
3.6020149555140573
4.254277922452904
4.49417478341184
3.6706899051305992
5.075380360966721
6.400541491896369
4.957717705185251
10.355807453023395
42.72617582680948
58.27086899557931
64.46260886727607
70.06993342949092
33.93566035117719
19.423734067072406
10.490258446999393
11.116367830927665
7.15388059570998
33.7794827457136
71.194358788777
71.1903714401225
69.56444158759749
67.46539517031533
65.83563628300146
65.06129282050595
57.63208852399092
17.399609427356623
11.12569197177546
9.770497503610446
4.923677711887626
5.711351501332267
18.592304608877992
27.44568038655607
28.87254504069162
28.680137949687847
26.650660672237443
21.705035895405253
18.086477494913773
10.251394547867019
4.778742202677339
2.251534859803902
2.5553848049464896
1.9358697108964666
2.0044507572396393
1.00222537861982
0.0
0.1252781723274776
0.1252781723274776
0.5324322323917797
2.9599506594917666
6.71369983759579
5.8717072807302975
6.158348383049024
6.410525586030222
6.399500928096298
6.723032965370196
6.7212854527566375
6.935745662604656
6.950803497407188
7.32132248832954
7.6166608197405505
7.842828295264774
9.43239962925984
9.590751520086794
10.02994710642627
9.724896926824025
9.460976827391727
9.166689002902162
9.246404136537073
8.93799734715262
9.02963787490814
9.149347393824819
8.924651365787199
8.31489762463138
8.484771298947285
8.34992883705396
3.666938635154718
0.0
0.156597715409347
1.9956949285140526
2.4355008914781853
3.358866004576369
3.9340920703357125
6.947738932929086
6.253045608102744
5.853284675633022
5.716064367935107
4.358596979920641
25.50198349044147
48.06751996106727
60.66139142049954
67.19661632779204
71.19052950231678
63.63162957162447
17.174421072010823
27.32545206803475
34.920218254462505
12.332681255355464
9.059360103215173
64.97813338476757
66.03322184253457
63.47263435744823
51.532449018145996
42.98474728860085
44.27473822597701
21.919873719798563
15.815059446826787
13.326509789758301
12.180111839458048
9.931913574881243
15.569279083236296
44.38059696426385
41.52537844268392
37.09930667825784
32.344546154206185
27.685442833203833
22.410474970828744
14.618321846104099
6.243653760735433
1.4690944963948274
0.8143081201286039
1.2360108201876974
1.1275035509472975
2.0044507572396393
0.9709058355379506
0.1252781723274776
0.0
0.0
0.3445149739005634
4.533988999555201
6.618887844524796
5.4789184375634505
6.1781892887206675
6.459567934988632
6.819523709044229
7.055918983628228
7.165225100747308
7.1632971949206405
7.28569362725995
7.6269230338829335
7.588024889709797
7.616432888538718
9.64997338415612
9.726894758716632
10.063313964752476
9.999878725780308
9.585442492354574
9.569429612980183
9.398021352421168
9.446475545175174
9.339146823754469
9.47492248718817
9.150822106526112
6.542460909529368
3.246615006397616
5.562275857140427
5.464601600706753
0.7164889113436382
0.5950713185555184
1.5689674630014396
5.5792699229208
7.431939027362187
10.543141810212266
15.758679905647842
15.499271483012587
6.766703521516518
3.176552600979667
16.231630650937873
44.91846176297271
54.744316544779366
61.89044152475131
68.41894791706959
62.66882930774976
21.324621095486208
23.505327526946754
26.56250265007366
31.85534613125183
33.56744719808176
45.75379643181371
63.20875881580788
39.885436891705965
12.806244669180552
5.912603768105029
5.80091707614273
6.404585346237381
8.022972873152355
14.49800622890904
14.77124085298535
14.308646822990323
12.216371896463356
16.75407726677448
30.65202920226016
42.071246609374704
37.773470608205535
32.85176407685824
28.36651010188363
16.241744103287946
5.926413334496789
4.736198794439744
1.376516484057724
0.2192368015730858
1.4733715189379355
1.440698981765991
1.97313121415777
0.9082667493742119
0.3445149739005634
0.0
0.0
0.668103395331104
5.606987967960777
5.644314205608231
4.997596808363937
6.00584920365568
6.340406309597552
6.816488921711798
6.589112990294511
6.8921712966037525
7.115792046827855
7.2993084954158824
7.636187311480048
8.041199302608824
7.933188777030977
9.725643673796565
9.91419223339076
10.10379141846612
10.047478053691659
9.793193196358207
9.72122139115485
9.78870879259872
9.79475228033052
9.629859070456739
9.48139970243487
9.452278884728862
8.683145191390746
2.819200630971002
4.562224553803975
6.408972351028007
4.922413805103678
2.609982391010125
8.58592468988217
10.821261674989216
12.167155201432362
13.924100585357198
16.226738553157933
19.186248584825204
8.681245109594343
13.731409805625503
36.65468400965171
46.457425809544176
55.43929346573335
62.50391502332567
68.042538911552
26.287756133252284
42.55214731814154
31.70570586735159
21.7489622925997
22.335761769063296
38.166303013966335
60.85315683918841
29.849847889461255
7.338539493495805
6.402908359701741
5.426412635251985
5.108980566555793
5.289167853360872
5.830201491726624
8.38586655138595
14.76212739155656
14.529366081680626
38.856466605381826
50.54182879412799
24.94779955564413
36.43126664312956
38.15820965272115
33.489935350007016
28.896177292706216
22.2642293754907
10.64263242680089
1.1215615907678635
0.0626390861637388
0.0
1.2853537978411953
0.9070075056258701
0.5324322323917797
0.313195430818694
0.0
0.4384736031461716
0.0
0.0
4.205347938450394
5.644979441552414
4.713624684182354
5.6835333626549245
6.442653261723829
7.033516771838529
7.0311681312808245
7.045064559280216
7.3771881546721545
7.53145687529369
7.7415889872369155
7.905510905074247
7.676232859842397
9.590885011572254
10.103417177752487
10.132167148996423
10.387237093907535
10.069112657370384
9.971698682511136
10.170456507368252
10.301171098892317
9.949187886260127
9.725394758139052
9.437377818448631
8.89520349019416
6.748554850298428
1.9351635947898802
4.3955959248206105
5.690986043784248
9.229607912329381
10.73593809971864
11.498373531490236
12.479516539665394
13.869595454878352
16.301865805546342
14.084143984939317
9.359347553074485
29.470037704740605
38.41868582110939
45.686628872786805
55.18926653500984
62.749121458399166
45.1220064416399
49.97676090711679
73.7153126532579
69.5246014636102
34.61223892749343
32.87925991016422
61.91162929833935
43.87214502620566
7.354441837461156
7.224576294465284
7.680553842113204
8.11491686643261
5.729176855203258
5.039919011106079
4.65088660462936
6.018051846645708
7.871825324310816
10.266335115103843
49.68041404159206
50.86636849861174
46.46523847462258
28.431677241780747
38.228274579000534
33.66419993898975
29.078528313245133
23.730863011133703
17.320625033784648
3.722979674023712
0.1879172584912164
2.8229695648808693
8.828847239249436
7.749623669269387
3.07429431253873
1.755962830144212
0.9730370145099503
0.0
0.0
0.4836054350009065
2.6449140490624474
3.21778127068045
3.5980849774732815
6.443412272725972
6.728971108881796
7.0574324743870545
7.262350015635853
7.260229306279975
7.237996313645316
7.381284294101105
7.789003793688662
7.767551399682618
7.965850086653006
9.571963707560894
9.891991822280882
10.156119945250854
10.02402720929587
10.149442673971784
10.235584271275654
10.251407294251914
10.05876093324272
9.938598525285217
9.667141562046137
9.226253246045811
8.875354329956327
7.728591556872602
8.128096731134145
4.370444980990959
8.216702988421071
10.082596520347822
10.741451370928923
11.2472533208037
12.163969397023424
13.694020332147165
13.157319508980207
10.8325728553237
21.673754244790743
30.061043025246438
37.55816521156544
44.36491612011739
53.77877163523955
61.90272739017436
60.10052998103917
71.89483384627158
73.09318537836806
71.08905955886314
67.15773538328254
63.27109551821838
61.23054435098826
22.332073907471038
11.897979238424485
18.194350565846904
17.554664472533904
15.674990870691078
14.143921168437014
12.215847473901839
7.507322262943406
5.107982064796681
5.686491941593163
6.906709701632438
34.751592163689985
50.69377767416589
47.212356772363975
42.40599232355067
37.89414126200386
33.31321531775689
28.658772155210666
23.92828818504671
19.676233087721485
13.635213973846657
2.0922228633367768
10.726704615087415
10.714073740895495
9.39594863662975
8.455470825148709
7.619109502764754
7.18259407908337
4.964804615750995
0.9387355060466684
3.2884980770243035
4.104647324325154
2.442391369834082
2.4337128663147793
5.6360571370399075
7.115300418744211
7.242459572905983
7.256266606583768
7.133606477362651
7.332656701211143
7.515085437419868
7.720242291201707
7.998074837427573
7.884276294822078
9.305509513547886
9.759454483407255
9.862992935379433
10.063311578663596
10.249666655823518
10.360422181804267
10.48558635947366
10.261511244090475
9.926862150094127
9.795313967218057
9.481909820722851
8.818890957575524
7.762254534346758
7.796201378080439
8.540890298963602
9.251731143215906
9.87414224878714
10.622927650826991
11.154119042172324
12.015334290733627
13.448228870399793
12.796820639270823
17.63014767726782
22.30704137295102
28.306284075961727
35.71529963464956
43.08966598027546
51.804239671620834
60.02898919825149
66.46288578496892
70.84834625064913
72.31731015977297
70.28694079180659
66.27725942416762
62.46741925655452
43.718464080526225
13.45372659090426
15.647367179877701
15.654526418418312
15.583022795430697
14.731130967796991
13.801399837342267
13.524731623607414
13.588677975852736
8.838428168895145
5.409962885222391
6.612119924329936
29.99514664769955
49.778689481004186
46.55780001091216
41.568086631898126
37.18403817864941
32.477865659100225
27.80777758429631
22.811843009170666
19.00384913777357
16.605791733379988
8.46024458375025
5.653009531579063
10.525879557530839
9.465128981038577
8.702881624484402
8.015750432487977
7.428785568103862
7.20781396800368
5.24213067519826
3.3865208864832286
2.786926470380941
0.8076906539981545
5.926000246418374
7.116431781279899
7.345338759257743
7.164016754206112
7.340348106233451
7.342566475899772
7.690355534031833
7.735093833392679
7.794636518408443
7.987478994112518
7.919794023294806
9.329703108638743
9.566423831484562
9.977240218384297
10.159356301813316
10.12443101114895
10.21617161844642
10.227593955858643
10.006249732461862
9.931154987136107
9.631410639633861
9.213825654140347
8.410954484760008
7.545865936542499
7.206231378361358
8.197066932456794
9.106921020786656
9.768466857096964
10.399201745318587
10.882226670196605
11.823778737932601
13.270340270825844
14.699890274871292
17.25635885261131
20.5574709618191
26.378269676606354
33.365438488170504
40.546097087848786
48.773580560323886
57.83166266347003
64.20171259375472
69.06370016818634
71.75021685117247
70.1616741523151
65.90220885587536
48.852626566456784
14.8718722690189
16.88537271041029
15.782951351649823
14.2687933586538
13.838908204235802
13.38160713940349
13.381419726899232
13.301440264960803
12.464215262546778
12.673313090573497
6.939692921134135
6.291610624591054
35.308118036199254
48.4565741834936
45.15439943560189
40.22513249192925
36.23178040734343
31.409897589876355
26.77423363014031
22.087859577980993
18.485453312906486
16.013584307301198
13.446857150530402
6.191349361565973
7.329018765345965
9.602411678074528
8.617759771794358
8.001912238817024
7.670957424634279
7.235757172948108
6.789454647686593
3.1140181946661816
2.0813542743340983
4.837345706527931
6.627701078762145
7.124946496551033
7.453628695357481
7.273325712153111
7.55938895967905
7.409987881401787
7.551113309911133
7.539329639549905
7.537120515635539
7.642984202907019
7.540063879213354
9.268900986018286
9.545293491095476
9.851454633538356
10.113641190735152
10.292260130047596
10.2418145535472
10.237640673901941
10.161482927671505
9.685483111856561
9.209598261949521
8.60703996056937
7.71980569415264
6.544450961830208
4.810917184252968
6.825630936875656
8.420460762689222
9.058384294341096
9.885688717057556
10.61668569370704
11.283925180869847
12.404410825528629
13.89499641424213
16.072509670086397
19.07199773199151
24.154285836803044
30.427683820288184
38.06328353559958
45.273743805087975
54.095057279821404
61.36165332720016
67.09170166664882
70.49732926196683
71.17843390852191
45.4924164389668
12.14381275337136
12.608604364408073
15.83662818114913
15.730161230297398
15.214261567457255
14.280909024069244
13.16912266895559
12.650168752411604
12.148783647958028
11.229582526982501
11.68529155860648
9.407532554047913
5.83224042461105
24.00514528538858
47.215763182022364
43.704184468707794
39.08423109078373
34.80940694847723
30.11095588872995
25.44391082562299
21.229757220160153
17.913300485958178
15.614213189501529
13.507528429689573
11.476672481130919
7.908494541331278
9.231313358120511
8.566347299978842
7.966727349110867
7.566381890717894
7.015668401377616
6.739682093443189
5.9672793990444495
3.8197142629881244
4.782406853383625
6.288359779643749
6.756547677302859
7.274081037118564
7.359145792935524
7.373675226726705
7.7135184916707
7.643842950822384
7.564272315663412
7.489977115712545
7.432639095953012
7.637014167805463
8.94509224186012
9.233338626831832
9.693607080658932
9.718910788032227
10.104603755465897
10.094999268045019
9.909139636111236
9.498802938555235
9.545606262325496
8.983660269756738
7.7988407151825765
6.432969253865186
4.104789162060512
3.2483614221418864
5.650168792423363
7.010131303881547
7.203764256850202
8.361758862361468
9.244957711994584
9.5175913846976
11.36131406331459
12.836772801487971
14.88930349245576
17.47761887554953
21.429726688808284
27.0512285722444
34.376450031215754
41.66868421000186
49.6279183609677
58.34461239149359
64.56485083789609
69.1644894846743
62.214627287122795
17.34279132608157
14.527260752791229
12.368246580819259
13.726678961134825
14.953646552452682
14.759574476903545
14.492848222183166
13.696836442626326
13.569582379573182
12.127677428526164
11.00483499013219
10.65392965604879
8.843364470012364
7.142166025736742
10.086710193204741
36.88039594831672
41.44001919278495
37.89090995968234
32.93131043135215
28.138135048398258
23.923450540383623
20.016624971356517
17.182976659058312
14.742102640630028
12.777224712679246
10.938980438110518
9.816188924137219
8.776906075857154
7.871104207760931
7.346621885568154
6.061785468519047
5.069886950492847
4.2878460060806445
3.1720775293005805
2.022028695145752
2.0667477943809502
4.089281209079448
6.0100664052079935
6.880361110618749
7.227517288860176
7.451099023579314
7.365734805200561
7.5865034334909485
7.6320700867490965
7.42163623722315
7.692274504100464
7.359713996027614
8.928079560008936
9.204822509766448
9.500415216305093
9.47548319955602
9.909835540776282
9.795312232763324
9.69626642563787
9.40162568172318
8.782290000138456
7.952995506756381
6.142323083186094
4.021547882431485
4.2071413744634105
6.349817041615614
7.38441406056131
7.702039655533182
7.7250579899161265
7.965044373046525
7.926162548214018
7.53545344097149
8.616495565970078
9.68186153830179
11.29995896872513
13.907060239365494
17.87583658152915
23.35394915741866
29.959987128224736
37.542890226736404
45.231969827103086
53.516215540095764
61.24939579465687
66.90670875293138
57.184118814089544
12.41235360683292
15.566665405247216
13.367897425682806
13.8677938712525
14.995379996681116
14.091351251305353
13.96562225149587
13.815129406047578
13.354020843580813
12.436033217843953
12.046353663129516
10.355747497683705
9.784165566954751
11.564193938922855
13.25972530282818
25.238493085047658
22.39355155296927
19.42491528321747
25.829812143942377
26.388774255167416
22.34700902672444
18.37215506321168
16.138596033519782
13.624033656352315
11.147177629732738
8.571863437203815
6.758582444609383
5.2829839622504435
4.296745838422668
3.9939316586276896
4.5296360335633015
5.294370301457883
5.565106320308385
5.3853976018789815
4.394802605850031
2.8504220330865535
1.927093247898768
3.48159394508044
5.801944469230206
7.092014991751536
7.118889921698104
7.229600029715504
7.542503316485607
7.551309349523011
7.537016059423512
7.720383040367597
7.434495780413634
8.846817599069531
8.745813684211342
9.126737949272407
9.422871446284322
9.142208217364301
9.196893945074063
9.046614510499303
8.578398874812763
7.219189195422121
5.979176310764863
3.544339129286259
4.777175338444183
6.599551404958717
7.531068670159959
7.729677649018679
8.001867810303919
8.412559148124213
8.723600508019077
9.031986378871967
9.158615008707452
9.563081445789813
10.27988377968385
11.273377634410634
12.111945298422524
13.345461290802639
15.594715318392028
19.349797465399284
24.59475119686795
31.259095055612732
38.81692269350958
47.54175328670031
51.67055227991657
28.283870088429403
25.97933553581536
14.314850993586925
15.436389031991812
14.671897408853269
15.505738062863744
16.29852028395858
14.807100955028753
14.476212401206933
13.353759744214605
12.324065914635629
11.845326872102662
10.371849941370694
10.409060812688601
10.910993276814862
16.22426238397649
20.699578175165843
18.09862455493115
26.47206463365424
22.730818387142605
18.153695706311378
14.191018302141067
11.227357176286143
9.159469736699593
7.600082478042768
6.75785982977817
6.704895669074302
6.592564829355699
6.76831850642022
6.598702842139535
6.4465894330414555
6.295548794351821
6.212638150135154
5.701593224153368
5.843689019455613
5.485991787849253
4.850556133932272
3.658258415974823
2.0319220885962443
2.237739777887188
5.179453931277082
6.5330781959776605
7.257021931549221
7.297114051879486
7.320795094565919
7.369775126909631
7.127668333851047
7.238487941728953
8.38525154286726
8.430365806556827
8.621222414186946
8.88731418213616
8.824944697175493
8.590929634990587
7.9899808255203
7.111636147519423
5.163447642530305
3.9270983164793787
5.408226689067975
6.8438988149121585
7.657653467612651
7.921078170993757
7.934475199750864
8.336594093314643
8.795411468450755
9.311034239778445
9.708559715538716
10.096088009497796
10.852624599878933
11.628890120904597
12.830703241094279
13.95310471087324
15.93293710265273
17.932884584005954
20.005581310266486
23.28660293466763
26.699661792900397
30.043639092625654
31.10608465174642
13.42131331900959
20.616506969204814
21.417519044334345
18.07202125161633
15.524526871470005
19.800154875511435
22.947903689519123
16.89199584518106
15.040118031718743
14.552248978682401
14.34651429287264
13.517124631825004
16.96115567024774
11.85573045304441
9.016074972442636
8.727873013337422
7.743470368326972
11.893325973990303
15.637248451725293
16.435450242272708
16.230459515948723
15.296735837355195
13.965250327593726
12.468474099173731
11.192919767487071
10.266087206483341
9.268115443271931
8.486601830818223
7.753071634500357
7.411620445786511
7.1469576486367705
6.950803497407187
6.7763817792478065
6.479120419240793
6.101517491709735
6.019644738843315
5.813005786743877
5.82138076260972
5.606401385636204
3.6868240698345067
2.8011733879205867
2.187842847438689
4.472458393349609
5.919199032542104
7.085103050968849
6.934120429408081
6.88612365323165
7.081140351272643
6.930649357795513
8.200794141599756
8.199916794614412
8.069304849370079
7.967434485927458
8.02791364514981
7.330205344312902
6.511879452245392
3.9450607067939543
3.3103674273638095
5.866790688684107
7.092788707094009
7.687189673878209
8.14328970594244
8.405869273590467
8.375860956183088
8.61130622513243
9.296345068376032
9.672878785180425
10.211678321965543
10.71855308555273
11.50577092429796
12.61150975314916
13.617140494235867
15.262241109523593
16.865167609760622
18.652046749140837
21.324731969076876
24.594654939752004
27.60691027228612
30.082987758218845
31.785230292289
30.640980385473277
9.805510053508105
19.835159394094717
18.927369189742407
20.471161116365526
24.201777702454585
31.763042818280205
30.912788704778674
25.808800246586443
22.966448024420725
23.12071136568864
26.3159800515556
26.59567352284834
15.600604387998747
14.321628183440586
11.547609695183077
11.970379200301359
9.17802768619388
17.454706542769333
17.30397691993536
16.76417189285482
15.899979989953755
14.412819840215152
13.27464399197363
11.731457548239439
10.921823710488935
9.983294208111774
8.982209292804828
8.550363969263593
7.908541450688008
7.308690876340893
6.9101488556406805
6.707498524617751
6.7145735939025695
6.376491338891379
6.074464327607931
6.240329098382954
6.3001549564238175
6.093894621765318
5.810384308522788
4.706367707643139
3.5072695441694552
2.5489064594464805
3.7941368362697943
5.261112726489213
6.206637220442816
6.905741467598881
6.677260307757241
6.813595024428825
7.295303939386791
7.493805684169661
7.557051453422734
7.083956666299434
6.72680692540482
5.4932844820245395
3.7877820956527692
3.893380253296191
6.0285775683823175
7.041738215526438
7.906331612288696
7.973108932557245
8.091510293320646
8.47494505410162
8.652888802004076
8.911775938376564
9.29490420591697
9.944080326129491
10.253648639818477
11.03861582870327
11.806291789690022
12.799691882565917
13.789801499941696
15.386943214086502
16.92617996887766
18.454303919982305
20.762679253382824
23.717171850624126
26.83442668742916
28.621463073590114
29.959151506162804
30.856890791693765
26.347103862481266
11.01376042349184
10.304992235791415
22.94271546404997
25.782148227608847
26.574927387453464
26.79970710467061
25.90366745592737
24.568882402811468
23.17333462970684
21.97680873371357
20.360438896634435
11.845688433245192
10.91038459416794
7.5094183404578265
8.061551260772196
14.485723699233674
16.875272290315888
16.752290595565977
16.049253789353546
15.074738717976501
13.861764441671616
12.829600218061781
11.691975448119386
10.887441716759335
10.078832984039671
9.234657412809906
8.641651627737382
8.140178280359113
7.497513618464879
7.069308761410247
7.014500085415443
6.458064674049126
6.411816181409378
6.081989979966493
6.044113547757802
6.268171491439955
5.9942135149935885
6.006139897963258
5.83909067945598
4.963077259640277
3.9329517114247574
2.5655465683545646
2.986454724759609
4.782131688233705
5.875835899650763
6.351103876827468
6.479120419240793
7.063589617619656
6.9916212676758285
6.712061824842734
5.723042479997354
4.396264350795557
2.841904929091199
4.375406949669406
6.280284221579907
7.155912663020157
7.6174519103859755
7.811718829952902
7.836500517649559
8.145347933242975
8.385756336613184
8.65209438865357
9.240995840628946
9.414399634511597
10.187424501197254
10.415295932664197
10.840094567881168
11.797677182820276
12.848595079130899
13.802495763439104
15.078692144063165
16.617016542650592
18.100916336441323
19.976245377475827
22.588867694080225
25.439750947847507
27.154592422882693
28.457113949207297
29.100014949506317
29.116085671246
27.717152184451574
17.81544949209014
24.750289621329955
24.91329659827311
25.13254008583271
24.661876518398977
23.585482733313437
22.573129748714297
20.98365336655214
20.03695474100524
18.846549273083514
10.391935401097387
12.13798101943251
13.913166190551323
16.634590187677453
16.689984553836364
16.42220121317087
15.885901398173978
14.983437892283705
13.875899110087529
13.256476753361838
12.20885037265931
11.48848186828006
10.84594110453165
9.891981846738922
9.286043019508194
8.637412841550589
8.09102433856426
7.557842544068166
6.978761724485349
6.7582388491315
6.579006147177634
6.5782816849857655
6.521495079090567
6.526540548502998
6.176924224738683
6.011654247747146
5.942140230535497
5.892523389409554
5.5789984211919625
5.154668825938424
3.869450318069945
3.423464019348013
2.7475311347535434
3.9130657749756086
4.867238653965853
5.785655038916695
6.173225970934454
6.03127620466233
5.573546199166625
3.471908355265899
2.3994271050131877
4.560894815509885
6.347859716879183
7.186533659853472
7.489713418830735
7.689765917624298
7.841846599633477
8.039588976754844
8.459089987783953
8.660324928162742
9.007708380750424
9.410528322238656
9.699350084133677
10.18562889991774
10.606698222337275
11.154137123858893
11.946501408350853
12.846361999467538
13.493350021614845
14.67151338209149
16.3519280950047
17.69797213938496
19.18101563377865
21.68146646907073
23.887103321430363
26.031797718931546
27.49524755366769
28.155810783249333
27.896131691640402
27.552688468929322
25.989117909736034
25.861919214309978
25.59601687176933
24.851684465725356
24.209107416108253
23.31081370247061
22.277996721908515
21.125282799725092
19.89673276942498
18.42322635756025
16.922822393551716
16.791948929865576
16.3612647429921
16.166586894549905
15.915915948665686
15.28281122753964
14.612100773487503
13.90720427579916
13.312282826338928
12.434236994908415
11.629927771586422
10.835980382246596
10.196021833877847
9.709688869654231
8.970683968329404
8.408652002208598
8.12138107837865
7.5237600986094595
6.936982629342185
6.738185277899505
6.861278323157471
6.627437909295705
6.58215687976639
6.404766364077606
6.377161888534001
6.239756045770311
6.398880882359765
6.09910632250246
5.71163720617935
5.574077875415745
5.1693838567537735
3.8429785655960678
3.342976168413728
2.1493067126540306
2.8539281957893934
4.5174937636938814
4.3004682500000255
3.835007732077634
2.6450141329683543
2.793562112466226
4.746728461838863
6.250946935028947
6.955485756388869
7.1350484367615135
7.430139818192898
7.875298228378653
7.7513868077086165
8.071836664603067
8.435584362074493
8.66039168318303
9.05829764069778
9.458275740039417
9.990218785774063
10.465571049790514
10.601426867940427
11.202297972643846
11.869420728971933
12.678081452464061
13.346824196883663
14.253735786311326
16.041210656737533
17.06251048098708
18.339924100211867
20.4765324943608
22.7390357545575
25.044115013119526
26.93019085186599
27.788158675853595
28.033387014859013
27.52786576916184
26.924021129086015
26.534940795585605
26.1834643256534
25.621035945780783
24.820215174318633
23.83578132736928
22.481368175831676
21.00663016377959
19.565532603614017
18.436586658000017
17.27300557813338
16.578240617499635
15.830172853476885
15.275853521991618
14.857773315002143
14.149407478979755
13.42566070130623
13.003972371191711
12.379343642182175
11.6350530571355
10.885587558407446
10.36012892243606
9.943820783295857
9.458664653814887
8.809677762476465
8.440650118124294
8.146949582262506
7.5114848001645855
7.133606477362651
7.020438228927042
7.070238388935905
6.750931473153827
6.5055353072174205
6.317520212762369
6.375633375641449
6.293797150461387
5.963862735143461
6.213319416622838
6.296370760767048
5.577946751993526
5.861521796769406
5.136267491399111
3.884607284289633
3.1073056006536826
2.4401355037503705
2.185941999096719
2.7836437572902537
1.706544720779833
2.8279937191683024
4.5830495508921905
5.831176884248015
6.246805863102083
6.791151963553975
6.839314110809784
7.402610619319241
7.695109010102347
7.888429285233015
8.255596020252607
8.510012612381752
8.880038386664783
9.305706860605849
9.730512945445806
9.920371598696908
10.50524107765525
10.745567689846117
11.363726558056946
11.956786460896419
12.55366354908425
13.126362892761273
14.008857875373995
15.577460504317552
16.817505621843516
17.770045741434078
19.601390058548112
22.002769230061524
24.48383139321165
26.12775546269979
27.65016877975716
27.600758402598164
28.025760620677154
27.77743453211905
27.738423561619143
27.241718250218025
26.4423606707889
25.727863350549555
24.641463748865394
23.056997378866456
21.703839629967405
20.216051944199243
18.61220791035495
17.41089444883121
16.545254313587957
15.421702852804007
14.70001691842794
14.084836090532741
13.643665360225235
12.940523543659125
12.079921951046915
11.374451373726993
10.923249490120913
10.414702564569806
9.738439567190214
9.452684295363543
9.236370925221337
8.3861658267119
8.083297643645675
8.140731976738842
7.749416421284027
7.241176854176914
7.121730190339449
7.179106506612971
6.801267958407135
6.784722191958736
6.664400764566761
6.45352029161653
6.315497913898507
6.0989873637457634
5.970004364763343
5.989142514183986
5.620871641833605
5.608564924153172
5.516386852048438
5.078720865380443
4.184206653924336
3.4053305021123377
2.8116697028246316
0.997847464257027
2.528028367183869
4.240028648908888
5.673430972503847
6.576372405860729
6.458565761028962
6.651159093153143
6.965028424988089
7.187505631370697
7.532547428500916
7.996668865298079
8.279940129787681
8.535297666415575
9.149527974080996
9.455685866972916
9.789206623913747
10.100866588413197
10.533239054754487
10.962088065749754
11.463990302117615
12.180606498695926
12.518205962860227
13.384685915917174
13.95535265659902
15.350972601395222
16.492050743353026
17.72333126990464
19.414009551791793
21.27005494102126
23.6540958855423
25.57316331572416
27.177799553343043
27.903062065075126
28.476018867352103
28.516237557459753
28.539899831608825
28.130159919238093
27.040196196333365
26.218905119289026
24.956718103669722
23.30010062355626
21.660475797807628
20.05127518711729
18.85427689770024
17.71199482398651
16.60105842313705
15.412194024187558
13.949929101226967
13.602626313817796
13.06856852278711
12.344868481639686
11.602521037509753
10.839135882829064
10.464166486064759
9.95959457323891
9.62280690682988
9.289836524323299
8.902033357414327
8.496419977086687
8.164469350195654
7.984940791067335
7.573044965176891
7.41792830292793
7.358461999330034
7.114808790660571
6.92899295466544
6.667773510376898
6.642436552219076
6.378113558587582
6.500345627095247
6.044758566003256
6.0607215692144765
5.997792530596996
5.77032875729148
5.496885959028964
5.4607061414799904
4.89052399137799
4.971284184643836
3.9313707149850385
3.307945458731326
2.5081662633691337
3.541748593118663
4.6506716064516604
5.923468963043169
6.271310389407147
6.503991001268018
6.973290728027471
7.17131135062731
7.153615351433841
7.676699528534002
8.215381455306185
8.281005981013847
8.909696557546336
9.254204901717657
9.601964763724895
9.93158896287863
10.394136413667464
10.932661774517527
11.038080887943911
11.5690811834311
12.383989632892998
12.752719745149339
13.356927234116855
14.058022346633294
14.971032430242296
16.340183441154796
17.38085421330142
18.909307102361275
20.758160716523165
23.190256271883644
25.398754043737636
27.226791252714527
28.503761420421206
29.171658112721133
29.26811759225374
29.406485705972106
28.88139978934691
27.471010848110364
26.41752996166759
24.954122145655745
23.14217123207108
21.55918604470946
20.185970134998072
18.786945287339837
17.43778414106092
16.20671188941374
15.138834548012852
13.745921884417523
13.215396591590105
12.415058621834529
11.825551874210722
11.068549035898029
10.55997232678968
10.178320356360727
9.762040235930144
9.399908094294119
9.041512016873599
8.815305229874665
8.331149063893914
8.150953951080542
7.885776006898925
7.777285505576435
7.5423656197896864
7.298852633012222
7.150547151590666
6.857729669288726
6.815724665265522
6.572839545048834
6.466141917293615
6.252975976013084
6.342767254342862
6.320327206968385
6.051736417702219
5.85636432325561
5.322815446951956
5.467626166726321
4.953289884765388
4.475935390656365
4.02324359284861
3.9626542429164218
