4.202150030276682
4.686913425945787
5.132846576479175
4.29158972380592
3.5397426499237574
2.3065236563356724
2.126724643566511
3.3056403025020886
5.332501248058829
5.97834277903113
5.900916030900689
5.853353482711926
5.543201108861033
6.162965290002678
5.717513309786252
5.758548941578091
5.750824778502269
6.122310067434963
5.927439132752356
6.111681234499781
6.22805307324265
5.871945198243692
5.753313707886919
5.697578770095124
6.185239106052443
6.216505307713921
5.9719514336013
6.197835759220608
6.115295967493767
6.170209542506159
5.7569998839504715
4.633976770913393
2.0841228195904478
1.5902995564278108
1.5673203691220643
2.9970568362625087
5.42411074843542
7.913914976439408
9.091890340823893
9.291677105443386
9.747916181566179
9.902715401033296
10.102290335067966
10.217358196159829
10.407076096306753
10.380893701201908
10.461884814069165
10.19359696662291
10.165467765661242
10.108031678745869
9.422718777891824
9.317825151090688
8.398909552051844
6.635596358662784
4.6941209033671365
4.480111244396149
5.376569357318355
6.6246293371750555
7.454318065171404
8.177328068209263
8.47760807791806
8.44087384800477
8.472404069586121
8.739905399185512
8.802331801748656
8.515070179482578
8.609816012174777
8.400716203559025
8.456092950320658
8.440115306933981
8.369769029789008
8.2328946336611
8.089567141309022
7.996621362925694
6.740225554141282
5.514368883240969
4.42795849410619
4.851641787425114
6.157768239585279
6.489256254908299
4.856098528036371
5.110589732669232
5.213162350324243
5.312895085683758
4.6153979037860875
3.7488798671876307
1.7069918863289126
0.9155410693716078
3.2277727680092476
5.101170334096057
5.660204791636989
5.60352046755398
5.663070054700209
5.633105551402942
5.374700050311985
5.245021063736032
4.948820168903359
4.960944095802467
5.317615386267887
5.17842923769928
5.118097348498804
4.829771366345676
4.279554637926554
2.6622581427745433
1.4436450806770833
1.1054282706843184
0.9622482375390993
1.0643251125067614
1.8961312945459754
1.857610191487826
1.8315608730120174
1.2017948714712254
1.4544449645803499
1.2179808262839131
1.0582826420597153
1.0358220990639952
1.177749648386752
5.783534791525512
8.061343666609392
8.521436412162869
9.091430807836044
9.087394472493637
9.24454082815349
9.4502729433333
9.548217405754544
9.652974658145522
9.655715330554523
9.725814186061712
9.395253174129783
9.20289237083882
8.412337928616283
7.232130256089734
3.449422850775709
0.1879172584912164
0.0
0.0
0.0
0.0
0.5629903868374411
1.507930559837681
3.0448331471890384
4.724529444367319
6.5154144640864775
7.896754606445486
8.120269171067324
8.045318013347005
8.250910150341427
8.24061219922753
7.923296672226196
8.056707574091531
7.966839434893904
7.781667141674145
7.36353750709393
6.134740130532293
4.6768403132389045
4.4253267606574855
5.507903533685438
6.663366089748966
7.241147165407524
7.171921410052279
5.1943012070686665
5.380638128701244
5.760817619074639
5.934346458373402
5.508740449149992
5.029566503650346
4.340455669429369
3.3483941424176624
2.1041402949381163
2.5526097724720507
4.113646483834576
4.769878854858527
5.080332727877066
5.100963171219789
5.039973298697235
4.809207629208471
3.9502402159208345
3.165547448494431
3.843209975023623
4.017368090005287
3.380952651024267
1.417862312866804
0.4224434544231892
0.0
0.1252781723274776
0.0
0.0
0.1252781723274776
0.3758345169824328
0.0
0.0
0.313195430818694
0.5360693923904776
0.313195430818694
0.469793146228041
0.4384736031461716
0.7661557711433192
4.56220409547115
7.366208348474483
8.238456166659384
8.602824639202193
8.803822014706308
8.937934103153568
8.940238637745468
8.993375019323329
9.01946583199842
8.81932265510443
8.511194283097694
8.314198128905696
7.927994221792427
7.145837051162093
4.923321514508439
0.0
0.0
0.0
0.0
0.0
0.0
0.0
0.0
0.0
0.0
0.39112391134131974
3.7814288079755505
7.08266631442803
7.646615234180354
7.534581598105419
7.507212673163662
7.533427261718288
7.4575699325164635
7.770065357820711
6.98792848347574
5.39470236149859
3.6259674003052287
4.3851785514663115
5.982289595266323
7.185547229570823
7.392896884242493
7.4696833964934415
7.595778517376022
5.286251448844042
5.62454688524705
5.796851859143148
5.960846027271042
5.748583709505304
5.879018548529494
5.1389688230758885
4.124193834430913
3.167841670276058
1.1536425224859408
1.3953605013268586
3.416422469563915
4.051737283356855
4.385382692651653
3.4873709310011707
3.1361548376406123
1.1878378369303004
0.156597715409347
0.0
0.0
0.1252781723274776
0.0
0.0
0.0
0.0
0.0
0.4384736031461716
0.825960354488793
0.0
0.0
1.0335449217016894
0.0
0.0
0.0
0.0
0.0
0.8762064519282473
3.0985954436144914
5.824950995702813
6.8902606554880625
7.41851151441143
7.6738309245232434
7.682307985564964
7.761145095545435
7.767400638532789
7.884721219371682
7.644513344341827
7.451036737971309
7.156253476068093
6.982460727299747
5.985234230810071
3.603210336381475
0.0
0.0
0.0
0.0
0.0
0.0
0.0
0.0
0.0
0.0
0.0
0.802749789041783
6.165899746284794
6.820243795745072
6.6810151817905155
6.897335724772881
7.163515147637227
6.976741583509155
6.410818352045805
4.10430317155735
3.3591765325411633
5.1937476821311295
6.430596426426449
7.3535747555133435
7.471303937262384
7.5828101795737
7.809810729136315
7.7016422046474995
5.864397002706915
6.013524850394279
5.75933230320455
5.849379237457187
5.7928404908546405
5.844703466298919
5.693997962708534
5.406033766795
4.1972394295042275
3.7747034774360344
1.5279129936517326
0.804912428858608
2.7195208828574478
3.44251650701674
3.456377408928655
1.2003133627430347
0.0
0.0
0.0
0.0
0.0
0.4071540600643022
0.3758345169824328
0.5324322323917797
0.0
0.0
0.0
0.3758345169824328
0.0
0.5637517754736491
1.00222537861982
0.0
0.0
0.0
0.2818758877368246
0.469793146228041
1.1696933054810355
3.896383586072628
6.682573402425497
7.543145653972024
8.156795773939365
8.322336071342527
8.622334373644664
8.687757314184001
8.551379244084025
8.589731823107824
8.303713338570745
7.913819382126866
7.2768794494270255
6.919941914149862
5.584695581685722
2.7603788487305247
0.0
0.0
0.0
0.0
0.0
0.0
0.0
0.0
0.0
0.0
0.0
1.3837537100326267
5.449388378396087
5.94333160988566
6.130970828729626
6.480504721423602
6.247796761328442
5.193153783371003
3.152652288537338
3.265047514551185
5.096220992375822
6.542944876189729
7.505427520062995
7.7949972276462605
7.996723746943628
7.896049873380305
8.099452858301614
8.118810897997706
5.873610128858278
5.914049175083445
6.033473969940964
5.889245231069708
6.102741357112399
6.034555343632903
5.584623017205731
5.163704701566508
4.642008078435256
4.198750297435037
3.5524154033020587
1.6118453371701296
0.4501258375063607
2.186749415467827
3.5100561714492517
0.8995109206486255
0.0
0.0
0.0
0.0
0.0
0.0
0.0
0.0
0.0
0.0
0.0
0.0
0.0
0.0
0.5011126893099104
0.0
0.4071540600643022
1.4363210674031979
1.4246688330430084
1.0138776129800091
1.0910447048664271
5.313384779876581
7.040704709227139
7.848078056595911
8.326610129368852
8.728007202037631
9.014547096491576
9.02137760848359
8.930372453553979
9.079614219350507
9.142800258538191
8.51734370531243
8.07568561509429
7.368036545776895
6.044288525521031
3.166316318037391
0.0
0.0
0.0
0.0
0.0
0.0
0.0
0.0
0.0
0.0
0.0
0.485082540586928
4.377801299851683
5.853002473770569
6.065598134852371
5.761447680469632
4.268396749387221
2.5945361464133483
3.725363170006952
5.466544899935662
6.913978988251261
7.429840355631108
7.488394934421679
7.908805147569817
7.995459924241434
8.024288048502498
8.23590662640477
8.20124311329696
6.019731211547512
6.040285869759341
6.1855959823225355
6.142626808133397
5.847660079619255
5.882035256401916
5.550990003470206
5.164544156712854
4.61942325575007
4.0302654651471475
3.7683998758718804
3.1095761710217458
1.8587438875542734
0.8572798975706624
2.3020838391565417
0.0
0.0
0.0
0.0
0.0
0.0
0.0
0.0
0.0
0.0
0.0
0.1252781723274776
0.0
0.2505563446549552
0.4071540600643022
0.649695330357766
1.1275035509472975
1.1187270879495985
1.499856714020738
1.2259959006454046
1.4939215894559859
2.172693718462858
5.997359405224425
7.494910854790762
8.244984458007174
8.979391457231161
9.293512662018378
9.332720202587645
9.430338916314401
9.387926765104146
9.3524463288036
9.368234140174332
9.107092436651007
8.680053150678342
7.491976794002245
6.661535132737207
4.182460878265485
0.0
0.0
0.0
0.0
0.0
0.0
0.0
0.0
0.0
0.0
0.0
0.0
4.391784762274264
5.5366536522836105
5.260405319111399
3.790148856876488
2.5644453600515726
4.134029141984264
5.272369800956925
6.656689745253394
6.988671499173978
7.394774654005117
7.598980143209625
7.854109531254413
8.069459449974726
8.21222867506903
8.255967717442257
8.207409856295449
6.136723096026913
6.171734265172384
6.2331603222944825
6.068009304059646
6.21989339892782
5.687883941588235
5.407726535606545
4.9639305733054755
4.709299222700258
3.9441870944939423
3.780453400977885
3.3783001610478745
3.1223636905659653
2.559235652261134
2.6194025845263607
0.0
0.0
0.0
0.0
0.0
0.0
0.0
0.0
0.0626390861637388
0.0
0.0
0.0
0.0
0.0
0.6263908616373878
1.4500051474012197
1.512582330748621
2.109834262300126
2.196892468096161
2.398390050555893
3.219311252993519
4.1408446334739075
7.217005002554955
8.060798335931807
8.756158444412153
9.389282557677515
9.3906336327969
9.688679733777638
9.772107917936165
9.737502913297002
9.950500440663811
9.85183126034088
9.690779852615819
9.167477090622402
8.52555165921118
7.344735719415271
5.378172290801119
0.2505563446549552
0.0
0.0
0.0
0.0
0.0
0.0
0.0
0.0
0.0
0.0
0.0
4.263684283604858
6.016746989727593
5.683862630425436
4.927529054909643
4.339682772194926
5.309657821924316
6.288845108408483
6.497407560066843
6.428474768378567
7.094154091484429
7.5385688799584365
8.268154672290992
8.156516311927296
8.307412546486871
8.242544060229596
8.381203563258286
6.281557373563315
6.50868905330655
6.251876863911685
6.041248284694582
6.025498299272007
5.456268934658461
5.260612772052858
4.95687410672864
3.9880622680044837
3.737135552923302
3.700146851273268
3.490157558280966
3.040983758493653
3.509519480265405
2.180270332367238
0.0
0.0
0.0
0.0
0.0
0.0
0.0
0.0
0.0
0.0
0.156597715409347
0.9235561437330991
1.1805635169329047
2.320200544670507
3.7908649389488236
4.158319277276012
4.4385753778472035
4.912103934219133
5.630066277080818
5.766960228486088
6.547411893587732
7.463459041828143
8.092966588500316
8.471059736681413
9.071186000392624
9.502725819427718
9.84596632606158
10.01879193802022
10.216482003587549
10.132039437851413
10.35667212666701
10.11793229332239
10.074667206508549
9.91513228153554
9.638936959515792
8.774628597228407
7.607176794149098
4.083501538462195
2.3872657412144207
1.6824257099618671
0.7439725603291033
0.08594355488411698
0.0
0.0
0.0
0.0
0.0
0.0
0.9179111279996164
4.863382760728119
6.320518410802018
5.993662203551789
5.691975926126476
4.903982535857011
5.782258823148882
5.454888598078779
4.917491225524884
5.220039932322233
6.612564559289687
7.406656298947934
8.08778198820836
8.335884654161058
8.486195700407992
8.485705815742557
8.68206723801911
6.4530444565897405
6.109713414266795
6.329716507318751
5.922515501206402
5.899674499872733
4.891446698577631
4.667740849662741
4.060685938059871
3.9265128725812155
3.9919792699000336
3.2729965319828893
3.447511801848262
2.9479103235169286
3.564604328846095
3.5926126572498176
2.8654291546301094
0.7115936621574095
0.42244345442318915
1.3364617465223811
2.1471234385650924
2.605546441805122
1.9745254767920688
2.0801569746699777
1.9504596194354833
1.3604863353347416
1.5913960055401288
1.1726309796598633
0.8593530117527194
3.577149795312749
5.865945169880084
6.052403636042677
6.195909523706935
6.4050130280295186
6.363173453551141
6.1939640739039055
6.686498894152714
8.223556051671315
8.907460022816847
9.34936792425607
9.400114204691794
9.972890032402312
10.240307088696975
10.387297436762603
10.514346138279466
10.752022032567776
10.797019041122644
10.650420893940566
10.741052870481408
10.732413755265805
10.413820077153082
10.113718402298096
9.551573891638808
8.544413239859376
8.044067708961796
7.329262668942206
7.068880846108469
6.590134052643525
5.655538784834272
4.244363531819044
2.9002437885813936
2.4391434368622327
1.5580946312220678
2.8395735531764106
6.216750362412809
6.574605975454782
6.433203550918095
6.099679375115105
5.502314825884472
4.543168863288728
3.899332803729042
1.3417405487923426
0.0
1.0081991863246487
5.595063850361206
7.344934840483931
8.224374916232946
8.391318697459937
8.788002207640385
8.706241794151794
8.630140513974633
6.3359083614005955
6.274983391258333
6.187444843798822
5.907118316508368
5.913242280502956
4.625713356302587
4.021983991497732
2.7040651677409406
1.6110127776303895
2.161717674557477
3.499559856545205
3.413194961312104
2.7616602822029166
3.37214894676021
3.6573863286746446
3.7134978699763534
3.7688218008898096
3.617127171910548
3.8195834462608564
4.167511682485493
2.4002592544893386
1.2490344033691965
0.5280543180289865
0.0
0.0
0.0
0.0
0.0
3.116141113442606
6.1283109971273015
6.496549876261037
6.497011277000612
4.786100182635884
3.5750317086963213
4.314733842324653
5.434344059437062
8.461898980083273
9.444511904961402
10.013048208253435
10.337521885406042
10.463774460855555
10.853159359068997
11.08894850422507
11.144453603565934
11.239871098778341
11.36889988984686
11.460476204810709
11.355496092154729
11.319994798490974
11.075454665100182
10.988367622020816
10.748159823654024
10.301326298832816
10.00097979092551
9.412802472835544
9.48203721494477
9.202283596829346
8.789297669687782
8.224148223287633
7.553197305462585
7.219002536176753
6.746969946474311
6.852804954173274
6.900016233155387
6.902847570315909
6.438775359263406
5.877373075323388
4.908621569382913
2.0762899887301036
0.1879172584912164
0.0
0.0
0.0
4.34622743848621
7.432590762495728
8.270815498605058
8.660813543294118
8.757050858478031
9.037384592798926
8.93602705520347
6.3436971832256
6.343578224468902
6.142172714277453
5.966773272331555
4.565783160770034
3.5515666426979258
0.7059566569779098
0.0
0.0
0.0
0.7277039154963292
2.3541967080569286
2.7732918822909927
3.4552627580167368
3.931711644370011
4.145227732783228
4.59617440397694
4.610375441323773
5.0770809352012956
4.810661414347725
0.0
0.0
0.0
0.0
0.0
0.0
0.0
0.0
2.2132437384449206
6.25100998147498
6.727552095849747
3.5813060795767155
1.5259017822860128
1.122343613676184
1.7865050469402912
3.0777249281556927
8.652519374698679
9.842674857332218
10.419945812779144
10.770392124802285
11.135313384303908
11.636267930018535
12.000330574842032
11.956586193006723
12.07716276598729
12.303182964165083
12.436545883365973
12.32246808790433
12.36482496584584
12.189876231323694
11.96812732075474
11.69310740411962
11.369102514552386
11.0463659918783
10.867644822277015
10.302806274887542
10.360702706800888
10.19864956390243
9.539115785586167
9.239546742676877
9.062917182030665
8.383518235706394
8.044687492751631
7.713163845798033
7.394184646620048
6.942845212919396
5.784730977362693
2.3747876265666
0.0
0.0
0.0
0.0
0.0
4.639168235053006
7.965261423431641
8.590038486623136
8.953403441773082
9.016283995122743
9.112974804587095
9.288140151207426
6.2470220394446345
6.329359631048658
6.121380138552225
5.796044964562662
4.444763390006502
2.0229392828774206
0.0
0.0
0.0
0.0
0.0
0.0
0.8171632572189814
2.7893723862022455
3.6750762742912055
4.666723377629326
4.963794131974972
5.102400370826378
5.497459011641606
4.401843011474881
0.0
0.0
0.0
0.0
0.0
0.0
0.0
0.0
4.230998989653319
6.104036623384521
6.6491547452338
3.2415987823011543
1.5841629540869584
2.4374914685717943
1.6299073315309445
2.928491046349901
8.618959777316546
10.329636306461186
11.015612852749037
11.579197330115374
12.052396462797867
12.555829403636203
12.835897000333535
13.035801390344131
13.167843275230034
13.163748084344123
13.37607710002617
13.266697977247787
13.454746718883497
13.380711218560647
12.982796878535355
12.78839687438989
12.495079093342653
12.300263339682658
11.922150517511454
11.50351900969919
11.202916710028893
10.79126453884386
10.369669225351632
10.05340438279668
9.80735660700666
9.396383142904142
8.65685307695019
8.305331862125868
7.944180642261835
6.975501012203722
5.748969986058164
2.5481880814037177
0.0
0.0
0.0
1.1229670164702121
3.9575012532354106
7.252826346062288
8.186075657637467
8.666523253011281
9.094274891047732
9.240908543668304
9.561381786723274
9.444593827847319
6.390760436217712
6.608546515789973
6.452806539076344
5.401677345340961
3.860500016930486
0.8019151314043195
0.0
0.0
0.0
0.0
0.8456276632104732
0.09395862924560819
0.0
0.0
1.633943349802945
4.271988719488716
4.642182741325289
5.442924406298447
5.41409517489772
4.0472934203032365
0.0
0.0
0.0
0.0626390861637388
0.1252781723274776
0.830968863308801
2.0757826891490834
1.650305617549385
3.944519522446339
6.463900210749128
6.697955856018532
3.92256762794679
3.003113681047963
3.5816835565306957
3.7054078050525314
4.696534652237257
9.453355117121749
10.995114085457292
12.104993578633342
12.77659742457364
13.222095166029755
13.533716896496184
13.933931430606805
14.058061571998408
14.118582137016336
14.367266838899512
14.399986754772748
14.433888591464152
14.476671310788905
14.399109297210455
14.089950970476664
13.859771890426735
13.71340000656747
13.4317275786051
12.99813077844884
12.79091651086452
12.042145637694018
11.61745725618065
11.282641993322228
10.874379513145511
10.481017496817827
9.985233387796068
9.432086858029825
8.903792365178136
8.326892820806354
7.283955046127215
5.9667982557147505
2.269168328309269
0.0
0.0
0.0
3.2284135873402073
6.282412528074321
7.831790624041103
8.480543082273611
9.059193572836827
9.271800483315033
9.305709405579728
9.570042107556374
9.526870018399137
6.654913967186418
6.355842973875894
6.143675695772833
5.4751751084078055
3.4809509606418723
0.39913898570281103
0.0
0.0
0.0
0.0
0.0
0.0
0.0
0.0
0.6452967817228602
3.4405362781477713
4.944687595229327
5.641164849578013
5.894456931806852
4.392929211208659
1.7478140011470025
0.7625392454167339
2.964442809002483
3.5499129438184496
3.9938340889530712
4.429932427965856
4.979411054657374
5.2201221376074995
5.861368120144819
7.264692565540652
7.2013112178302485
6.915013914260831
5.484075421888631
5.719503575209977
6.99909823599496
9.048916733103123
11.258116628753443
12.247193944850135
13.077507722795422
13.586331645811649
14.189413682458742
14.762416479147047
15.254127752637947
15.598265779201414
15.903909747791694
15.914576045363749
16.205089059682784
16.2650814226401
16.13803035475964
16.07133081502529
15.878419026567517
15.39689148024948
14.949900943528945
14.50886385800046
14.102019098414926
13.732008308439804
13.295065467297084
12.835381540377016
12.119472614958525
11.558362645337393
10.975310279568198
10.378830930916216
10.126311107438514
9.513192316093283
8.7808205583575
7.522335597452395
6.337482912067723
2.4586953968082326
0.0
0.0
0.0
3.355608767239649
6.52935349082301
7.8741026023733145
8.922351852250644
9.49993859930325
9.41672409506138
9.572735028479345
9.754897982988034
9.72772003432352
6.607374879167515
6.62429362210277
6.219774440171123
5.33387046124458
3.269309740884862
0.3758345169824328
0.0
0.0
0.0
0.0
0.0
0.0
0.0
0.0
1.3882306212342508
3.9733575160567143
4.968448006990187
5.817485267308173
6.156034431427603
6.069523030436683
6.250921683075902
4.6815923072493355
4.882851878305265
5.098920128949136
5.066233065676406
5.932102215159615
6.363594988570414
6.701297623356426
7.325942147432084
7.673077743012618
8.416245074531904
8.857340764263316
8.919247816848026
9.481232128968562
10.302411927226673
11.46067080964873
12.645429178449808
13.40234592600234
14.363767011511904
14.971000178200601
15.803891083924636
16.424974117875852
16.877331037122023
17.068492817221273
17.250508070084102
17.372967193030238
17.43809470171072
17.492693207623372
17.308667708706007
17.315823954355274
17.315812782575414
16.961324646609967
16.54035736052964
16.168468063982274
15.52128575851059
14.968805985993624
14.269653068512039
13.754796628962394
13.067345436951557
12.580689784160391
11.763090996840116
10.915824680224535
10.668523027693844
10.115646486900394
9.412559337518484
8.348563570625286
6.937815175904906
2.998495584918944
0.0
0.0
0.0
3.223579172842899
6.708765970020832
8.21712081795992
8.845057946533878
9.647823993464645
9.667647671167861
9.835742238421028
9.943386807553333
9.851452899083625
6.546950996005087
6.472095853862064
6.57498810367792
5.598897474448483
3.121138091961356
0.156597715409347
0.0
0.0
0.0
0.469793146228041
0.4384736031461716
0.0
0.0
0.0
2.0972099691292363
4.061769722914882
5.024266486900463
5.727506150358622
6.280865362193973
6.480767890890043
6.617481722284392
6.574224126675769
6.186276997402689
6.203908654545753
6.455997819393169
6.99182524526311
7.208118474213953
7.454217592774038
8.383893246848956
8.845461808603837
9.271295366608008
9.880501545472
10.26940885243541
11.17381682895651
12.00920851934526
13.107798899920214
13.83451310890278
14.940488586312496
15.97686036216368
16.778470240025623
17.155743333054293
17.784632573578225
18.30062338817272
18.45112760253175
18.788106262403538
18.90810470868034
19.115257086475026
19.145762860234353
19.044125921097596
18.904863694056647
18.429876240756595
18.160601728662844
17.811704493459935
17.181982791486643
16.852153027452562
16.41132473525155
15.811226012925687
15.122872775296255
14.025149764549333
13.63372973018197
12.972892471123993
11.937850697248772
11.247139162596596
10.629926616504447
9.946980271020813
8.976995205461348
7.362789729126342
4.5502156232228685
0.0
0.0
0.0
2.52817786649699
6.491561085543097
8.233233567224971
9.18109315633768
9.74872678411122
9.897471888670424
10.463958122507123
10.256268324813922
10.02864171028925
6.688973466278307
6.70675952012452
6.617481722284392
6.064962142489562
3.957814865027443
0.8005345144958148
0.0
0.0
0.0
0.156597715409347
0.5324322323917797
0.0
0.0
0.0
2.406181012133966
4.221596429173048
5.456538362382274
6.3074048775971665
6.749015221217597
6.391975275737734
6.652145362820798
6.633357135014915
6.876909484213942
6.836802341749951
7.322305744496823
7.65539325535576
8.124576109925611
8.451188381971097
9.112113323835192
9.59429777415675
10.15315397624315
10.933678327551679
11.531429644693624
12.504674974081448
13.435274682946888
14.718153951164881
15.811753960352505
16.63954508807189
17.481718611777847
18.28519258945362
19.28537589582545
20.010331888399712
20.690570114071303
21.338784878841405
21.44227493385995
21.682587472557163
21.629562339797822
21.40523321826165
21.222038580383092
21.099811589454774
20.371813935430815
19.919530206485618
19.35733259677781
18.901650344937686
18.00792452372249
17.603792782277857
16.937823636969583
16.355693570147896
15.285819835467398
14.281428750030138
13.77848977462992
13.005572315523175
12.107519892871103
11.359710334509165
10.537965827065435
9.562469688663235
7.888138678385277
5.212537831567593
0.0
0.0
0.0
2.085787451363502
6.535524356501273
8.349073372528531
9.322879248382113
9.937832258415172
10.217230485014822
10.309651619451808
10.413381980866944
10.334557819841473
6.843068984843059
6.675612836107992
6.587822394915355
6.545209817552185
5.409994670352528
3.1371751996499095
1.4779442283937825
0.8035730804943285
0.5637517754736491
0.5011126893099104
0.09395862924560819
0.0
0.0
0.0
3.319264989399116
5.109981483687171
5.9788705575189
6.211816435127455
6.634503519684329
7.070783645661176
6.963772540458172
7.062224233229237
7.368151089285882
7.707259800295297
7.8074399023201595
8.264614429733935
8.48623935739881
8.958214323200394
9.66989264754379
10.260597543372779
10.970647734232548
11.742739627795268
12.818903876363098
13.937692683532216
14.87743312022581
16.28887857452215
17.429242986190218
18.102421989394784
19.387578484952705
20.27306576459468
21.613074877228478
22.592453889005924
23.709941667332146
24.086213827518232
24.435925731825662
24.566641165865487
24.687515877223294
24.50442363077563
24.15076607656875
23.91707795810816
22.896108977877752
22.566195905612418
21.508027768892457
20.704194430759408
20.167428569534515
19.1282606771034
17.962137310631338
17.39453867108434
16.72096377358343
15.820435063388704
14.694088646642387
13.737157261310141
12.907432203978361
12.149070831403774
11.04798943641556
10.10360042826083
8.632725538284129
6.193031378314596
0.09395862924560819
0.0
0.0
1.7169528188069916
6.497458901818411
8.52154421363566
9.456277908146804
10.229763797851795
10.334845956270769
10.469062828642992
10.533593071930648
10.502363445307804
7.029802746890404
6.772103579782025
6.959472409699629
6.641672295772799
6.36607868229875
5.523502476077009
4.86920067904217
3.8549001715430125
3.508218610370301
2.430959569298909
0.8434856576657608
0.09395862924560819
0.0
0.6641614332641074
2.5045803623144556
5.798987987803258
6.287987145158555
6.7953298148955374
6.983384264172499
6.89342718113367
7.4422283227778445
7.57351550795852
7.926054143640077
8.051197105384453
8.417087158429869
8.676547264629118
9.213262722790562
9.909020817687617
10.217357794412084
10.937529154952415
11.942231758513355
12.771519800113616
13.934619709541886
15.313856968648135
16.74216135168337
17.945650025887264
18.783042950146204
20.423424334077577
21.775244917195398
23.044550672607492
24.28526913496717
25.618238226387156
26.58519482356215
27.25274113247247
27.49426823870682
27.53671299997046
27.554314368467985
27.352426858624376
27.122065411365792
26.4358022445874
25.829904779893088
25.146028485290582
24.198536261852425
23.49116092958651
22.155592143401453
21.194576829728394
19.60364098085043
18.670438918515885
17.603915085575203
16.885304163847362
15.884914593310977
14.580882249775692
13.707118615244552
12.657288369148345
11.563606423030956
10.631570098366156
9.163523612700446
6.603735536336701
0.6059621642794996
0.0
0.0
1.5286439709484922
6.600466141537044
8.767520408200493
9.789889515313783
10.277936923920647
10.484313677475907
10.4672179725019
10.5687632324903
10.572543147772073
7.188033025134317
6.914464008532949
6.907965586162353
7.060491742749406
6.712425035273484
6.101744412933943
5.776616636023176
5.333824431546417
4.874969496362032
4.346852746898069
3.93844351080968
3.3029617587051625
3.953981021336881
4.211702077381971
5.677259029014582
6.4306766542921965
6.736274636783815
6.96104177167733
7.039454915350126
7.249537372426738
7.506508827518264
7.742013672535562
8.065737532674628
8.335157362620995
8.885823969178503
9.154566261723595
9.630305333172222
10.333887794697631
10.900883243035842
11.758875399297375
12.681674458468569
13.788988026740117
15.342778898325012
16.708168652967693
17.836942350480275
19.560239376145105
21.175374550032952
23.124911443875003
25.07200974519574
26.233712570247636
27.825257491316577
28.391655433403667
29.833273603131936
30.12148796395866
30.55729597427604
30.588030520576293
30.632062771409455
30.12802646056696
29.67163789994549
29.14759235480065
28.500913165877215
27.76027811333238
26.744993460582677
25.824784609136415
24.650868286573704
23.452233978743514
21.779673603675896
20.061540116569425
19.072970394123033
17.699966470407652
16.85958235596951
15.910342016604714
14.577150276543968
13.647940607667358
12.522818368477044
11.317125546467835
9.886659212913603
7.281969570095869
0.8451436067557697
0.0
0.0
1.1446869580334729
6.669189963949462
8.934974277482958
10.044907476548982
10.558032803432726
10.739263635914094
10.536270231543956
10.754473058280205
10.540776826432872
7.23107491396643
7.270636799705153
7.165755335338848
6.980494214965179
6.561220093331421
6.553881854580163
6.465283954043687
6.113086998409311
5.668763457792879
5.274496155860499
4.696004836589456
4.510552062735797
5.352564749748757
5.4816303755872
6.281175245340176
6.61265826609334
6.946230738286011
7.227970948443276
7.576711762130201
7.552923422403831
7.952254579090623
8.131848253058239
8.136842683209716
8.469947726844032
8.871557675152799
9.486534386600827
10.04747805369166
10.565756947021939
11.484053751535109
12.689263466086157
13.774609082296173
15.362903553650284
16.887243197620997
18.172374790178466
20.275326774010903
22.43934549091051
24.376658531878267
25.923872935359494
27.54666581543716
29.072223212348216
30.68444828330231
32.075403767177214
32.93580334896372
33.56804424875094
33.96872417268828
33.81275673674864
33.862730442383885
33.27089550827424
32.35033395346591
32.09714116462315
30.943906821899784
30.035302629392735
28.91589439182742
27.617652483528637
26.70933890107535
25.470572057949695
23.935522249610173
22.036964566481622
20.49441995274653
18.759717703891752
17.724470976068602
16.64250567200487
15.525628648438596
14.10699928381992
13.141039832314005
12.145577513573844
10.828442583425959
8.659966515271682
1.8771606669612122
0.0
0.5280543180289865
1.8123618134875943
8.022374070619605
9.756729608554384
10.472090749780065
10.795164922896717
10.72292271193131
10.852067998767993
10.982069380004901
10.890238055667895
6.970365440555542
7.039090650088635
7.142041367800356
6.995132660958176
6.939691466830268
6.797459455732235
6.492005214384317
6.39466007984898
5.989142514183987
5.795807047049267
5.541128920601181
4.904260951851281
5.863684314455901
6.315281737555955
6.736656765006952
7.062348755223468
7.0999677130017975
7.442807195861526
7.3586541648518855
7.749736969147818
7.833968702416569
7.34549403989483
8.320823992441738
8.754565117793085
9.154951125473653
9.676637745623193
10.451027332589232
11.091715246964839
12.269632194891944
13.552438855824168
14.991837472778377
16.84466274656207
18.19313630847745
20.42550961649977
22.84135476659005
25.21747703935971
27.27384268278097
28.833723148200985
31.136304771695535
32.628082670200534
34.40164940846068
35.7040851945465
36.86014776700005
37.39175139666654
37.55119430346566
37.35388221402734
37.064751850807454
36.42459191685721
35.65077448317084
34.62316870397133
33.81453063661709
32.71890375016735
31.028453685303724
29.902257373395795
28.405610397596686
27.20216147374762
25.739212868603982
24.26925244071925
22.168055025438456
20.5467751038289
18.794881767924146
17.484909893463858
16.41306040797498
14.983990008743136
13.76496577293735
12.731863710338047
11.324174144239597
9.95668719354563
8.38280656699501
6.543527768947412
6.423568954457916
8.431841069408131
9.653970460357444
10.505181686299014
10.594253353739461
10.868902090414137
11.005191617305096
10.962088065749752
10.94049716125429
10.668204408553983
7.277614017103913
7.048227236850167
7.189999537468885
7.0960111039584906
6.8697154561724245
6.617481722284392
6.785420040206907
6.52615842027986
6.439182739439588
6.253714980506313
5.836820135662893
5.213752755134678
6.130030154965233
5.766317389002973
6.410525586030223
6.757474592685224
7.087451691526554
7.521686289234956
7.6388669781760585
7.962950141364774
8.056827895023423
7.3665093817782905
6.77509815087582
8.029425100788803
9.341064587342347
9.867975170453944
10.891348166872607
11.866475056781415
13.052909813713597
14.329366408660096
16.23393008180823
18.318091624300646
20.290854196045032
22.77189119744818
25.493027361703476
28.00219697571747
30.32188746864317
32.55900152155937
34.61677029234055
36.508910237363914
37.93509506337538
39.1763090396158
40.1638156132225
40.26401619357224
40.38769463006345
39.95747829303023
39.28625128532811
38.90954817492588
38.3630291581149
37.606823516094394
36.160678609159866
34.91630261550099
33.26198868304839
32.15580501935457
30.639473917406626
29.08178948162248
27.558736086927016
25.984405102608832
23.886130696312563
21.739343962825604
20.035354686999902
18.385919723494386
17.133495711633877
15.786217854592348
14.520716569817704
13.39800595116993
12.15390810223524
11.01833589969382
10.005568948914195
8.766380748070533
8.092934863067114
9.681297794493826
10.271388608507062
10.467209995568204
10.861011456625805
11.134508478336125
11.10180509851527
11.17884576210106
11.069094141462903
11.024237844718602
7.303208595232957
7.176266237971621
7.199636683794881
7.196429309064122
6.958802630980127
6.87397473784582
6.647983108611342
6.426153733586322
6.528927024645479
6.299891786957379
5.706919907423018
5.328841110588669
5.532449429392049
5.984280768973304
6.4059315553042415
6.8872164092594375
7.073991020391928
7.593699336339588
7.587098484524502
7.840392800684559
8.074538845570961
7.825704629066489
7.174527656838889
6.835944378500022
8.485356299526632
10.103584049751248
11.186664361667317
12.541570885514231
13.899672791421688
15.67337232873886
17.687527811143415
19.765713219637195
22.787996360052976
25.61648365744758
28.45518553174315
31.300691522457942
33.80209661677479
36.31099700753717
38.50653350829355
39.915817237054675
41.63194305347499
42.61116577277717
43.36441918258486
43.59885741695043
43.20114364085136
42.81734964353038
41.869422575120254
41.22219567660823
39.943081431351146
39.15963731132364
38.34973434479536
37.22151147534948
35.90003594913262
34.5135846425762
32.59423791566987
31.002608665497753
29.28207326266832
27.267957815442884
25.319079239151158
23.3001965243405
21.248493576715507
19.25693052166288
17.80853851942861
16.576635665501133
14.047202732712211
12.405748610029327
12.87454377763556
11.693560561932811
10.745712816434773
9.724393329853285
8.820753066422919
10.319935975289548
10.69495572214977
10.820999424715003
11.159348668318657
11.230430523632315
11.153477399068954
11.239997764602194
10.987186685268679
10.888767440240441
7.222640023528723
7.32079509456592
7.2634517031444625
7.05989061480526
6.904648711571095
6.863395184437689
6.739409465080556
6.452135989433721
6.480292055863251
6.12264520253421
5.2094728590053965
4.672082953789301
5.36212889571575
6.253498804163764
6.109237579240005
6.748752051751157
6.82896633667914
7.086101329269862
7.395002585206949
7.626555914051203
8.085887738830534
8.064702031212168
7.242037791170528
7.031713388006092
6.986378729835152
9.638098425261255
11.632552471811737
13.105725151449507
14.848671085845488
16.928436183829163
19.039331866468725
21.900366181802227
25.12061943434812
28.30430988350765
31.49149138495369
34.431128949945126
37.339646169939606
39.764936487355094
41.99875884465917
43.81468005764899
44.87482116410665
46.14869752248993
46.74386107440655
46.58466876765544
46.178379586296735
44.847690987402295
44.39463714128404
43.323006970169935
42.03255861488748
40.79047561148419
39.9666163112168
38.72249931746321
37.72639345441101
36.06038214697213
34.59935657358982
32.78804460259857
30.69394387438769
28.77830365519495
26.702705444769066
24.981690842334935
22.60871315589357
20.15002720958403
18.34396183144238
13.372513493611448
12.639330618832648
14.174059739862889
13.17522466209471
12.077507307070979
11.045810096758867
10.407979565886457
9.416786245526973
10.82633438233883
10.861417587377824
10.942596956637086
10.980827730914264
11.326008250744605
11.163566828418674
10.9901617578753
10.900396996333884
11.04889994280995
7.209516783456434
7.060382242888902
7.110768468951498
6.856746413121443
6.849019907911136
6.714692552659267
6.794142581140974
6.398048171062881
6.232609010852684
5.820542183984099
5.1208621161006835
4.157501987725586
5.578782690357048
6.27510235001503
5.6964346304877385
5.46644661048072
6.670814631869986
6.953747175256132
7.022295241401103
6.710554200945621
8.025442577770553
7.946155771609225
6.4519038349679585
5.782884284664495
6.546976247958132
9.743983588074123
12.041139832470243
13.615544439588753
15.725571725425082
17.763303699354815
20.692311830151187
24.143034326154222
27.859270583262166
31.307796309694695
35.07253705654467
38.21415674571325
40.92278933645239
43.87519779359322
45.92069719855454
47.69566583879657
48.90066079110535
49.165003753430554
49.5210728269397
49.25977553667303
48.76820841099976
47.539057476537316
46.42996812939071
45.0788758453049
43.80581822089378
42.46485806404626
41.101772928238155
39.67060615187934
38.69431322062669
37.37224951380832
35.675506139968974
34.348732437136306
32.21768777681757
30.43984219721623
28.068767926900055
25.673578162095993
23.405553934615337
20.37526388345828
13.775213359318014
15.145948389951263
16.24476376101549
14.702329439135077
13.682923495964726
12.499145307911103
11.441046061685054
10.347386917108652
9.419898293570252
10.784169192119508
10.776775238711966
11.01441894192212
11.028802910576522
11.230703076414757
11.115125509970225
10.98724273486233
10.865344625360983
10.762787336182676
7.400377569274947
7.1919688906313715
7.200821036964837
7.152404164064726
7.0759575327264965
6.45299395268365
6.702478307158366
6.425796857316228
6.198743946932501
6.106253357420086
5.340587155529086
3.1568777953415563
0.6685806161711257
2.728599923957351
3.161508856062081
2.6342707779562593
2.91461375761413
6.1634663737359565
6.959090281476491
5.22287882297298
3.5465595948775617
4.15708421727849
3.8195141748708994
2.5713047139966148
4.483030106986619
9.32993352714476
12.226326287833858
14.19279912726373
16.56407624641081
18.971376290053954
22.650617148526372
26.875085571024446
30.476419750940895
34.27949344277427
38.191448853951364
41.650805968861185
44.886199729622824
47.9566916282879
50.06204298526779
51.44963012639389
52.039242624464286
52.254938266044704
52.33359657380621
51.29722953729433
50.612314878763314
48.93806561971035
47.56317920172544
46.358708128452605
44.90677222974887
43.84567684907344
42.49099404832182
41.095505720950136
39.68513527149509
38.81592749434096
37.28408832858584
35.349099594470985
33.625385954110804
31.421916292057077
28.783480821063897
25.919334056061192
18.805420830438035
10.414249522641313
15.798869805078656
17.96038965804545
16.735559843705378
14.977118013138229
13.613321065128618
12.538000710416089
11.344175676439109
10.265250797232062
9.458377585795747
10.285768994647162
10.551258097176733
10.649843998515921
10.758705341626255
10.837689527135478
10.795916366844867
10.58349306453738
10.654958769278693
10.683404650225945
7.5608162386999425
6.972331952890109
7.032314515950236
7.104626387609305
7.039937084537573
6.390709932311623
6.5529049325735365
6.329954424832148
6.122742420120065
6.081633103696401
4.410909398855394
0.7029180909793963
3.4058771839182844
1.8471855564674535
0.0
0.09395862924560819
0.09395862924560819
3.586669490744618
4.46787748615189
5.349736401825357
6.2635354917978034
1.7018542700772847
0.5637517754736491
0.8842215262897385
3.1793245030059807
7.330429660117199
12.17198339627206
15.023957515000454
17.562410167389913
20.44807739435519
24.800721972254106
29.16621476346441
33.1286610367967
37.51627063449574
41.086622282951986
45.74084460965813
49.08723302877569
52.16977002655764
54.42386756449616
56.05717978579741
56.15242577323713
55.658623331848645
53.81765753046431
52.6428042130965
51.27794691717593
49.95032160775367
48.3993691027627
47.05292686703107
45.33822028563955
44.30704996635325
43.277083298250744
41.85405687992598
40.59414267425427
39.34462367656262
38.116567034744016
36.66170206599626
34.59807222782213
31.544982215820333
25.389370933192417
11.834112184377975
7.437061217871779
11.327590100214918
19.74470266407873
17.35001765219919
16.81739069098125
15.212252602028803
13.566331030819992
12.404627029320213
11.296815380053317
9.810801084019682
7.78511095778676
8.46851532891241
10.224990846306847
10.676139431330004
10.583867305251019
10.62100968174807
10.61668569370704
10.543414471598227
10.63678297239104
10.53307072440426
7.541191695672446
7.200510440101658
7.0406013000195395
7.086850563582412
6.975758327341872
6.523543485520178
6.439633322513335
6.3156168726552036
6.031956481374195
6.086105799940313
3.1820052759332285
2.164194829005835
3.3252950799597194
0.8631529663874411
0.0
0.0
0.0
0.3911239113413198
2.5213320069145473
3.4873709310011702
3.5887842920108555
0.23452619593197277
0.5011126893099104
0.91190390937291
1.4158923700453097
3.8159422943916446
11.229311212910702
15.296487576990968
18.35375810994998
22.157771319846976
26.521095271410037
31.28394338429892
35.80546433492393
39.91036307849093
44.73869793669714
49.31431521811639
53.655849631654505
56.917498171769964
58.81074993177275
59.168265407521865
58.79329969005574
57.72531489241757
55.594072370484895
53.589559790080834
51.26706658814665
49.91819942833874
48.61875437582015
46.84808663185388
45.730657097040904
44.30985655365214
43.57721546604407
42.46653481308399
41.28558295472597
40.14172623987006
38.734584418768186
37.458529071438534
34.85127417942945
31.356289742652557
13.66493735897514
4.1488161443353055
3.654040883338716
4.730068187488997
8.172297016620394
13.838511878250433
16.619732020234963
14.859600104140872
13.54449024287419
11.957125085061
9.476872538806546
8.385831548333407
7.70018977795949
8.236786533458856
9.309054817629372
10.00718327397414
10.041740830557373
10.277650032211838
10.339752728976928
10.507610463299608
10.21074478045327
10.423707943565347
7.280074998350043
7.1676889228213545
7.007196557513423
7.0280702564105715
6.8509083105741535
6.38418645391273
6.452399158900161
6.234230951104763
5.986947521319264
4.994451005454502
2.4780270126130404
3.0161742541441945
4.391294740349151
2.365915122011043
0.0
0.0
0.0
1.5659771540934684
2.5977263439798377
3.063586461853287
1.8397278075619212
0.0
0.3445149739005634
0.8762064519282472
3.2366053306839544
8.073655353718147
13.110128501646855
16.076883935038584
19.45916457599752
23.554436581418514
28.45259366104734
33.25458843251673
38.1685045410912
43.0834557269112
48.666807480384705
53.41548560994642
58.17751853945168
60.32566159616561
61.361689981816475
61.331343560374066
60.25132367352697
58.85071725250127
56.975319196264415
53.57044964080589
51.98538040044483
50.1150481454486
48.59137580102877
47.06240077261957
45.781500681917244
44.91086892793403
43.89590171887029
42.906866487794346
41.75947469247787
40.52243047802897
39.18564548826151
37.95293067898253
24.007335987758093
9.919331737751452
3.9199496557012212
3.113136857022742
4.642934052166013
5.9269667061272635
16.03874807393965
17.988384175849898
16.278359357073814
13.941964734002765
9.1110233118309
7.709986493262444
7.290840680126118
7.589081562025362
6.091936248765048
8.123583853746052
7.992439246126356
9.225904428555774
9.462941157998188
9.7943821601605
9.852507645108414
10.029883250853775
10.211557117453044
10.231216299850901
7.42954089306932
7.491083846869638
6.99366723560344
6.873755738124812
6.612811935699277
6.526277379036558
6.323499401283862
6.179140958774251
6.273458668592105
6.275221308771726
5.506295659804651
5.470674831484807
6.82062592396821
6.782925057350676
1.9475642014972447
0.0
0.0
0.0
0.313195430818694
0.5083870093073062
0.313195430818694
0.469793146228041
0.2192368015730858
1.6564131608858597
4.5166177497972475
10.913981289017118
13.855761087652157
16.931584023772555
20.3276529883751
24.77130638685266
30.080739179586775
35.46331030767012
40.480401778378244
46.26426474877657
51.88751903734188
57.8074086917705
60.89867899362008
63.01844369986134
63.29815423043703
62.64261154451772
61.27878582277612
59.71752948984386
57.52560963107726
55.34305653852561
52.584684395306525
50.691133278403406
48.51017828859838
47.31155304816204
45.765432010789034
44.80641309859798
43.622767663231635
42.80210222437973
41.883362505541356
40.86515182960046
39.465846061773796
38.400130146630374
31.024836124481503
8.711426462139908
5.541875733629531
5.312086228473146
5.713944202502713
10.207862832101172
20.160374631481453
16.641253328538117
10.256107435609282
5.75391305035009
2.028151964354893
1.3890059298846367
1.7238272699376198
3.244579137894891
1.8226142169909674
6.683175538988044
7.689484203176143
8.958513189046904
9.266071124634509
9.593921798988386
9.628908469793734
9.995464684225825
10.272484983220885
10.125501624433511
7.626819610933019
7.25600290970196
7.1420027612924555
6.841443751646482
6.488055625735211
6.601947281531946
6.316687501465484
6.522115124827101
6.301848862308707
6.2062695992910655
5.710639459993526
5.208768804546076
6.651541221376282
6.929657170147405
6.2454275984171606
0.8330679059221581
0.2192368015730858
0.5011126893099104
0.313195430818694
0.0626390861637388
0.0
1.545569091007693
0.3758345169824328
3.1546505583628823
7.403333757357282
11.334447710833073
14.15386112711482
17.355059484970138
21.46768508296627
26.322652140777098
31.68147748370996
37.61677936983149
43.07465495677646
49.60492491276547
55.929240396335366
61.25692942435819
64.63293410295901
66.53226653440704
65.91154350413123
64.29962489957845
62.18443464084811
60.07037699900168
58.776597530368484
55.91618431347401
52.45632938847855
50.74021634023305
48.96870663537506
47.50768606464587
45.84771305964321
44.295887711974814
43.509413526654335
42.94326736937348
42.02604210097923
41.0971167485081
40.06503280079383
38.74322062838285
37.00532725177424
20.297612286334985
6.437467506165223
5.406539439897276
5.093284608953057
17.012293414169996
18.09150671243617
6.1642368916973505
1.4811729059834777
0.884200892017626
1.8937212249069535
0.2505563446549552
0.6139772386409909
5.1844513485317805
4.605758647337831
2.326400848677421
7.6560451118663355
8.439376644431904
9.091254967997981
9.148169319208375
9.308421297817578
9.759064725469624
9.949874898203777
10.086269363922131
7.508846333774582
7.490504509476164
6.968890556304616
6.753916479920285
6.534210411571305
6.576610323374124
6.377756682317489
6.396833331542858
6.396472944490565
6.308159675147248
5.873664356081624
5.360111988472174
6.689737722724583
7.050723983776274
4.83181941116767
0.5127649236700995
0.0
0.0
0.3758345169824328
0.1879172584912164
0.1252781723274776
0.156597715409347
1.2170842658301124
3.988764502285093
9.343940809476996
11.602196944891979
14.537396408956695
17.85273896544846
22.044026165816547
27.25421797057067
32.95910259078883
39.207349505054744
45.48905956473712
52.64263241795087
59.80180205559425
65.29892853070646
69.24239597170465
70.40675095159891
69.24816594261517
66.88350971114062
63.187944753032646
61.016507057085676
58.97937649624917
55.915793843903714
52.737020497685435
50.64209336642641
49.14759356274121
47.696444307029076
46.28654662727669
44.379287360963396
43.696460631272416
42.79763639723644
42.17414912201773
41.23241704843875
40.429492689864716
38.99346140874825
37.34790184371488
31.851846019017536
12.404488904673986
7.813299591197801
21.056027066168436
21.71598677962262
6.282099905183703
3.3500003974959767
2.250418135805235
0.09395862924560819
0.1252781723274776
0.0
0.4784102453728941
4.46988418455733
5.029550537900204
2.3524978763584747
8.309361068388963
8.918233865385288
9.101800842575583
8.946375582723102
9.112741411269107
9.526493391596622
9.824895646043487
10.159167121184689
7.4681792144506645
7.599637479851184
7.1694006560126216
6.899202196143138
6.906778352407792
6.676377092554268
6.642699721685515
6.309756642890409
6.247353663761682
6.5551724499593185
6.051520241359667
5.493490733036967
7.053460843210019
6.995906376300642
2.893954768537322
1.2527817232747749
0.8143081201286039
0.8769472062923426
0.3758345169824328
0.5637517754736491
2.0044507572396393
1.1275035509472975
1.1537044253022783
3.546487830360057
8.888927194258459
11.579479656170907
14.770999523894448
17.856748097822823
22.747288306711457
28.34698660751632
34.657396862207946
40.80536121531601
48.19440463262564
56.279163688113115
63.03002785444059
70.45720115482112
73.50119966166072
74.5419653443728
72.14867069508472
69.01772900223685
65.4776353117128
61.78929018774804
59.50714899481397
56.42668107598124
52.9087319191519
51.19150822902129
49.73898407152306
48.264260690144475
46.18970485628393
39.7051194850217
43.96650062498137
42.74095460737842
42.56239022279061
41.84087185137137
40.75289449746747
39.31033984831317
37.82620756912824
35.13865992678209
31.56324727080186
28.350190224132437
25.293129672145508
14.394536289429592
2.584897555891393
2.0946110209681104
2.462857147797653
1.8831190775493964
0.30881751645590066
0.4501410670071285
6.171897684121148
9.650966570776006
7.8803009071563554
5.714522073327407
6.5074267147277
8.67706024732402
9.007955679451914
8.99379185431577
9.068457341352987
9.375442580054045
9.415621935599503
10.183555627636371
7.425184930848584
7.810180123988962
7.334182031520022
7.152895792148367
6.79681747870294
6.616335337614978
6.747987795304881
6.602473620464828
6.528570148375386
6.573841719008506
6.1917158707715725
5.555872436436839
6.692772510057015
7.054538577104078
2.3459674721230703
1.9104921279940312
0.7516690339648652
0.5324322323917797
0.2505563446549552
0.9082667493742119
1.2680711176336623
2.1318639465655127
2.3883047262221635
1.6649053031557361
6.717170515452783
11.483537756959509
14.395436321943322
17.98393017727669
22.80043319554044
28.363575975431452
35.25454788161716
41.84049319780474
49.49210315986996
58.68434603271507
56.322444435039955
74.69432436232137
78.63655535104496
78.9349694709443
75.38290022466708
72.08915476939613
66.98095738391446
62.67193797460059
59.66457664316284
56.42225903971623
52.98333002366426
51.03392609908798
49.776597830836245
48.39603721157544
38.19871398641637
17.36706395849941
40.25025343811024
43.457407102576894
42.80033040205176
42.064286083475245
41.08325198878931
39.557398732834706
38.22155196199069
35.51478012882429
31.661885857680318
27.791873341390257
21.58736650344826
7.130830304269593
4.3839750141436085
4.345744599002382
3.9900207689522578
3.4214826086644248
2.6478073672423914
4.668373441417023
7.565952485278163
9.289039040948184
8.748515790283792
8.912121938648788
8.934757619723989
8.917300292113353
8.81877835062128
8.798081295582012
8.96081205781161
9.312099980486527
9.374347990111138
10.097178002759554
7.636518665631801
7.448569351801144
7.178579112849348
7.107132066016238
6.953669065584584
6.825799811033533
6.539901178673315
6.2822711261035
6.323975236310653
6.493865351593918
6.07957881075922
5.715121697308818
6.7089175376498
7.139052992790606
3.1796806173276657
0.0626390861637388
1.0138776129800091
0.3445149739005634
0.0
0.0
1.9097513736299359
2.144277569561909
2.984667136051418
4.185394230713055
7.652090907941525
10.952703127851258
14.054015545848552
17.63934389517894
22.424092560667837
28.621451754644127
35.55871469771283
41.99186709850031
50.04525980889009
44.99555619843238
24.348106617990787
76.39309968072698
80.42319927347518
80.61547828534935
76.82434112625555
72.14989652249346
66.33561264942556
62.68623605895134
59.26999998640858
56.00907314483476
53.30229553401764
51.092992570327546
49.13845391185961
40.327517926824676
24.725183699432087
25.461332867951853
9.736656253228224
30.57891347565627
43.048473855202005
42.45507084047892
41.30304226446238
39.871817817349665
38.48205417518101
35.16198293571073
23.17438003020164
14.955968188568335
8.3535290444644
6.2628603232662865
5.225170165484746
4.846846313021521
4.028052158162774
3.1456681592863434
3.0176999240453877
4.098464834657226
7.707481226938921
9.061391984670589
8.82628184482821
8.819420343438699
8.629767960735217
8.668021076699732
8.71542335508151
8.881138955317093
8.781405120710229
9.08087039421833
9.5302950679566
9.794822642535529
7.33050986290478
7.508588008554696
7.5215298893930855
7.131639965028082
6.88144139424997
6.6926535513003165
6.397903960353139
6.261478550378275
6.564499132337905
6.542550824282235
6.0323278647156755
5.3832281215199185
6.651431889724738
7.041569534053094
4.308855135294251
0.0
0.7203494908829958
0.2818758877368246
0.0
0.0
1.8791725849121619
2.1559298039220987
2.217066747085534
3.143746845840176
1.872386162904615
8.253852077396523
13.395897250013938
17.21168633049008
21.60155573549101
27.560204969455018
34.52690256565999
41.14830262090157
30.4936718372611
16.10547355762096
31.719730690593163
72.72828532585062
78.24193647342798
79.31866688251023
76.10402419034584
71.31770321206311
66.08206626217033
61.86339734587732
58.77016517826825
54.95650854384565
52.76776926341555
44.64982104455457
22.52148694258531
10.171178215634827
21.952294214523135
29.90293118473738
27.404133216936643
10.55385145781671
38.962523416713005
42.57801891595322
41.484123891483705
39.962103772918276
38.07805473160206
34.03943619850762
15.62039969661875
17.171740607350056
10.936037330471898
7.133851264278392
5.541438656449858
4.820914515863324
3.7794741505039977
3.285247360343261
2.982805123781159
3.045910426643998
8.344582581918198
8.96031512994056
8.748982576919758
8.7955025592907
8.574134722626138
8.661091863136978
8.876651288513646
8.731296236337936
8.805679023185498
9.20113145175774
9.42593724595997
9.99440104547965
7.417736137406077
7.710942247924608
7.689502220742491
7.397727263334888
7.051112202652318
6.845361754181886
6.9191462675146305
6.613829902715799
6.527567974415714
6.458327843515566
6.602091492241688
5.321242443621438
6.259973815042127
6.810886186940742
6.705414694617085
1.1201065502972922
0.5637517754736491
0.0
0.3445149739005634
0.0
2.147914729560607
2.033548037229223
0.5637517754736491
0.0626390861637388
0.0313195430818694
1.6738258930119485
10.558244879697302
16.446925838944637
20.642688942713722
26.304579591758717
32.98791072302098
34.73617889075375
14.696576679619394
11.538124485201747
6.462688585288003
44.78160214242117
73.45301559489859
74.98491682502834
72.81297670058751
69.43468559137497
64.58695372738934
60.98327966461997
58.13316305506193
54.52419009442518
48.025191564783505
15.150827383585145
5.650355385576108
6.023256935167997
8.056500001343176
23.61769731099377
34.20262370120904
19.485509129327266
24.138801765835733
37.36119660516826
41.767746592710616
40.02342305991442
37.443544791713975
33.06343834451339
27.64000532619773
15.893599807919044
9.852190028209769
6.656987429644325
5.600509627010297
4.224281020994553
3.9154385979490987
3.2387209599909554
2.866220877362933
3.4655682240699233
9.22002866233224
8.64149223077519
8.730640982908868
8.786601847732483
8.698173512593518
8.819420343438699
8.600351751055397
8.681416364936831
8.945034054723585
9.12674049424628
9.580484915453066
9.851582344683365
7.5053506170411115
7.732977326140272
7.62635987443933
7.535713288654542
7.054935727460945
6.8693333279492865
6.89882006792
6.52701638352979
6.62589993750696
6.446326263575015
6.5323288126349865
5.8230036041905295
6.326250483179216
6.4797657169303715
5.960664967607846
0.7439312917848783
0.0313195430818694
0.0
2.0044507572396393
2.0044507572396393
2.1908865070026655
0.4071540600643022
0.1879172584912164
0.0626390861637388
1.358392586880572
1.6941517320555484
3.6673379681061946
13.959103393488887
19.572715881379743
24.782290340179525
30.668185602529103
18.691522215534313
13.159640317566824
8.650106373479437
9.16221663821483
6.708616436602093
35.083064082107484
70.09929790904032
70.34979023444052
67.13052970080784
63.10840191526498
60.02423327521668
57.489685455431726
49.609530715827816
15.38531946612081
10.274371386147322
9.707413437482158
6.179014404657166
6.773937881995767
20.128529566195517
30.121320991031464
34.49976552625627
39.609950071136154
43.128324238810364
41.81673969154547
39.57852710616487
24.829908046510614
12.291173192957947
5.004606860336017
9.679805301373815
8.912668806832139
6.368151205624575
5.225520170716555
4.602408206345512
3.455262758016737
2.319061084964745
2.4354802572060734
5.443333804687367
9.615807286322244
8.346970848360721
8.794316594380879
8.778026233360164
8.43544520215306
8.450017606778998
8.450039435274407
8.545320079156916
8.881197142453626
9.278626516051762
9.643443625790196
9.8523290916559
7.541838226026067
7.688114518527512
7.639394371939683
7.494368843613258
7.140527877041531
6.742322280155917
6.928676156557372
6.579507234157469
6.552760721863794
6.687827081608893
6.287842934448812
5.83201725465682
5.899946991612163
5.831444084448561
2.3217860519866838
0.0
0.0
0.0313195430818694
0.8769472062923426
0.8456276632104732
0.5011126893099104
2.1933371085025497
1.1533026430889946
0.5011126893099104
0.3758345169824328
0.3622443402577797
6.673186199872224
13.7015521081656
18.354860810067038
22.94611841791449
28.507927630634946
28.219972985119384
12.295592460877186
20.504581553368265
28.790698082210373
10.75975286513071
8.565938430309007
65.54560896728162
67.16970794824802
64.16307700703027
51.90116930125154
42.68878430375928
42.15775497048875
21.092247719200618
13.677325666395056
11.897916309770013
11.499029566477304
10.964704358854052
16.947027737506655
46.479580347155554
46.85739920592573
46.2956115193194
45.196743399359825
44.112043962660444
41.23040123021413
31.338673109639718
13.906069325577416
6.102220494515448
3.517654462020367
6.270257856632683
7.1048153033061725
6.052093293972314
5.120688461469315
3.8343199167519217
2.994374821052899
2.249127044531499
2.231879073536035
6.65358312529405
8.982774455672729
7.9041965904937985
8.545737558921209
8.540824801622673
8.5516029739645
8.626757246277766
8.696773152685623
8.757751038431982
9.132844513817213
9.16514818256121
9.446527804167415
9.720972475497337
7.387450368814536
7.6135003312488525
7.609573711503748
7.490017538569506
7.28172483691084
6.806018868164172
6.9494381130167655
6.732597565262178
6.539400091693478
6.752889054007569
6.479120419240793
4.592534746822515
2.241871429668229
3.5636131579257584
3.628511443871698
0.4284999521481039
0.0
0.8492648232091713
3.3827570740430186
4.454869505718536
6.160800030227349
8.42177899045413
6.961066472803499
0.843451179228556
0.04297177744205849
3.9054972125754905
12.026026474177987
14.612631185862663
17.300368227328374
21.045168539141333
23.591653198231405
12.913037511609623
14.873543140755212
19.283750688040307
25.646311991058408
29.352192598661002
43.70300130905523
63.634257408864045
41.486465799225904
13.349655757330959
5.614197616179548
5.323972441302425
5.765251080627947
7.5701359035562925
12.771979060907784
13.3524079950546
13.502465893829019
11.726156567154513
17.3664275965867
33.769346358176854
48.274608396487984
46.999626453951244
45.61137935769112
43.78544021860211
28.068434748545794
10.572704704268158
8.763377286505676
5.761880218318422
3.1033020935693667
5.179533344419464
6.241518345220192
5.339351879770723
4.708518998157082
3.2914411063097773
2.5519406979916273
2.2840631133399545
2.876932294197148
7.135740133031461
7.5377495124016525
6.74952101865388
7.6382427547614515
8.355552219513486
8.48611510655787
8.552080693572034
8.600821076759486
8.843496285828031
9.049591418341446
9.229741867048796
9.519075317685987
9.69727032935515
7.046047815447497
7.281002436797447
7.463280144826228
7.558639631548257
7.46622454166615
7.067303642567783
7.106904134814404
6.739701011235579
6.721122324254507
6.788859194215148
6.641171208792963
6.502120524495585
1.7283025709059963
3.0931490851618606
4.249301475347696
3.1128823917583612
1.5376158435717782
5.583302306990061
7.881843542936232
7.921945581742246
8.58908496741783
9.096961813308221
9.46312298271662
3.2243522168933048
3.7599963147499538
10.587346595254145
12.442376565591237
14.136425598612986
16.343928523302527
18.58656972936552
12.52484717994243
17.595550870714245
17.52193828437842
15.92535825120514
18.07591087134246
32.33821414881631
56.46907380883168
28.865209830205437
5.819665753101511
4.657063055117949
4.532736498991427
4.06362368948153
4.45681508026998
4.911969846579045
7.650523158165769
13.359600630920124
13.364721083004978
36.26996047280145
49.66495241122267
26.692056856415054
42.26305964262675
47.52879960795144
45.027487122692555
42.74083765808331
37.04229792748953
19.09909688385023
4.369968214128017
3.288070712085405
1.7373389388627742
4.56215449444646
5.313552375270761
4.759736121931879
3.9300396680021326
2.9014045574367344
2.2491476788036096
2.202538741362855
0.7553061939635631
5.278196123235221
7.141166088976551
6.518689667594465
7.062622024258936
8.415011225556844
8.503602451612894
8.566879572101037
8.46556413085495
8.946317395586565
8.884657002588588
9.129555151189457
9.544604093062935
9.551522765204338
7.289593727077023
7.532671936752834
7.514872186596013
7.523004773644009
7.454611951524762
7.454348254642953
7.317350857152508
6.972331952890109
6.7029793941382
6.631105521921148
6.666890295173923
6.506631187980746
4.360971370748236
1.1449528686691155
2.17039990390377
3.079369047136292
6.671787403878905
7.739518337467491
8.04947023223566
8.481659105667644
8.67766054400056
9.262041713158254
6.879202748453974
2.6924259636343435
9.909668983308665
11.364352928743019
12.240960526538657
13.524312986394467
15.328527383903799
12.339015805456203
15.656243394919713
25.571091974995458
30.19285288054397
20.468941091743726
23.381571997759433
46.523666771207424
36.74553084839175
5.644083753364648
5.833574187624498
6.88410006197853
7.896865050858809
5.2505160363392
4.612720058760918
4.363605144879243
5.480597142966769
7.403624798743069
10.788902744649734
48.85260955906325
51.47518322012788
49.87513519118659
32.89185454099841
46.47523570632421
44.132340716009146
41.235735786885535
37.80539122396394
30.307862775633232
7.541359933686345
3.6189578497994774
6.486333185421391
16.68461646837765
14.434428312535895
7.740092150643189
4.834249851117106
3.8771471699249185
1.34236243815759
0.23088903593327492
0.9732864073179994
3.7210389515466855
3.9869626504822846
4.569967913186705
8.263882156695834
8.74553255420261
8.808977582522514
8.9129789512265
8.623885691741755
8.94885253097058
9.14594069570775
9.418931560984904
9.53494241860196
9.594606335500524
7.204073108856398
7.213752111515277
7.382826835621961
7.516838698930579
7.611777463756194
7.363350398962875
7.3446622121213005
6.854303294836962
6.765256969114407
6.838822482726144
6.755175377950575
6.567649864926661
5.290279879265151
5.991853896875692
2.8007547381616757
5.825138992858311
7.190458240700465
7.636486774041842
8.017540059709336
8.250244368178663
9.032659709275155
7.506905801437786
4.426242981574603
9.544324126926984
10.942217701510637
11.36009542986942
12.102721377907276
13.1253730408418
14.296433474749323
14.734785766581133
18.654992203582932
22.42285643585211
26.827122332795568
31.816570309355985
37.046708527414026
41.80446821237495
16.768424338870666
11.50538313827078
17.17857726931368
16.804651233452603
14.720364435219482
13.035831720976686
11.03614633544789
6.828595178593741
4.616952949724268
5.772415921118596
6.884585681442904
35.878666418522855
50.838365896155736
49.66707258936619
47.09495191759652
44.5351533428405
41.58659804281703
38.751108379257346
35.22095420155215
31.614623134178846
22.75493498501838
4.769273848861212
18.527176647641205
18.526701809342935
16.589195667949877
14.407015088685293
12.753580702940097
10.970845138673166
7.22459666149639
1.5734425260465315
4.814726498196556
5.643254301564127
3.5363097860407833
3.1357717241632566
7.215485367797247
8.752922484302342
8.903617803768531
9.005046789112182
8.669686495838839
8.736587196756743
9.1738537601457
9.356434635702787
9.458776116328318
9.535012054514919
6.939676444696539
7.2862210210235725
7.45280183903207
7.307144460730007
7.365734805200559
7.436042196024516
7.123471612300107
6.91914626751463
6.8546854230601
6.970092812192909
6.640287993589991
6.444704043878811
5.591326918868748
5.828773087099964
6.209508350834772
7.05639558957814
6.90765210871457
7.643383214328691
8.050338357469089
8.330248618879102
9.0358064817357
7.7244122652131795
9.66291963318285
10.355841676238882
10.974796229764676
11.331257319720928
11.930550488834957
12.791516628511589
13.4749083472833
15.105112302414476
16.99911378125597
19.105848328015625
22.216655740791786
26.4880517333833
31.284538925582897
26.50469458455596
12.476381034557129
14.611865581778488
15.107544734723781
14.919268471712885
13.99886485204027
12.685550148991615
12.271947903607561
12.257439423308208
8.389233326377521
5.563020292012528
6.731986978421839
30.184154886117863
48.556060262110805
47.239977013838384
44.119161668226965
41.3662295507057
38.30636339144041
35.45410857746956
31.946549926006814
28.660553612944952
25.31950897955814
13.943889216477189
9.653794168897313
17.28124115389793
15.540409448636675
13.5852027814555
11.97596024026848
10.523459175837381
9.870797626319284
7.139156989546832
5.208353706813151
3.7000207901934363
1.1231656490727764
7.239506043093104
8.651394208699624
8.690368912895366
8.928151652528975
8.93833385413202
8.89640589001612
9.03909870578173
8.959161188827858
9.334614897281156
9.443886362501365
9.252554032733906
6.773487881964833
7.000479135421823
7.320374997842239
7.011659816774097
7.187869896632186
7.313118369921585
7.15806967921369
6.9430083414215265
6.728316352296023
6.800190224513077
6.54066543511959
6.2053396704083275
5.535090675557508
4.968411267206608
6.240329098382955
6.617099594061254
7.202097665041008
7.450272167253902
7.984940791067337
8.120881290356147
8.712996758686053
9.024902909403206
9.779939839173165
10.241388203977221
10.775935052589716
11.110883283513914
11.786454992271644
12.406088585777189
13.124771374856595
13.792024964093702
14.976635754158409
16.908027497643037
18.74573573888633
21.390820527734853
19.852098717184937
10.46591240547968
14.80958588353008
14.037853092762218
13.369229097893529
13.049343095896567
12.897915128887304
12.480842541890704
12.312168246692014
11.458215400078082
11.693741444843843
7.095696771245229
6.176940278060826
32.667737611395
44.054115210972896
42.48713742572346
40.04721733555263
37.59913276886308
34.481655040247745
31.684632777719074
28.350802160693707
25.26895725628304
22.38024822952398
19.345258738836446
10.132931691884544
11.28914128925188
13.871424575644657
12.534171360092552
11.224852987901635
10.347798007245055
9.388031756884418
8.760914270073489
4.491421878225827
2.643197772746964
6.094726085804751
8.10524577852663
8.536931090299026
8.959008768294773
8.796623673946659
9.056371946946056
9.166832552831107
9.19482279973685
9.234179265764315
9.27763978076195
9.257462674376532
9.443491668385436
6.692008253610738
7.104407387888298
7.267687031203305
7.394810419685099
7.182696009566863
7.335201053367283
7.325063347476821
6.8700975843955625
6.964045168820806
6.660852110698017
6.1370799722970055
5.398570163732146
4.3684359084231374
3.2826861546047654
4.69219246255068
6.477022364517798
6.484429058119664
7.207813968003679
7.499515896479426
7.831450738622348
8.697266501828253
9.226650485135611
9.549831197909244
9.926804801154127
10.46369984622234
10.946801215186316
11.388190201855462
11.766647609616308
12.33108160892083
13.255004913433353
13.693860017874025
14.941113436428672
16.427552745340975
12.184874173738692
5.21760587394601
8.785355971730105
12.387846492728244
13.246821998434553
13.580917045584242
12.975028752849623
12.005021865787665
11.495606634171871
11.220423993190694
10.27077722011112
10.894696537346224
8.839593143124164
5.265444605952056
21.51462404184532
39.21319248000231
37.9960848088534
35.58526612472683
33.141546294608055
30.374267196751873
27.745665441273456
24.717838671616807
21.95522565340836
19.490899518286383
17.694287976241938
16.061455905426477
11.414898727112655
12.919395009735343
11.480209243133862
10.3715689724761
9.593908860381278
8.791727740034522
8.230211493448778
7.17352157025626
4.580418303209851
5.67491970198148
7.325770033950135
7.990952979661059
8.426008214455486
9.050839357716256
9.035895024613119
9.171731364107865
9.170044448864092
9.273961098092999
9.236760529389512
9.37415064305317
9.323425412930108
6.5411665220994255
6.744865439404706
7.107395762898047
6.956031013114139
7.2592521407655966
7.285465696058118
7.184537999907198
6.825909310894036
6.835778236497518
6.512559872596149
5.661648679230377
4.32555455068592
2.512626714820379
1.7574876429462079
3.7039464301980094
4.861794238125678
5.273832611028611
6.17680773788733
6.854595715385719
6.8379016891147355
8.034325799392517
8.692788318778158
9.152879980136431
9.557897091479557
10.273169609075653
10.505881571587366
10.79298644996673
11.359260069821815
11.93333079222739
12.37799355760451
13.122367032574324
13.58126874717999
12.723603025565504
4.697299341774376
5.696171682251801
7.0548495155427355
9.039845526024376
10.975570687633798
11.604398707252923
11.842958923283751
11.789078142512055
11.68212767408177
10.527274664913717
9.368911251233907
9.341053046811455
7.992046676195446
5.516578206772628
8.631944311492495
28.862980741932795
32.80998534446011
30.554711983572492
28.39415283626103
26.2842380823012
23.729462811267037
21.37270993901715
19.414930413709232
17.557675027687488
15.9394751013716
14.189966178250433
12.75354118432572
11.498817817892858
10.456647031926755
9.345092061790991
7.771002839362803
6.200113580944246
4.9768407657451
4.145005339727486
3.2902966526624877
3.0979212202667594
5.384133844239772
7.228642902498714
8.271015097653134
8.744558747133704
8.907149111651686
9.01192660797587
9.052333982764585
9.255230228241372
9.192069771291223
9.28352278235465
8.991660293312549
6.419460792524641
6.809827370839072
7.076067032586998
6.936688069686791
6.971720886217405
6.872884995318406
6.6078759661473505
6.845734423508831
6.487579790708422
5.499258785729274
4.119361207554155
2.9955758275264963
2.806679207949234
4.577369781653857
5.440410823807932
6.040556273325239
5.937024945376839
6.365815792276433
6.222413774371812
5.396629978498713
6.080676811596392
6.54352539364862
7.605010291646561
8.155136060913287
9.174586960824572
9.885797397770409
10.334621675413981
10.802188229698745
11.277617430887508
11.568958697743032
12.273764721735043
12.60313651757969
10.692102885089387
3.19280974653583
4.934442271221738
5.360753486051788
7.4876287237295776
8.950038455743222
9.28093671290867
9.629044916442142
10.441401512244221
10.341576150855095
9.802569835219593
9.28033745117189
8.19047503037327
7.815677928099833
8.44580660366924
9.224657336110408
16.516282604093323
16.26332913217399
15.935524751912997
21.310480702251066
22.481405314293312
20.450410968593626
18.550662606700786
17.24396852726963
15.49880917194385
13.355633858413798
10.916458727741423
8.65634410302563
7.384728253068361
5.963863390704617
5.309614008123742
5.580825209543727
6.641373528837529
6.940562651486931
6.997490760412072
6.052455467699602
4.352972018424916
2.7316291191166004
4.629814869024692
6.732302296495109
7.864928820765051
8.535432850228075
8.861011800575199
9.010104356213006
9.11736823799399
9.034813411154895
8.895238923426206
8.727212788687128
6.227538010043082
6.636771037070112
6.640908039326524
6.670448407938863
6.621762935250546
6.5849348317930385
6.3298354660754494
5.995125778251035
5.259781125045145
3.8976453060780267
2.6904465166808538
3.531609322486168
4.741205653934729
5.86954771843752
6.106491274933484
6.547120458667875
6.2623112616751575
6.583422223192502
6.642317593462378
6.878274868604363
6.95962275864528
7.032160318928931
7.023830663452689
6.963222362620704
7.115130620282046
7.313161682599432
7.731832704615677
7.838501405816882
8.712109619552312
9.164799690108506
9.81681806874466
9.47466229268302
4.9934911279100875
4.188963828505385
3.183743101244057
4.192273048625881
5.97933140085348
7.609442061022327
8.816841607147385
8.58232075582856
9.080854905845003
8.597364134627421
8.215698186496873
7.976993115907391
7.1526096899657166
6.5163505267874156
7.169677739521474
9.935953614447484
13.26164700649483
12.145580938918304
17.864443347042176
16.8417240064241
14.569112813463105
12.762238596941055
11.215744959037595
9.8618965267233
8.533993744805612
8.414411378863138
8.556280745892566
8.72346030377524
8.793188611879847
8.50374313652786
8.45361219689625
8.12681890226502
7.970368710888437
7.6106954418159845
7.486289233457221
7.345267227897786
6.59712172905965
5.423053020650613
3.514579370337197
4.307496917598871
6.213070653255288
7.836486753676862
8.395666825407178
8.708149486873742
9.01047308605008
8.963051789338769
9.121905856440955
8.912278771272547
6.398430299286019
6.213319416622839
6.351103876827467
6.3722533288227865
6.405480116617792
6.4937968967433095
5.861143353163185
4.459459530811319
3.6436670009036676
2.353336656956679
3.898206815974986
5.306408614112876
6.003469070071745
6.445875680501269
6.128332738298145
6.37882731112777
6.481124767160136
6.773324753462703
6.696549622542961
7.104626387609307
7.237086791658553
7.425184930848582
7.4327929649608775
7.627678358848382
7.816969305768979
8.049572940700632
8.191270938372503
8.24758878750758
8.223558937939957
8.242424750913623
7.747755160241148
3.383213098125031
3.9802368317714305
4.2194765868893755
3.25104446169542
3.636911027915935
5.547759307929201
7.177043950282679
7.127447621633645
7.202369020158278
7.362497008967128
7.862594149666782
7.625731439881851
7.961810338507067
5.50705624969117
4.669624115574348
4.796499909683127
5.101448130983449
8.264742786778722
11.454174688844278
12.873497270738156
13.606901305627401
13.761746587182245
13.715427888156064
13.40978518682815
12.813313160558053
12.365487093834123
11.751722932033505
10.958318672092465
10.658614238590781
10.19608596129814
9.543334940829459
9.25506797734241
8.728313312637866
8.680357066335437
8.341254028358433
7.8810956227243665
7.460550095036367
7.595183466342464
7.057504216264975
5.91515735623886
4.43215088690028
3.194265399830615
5.548835758754802
7.121787429093348
7.989440900760273
8.346138948284139
8.501571777584065
8.623292314480125
8.460367403832693
5.941805095436249
6.008886202269778
6.183736124557061
6.336647365893827
5.87643826888773
5.172097146368391
4.2091719025752194
2.9670039999639064
2.7703195465621846
4.148122600364559
5.639714745481477
6.431963459445028
6.465666082266823
6.4312244549517965
6.342648295586165
6.6998034095964
6.685042684186425
6.902246442371763
6.965902181294869
7.144991136302205
7.410059412761744
7.34999418404027
7.58742983867625
7.790182482118005
8.269606511348536
8.662627002619512
8.904456498872065
8.88393465001425
9.128147505889569
9.19795277288392
8.919367012402201
7.870048060115844
1.6968319862542862
3.928267011490647
3.8299937877763965
5.041541619943667
6.98498332607817
8.438144592898485
8.825817253135384
8.142403040359605
7.860515561334412
8.209961196933929
9.572195591761977
10.2611310673435
6.560207750413415
6.675226534744084
6.907593452633868
7.727899479667961
7.469655994201106
14.109374049861614
15.090711821547456
15.447658560443386
15.307212086886073
15.217897621089294
14.492864046762232
14.019624390857945
13.50321514611721
12.748554249346565
11.986375183161254
11.215642007064583
10.621521793692715
10.076287634784043
9.53255567293388
9.250790284551975
8.790829880631861
8.586486445798332
8.311775583514606
8.146567411785467
7.889469260816171
7.578521874622899
7.440892627156814
6.456470060734497
5.056598968600714
3.4347047990003703
4.50641542851162
6.688744015759303
7.554412910326326
8.255416323399515
8.101447902452914
8.102425123963506
5.786391334635093
5.810049173423539
5.7458097966991994
5.419532290591962
4.303670299281518
3.625806560007758
2.461820859452454
2.7251175413559174
4.87989734499979
5.975258165408537
6.582827429409013
6.095970655873342
6.337242159677316
6.3851633759193565
6.541047563342727
6.581010495096977
6.640050076076595
6.989873755062269
6.924811782663594
7.278813036909534
7.410814737727197
7.691776726905865
7.924838367696001
8.29639823680447
8.431930963483751
8.902507429442286
8.82428944374642
9.332338167938437
9.487513552371672
9.42342998617207
9.097625630557747
8.586297979005224
6.535528136356998
1.7329690518178962
1.6785216641566272
6.136831013854047
7.387769883416223
8.147601753080144
8.678360712768452
8.626618086356336
8.470430692094546
8.861069987711733
9.106032975184531
8.901383762760508
5.556280307645243
5.845244484200007
5.023435577338812
5.68774644101034
11.716044101499088
14.670887881158885
15.379293959297378
15.840072824399492
15.72474878218677
15.298177367133293
14.623595989921943
14.07338608580533
13.624845511456565
12.820831817841079
11.957372576114391
11.364335448737991
10.784700196861078
10.135595072276395
9.724590662226511
9.216578682585975
8.7762988597657
8.61613039891527
8.326274313705333
8.235349986719049
8.095178404789571
7.989859198246731
7.518085651979672
7.248015588194447
6.752673311294688
5.316881940058297
3.3943625283449066
3.8471907133917713
6.086372234861938
7.120554696248168
7.708923728996096
7.715792997834069
5.089070779291891
5.0249343043468855
4.952065569608362
4.145363133221261
3.438470788920241
2.5518787951752895
3.336599823382364
4.7596814382411985
5.776933204168402
6.440372327006567
6.424650472646814
6.531730228625171
6.670830536162001
6.409786860981117
6.683188992372645
6.669947320959028
6.767549738453235
7.175173481943836
7.18307813779
7.388800744813541
7.580632947249285
7.72911764918016
8.248824848902498
8.552920033447414
8.710271554584136
9.006007560123154
9.3448710695231
9.518164724941627
9.567298289602116
9.620036183564618
9.233326949977807
8.64695146842105
7.995047690120131
7.1598753764586744
4.4210878692369935
7.104709653801547
7.880897308091554
8.149918774065126
8.626057066323817
8.447525837278421
8.500871597630113
8.657241808804152
8.852677846757748
8.827194859138794
4.948900023825917
6.523702420863824
8.874089713743002
12.286332401260477
13.703227284656213
14.579701513215953
15.17200155049915
15.201573521633057
15.401543694115297
14.983097653185377
14.377973221557454
13.691447470152077
13.113023638233386
12.48940734922222
11.853709903626301
11.04583933826318
10.477277424916789
10.0912059967728
9.731330054623353
9.416608670889325
9.02799683629026
8.730593558599223
8.263831316145149
8.18626141785571
7.963867169232008
7.910713248386405
7.730908951391786
7.667730839408642
7.448781105053105
6.733910091934095
5.800589401237752
4.044554484919517
3.5732986163546334
5.2473809450550695
6.420438570143974
6.964486009090739
4.22618695197978
3.8804401157901336
3.174246671086011
2.824892589995709
1.6525925719790262
3.702185023545641
5.066501062549992
6.198409713161982
6.143772913358685
6.4194607925246405
6.676377092554268
6.668919895046311
6.689236635744748
6.547048493035066
6.661224780024959
7.013244200885525
6.975266699258231
7.120746934172171
7.3230253037822965
7.5202005986960785
7.826145686845212
8.067947371073938
8.25219805767614
8.501412058701288
8.969904410463423
9.284858335134503
9.244810210227604
9.605582950454068
9.64169785655488
9.577637075122672
9.295206862654139
8.981792457812388
8.327982585765833
7.6689762319217385
7.33608235667193
7.499116885057751
8.159712749155265
8.274494901083544
8.320851112780014
8.2561505343545
8.738494889478693
8.69842904678802
8.900800601851476
8.75868023135712
8.681933856528337
9.468493321047466
10.805165115654985
12.302283387400298
13.617125733919464
14.102469093398936
14.409685234871558
14.44680585929432
14.387152764844382
14.36668780687297
13.998067180230755
13.537645191246073
12.839129406632933
12.2295711090771
11.588660610474266
10.96376853817286
10.660374117620728
10.029007058281495
9.684295882508996
9.319003218655196
8.968306703497557
8.964344010466608
8.576012018968921
8.30854153466239
8.14271942671029
7.827525604884474
7.910780905656341
7.645824143534918
7.340012877991679
7.0649550020100795
6.870526895864508
5.764260241252026
4.2886869202105204
3.0940845612861794
4.075813687058376
5.340922144872893
3.3516930081359653
3.0934240644696582
2.03266284296034
2.13550110656421
3.504084995256628
4.829270385542125
6.3050550550157425
6.225299534836671
6.1920727470416645
6.3705879062290185
6.615069994188866
6.5040067943248685
6.650776964930007
6.820046727316827
7.034281028284805
7.129738255393217
7.145974392469488
7.4797918045920495
7.623689516459367
7.861900485136606
8.059035886086066
8.163006991650839
8.381438226110328
8.998202378788596
9.065589554135792
9.317901059193316
9.462905023371368
9.58362972054697
9.571286596501304
9.53649257109435
9.274868455470783
8.997418040367322
8.703932529182358
8.290776940119375
8.0414234741749
8.038570024553849
8.350344973003963
8.3138940044585
8.40566462818281
8.842608252108949
9.19791418165003
9.361446326177724
9.660330963282135
9.648072909122156
9.487595475257589
10.006245611918242
10.766874386416637
11.938787529388083
13.138210553495522
13.447973177064247
13.659955950211813
13.79418613292023
13.928188765933973
13.502869368201955
13.414765091329668
12.982886179161234
12.26773574145298
11.924611627247259
11.278703471604564
10.789688938568094
10.556251545799107
10.107714786972235
9.776985430672633
9.455603944087002
9.284740365988572
8.896604515502545
8.787114173921301
8.525207142179639
8.320851112780016
8.14655687429962
7.907888119702587
7.693568982303653
7.5457951768251235
7.3395570155880225
7.113825534493284
6.844535181120913
6.093074062079741
4.521352044010051
3.075754753125209
3.546690447797686
2.391868617219608
1.7021668064170394
2.1696551524643435
3.4847258778623114
4.569212432818753
5.685059877104335
6.0575211710520085
6.01708212482684
6.184093000827153
6.3851633759193565
6.871572468646488
6.925795038830877
6.917999882845216
6.839314110809785
6.987797742867199
7.162532938474364
7.385815210631711
7.410800057349225
7.742872420450923
7.893573348593307
8.344943600574052
8.29965049608116
8.552153098473179
8.966783292889273
9.449966711152035
9.74722678353364
9.529766882355212
9.726584373575504
9.86878165245537
9.90814050457172
10.046172657554626
9.587172739250361
9.402815544411421
9.211948044341803
8.951593184076456
9.035850098088236
9.002220073273655
9.13559436363236
9.275178681726924
9.485318462763736
10.014113456273899
10.342154499827776
10.42995114531565
10.59315848072103
10.60242330876396
10.83866309784973
11.45600182042647
12.145390548654001
13.002273611578321
13.375696652051802
13.516287624608267
13.490564637776034
13.489095417109366
13.261609837766127
12.591347357437206
12.244861266661406
11.90281402305536
11.439307132620794
11.19730270967762
10.675794546153748
10.566487305497924
10.234880250703826
9.82276201123442
9.526637599600825
9.457452160128712
9.047904503097676
8.922860692110168
8.722173036525062
8.536907992269557
8.189138180586992
7.8331035666890125
7.928772089738229
7.610986373110763
7.423937977799487
7.357448021131255
7.1432436236886465
6.678465820653657
5.863014419523121
4.543544933520389
3.522819575442387
1.7225748695028151
2.3683394510468663
3.474067354545216
4.190622964569733
5.227201426747616
5.741313640285427
6.086390710577598
6.169301354794266
6.288581938942043
6.491359916694739
6.680777264277119
6.7812830379504945
7.0570503461639165
7.01819908822984
7.198126033863976
7.4543482546429525
7.527980746290332
7.831810756156938
7.982833661132996
8.226364668541384
8.532562770180585
8.966605851126406
9.003803874856015
9.212738699119077
9.703384179291959
9.783469400779461
9.828626945513715
9.920361046178678
10.180552809205905
10.269441802650226
10.162668260664432
10.083632545118062
10.129101126627603
10.324792885307941
10.172459417444612
10.12368538371645
10.098556022010035
10.02221335466769
10.134639764698026
10.555589754653997
10.634060724636724
10.79437414017497
11.2227446234982
11.507499056948985
11.70974442964584
11.885924826332584
12.163423157492515
12.332110386541652
12.990513836018733
13.366032149228417
13.332635740860942
13.180401804081072
13.209506365226929
12.67059909586255
12.17288648295725
12.112829420438075
11.71257836640646
11.393820662237374
11.052538766183266
10.570746887769904
10.437375139261565
10.195104431473128
10.024401450009497
9.647963265290555
9.450625754898208
9.14319495265412
8.825981384108834
8.678675402438492
8.531872253664138
8.45060426390911
8.19483445571219
8.115769061374387
7.7723670983970425
7.538382149062602
7.3403481062334475
7.33585192212072
6.859968809985926
6.695403237873547
5.788311432520989
4.41438382598223
1.5448283366435973
2.84306084854734
3.666788626938883
4.328557574036705
4.893863148658107
5.620820500379996
5.794043604862277
6.202117531075014
6.34740885436131
6.629570563632774
6.6605794823353826
7.075356404782353
7.414627128234442
7.385779444951732
7.4208809122577035
7.557739121118253
7.5372915958553826
7.909474243685494
8.218943526358647
8.475379116718333
8.815205713387403
9.209752277355477
9.44679057725209
9.481712473664885
9.955363205680552
9.955422940709438
9.920620589012309
10.193971207336544
10.446862417533113
10.49953817888174
10.616661433973167
10.603948301134837
10.786903010915626
10.74808385156268
10.803233523642314
10.721987939983888
10.8798010533893
10.811145342656754
10.865425918799867
11.143120524548586
11.249466586240304
11.478942873802264
11.881967036092952
12.12126215998507
12.115634313823959
12.296572649967963
12.537877233567189
12.504792956076075
12.875893932819077
13.123100914065661
12.890186389898647
12.84645286528331
12.608800743177968
12.372439168717419
12.03027655718285
11.768837798118724
11.620116119676323
11.370006061547203
10.97187295907968
10.574360231461865
10.52760981911536
10.26824472294114
10.150939636826324
9.685604316369066
9.717767776489552
9.235706791527408
9.124613008260694
8.793993348013144
8.626429619563233
8.430575896890874
8.175706975394355
7.9478729429929125
7.645756486264995
7.416945046760648
7.356196024433676
7.215685698997784
6.605508407797259
6.418509122471061
6.398549258042716
5.646850200900941
