4.72411852366681
4.980375595287504
4.6202305306628455
4.436056839373514
3.397470953480849
2.4194088399388662
3.139084439058503
5.65431833475133
7.359067957778427
8.243143196738352
8.270818441911047
8.515670476159114
8.702348082828147
8.604522553971199
8.740349087792012
8.840745485911878
8.818778350621285
8.98005559092509
8.87018448124006
8.809071815919065
8.681555524858268
8.561873850940005
8.677472077207453
8.35544095145262
8.457481796265945
8.20974137900567
7.885941793883507
7.635736820738325
7.573287576756698
7.635266340920781
7.3644470290806865
6.611490490050243
3.717365128956209
2.165713390991072
2.0945926642427306
3.20962312980928
5.185040188892516
7.742718856006197
8.304858118627257
8.416145396208952
8.718031227757407
8.875708834976852
9.043994972084608
9.130654765677459
8.906054237581804
8.752132451298635
8.753995217495705
8.510056269372567
8.450969897733605
8.132740509124073
7.9314446541371035
7.3467829214771765
6.839012415213847
5.590027382425354
4.146210283288875
3.6792338059832113
4.623832374829916
4.808709080171484
5.647912003329676
5.929403136475038
6.446708391798153
6.384687540892565
6.371658535039298
6.480241551957162
6.4793583367541885
6.521350868380824
6.460069021968469
6.65644248007897
6.6840722075756185
6.562222267291092
6.528808065888781
6.80776638077773
6.706734268171475
6.332957579083987
5.2701662353260135
3.2806723369079873
2.867546198449342
4.230777474786514
5.352173485057822
6.11312873669805
4.974038438669631
5.264207498537931
5.385959821162881
5.469633393755444
4.790612652450556
4.031485115076919
2.987595339026182
2.6186843879267494
4.5056388745153795
7.178935664777997
8.05670757409153
8.180030331540202
8.054330359463188
8.045919452192756
8.142850397682738
8.281730329247917
8.279220827913184
8.386781032468932
8.25017593938644
8.155869368754066
7.961824707061729
7.743555419495547
7.191734535858881
4.889124070202401
2.7208335446311764
1.870740853691084
1.994479103529788
1.8566337695253208
1.7590188875543744
1.9110417831020692
3.342395970620087
2.387456116995634
1.3315654957069765
1.4403362984714507
1.4045174678666252
0.9935496545101712
0.9709058355379506
3.1389942224535994
5.993746250324689
7.417318549898525
8.252211474269524
8.531520054431608
8.696462895831788
8.719930893366056
8.480349323637638
8.656278342475792
8.61877475174319
8.490714038523986
8.120382028372644
7.743273876992749
7.280211346152013
6.507346706853382
3.292417840931964
0.1682499497695361
0.0
0.0
0.0
0.0
0.551338152477252
1.325745061619341
2.4478392713829886
3.4391485513486293
5.122062737129998
6.0553685477516455
6.377850389121143
6.574869144921222
6.486411944312287
6.562128560487439
6.303063701828727
6.330668177372333
6.363487584991156
6.609905566019738
6.275578185041821
4.88997945160523
2.707600632065037
3.495557561326155
4.859589505874467
6.015119118507695
6.865906953497524
6.620259674311039
5.33834826625616
5.618813273350871
5.832991467888616
6.043443277559305
5.684774893682881
5.214175788908886
4.475790465464845
2.7353215749373936
2.0502983060441884
3.9125848151238225
6.32399349331729
7.299112442061691
7.463224327106349
7.4263804045776185
7.257480634780803
7.5313042865777575
7.175924362978244
6.393579148551871
6.733996156230441
7.0392946067487285
6.745538497706149
3.7575264541233038
1.933759194834501
0.2818758877368246
0.9512385268162704
0.313195430818694
0.5011126893099104
1.075714041963315
0.09395862924560819
0.0
0.5324322323917797
0.8681501090225311
1.0283643501584632
1.1347778709446934
1.7595634182212143
1.1843841058397382
1.6226742800777734
2.144786637927324
4.0098834119942595
5.804424539795891
6.928199122707241
7.9469667675654225
8.757581523414746
8.670057400609416
8.672536221879447
8.464900850312581
8.28760707274849
8.087412593355701
7.639456594583591
7.171201850766804
6.6612315837516585
4.420844976091337
0.0
0.0
0.0
0.0
0.0
0.0
0.0
0.0
0.0
0.0
0.156597715409347
2.4431743460314124
5.754630499778051
6.03937768204745
6.100609303997843
6.350984918070768
6.109356537996703
6.425796857316229
6.3687025170663745
5.903708510660817
4.529871617563081
2.562437012895672
4.189443422393117
5.761902396210181
6.517414697063199
6.8534295385301816
6.797678455453242
7.1662469634224895
5.796380099661911
5.61733104325052
5.963192464944964
6.081179009840455
6.091580670143896
6.06354384191519
5.928900915668416
4.140989034679404
3.1158227803378433
1.9250201337167103
2.762455554533774
5.531723087985517
6.6042246161447995
6.777769094930988
6.708153281203523
5.866558963799695
2.181130839199025
0.7829885770467345
0.5440844667519689
0.3678194426209416
1.478168925846143
0.9395862924560813
0.1252781723274776
0.5637517754736491
0.0
0.9351877438211756
1.1500259967593556
1.1580823396650717
0.0
0.0
0.9082667493742119
0.0
0.0
0.0
0.2738608133753334
0.0
1.1456893509407875
1.7881103613011562
3.1224049591101894
3.7222954005375017
5.951980735844212
6.591126685874882
7.276242555802901
7.513202295995317
7.303919155796296
7.2671238717597015
7.302462188006013
7.239552816553164
6.902091238102719
6.51576722541395
5.864623121923758
3.9991247342226197
0.0
0.0
0.0
0.0
0.0
0.0
0.0
0.0
0.0
0.0
0.0
0.68027411907554
4.4072712802207015
5.541537814845609
5.7263569593636
5.860714902188918
6.254309774289804
5.855503201451776
5.019352624901861
3.124826461687955
2.722802938327647
4.778105371617137
6.182553491645415
7.041832703519539
6.927040457216866
7.285166233496328
6.974511374292779
7.08265993268437
5.81970280335111
6.087655774559583
5.990861672021919
6.178784082504157
6.4458504285482245
6.260764797838088
6.034539469790793
5.681191000526554
4.790510315514183
3.4988114015377834
1.8213173101160707
1.7961849060064725
4.440711468703956
5.634452058450036
6.012220379616157
2.573101350037588
0.3445149739005634
0.5360693923904777
0.1879172584912164
0.5950713185555184
0.1252781723274776
0.5324322323917797
2.1383562436545875
1.2659497463610618
0.0
0.8252196001246977
2.1688524952839114
0.7276238108803917
0.4384736031461716
0.5950713185555184
0.6577104047192571
0.0
0.2818758877368246
0.5637517754736491
0.9825580698981398
0.4071540600643022
1.0131368586159142
2.0465303518664975
3.793247094225009
5.5079715091356105
6.908287995090964
7.463766401247943
7.961062279799143
7.959663239867566
7.715335643496431
7.440558432177149
7.442208270737947
7.063589617619658
6.661115280164457
6.181277962225897
5.014720152314205
2.442231147185396
0.0
0.0
0.0
0.0
0.0
0.0
0.0
0.0
0.0
0.0
0.0
0.6103607129144054
3.5175206030378297
4.345373597510556
5.026088217710808
5.502412117983683
5.404378600670872
4.576174137508263
2.7582318339629874
3.359901426338892
5.258023235313699
6.408474560983606
6.889386899181284
7.260501934642614
7.203350708743002
7.2758196182512975
7.300063820381332
7.142002761292454
6.002766313820744
6.204647659038986
6.253354593454021
6.247616833228123
6.233398239807879
6.13161584697508
6.066409104978411
5.8413565008801696
5.2129223973965555
4.692919472647353
3.7001323907040597
2.0734307120413487
0.9548756868149684
3.3266207326896007
3.7846886459966274
0.8188005720368777
0.2818758877368246
0.0626390861637388
0.3758345169824328
0.5637517754736491
0.469793146228041
0.156597715409347
1.1187477222217108
1.3867881015094086
0.09395862924560819
0.5011126893099104
0.33649989953907217
0.0
0.0
0.4071540600643022
1.0648644647835588
0.0
0.9498579099077659
1.6176771374426833
0.8645542175680583
0.5637517754736491
1.3263322894346075
3.4650244938136234
4.850233439059955
6.877610653122396
7.4355863336208525
7.761276467393256
7.993661548441141
8.04282985510484
8.099130881467936
8.087347925591645
7.882549421673287
7.401240191280338
6.719628522211194
6.343459265712204
4.897974046620385
2.2951122448034385
0.0
0.0
0.0
0.0
0.0
0.0
0.0
0.0
0.0
0.0
0.0
0.0626390861637388
2.741951704937012
3.497887880177328
3.9694405141611657
4.591532957644104
3.6044605922351542
2.72278363732818
3.988329475435387
5.475924750444098
6.561466198395082
6.990450401976494
6.9991377046459515
7.145174370343231
7.106868369134426
7.2464334069035825
7.373799734978622
7.2154220021159725
6.150941689447158
6.192288923384216
6.391261523197548
6.287842934448812
6.154747626274773
6.024942912284653
5.725471314829918
5.691979902350666
5.213312650173606
4.948527386397539
3.8212554226287345
3.5415863847056137
1.8178039557500478
0.9235561437330991
2.657168396962405
0.5360693923904777
0.0
0.0
0.0
0.5950713185555184
0.567388935472347
0.0
0.2505563446549552
0.3561672082607525
0.469793146228041
0.2192368015730858
0.9315712180945902
1.36202974687927
0.7436539596033741
0.469793146228041
0.7669584283237524
1.103458327862824
1.2609526037259722
2.286514451523201
2.0191115023073998
1.4258994523437458
1.4516104617620853
3.7167395661939677
6.590051963751826
7.293897745667905
7.56714258734527
7.999785822817903
8.281247363997402
8.153479702948381
7.991210288730678
7.8602506465758095
7.731192173039606
7.649449740182236
6.937126069128806
6.642818680442214
5.1699217129970005
3.23591685655453
0.0
0.0
0.0
0.0
0.0
0.0
0.0
0.0
0.0
0.0
0.0
0.0
3.312174530047164
3.601457630058099
3.568234806161746
3.202621195394232
3.0850888015302877
4.289202794823986
5.561870354872794
6.327114134277845
6.923555898133677
6.79490683758725
7.072587029493609
7.325222588146612
7.246987634866363
7.536856818753725
7.509007777264937
7.347041574710501
6.074345368851231
6.300511832693911
6.56967946479905
6.175540202
6.115357467689042
5.9886666791571965
5.871253186874351
5.486400682093683
5.084951735329789
4.955810595942794
3.8379186755242762
3.7081273397735806
3.3931003080240774
2.938698061155069
2.8551781714505386
0.1252781723274776
0.0
0.9709058355379506
1.4363210674031976
1.244005260277076
1.2118417914705488
0.9548756868149685
0.5047498493086082
1.005121784254423
1.4981987649307287
0.8572798975706624
0.156597715409347
0.9082667493742119
1.45235121612618
0.5637517754736491
0.5047498493086082
1.638188371889021
1.9361470430779715
1.943473641756006
2.5115734292331418
2.9581597512445628
3.3385595686221796
6.089158254565889
7.140477089227823
7.546457885128611
8.050823236411102
8.076624471456931
8.228122106534649
8.194763724582977
8.156225494707211
8.149307911701436
7.961496342415856
7.667264170717029
7.253897208737501
6.6927535922646255
5.783877236955841
3.473421653938125
0.1252781723274776
0.0
0.0
0.0
0.0
0.0
0.0
0.0
0.0
0.0
0.0
0.0
2.62584391324671
4.1133551608525885
3.8307931213310047
3.911521596053549
4.702690301674468
5.859648348924191
6.412529933949566
6.660723693045124
6.5686520388863325
6.5697984235557465
7.052969215126379
7.252330741086715
7.384165372070917
7.5418382260260675
7.347568968474122
7.458704216863689
6.095494820846552
6.135458032044927
6.157991506778931
6.1422699318633045
6.003339366433386
5.931403435132806
5.688888544878612
5.383532866560587
5.018584306523089
4.563443633607424
4.052549414849413
3.686978675255345
3.3505783572240473
3.3244459926796495
2.838003037719022
0.27747733910191874
0.156597715409347
2.179234272642477
1.9672717910667856
2.004177802696736
0.7902628970441304
1.3263116551624947
1.6744844233338678
1.0255298473401984
0.4071540600643022
0.0
1.3540146725177786
1.469734358939237
1.8206384585683135
2.481976755199073
3.203293211327305
4.289584663439858
5.061460878565336
6.016268054354606
5.966827499554902
6.302463499640663
6.608531170386208
6.929698019232552
7.217791386219928
7.749018970398336
8.031957539283589
8.241578129728563
8.29770797263459
8.310787824518162
8.435980013343375
8.2907185445317
8.033742692384248
7.7406353476386505
7.656577985760939
7.381387717051016
6.630980117768628
5.7037692314084865
2.5263426048972955
1.711990262033081
0.7919208461341395
0.4063720371559817
0.0
0.0
0.0
0.0
0.0
0.0
0.0
0.5128656625581494
3.241534933033748
4.3544893711949
4.55571633344832
4.405335493477876
4.938261793791792
6.10209054432238
5.771526003970382
5.143951464028033
5.392964055821741
6.565009678213935
6.990960420437151
7.249608903786698
7.37571327042123
7.700519759850322
7.588815980355235
7.454875648406572
6.241161809679838
5.974804962007046
6.126187969895386
6.1232182551468535
5.969789980203975
5.531109691002423
5.258710814379332
4.631503831225671
4.4210002909167265
4.083813737797992
4.179565207591499
3.648541355866365
3.3284298079598122
3.485657686089068
3.8436904964728646
3.922756566935369
1.3581733418616444
2.4599929240632314
3.5244578991758537
4.624710565348126
4.9538996282976795
4.941478967125098
4.287751373920928
3.334960000403154
2.7779101877444368
1.8810736363710021
1.5279955307401822
1.4216829017736379
3.612334016766905
4.158658371818455
4.4065294879848915
6.062311336769875
6.4473874084351666
6.65453183896328
6.31447048798579
6.309042890350222
6.334808969855072
6.6779834079584575
7.14403975798256
8.045039693504147
8.335179191116403
8.250476087724712
8.457027793126647
8.360871071792861
8.426443347322854
8.329904813550023
8.081453392870984
7.788332661253283
7.6559829347273896
7.562953831254352
7.046260724515602
6.872446224953268
5.998543966145661
5.309277792658161
4.976231170971799
4.7839856457460845
3.8588018813916127
3.3378055890466336
2.525346806245492
1.846224432104365
1.4809621601201837
0.8248983383060177
1.7095848758959302
4.318383431341236
4.64079158047113
4.560440610256641
4.193577233645278
4.313922950597845
4.313394321947924
4.895939363648861
1.7424295971478392
0.0
0.7027567271867099
5.8658508705544055
6.966215658742651
7.2703373371433635
7.337326806371644
7.54394780108055
7.647406324825786
7.614255656214298
5.924234659044335
6.3350001736887025
6.1320197163690615
6.23306310470863
5.951622958245389
5.196297600769043
4.35220914584496
3.48050622883074
2.0814330678828514
2.5568261252678983
3.7234100514494193
3.3284298079598127
3.2143431089028836
4.3252344727202
3.898910745491586
4.6672417374970205
5.658993725180973
6.125438606660488
6.515844672623728
6.921698885659615
4.146760149044886
2.53700042512253
0.7820397855743831
0.0
0.0
0.0
0.0
0.0
3.1984898458249873
4.935421521695625
6.028421020896648
6.8239738829278505
6.031305327654048
4.389539130831122
3.569686694242927
4.885227863782655
6.329359631048657
6.946537296308438
7.652152874336297
8.146679497568508
8.52017140357422
8.738939847619253
8.681614811384183
8.637897076335168
8.371366748899494
8.502339982092364
8.495373452735532
8.269576493904149
7.8410905601830825
7.628800803645558
7.564272315663403
7.13246902417406
7.059875592671533
6.735685679879155
6.395041649183866
6.608029524518122
6.1081927671461225
5.832827481625931
5.6325449795924785
5.328829290471886
4.763419466073819
4.76810037526546
5.05413864073622
5.119576553409046
5.020171805979038
4.931291635350513
4.177606706643726
3.594155406882571
2.0235560786772053
0.34313435699205863
0.0
0.0
0.0
4.81747694691291
6.814490712028365
7.197904193315047
7.553978209931075
7.801929433613086
7.624181144543006
7.647603862009558
6.0112973714770535
6.206269599291064
6.080270822128561
6.073221004796788
5.475845622237411
4.329929529908058
0.5785639489925143
0.0
0.0
0.0
0.8396031659425889
2.499086893283993
3.291977797493624
4.404290971074866
3.9273884411603674
5.607679149243474
6.452944304390265
6.982291508144713
7.425515566009345
7.087421040108108
0.0626390861637388
0.0
0.0
0.0
0.0
0.0
0.0
0.0626390861637388
2.6412229797713715
5.803476092447287
6.83773274019873
4.008743848089314
1.0408192416990854
1.4239280786789132
0.8062930457671127
1.8749161670604229
5.836894868920971
6.958384737077011
7.99444018790923
8.663044482383809
8.932481841936813
8.630513067214043
8.700995760257863
8.605548478077653
8.626223704621514
8.460899675954888
8.524672330989326
8.191567287355008
7.877997419840674
8.041249929951086
7.814664468551647
7.406811214960213
7.424237440361278
7.3428777780116175
7.086101329269861
6.939513316194407
6.8519010256376305
7.0107229729294955
6.649893749727032
6.348432769491828
6.537969075830905
6.391737358224338
6.219082428801779
5.88767443227124
5.752030978279642
4.941163270537361
3.69817262662166
1.9873699585188005
0.0
0.0
0.0
0.0
0.0
4.098326481005298
6.93064042631469
7.596405459999523
7.69682650593308
7.634143896123598
7.805751069872276
7.806448829370807
6.357677859132449
6.121261179795526
6.085868799418565
5.693136840904698
5.047305234323839
2.9010713162526782
0.0
0.0
0.0
0.0
0.4071540600643022
0.0
0.8324320173057559
3.301350346330194
3.19163723418269
5.759916519423269
7.005522765338076
7.642172026959576
7.881777941539677
6.781812811212819
0.0
0.0
0.0
0.0
0.0
0.0
0.0
0.6438748962701304
5.978349547688598
6.161538125972855
7.444503215412714
4.833300091909704
2.5509589393564247
2.162616896104228
0.469793146228041
1.571646159729999
5.279966357646902
7.340232399512214
8.71940496244061
9.02998923737205
9.016858920538766
8.821211017115731
8.72574597440581
8.712812672239748
8.687124805119938
8.707380366495846
8.486304842885037
8.23633774571549
8.064762224855528
7.923988043912528
7.908473793418074
7.8073954738070555
7.598846389205755
7.484618309594421
6.965520053071731
7.119873177865387
6.983046833110166
7.083607423171674
6.82811451166512
6.662261664833871
6.854303294836962
6.528927024645478
6.439658574466379
6.322666689986978
5.914818946630161
4.919899206913238
3.988515911565709
1.651294492158971
0.0
0.0
0.0
0.894989844292746
3.6918715515530294
6.311764760368072
7.364856005245297
7.556388745119246
7.850478499981075
7.7800903950093
7.921607839778309
7.887834234199461
6.418628081227757
5.868452655344481
6.18535806480914
5.81789229525606
4.328140230273729
1.3099396103487202
0.0
0.0
0.0
0.156597715409347
0.8099302057658107
0.9395862924560813
0.0
0.09395862924560819
1.4332385717675085
6.181638148349844
7.573044965176887
8.085191893023508
8.434888357512877
6.532614736062686
0.0
0.0
0.2192368015730858
0.5610111759287522
1.5520616643792955
2.3188584219813655
3.096478734355639
2.6443905130793297
4.526630617950614
7.152355365919222
8.164336253639375
4.840630340314983
3.4619873571044164
3.086562043800459
1.8270021908340393
2.877016080583791
6.311446784837893
8.691197218326089
8.969940456723442
9.261766899505519
9.12222845803685
8.912009331694545
8.780938334074259
8.82879037116152
8.736120410120778
8.550287793207985
8.591523453937809
8.505887144064332
8.314259638282994
8.280103862227106
7.8878372237053345
7.737928339394561
7.818553762080776
7.642161220671631
7.38947844776613
7.426099496483825
7.166969363535884
7.229564264035525
7.030904434399013
6.886537171643745
6.919296616460284
6.595517509936706
6.702215137691924
6.240091180869559
6.073374241389174
4.926375141545719
3.9268119107216015
1.4530643476718452
0.0
0.0
0.0626390861637388
3.7669712085309577
5.671622794418144
7.008984919212133
7.467067575941433
8.001867810303922
7.865458424513984
8.181081227485995
7.96835151379469
8.095721563683451
6.542168696059097
6.246448986831991
6.226705298746198
5.62606942347227
3.656704687051839
0.2192368015730858
0.0
0.0
0.0
0.0
0.0
0.2818758877368246
0.0
0.0
0.4143871115174729
6.002069984345149
7.611847503182178
8.410502640795489
8.639722106520027
7.404932806636966
3.7839986669297634
2.540141486043689
5.641218432673641
6.683922229085982
6.778404933724372
6.955479665735968
7.10497741673425
7.1428486496035495
6.876991851093518
8.287974794709092
8.653971684996359
7.421955249791112
5.370738599117748
5.567430952311472
5.861004409350577
7.133446271622162
8.39037057470662
8.89977244216361
9.24824980760492
9.31628878144347
9.012554695409777
9.135599453580111
9.076404868291398
8.794284928467661
8.79064548180445
8.64317058860537
8.706565040519534
8.547197375499705
8.3055910974959
8.261208101455328
8.382272025471124
8.080052303783907
7.787077891422115
7.929668878354508
7.718665544536867
7.509902618873721
7.513202295995317
7.197907034142969
7.078797801367841
6.767221238871724
7.197178543376674
7.033626271699032
6.771414883270137
6.3088267140076715
6.155699296328355
5.728271846359788
4.03333861700684
1.3859441757847513
0.0
0.0
0.0
3.9520804606410103
5.9658522965472915
6.906505724045157
7.36633088949622
7.720046251589828
7.882915827020065
8.095612467406289
8.08366852311316
8.231580326952935
6.619852294134857
6.404766364077605
6.473680986983661
5.471247282237779
3.3495846461809533
0.594330564191423
0.0
0.1252781723274776
0.0
0.0
0.0
0.0
0.0
0.0
1.7669604201366542
6.316416547869098
7.890280059283907
8.706986038356995
8.946981561024376
9.383481478970722
9.296670500527304
7.932988019001407
7.854144733722104
7.8325226915412625
7.937932344354767
7.968947500522997
8.179515141162087
8.365089423406273
8.78266413529304
9.025137897594055
9.19328989989903
9.119163292017818
8.712546384757836
8.417447699694911
8.633451105672602
8.95304165136056
9.171452094163989
9.324804297361984
9.65685434512513
9.382855936510682
9.403707006955901
9.42750336295696
9.317463405919145
8.921460332202265
8.847386886338942
8.782572087300142
8.803920015421685
8.698386346950157
8.465775695677525
8.391092223556871
8.141278125138594
8.047468800272165
8.092405045617221
7.828947586772207
7.7229212434127685
7.648797838166692
7.506182845028451
7.300747613986826
7.2013484307284585
7.223530635549418
7.447954248727694
6.7767639074709445
6.839796279997232
6.549362724100612
6.426272692343019
5.932650833489499
4.7060860022288304
2.138853332654626
0.0
0.0
0.0
3.5642742354362595
6.136333488171888
7.249318358963421
7.450255989304031
7.9186325846105445
8.049414941789664
8.216181151747394
8.13981494887161
8.32648714806197
6.554646111026439
6.6651650210130375
6.562751619724346
5.948045833746529
3.859687885437927
0.9219508293722332
0.0
0.3758345169824328
0.0
1.6664693489723763
1.103458327862824
0.09395862924560819
0.0
0.0
2.3905636437910514
7.404409975877662
8.673961261731984
9.395935659264094
9.545144725498108
9.73126974139924
9.80377528119635
9.46975018630799
9.055238493525332
8.952421482975259
9.144698109779032
9.062817913854756
9.399452779972263
9.57000936718112
9.737124626697641
9.943569481549462
9.822513095576907
9.742670283114414
9.637075079855423
9.504295455918268
9.31628878144347
9.73931156456098
9.619865831160297
9.783154895094714
9.730883065615828
9.415360732969035
9.398824002145654
9.366514007771384
9.219906002791014
9.074251166411658
9.199136855231712
8.922160512156216
8.897972018896152
8.746474050586448
8.49121760018357
8.515861482020345
8.180442565661505
8.198674846607513
8.040501543110299
7.823105763913384
7.801653369907333
7.637113716665351
7.57592067148477
7.5608481302898936
7.548572831845019
7.459794770070911
7.200128311878521
7.070292017577532
7.049255190178254
6.870479712618701
6.8084116784673085
6.0980211866207945
4.8966983089988245
2.3903961951354566
0.0
0.0
0.0
2.9941112218952513
6.085898649480404
7.000102570436217
7.657436733676309
8.107154650865505
8.259442474513085
8.296646539202943
8.251253955670512
8.253060891066704
7.050730074429179
7.10091236266118
6.667435551899193
6.082164957729724
4.574551296798828
1.1099688267514993
0.0
0.0
0.0
0.6489133074494454
1.088168933503937
0.469793146228041
0.156597715409347
0.0
2.976492086479245
8.077040569795537
9.25773494305539
9.906243513131958
10.27914699506637
10.34245028425798
10.523867740911793
10.256775670469189
10.02618691384715
10.028833277006756
10.09915568494887
10.161757411634529
10.257775789664144
10.255141482129403
10.36352376607572
10.244547348976727
10.197517949040137
10.11460634158653
10.17898847806143
10.05951991666567
9.91943751692783
10.149132288830653
9.927043089635522
9.845589699259062
9.870528182601587
9.622481848626911
9.651359531015853
9.387752202813564
9.218998645413231
9.095917840982882
9.047168276883703
9.042702750956769
8.982407597015746
8.723088794858233
8.601164882088574
8.466719797683147
8.246657525324798
8.300776540950686
8.03806604853009
7.963545192398331
7.926819560408539
7.815713821452872
7.517821955097863
7.5345815981054125
7.4479235266962
7.531807817175541
7.400221169433074
7.249380972584866
6.976795212150782
6.900543099503638
6.69758006195605
6.246639911221496
5.17981198059696
2.6649175053273115
0.0
0.0
0.0
2.6918212995780206
5.9912528261277
6.952768475078649
7.721174131013023
8.196024557779294
8.226500931356702
8.341673488910876
8.341629831920061
8.471250742542644
7.199645615275703
7.425184930848581
7.162541869955189
6.736537806250254
5.874981462845952
3.9751917124274865
1.9252000013210904
1.4864392323503346
1.206865283107571
1.3459903300690934
1.047249635971823
0.1252781723274776
0.0
0.0
4.448347465247912
8.8923149085056
9.964593327207353
10.684870251240582
10.936727058253897
10.740505285004726
11.183422141935742
11.250721209405725
10.940034980908623
11.109394586399894
10.96507755083391
10.953237282843828
10.9513060513148
10.861298285905894
10.78775017762725
10.861151680788529
10.774893095689215
10.6590357494223
10.517674636995801
10.59196914633099
10.350815426386447
10.417079927147858
10.242356867546029
10.102979081466351
10.134408494562983
10.062444278812704
9.811281058333346
9.52250508469743
9.593042479350434
9.514642318525521
9.383481478970724
9.237747264679333
9.262789681055361
8.781405120710227
8.785076201542777
8.641651627737383
8.576082961526158
8.390857560704829
8.296624710707537
8.162572929034122
7.875298228378649
7.815221478884291
7.728689021189467
7.686336360588864
7.6561182492672515
7.546985278892236
7.392544444788744
7.339628546947977
7.146466020553128
7.074100520252432
6.739910552060391
6.343051885536023
5.592629738902164
3.332323309819399
0.0
0.0
0.0
2.0095155312972968
6.230918056861745
7.268406590488778
7.843950740061941
8.189111106448598
8.295636951711092
8.370905612144385
8.405298994358315
8.335172271701484
7.501589705853927
7.386327924017361
7.586647993782768
7.30011070662039
7.031384541507985
6.278270016592567
5.8785761893310235
5.354480237134212
4.828830262132161
3.210660870592985
1.9205885548591555
0.8908559837427252
0.8169179004244347
2.5465570653705223
6.320688349627204
10.207353113509733
10.723447236715062
11.39625404813427
11.402233440503302
11.706258812921805
11.66440846027985
11.623946763588103
11.645385033467774
11.6659620028265
11.633439799144297
11.63142317753719
11.441727483316983
11.183017160354984
11.268647174663451
10.980521143002548
10.830377038121657
10.710670428698092
10.715883122329114
10.5450877417367
10.549043707237361
10.794411427056628
10.497890927237572
10.339662525977339
10.502131516450104
10.358745398948374
10.070682368518817
9.99533458699193
9.91001409422879
9.59272970812042
9.42173578553631
9.327034548052906
9.186542872580553
9.313712258236382
8.812917489905093
8.641922649230555
8.386678610123402
8.270927584388096
8.209546020259555
8.114047091422963
8.045413562477501
7.90755975505672
7.789458095556335
7.61497365496378
7.404876594215601
7.431386771241988
7.764784550950661
7.446407833116809
7.331001490988419
7.08265993268437
7.089403181727392
6.423958461277472
5.524234696249857
3.553564975715379
0.2505563446549552
0.0
0.0
1.5061876781633063
6.012140827655595
7.292635065236417
7.765379601984216
8.319612108079106
8.399247980932463
8.476879858409678
8.570842577513092
8.530753324411839
7.618020441491506
7.761680913440953
8.2651824066291
7.86687110890271
7.563253293816141
7.332338994175266
7.103983403332277
6.830567088845798
6.752607737671864
6.55284190350116
6.268396414221021
6.340143345003281
8.302461579070462
9.653499608895508
10.878482467910747
11.367237732272296
11.822196741596843
11.8767806469978
12.179496649081997
12.15405082123818
12.602894354533714
12.518935977033287
12.526095591946861
12.360907827461011
12.276696369953921
12.303088288380959
11.865530804207935
11.91496204452753
11.644763167045626
11.326281025222306
11.172990851035657
11.081089051132018
10.956028539803338
10.729629031373793
10.692228378591958
10.714180578043953
10.648009207001737
10.473445400778674
10.460439996227562
10.251343438679413
10.093193164769824
10.18361948320888
10.062690808381332
9.693102742711405
9.541845656770631
9.595416938045569
9.507724462018807
9.220336743166959
8.980450285041021
8.913212344544485
8.565767562263655
8.47098733178027
8.389831390360552
8.410992326177519
8.140538622340745
7.984345740033786
7.709825237753449
7.766569704051328
7.715629564297079
7.528907151475626
7.6525533776919445
7.284218743009027
7.428629168261997
7.249599972305875
6.930148798231046
6.671146256187034
5.9994252157307315
4.035398663887383
0.39112391134131974
0.0
0.0
1.118585203868214
6.515118112444113
7.395120297557299
7.876974694002594
8.332254154316377
8.400877191975864
8.520449723417082
8.555391556367752
8.590748330014591
8.162833552056654
8.168517460357911
8.086570057645844
8.23608092204872
7.929234815737791
7.741890724819636
7.717994412101481
7.598509600427991
7.612650114600497
7.634309541717425
7.25763702088036
7.957155599277194
10.629540891603135
11.53886440708339
12.070355690710413
12.322644559611577
12.52305678374232
12.756993327814246
12.664818912565163
12.831738763024848
13.17342942566468
13.153163160336092
12.913366420338127
12.841769775614114
12.741241137356356
12.317155174712534
12.403422624274835
12.064595797018175
11.611936026865045
11.164175339113442
11.020666946260501
10.919568958532878
10.84585351624832
10.97217353665894
10.857030347458512
10.980487814561407
10.949570238641154
10.807902550111216
10.42079598685713
10.509283733438073
10.263652470659594
10.109218256459275
10.026518590059984
9.766697487459577
9.562192389268315
9.462507182255672
9.294499397308194
9.027996836290257
9.038740057925823
8.949579908663567
8.926517899303091
8.690692159263108
8.361442620559071
8.349892025197834
8.16746950771811
8.13619872954236
7.852987086457238
7.790674824686589
7.638866978176056
7.489977115712543
7.647406324825789
7.366594586378031
7.375185876657607
7.177139994278403
7.152895792148369
7.0213433754227745
6.430532443582456
5.008785613906301
0.7919208461341394
0.0
0.0313195430818694
1.5823507425171646
6.730391452967691
7.574780952511524
8.154087205159277
8.296302733873858
8.306139548232645
8.54681721152949
8.677243064236267
8.700946453386189
8.135554775875004
8.395527665485751
8.359742479103051
8.370803389082264
8.28184766067394
8.27400059862359
8.1385759441707
8.341355597552399
8.19681896237764
8.46673363651299
8.204312024058677
9.071625245880908
12.156606371967339
12.67265374898856
13.069798560504488
13.340300619453886
12.631427190853623
12.858367603469375
12.824881729964655
13.22341469883618
13.3125364517425
13.52150745797136
13.36626425520615
13.255070133845846
13.119897070524226
12.129019469265874
12.198392592088462
11.872195107816262
11.667017087200161
11.029867395251959
10.94351000335164
10.920226163285042
10.757274064972394
10.94451565748185
11.107292932502737
11.187805863242685
11.044129099913553
10.99051723587695
10.779516777376745
10.597178301794196
10.567614748920132
10.109966737886545
10.244483493404218
10.184240253491138
9.743800163521978
9.440043834060596
9.448800696117647
9.369487770068275
9.125363805258655
9.098706915688524
8.6653593972341
8.569912115053892
8.539962363717823
8.274729563935587
8.356252812951732
7.950684220237971
7.846488943107125
7.77177204736349
7.585049634542033
7.453897763901221
7.389855532340781
7.598183680902268
7.583141533725441
7.337431262583661
7.216286826941928
6.986988789260121
6.9521688817976095
6.183400989457813
4.446641009380392
3.650668749464265
4.770770219671929
6.675348242338077
7.589070040507552
7.796187329713367
8.220299862485577
8.410831337760678
8.537253067132703
8.421224791805189
8.54624927208205
8.559936140773672
8.529964560942194
8.646336641598793
8.656385020780162
8.60093586911739
8.794689147620293
8.812819489189721
8.901378072241382
8.935348066025014
8.944814566789105
9.281114179937031
8.518997641957348
10.410613650436522
13.324733671829048
13.614659649763418
13.78353300974544
13.54394516401795
12.008040264127377
12.975278318373348
13.085501969691727
13.565261904301405
14.030751499253437
14.040859850723981
14.024702625453425
13.613432117804336
13.233160487475894
11.892567964591628
11.074979220180158
10.800463875438426
11.311846548253472
11.541017285847891
11.220812932639012
11.220100524737513
10.824549094403757
11.197180667380064
11.558687638742827
11.535222793416578
11.292008691673908
11.129925267387387
10.977346891516365
10.861907792520308
10.584792093962214
10.296578846610775
10.405167384593145
9.880325809294797
9.93858478572817
9.623171246659446
9.56073817694983
9.308390943531215
9.080206260524399
8.96394931635068
8.646498899549693
8.590420703300058
8.480735562623366
8.449730893032692
8.15927868653855
7.958601967217651
7.955924604251041
7.90561361353922
7.745448664197023
7.761085862407402
7.583342944999252
7.441980339536114
7.342122453046166
7.346849409188645
7.3413671280807105
7.166614069511901
6.754943905833001
6.636388908846974
6.01977244403853
5.101809924170784
5.861102031582351
7.3709705868963535
7.6107834013009645
7.824824212930291
8.234011061293007
8.39972128274548
8.639145328091088
8.686379698641108
8.794563248310522
8.47052619502516
8.706425880598102
8.76087093664983
8.980625491222469
9.10196214337353
8.975209276265735
9.069489003167682
9.287014232458489
9.514527868873149
9.524150863733425
9.806811252977806
9.43096640269825
11.447618209451297
14.119283600625687
14.796329628967461
14.298048472388189
12.492201236875658
12.310514296333752
12.966807436514298
13.288401321800839
14.019436176333105
14.403587425651935
14.106398838235277
14.057042677826443
13.593047803072674
12.790634672637763
12.063069382342873
11.226038019853096
10.496131653077287
10.464260458846805
11.754528974692292
11.493742147133958
11.467046707381677
11.259649327310003
11.479554193766301
11.79655505288491
11.629821404152056
11.705570395026154
11.631769703308823
11.377560932843668
11.211756851171705
10.834145089230107
10.340242934119411
10.438613825831322
10.075981495366968
9.869234496461248
9.846274976747983
9.652795676020935
9.301171787132748
9.301633483820966
9.12830880668751
8.850699319315584
8.592261641001716
8.345625965589239
8.189594071699114
8.122049850047285
7.955924604251043
7.793778462196307
7.717671482081633
7.48238913364015
7.723149889099545
7.506473061838285
7.138407167685658
7.554505603694694
7.462132276327226
7.110831068830632
7.106522006591269
6.870479712618702
6.894833414609241
6.619852294134857
6.073639767402151
6.064618160987705
7.456793522249
7.6910844020333595
8.085947932473895
8.474748802597404
8.596897347991451
8.341351512077198
8.495301047834385
8.717452535022558
8.608273682179572
9.017691640422642
9.06978309551085
9.397669029621976
9.345029825347169
9.198068197055978
9.466183692444512
10.015540129274347
9.95947575481529
10.136024275841146
10.393501371607062
10.205327829541098
12.937229378117541
15.80091959178443
15.892270591030899
14.406673454391768
13.144709313352536
12.109891239949771
12.294091851885552
13.439868980567498
14.388822780700218
14.683185641736127
14.51397071922946
13.97644691989303
13.624832891568456
12.242553045691482
11.148716998361568
10.344041685824516
10.586130462160643
10.511850800250528
10.81442242789379
11.776933612295874
12.162276811194074
12.116691625296905
11.944135006329018
12.15833012034964
12.011363475054456
12.003910562538547
11.810835746864651
11.535009425291513
11.101616620123297
10.84420458723441
10.74020470742547
10.571378124336691
10.275358845785869
10.006370936974367
9.937585728846543
9.810974793735829
9.414335778939089
9.261302941970408
9.069893779264788
8.996103678362967
8.652073829692222
8.267958215832314
8.298887537215847
8.244097447584329
8.114530056673477
7.8060895263211565
7.65591527745745
7.5531871192856395
7.479155616216589
7.449201201776787
7.139544620874247
7.377031754830279
7.148432532887694
6.964755796625455
7.095027847791209
6.950530869044554
6.905741467598881
6.647745191097947
6.2040493544732955
6.076527121451199
7.615342335331493
7.912254315117081
7.897832036975092
8.285682805926278
8.49093928034071
8.415910733356913
8.39623710463933
8.630697153660352
8.549681846650591
9.407080487913811
9.559669891267866
9.544789153147947
9.693154311310954
9.67773504356466
10.075607254653333
10.508045046868316
10.460990544225124
10.635659903620944
11.13032828614319
10.810074978209713
13.614261515989291
16.307280934821737
16.837394641124185
14.124058400012864
13.56559341268904
10.230995452739284
10.379782910783806
12.419714695899946
12.05924753367145
14.50911276851107
14.409779322046898
13.804889427173356
12.980298628894078
10.093191035915295
8.285197809052852
8.500777859268442
9.452468334852155
10.401115323805756
11.825968449229556
12.476558503357836
12.710543997952927
12.796101390848326
12.756900970665797
12.72123114259206
12.635271884175559
12.387073690315464
11.994719792658065
11.705459466411323
11.526227290540664
11.01115575488427
10.848843001332478
10.777632582462058
10.410788643298584
10.029581758434036
9.89193447334088
9.776481092725104
9.334168634565678
9.372899558133108
9.479835846284784
8.817041483733988
8.489525852631
8.296924859045804
8.18715367392154
7.996900500490722
7.759698160192422
7.6538057024029635
7.556285322169333
7.377487617233944
7.175738844208003
7.183306068991834
6.856596064175789
7.105156622200844
7.189999537468885
7.239699129098067
7.058143102191701
6.820243795745073
6.680404594950176
6.476997112564752
6.065955011122464
6.1864402941137815
7.5335041647401715
7.643180242518894
8.127934187727716
8.2609537356917
8.331383726745957
8.40579559915526
8.469991383834849
8.470760857877208
8.459576101294926
9.886071310235778
9.914819510305522
10.060874567664271
10.249241915527826
10.309355835021607
10.420173534485611
10.913356362845246
11.162683611034883
11.561390915639246
12.13461475180268
11.896434399137016
11.421647193841835
6.481723756293697
9.939640862625314
12.048820442758368
9.272019196428007
5.093732720961006
7.155003417022774
10.004860807757115
9.810030718879544
8.149793358909434
9.499581387299571
11.02736913723601
6.493807386990375
5.776864406985787
5.996902394650387
7.036243657183523
8.856633097054345
10.897373821287792
12.416518798596174
13.14892290402892
13.487444875212857
13.4695780888297
13.165588787321482
13.091363259294305
12.937843939921088
12.635246417644675
12.345370230743018
11.720520178842738
11.567939618451486
11.417418981434015
10.952983005125535
10.646383288371833
10.35504745266746
10.09381095587688
9.966718833525507
9.741224814201535
9.49956197250074
9.165263606733266
9.272940861517027
8.862434301359615
8.40127284324475
8.41092684069129
8.168954512480497
7.8529964637753
7.671951487089507
7.510832898149048
7.54236561978969
7.3903471604244215
6.956086884333013
6.906067724603142
6.527924850685808
6.6411806676891585
6.59378880388037
6.724561478262748
6.581800003496298
6.534235663524349
6.460332191434909
6.4729033132059035
6.2525688752810265
6.144247938089696
7.295221273725445
7.532636171072852
7.649810710902996
8.062916878111507
8.35582169364101
8.212067686652192
8.331397366292387
8.637550731937964
8.557663234445359
10.22830083042525
10.361543659224697
10.633467500822489
10.76729593737411
10.947580683931285
11.167487744630886
11.672170706958987
12.161836638491634
12.850370147567764
13.155573635272214
11.931034559594975
6.64877268721947
13.00910629768176
8.607264492391867
2.671032964415911
4.087604683416383
3.1303463642827505
5.407175120945662
8.368688813263562
12.853224998511076
12.460652481018572
5.116328867798806
0.5637517754736491
0.9191782293703058
3.185917691914743
4.128573670232836
6.377560615104158
9.828160906832453
11.804918473264701
13.271215043857524
13.697034765885526
13.672189346728981
13.649442436275573
13.480125313997139
13.326553754872194
13.154463085149057
12.883467977220684
12.409565390335969
12.181813556088267
11.70624596656439
11.254588071639871
10.98221966879453
10.803338174094396
10.297571003611903
10.15804439904378
10.052147517536154
9.885941827916579
9.4844939134489
9.433866128551282
9.26953161842608
8.950339554182511
8.506788684632895
8.246657525324798
7.947116903542521
7.441452945772494
7.610059967925467
7.279672818087004
6.921698885659613
5.9356292415792025
5.772375028970309
5.948214042852293
5.942735024318986
5.883607946304932
5.764546878109081
6.3984302992860185
6.582470553138919
6.4509211499136985
6.616335337614978
6.466379834807011
6.286888033057156
6.0722046032098556
7.210802343013428
7.073714504196957
7.310466378969753
7.642984202907017
8.161112742273014
8.14511851603392
8.296302733873858
8.465190308081475
8.500988929056135
10.908842993691572
10.964848008689051
11.172038528951754
11.641983548870273
11.840502130317912
12.32988904461887
12.722871604655362
13.308674925950884
14.146005842446078
14.677797421064053
9.558175617576921
12.433974814264285
14.105516782639917
5.601230906674318
3.9852756407246885
4.691874950244342
3.449221639131854
2.26144092629303
7.96909869483478
11.655783069336985
9.081354500587567
3.4877000305168973
1.5360725079180106
0.4384736031461716
0.7735928857767386
1.6729179450447147
6.8672191277820565
10.675450331255972
12.957056043115257
13.644345233957845
14.013953756961525
13.91716822267627
13.788419898231988
13.596857780709765
13.364391691813472
13.400504520018117
12.98892316322187
12.363583725711017
12.231559478069313
11.838229075814299
11.403185744959766
11.058348656532281
11.014185727913278
10.572883064124929
10.29295650261852
10.205819894318754
9.926602607260499
9.481926317582053
9.127555464715673
9.150492884938709
8.862178767165117
8.486306112419092
8.104805328097722
8.13090645338961
7.510501543997304
7.167869954041814
6.794909851087622
5.486860637211876
2.925874721422882
0.8548798089411658
1.435687935203923
1.273022742779427
1.6548589048752878
3.951105652962073
5.94660797644232
6.213319416622839
6.424747969676795
6.150822730690459
6.261954385405066
5.8783776786137665
5.147011886101577
6.541010476768118
6.397954464259229
6.364608717707525
7.232504054052129
7.915019354787166
8.10604433279863
8.450969897733604
8.405656439233828
8.470927496174905
11.737667907416204
11.980264289412647
12.286088326541964
12.582270307050711
12.918678686721892
13.436688610644202
14.015859959152259
14.786653179389834
15.503140046967184
14.168611837647852
9.485433999026142
16.20038200233198
19.93813861321779
13.069642021065329
4.031782836094189
5.1206746029504595
3.927528909334251
9.904211808152898
12.253404594384534
11.318831565128827
5.757998507619337
1.6657285946082816
2.695342767496255
1.927093247898768
1.5025973135656345
3.712533021012596
8.767971433644604
10.86311522536661
12.746420388517723
13.586504341317694
14.288551081159788
14.302116178388298
14.030033445014467
13.799785419225666
13.587811640705503
13.404616587549146
12.926976048121839
12.669370574849642
12.511377972006532
11.944026738579403
11.510442038086087
11.202189831897089
10.946528662403875
10.627261369758711
10.402832323309571
10.250220716538509
9.78554264892548
9.73316667408481
9.259990775983841
9.070252427120689
8.717986301232532
8.425725719220294
8.170515494015088
7.622071569488525
7.321550419531372
6.717599693261928
4.322328231132378
2.0599926752851774
0.2935281220970137
0.0
0.0
1.9493990649422255
4.54187295715251
4.828891765479241
4.641477803348888
4.59032485047366
4.123832639548694
5.0384832514039815
5.322508796873009
4.526247160792209
3.1674867444593984
5.621412812944312
5.804355770330869
5.819776487982933
6.939569958336408
7.717475442469754
8.057038928243271
8.176714214349339
8.525140387159349
8.456327613172697
12.720774728198954
13.206309516327217
13.605765697672139
14.04753922988385
14.129974618521407
14.725491089306805
15.375243040330412
16.279531304037828
17.109779271008772
18.06600723431483
18.451690470803232
26.749189258547887
32.59441341135287
29.85654139662485
12.071090928473263
5.006067557046037
6.3772928515954455
4.975376278667499
4.846689328592343
3.5173035954577605
2.9106207413640988
1.9317285164371159
0.7516690339648652
1.1070954878615222
1.2191367457400575
5.562974002962467
9.144280457598558
10.728031789211288
12.560321277383416
13.80512593093891
14.349441641319174
14.387531988066582
14.202767732053857
14.035648079892175
13.777852267114673
13.433588933188874
13.136011909047289
12.710887811332183
12.418361519240708
11.715375682280246
11.498364253465763
11.187599081468889
10.946678951193508
10.75463341169674
10.430706101981228
9.949996102716286
10.029079806575385
9.828569596573711
9.361330902005662
9.17840120895854
8.999149882135969
8.550450051158888
8.1751389984992
7.776391706466032
7.110285284689995
6.5928931162808295
3.870184181724035
0.0
0.0
0.0
0.0
1.7871753993324158
4.645382103277862
4.078614966009197
4.05705546074422
2.463881917026299
0.7829885770467345
0.6316859707260947
0.5923307190106214
1.0765166991437478
0.9818173155340446
4.123885371938509
5.796550199872219
5.529912444323524
6.791950623689579
7.658491521203551
8.052545206362526
8.225583903489467
8.420258861304154
8.514535368292266
13.968851610269873
14.578774832314075
15.309917038297668
15.66292995277191
16.00744923896908
16.506614344490647
16.871730388668368
17.524452137436736
18.498618035069093
19.938168553803767
20.966009724696796
29.745070334643394
37.63368153469667
34.264411555983784
29.48097865517182
11.16671158389778
7.055407416762154
6.867688585892793
6.351738818736983
5.056061257827973
2.516794137939896
4.124991459638399
2.3414681498763925
2.201650886001021
2.9279097736111916
5.528583995366874
8.76569573605797
10.735777201575832
12.180985955826088
13.770041682118029
14.437810252743377
14.689139177436594
14.263068635815126
14.025530593737745
13.750924490628032
13.532652865290219
13.072528303949689
12.861170780552078
12.299398929629985
11.906129811998984
11.639743605298612
11.20173478539241
10.998981802569054
10.585058347180691
10.4632617499362
10.336840772268703
9.90725368482333
9.443294321327476
9.258237142294766
9.005576819747201
8.89844321762279
8.426405340212895
8.143655339766937
7.727837205472019
7.166513501132221
6.503862583615127
5.424515490602274
1.9479978137616076
0.0
0.0
0.3168325908173919
3.2598614276244566
4.36875134670549
3.1639591785528873
1.3639443938786706
0.4071540600643022
0.1879172584912164
0.0
0.0
1.7087366999607387
0.8995109206486257
1.4310039408611297
6.0225218110773655
5.970868268126177
6.755739251111151
7.601385306735877
8.002414730225956
8.24157812972856
8.39971186171016
8.32576951995941
15.888023612908954
16.60526248682949
16.99703745939724
17.30771941297202
17.85019513290934
17.972021464198495
18.793985166965413
19.26901640866301
20.269034133769956
22.454383451837966
23.73980608658771
32.7770885846984
42.27836138283831
38.6551623595243
26.063905059857973
9.57365381416333
9.013525322588306
8.49139319221141
8.165113769833075
7.250329204932193
6.522376455059173
2.299619387942125
4.17633745031097
3.9158922415103223
4.095169680430217
5.784053850059642
8.415152559722062
11.165506564655196
12.193953384600217
13.849587616067058
14.831508308236193
14.991756238418212
14.52377894185331
14.110829263519424
13.847368056683415
13.65668643457279
13.108080334145987
12.872484797070678
12.30510707348247
11.800970155747658
11.325967843831439
11.114698709957635
10.780658871818806
10.494897330461276
10.297241223753703
10.232092492423178
9.732339664023193
9.442948048811314
9.37219209278716
9.006994295412971
8.64584802646742
8.233816079322853
8.084543036158781
7.787145548692056
7.1089651248757475
6.41683667831289
5.628518044732052
3.394834410183117
0.566586278291914
0.4487452205978559
3.02446382489633
4.007137665409028
2.9979618881494146
2.4019361714910423
1.8274449787445168
0.0
0.0
0.0
0.0
1.286195014810814
1.172527808299301
0.9257920525511798
5.915357795081315
6.520145935410082
6.929772222979121
7.877206329195243
8.078570612974431
8.283905841774597
8.465490456419747
8.451248217576463
17.77980349296138
18.60771621165773
19.602493402289067
19.724014979863455
20.22198087964674
20.337120132297585
20.95236869457907
22.002262155489948
22.70442131355255
24.782845710975042
26.43329030603096
35.7462421006192
48.13739246659545
43.07306692418548
21.870944740618544
12.412411176594036
12.253982558491018
11.905556229811788
10.783618021800606
9.60368251471805
8.717333375013979
5.903615314936534
3.4060705132446487
4.324255222246312
4.431638292127896
5.93435720325506
8.242338313747123
11.464029325218071
12.372669204592603
14.126552969406726
15.233688477543406
15.236484095517707
14.934485935541225
14.540994425256168
14.041498678969417
13.709024894220843
13.294802958588033
12.864996151654761
12.285723032690383
11.780727918660958
11.402151265533545
10.80649204289654
10.682332535245992
10.332974752702594
10.052081927508919
9.886758937094125
9.236447758159493
9.173851215171819
8.998665979742135
8.722810475015372
8.285741533833269
7.900100155326271
7.716543602658446
7.436885230299803
6.812066511536273
6.722268708923921
5.730219979486917
4.350335121809114
3.575256678460283
3.6147612065140526
3.4862562800892523
3.5012111986409704
1.1725897111156383
0.0
0.0
0.0
0.0
0.3744745343460405
3.2544285962373642
3.6725604478874723
3.138654279982765
3.133813229072663
5.0120089420260845
7.0869600634429135
7.545738325843143
8.087186937174806
8.250105208257235
8.310714150082957
8.212550651902712
8.219382834618344
21.658669668808272
22.331957585460227
23.161864587317314
23.274778344023996
23.42243227620142
23.685785425087257
23.806450108499842
24.325749502293043
25.094913049062274
27.062362187739037
29.092900710296938
37.805796436222245
54.19467620123913
48.01339920918526
23.386377976858267
16.660858677133294
16.773493765215715
16.546292644560264
14.684729555040194
12.498077707736298
10.980880452623307
9.093423676618187
3.6127274653420396
3.0167543972235027
3.288912061825976
5.681304993283243
8.533689209107013
11.585134066601087
12.96374746557422
15.119132281909097
15.812101926772861
15.687551342008387
15.299972111381894
14.590276301939028
13.949435949768713
13.551699441816968
13.13895756821292
12.500017992416867
12.202285366301508
11.532675436523634
11.073932925424927
10.643510670437207
10.441191832098355
9.92406130389059
9.248131838458987
9.041285275291004
9.050022158717391
8.968576143075559
8.811283736679213
8.497575843198291
7.9852138652672116
7.742485775853191
7.2592549815935135
6.74328406879365
6.412173057679472
6.170802086438976
5.004744256030424
4.114273473162718
3.509519480265405
3.482984561840563
3.1223017877496293
0.5593738611108559
0.0
0.09395862924560819
0.5950713185555184
0.0
0.1252781723274776
2.1744055761165364
4.848919579588046
3.746940571222664
3.7864960228025355
5.411091022340839
6.580296742556791
7.100210666337354
7.502830191014902
8.03168446508371
8.160468788605655
8.321238575099917
8.480128346531908
8.406330410345573
26.304147883601512
27.070994865641612
27.452160342199466
27.510259527156776
27.08027244542896
26.467308698393218
26.611153412731312
26.628703125321355
27.294404242917874
28.766547109086268
31.344516604899933
37.82599211821833
60.208894181048834
53.87081484017823
29.135050616979
20.20331445660421
20.5101016393072
19.844892622924554
17.491012588433495
14.609603536336142
12.515908222164585
10.963750179237168
4.223609932473583
3.9148207526789696
4.984542357072291
5.286030076804103
8.650053751777767
11.299942411478995
13.545645087624411
15.451798998004689
16.172447311320326
15.877284422295007
15.23937368138221
14.3938142426822
13.55088390494855
13.18168673034191
12.253111416441985
11.863088905485537
11.266080656791525
10.46400024812725
10.489104485753218
9.982937077071414
9.41122350061165
8.948040388834237
9.08270877989417
8.817041483733986
8.52313254006224
8.281787577276727
7.755420157037397
7.636486774041851
7.256989006697158
6.969635534299596
6.879039125050638
6.514671344650626
6.03536631375894
5.535577118764781
5.022343191376377
3.771926671292797
2.9572300846927204
2.698814853318056
0.732001725243185
0.2505563446549552
0.0
0.0
0.0
0.0626390861637388
0.1879172584912164
1.6089758608081948
4.7618936488103625
3.6352852216575404
3.4641551730721476
5.593023237138119
6.806883165574757
7.196769580954376
7.674490404619626
8.169486380364821
8.240273639541424
8.086962765608734
8.095402576355646
8.514835516630534
31.917973552684554
32.213538829130805
32.08251854472607
31.113020423191266
30.309912107400326
29.42564499999365
28.9609844152381
28.758373318510216
29.180029585896175
31.067364341543048
33.72816639959276
36.74058089660278
65.6403578140921
59.02844685336518
38.893231959046766
21.142651405836975
21.463528797048394
20.855399132654746
18.109273665639368
14.97384418468749
12.898066407628484
11.204122100251483
5.441659555884295
6.385114007070096
3.7532381057747846
3.760849125894702
6.94073622293484
10.594032419970658
13.163399108349633
15.588366195392789
16.03297933573222
15.84692024018365
14.806785615816368
13.568071317619887
12.316145373726597
11.454977892574119
10.587360465123634
9.871303225059751
9.560440168124286
9.785802768735365
9.44108213794996
9.07150860198852
8.610540559692254
8.41577157343548
8.235185722676894
6.764179974138503
5.390429941182542
5.976387856173064
6.426708617416745
6.449367385068103
6.1609612215274625
6.391856316981036
6.150844471861305
6.427525921703442
5.872949713086984
5.035353282985848
4.317655274965701
3.7805743408467087
1.113709311042396
1.1231256365845044
0.3758345169824328
0.1252781723274776
0.1252781723274776
0.0
0.0
0.0
0.1252781723274776
0.7450665769689091
4.849003839900004
3.639172039280047
3.737585715205554
5.816469855497058
6.8380929371291055
7.35665188683734
7.65874978345934
8.124205882615424
8.070649552041834
8.115125107707028
8.309414905538805
8.54567080390092
37.9850259578874
37.56585371817714
36.9387649141882
35.55649788030489
33.597196313621154
32.48434179254153
31.268253217841924
30.6400587512631
31.150510360924898
32.58764049522992
35.136102337265044
35.52597223138464
68.5814896108581
62.99069478330873
52.88772239544002
21.275690551252218
19.701541264293446
19.174874589238158
17.329478675954526
14.586048206359862
12.13357225390378
10.245375501920359
4.748445083884216
4.51683813054899
1.8175266712306322
2.2566789729929257
5.601865248558142
7.913798457883762
11.615312214493553
13.626279758351751
14.147551533170674
14.563356491623109
13.540653494322305
10.984583744953762
5.230208496554865
6.444837785717164
6.409527813229707
6.84786185044813
7.859932782533395
8.369899795806989
8.169019951766847
8.324552343753908
8.148320198904868
7.683428762691033
6.981496251227999
2.146514628048626
2.2199928736362904
4.750834348251929
5.457182774147258
5.776811389339346
5.597616755447495
5.978146060097056
5.988904596670593
5.986277251120768
5.512517975470658
4.661470749895201
4.032359366532954
3.407621706752512
2.7332348652147758
1.174112488388054
0.0
0.3758345169824328
0.4071540600643022
0.0
0.0
0.0
0.0
0.942500899890284
4.572693161293356
3.673945899675454
4.350616516525031
6.274595575186493
6.955680275079955
7.241668482260553
7.586571090760882
8.073187755087012
7.976567152975528
8.2359939403864
8.541938080994116
8.430973022648285
43.99917621394692
42.53910478864811
41.00711535359347
39.08246764341287
37.13998489533476
35.00246752054282
33.55827730852761
32.64498505567539
32.55049388228282
34.01359902422509
36.22060974187387
36.165299770348284
67.90445138266952
66.57992093177708
57.25794541269777
16.582193760889574
17.574835556337433
17.599539108956293
16.07907048477887
13.178512304726974
11.059125803655832
8.076625944242169
1.9946165282696986
4.226446706305325
6.580312949217226
5.360690060877029
3.0517704636816645
6.478403619330981
9.573100515283713
10.919005548353246
13.269024238113746
13.417330668236835
10.941697620690794
4.156765999605058
1.0684189347621709
3.3718212565786994
4.616485504328414
5.245753969685773
6.671027825461821
7.246392597575118
7.452801839032069
7.568927740445928
7.60385812753206
6.889138843017223
1.940625131676995
0.3445149739005634
0.0
0.5513587867493646
4.050152239031423
5.0996450994876525
5.526931078575964
5.80374250891472
6.1220092101714
6.087785198753811
5.332041601747338
4.572709707141126
2.305470217816799
0.7946408114069237
2.1049429521185488
1.197416957108432
0.469793146228041
0.0
0.0
0.0
0.0
0.0
0.0
1.8122261109739262
5.129496585870315
3.7869179478204624
4.99891486198754
6.419222875011245
6.847873523241722
7.2441266226787615
7.74847920981078
8.099564944084651
8.294763580834678
8.20243960317626
8.15484324460967
8.37097928657959
50.46504317628719
47.65244098847661
44.73219661948133
42.02343627205699
39.619567743616564
37.19930977257624
35.53836111293868
34.57794737274359
34.41976465648116
34.763119111148875
36.77619487372587
37.70149128238368
64.967525773988
62.712237775475685
31.06336716025338
7.834355327345251
10.005155006971954
13.815304726350616
13.571929939914074
11.180701228223647
8.67552368334792
9.454991830452323
7.934356984757276
7.355205826461895
6.742143828162977
3.7600927320778115
5.318677257757409
9.335469471041014
11.489180703408264
12.928229635688833
14.204671110823002
12.48758660262393
3.062887748021232
1.4720185248478603
1.4202909186802155
1.7676610296711563
1.710681325008248
4.422130299131739
6.574944682942655
7.168213475757056
7.240454454063523
7.333918334638211
7.3743947860121795
2.7138420661388944
0.0
0.0
0.0
0.0
1.8994993592404443
5.279398120748963
5.932942585568421
6.205004535309079
6.239590093889722
6.1985495117607945
5.400612587130688
3.582769085488169
0.47343030622673893
0.0
0.6577104047192571
0.5011126893099104
0.0
0.09395862924560819
0.0
0.0
0.0
0.0
0.1252781723274776
3.871199091810396
4.518710261658007
3.6468693794984874
5.5215444248835945
6.514301051049052
6.964373668402317
7.30147001410022
7.602668025464946
8.270927584388094
7.9163674557652435
7.976837237669531
8.079345166967318
8.474834642090512
57.02835670388647
52.0643800814275
48.43578256001151
44.79840431549448
41.36632179059693
39.09192371021828
37.36392310473909
35.573502106909196
35.33796850871352
36.00484763554788
37.68917449678173
28.983141887669404
24.593452945857617
39.16666904785034
38.5234254397527
11.398557511761272
8.204319395285484
10.291017714215428
13.291844595700711
17.613760075322492
19.763113793363004
25.213386454777524
21.360171011295513
8.44479666451386
4.696506678131278
5.345493325558358
15.095264309061664
15.483021943989488
16.26456762648392
16.1476326714184
13.753794731200637
3.6611008984903983
0.7203494908829958
0.8456276632104732
1.546309845371788
1.9322944537141067
3.7700434014399877
6.285486112582489
7.136887586273929
7.235499566719205
6.317087408798696
5.422812234663405
4.947152004000101
3.352129355207373
0.3481521338992613
0.469793146228041
0.313195430818694
0.0
0.6943250568898335
3.580465513672557
6.403713686211845
6.294535875510492
6.30701356992196
6.211315348147621
2.8766242802910553
0.2658457390138422
0.313195430818694
0.0
0.0
0.2818758877368246
0.0
0.0
0.0
0.0
0.0
0.0
0.6287275093435183
4.8626280735238785
4.627984391307379
3.4197899980244353
5.436019486995396
6.215575378831182
6.682305777169672
7.136395958190288
7.6985743328177625
8.21121908757718
8.150631974246867
7.985535842100886
8.12992923187902
8.186509720254183
61.80380136167962
56.2314787736646
50.7694521333271
46.949527950957915
43.16431053563648
40.16258796541644
38.29813505862534
36.937293720056815
36.058064196408864
36.53194517296266
37.80267867717584
39.30766386485825
16.66984641641904
38.470448861883675
41.521354769810216
29.40749631029765
13.741142334975445
32.60387388385358
35.62649741932724
31.778413300079357
29.061155007580968
27.36634758307799
26.51667976825395
10.94567356253847
8.69324657265389
21.59758894879887
22.167372395291913
20.726768649649348
19.372139412726156
17.80131198334913
6.815974587863454
8.839519483093397
6.234412976075244
2.402984160395948
2.3575311424113354
3.9508935068589746
7.968460558280728
8.579009858572011
8.088255497403935
7.604533178228486
3.7300883914320075
5.43396739596023
5.7023039017980945
4.472825663673589
2.7950391122978964
0.5826370612870089
0.0
2.5915845683075442
4.380092581278923
2.3831041417496333
5.167862938748786
6.317758130275764
6.116406355328477
6.4942727317701
4.899731724476464
1.5010305717326886
0.0
0.0
0.0
0.574044027197446
0.25721143638005417
0.0
0.0
0.0
0.0
0.0
0.0
3.925964977154535
5.002743819827006
4.363074869792879
5.392072891249098
5.854261670423818
6.085817657964954
7.292942479515923
7.71325717694494
7.97001851774716
7.994182554392571
8.062867975477706
8.219565651530592
8.235259729431421
64.52518822304073
58.224738806840556
52.385606676860675
48.39631194578677
44.45674179137455
41.358702214089085
39.162763891632274
37.56471565617329
36.39141805012359
36.495922061594165
37.82029283746363
39.21334136642985
38.58808901781598
17.375960064815988
29.857257223695527
28.456443198116066
42.87874098641132
41.15686868498661
37.01530425914388
33.77609103996974
31.442044131726778
29.008676148726746
20.054743681741694
7.667260715381438
23.51676275545519
24.07469668198528
22.87304705966858
21.66071005368808
20.33853624433661
12.748925328699876
12.268785397613566
17.222647909298676
15.58344850807669
7.038661675297706
5.728356707368012
12.018533633262683
11.149758743325716
9.589789610090929
6.453136451216497
4.11157212037605
0.675128765783622
2.1823674741462256
3.859567027085591
3.832194296822819
3.3860304829442365
3.013472672021605
2.3333704627376504
4.304925018805171
4.618444005276183
5.292106954032112
3.9196055058107393
6.18583389983593
6.1582294242923235
6.018012053709579
5.827137907459925
4.486793568846087
0.3102782379803429
0.0
1.128443422741202
5.008897778573907
4.766861553352261
1.7789106541959194
0.7660592067770005
0.4806220891356845
0.0
0.0
0.45984012950208575
2.432120705671406
3.128340064987866
4.219968550859711
6.014545311863846
6.019731211547511
6.668230839328014
7.381615648252847
7.635002644038967
7.846604018396031
7.9904542492802815
8.057419956551103
8.311153458342657
8.404365383638657
65.00279161537313
59.14236193356695
53.19042755559225
48.43274867988209
45.10911841940482
42.01533070048884
39.69143368866643
38.02646505488214
36.88417875187639
36.53426966347856
37.370443011401626
38.604082477989365
38.95085176590431
67.07886455622085
28.169810021864627
46.44611317730761
47.431452066695165
41.569027504264774
37.687391984358015
34.153855020580835
31.981171591995615
25.068253838096755
14.693412833294893
24.190513849305226
25.81333424320039
24.371801667330864
23.281928430437997
21.849722641891265
20.727999337380425
17.300750989226746
18.123313835672004
17.546503066740513
16.640174968178457
15.348523103592836
13.83726512994211
12.70377485219944
8.305293488038474
2.1837031024608184
1.5033380679297297
0.9119039093729099
0.09395862924560819
0.5950713185555184
0.5950713185555184
0.8434650233936482
2.5604212926334333
3.282460733063466
4.01932659095306
4.3070029253515125
5.100228985429042
5.584971841706081
6.139523627556782
6.562510688710577
6.329954424832146
6.438775359263406
6.438944821926193
6.385639210946147
4.922155438005736
0.7340762702685795
5.313738053709145
6.210410671217929
6.357202024105658
5.945265152282957
5.791979369050806
5.713471933005324
3.930087376354539
0.6487313093846467
2.8735107270787554
3.787204836234471
2.286180095563441
2.742976845490766
5.740557205208018
6.663401604107461
7.063239353501849
7.458284120140008
7.568033226850582
7.872757035827596
8.018662504506512
8.193036851434181
8.144662624921795
8.354867728914472
65.28009248306195
59.78012039141012
54.040536892923136
49.24875181415862
45.87940611788737
42.665875361395315
40.508971108489945
38.58206725551681
37.23293638265643
36.20710467001135
36.32055589986641
37.8400242204682
37.12385258756147
62.57552668649745
59.298575090340115
54.688088092273794
46.76512237543346
41.46443537049727
37.36026258345446
34.03379547912021
31.862623767336277
24.48083633077708
28.02685719769448
27.241925112468152
26.24078935347608
24.846329488134877
23.47810328711211
22.067500915574946
20.657740477923674
19.716791100399586
18.731271170698054
17.658025537692644
16.703387165060267
15.240745810663821
13.824506494992677
9.611181225889364
2.6258619819463256
1.0961840078654281
1.3154208094385136
0.5011126893099104
0.5011126893099104
0.0626390861637388
0.313195430818694
0.0
0.0
2.0266796142366807
3.899332670509513
4.152283158467591
4.790806793607589
5.652127827836625
5.9872649907932205
6.594277418463639
6.397615538933652
6.741056936729804
6.708644909287165
7.014828584996954
6.817732026685237
3.3510389825078906
2.4564124583602434
6.332923860136552
6.562604395514231
6.185477023565836
6.150941689447156
6.150822730690458
6.343459265712205
4.5700369289183
3.282854487282295
2.249103448646047
0.9865037598620232
6.404334674193495
7.498268943430329
7.673668982920237
7.395002585206949
7.630021236766621
7.966302663812217
7.887518645177975
7.865526081783922
8.145216321301524
8.256150534354502
8.32565218853339
66.16938732480982
61.036436376872565
55.5682989022932
50.1337359719282
46.345967863909515
43.4465270996164
41.101848497267
38.68153075868246
37.46869342526809
35.93065605979396
35.38496693630404
35.55521193558585
37.10468775312269
54.402660872154456
59.939510797384735
53.07072658213844
45.734406009597954
40.38508319119687
36.881111669232844
33.48896311421255
31.904544934082253
30.098466189658854
28.577394894248798
27.298477098213468
26.226763765319063
24.7310951661076
23.408076814428018
21.994975963718726
20.73909777518825
19.72503973785036
18.551516646824904
17.348497686811516
16.71685056187331
15.04128086546056
11.846627275758324
4.078053734529353
1.7538944125846845
0.4384736031461716
0.469793146228041
0.4071540600643022
0.0313195430818694
0.2192368015730858
0.5324322323917797
0.0
0.0
0.6220129472745946
3.305703298967506
3.554931229705793
4.884212215113726
5.690220436387868
6.062019119248964
6.668563018776218
6.43344146843149
6.596544935849422
6.87397473784582
7.010146326015272
6.792614068248422
6.670374764642259
2.8105911992409958
4.07886359333305
6.486934493018842
6.600299809882697
6.430247532945171
6.255142485586687
6.086844804433545
6.337242159677316
2.9627529752357167
1.9260771944560486
5.439913397135673
7.6094702885538394
7.69115205930329
7.860710383069501
7.649186043300418
7.915242021462187
7.719486251751318
7.865863823747854
7.896056261192495
8.070488563624993
8.238005521190248
8.130180477583487
68.20370222122887
62.442464888846416
56.84116751050735
51.40947606238676
47.31243202008734
44.19437315594374
41.694016405165584
38.95107715801563
36.870708467964775
34.714043474517716
33.33386374361231
32.27382519028834
31.801142299997178
37.22329598269402
53.02628808654082
49.88741588617793
43.742465092294815
39.29910488770508
35.49821762658757
32.8249557337743
31.1523365079228
29.580243205094433
28.283144556754987
27.356479989421256
25.940254003977017
24.50038038291898
23.236347466561792
21.900298180557787
20.47073751381076
19.43874998527062
18.38141562846984
17.453451112327325
16.751810305502858
11.064156989547197
4.48668089559151
1.3430343011590302
0.7516690339648652
0.156597715409347
0.0
0.5011126893099104
0.0
0.0
0.0
0.0
0.0
0.0
2.069318763675141
3.8188907203668645
4.433424817514555
5.70324367423376
6.169182396037568
6.4323708396212105
6.471760718762815
6.794023622384277
7.059398986721617
7.246732869465374
7.159817191827249
6.97058444027655
6.667416634106805
5.345109448129107
6.721767621944085
6.46564083031378
6.301874114261751
6.317758130275764
6.116190178985926
5.987996408958701
5.274031532252523
3.4620505029091015
5.829024512211691
6.89056414662428
7.469337424927818
7.53048933276649
7.791107934117139
7.829043907424988
8.027680096265673
8.003154233023809
8.080595462677788
8.168042444136816
8.085726750413697
8.021622318991062
69.55795581125683
63.629186227252404
58.07694918884127
52.38437909549841
48.669515987673805
45.360204969509915
41.981380513699506
39.14425026264116
36.78254994190096
34.15771748795912
30.90856114555647
27.127099064450494
23.124894150128604
23.25896066578911
33.64872023684109
35.23858423766731
33.19514502256814
32.52626928058663
31.616403294642424
28.024345990605976
29.669499300379922
28.351759296401365
27.25884728528568
26.141196556010467
25.201149181232715
24.207088268487723
22.936869281832532
21.502039445906995
20.247304626381144
19.028097231140812
18.354439215759506
17.42444259830181
16.49170242957578
6.051353148576479
2.367332374637681
0.594330564191423
0.1252781723274776
0.0313195430818694
0.5011126893099104
0.0
0.0
0.0
0.0
0.0
0.0
0.0
0.5003100321294773
3.580367417923408
4.582245208398647
5.843075658718103
5.975161838277138
6.438562693703055
6.840297366977068
6.9202262439859386
6.588705610118328
6.719484311501451
7.053188214847385
6.7789902686116665
6.5743428059883415
6.28105628658348
6.534592539794443
6.327593480086837
5.945502039877229
5.50310004863257
4.852696999469337
4.023064687027803
3.321219590553652
2.716672428450115
2.7967475447116232
5.283833045522959
6.586457010524933
7.366789592727801
7.534881060667203
7.6200903767759876
7.755343758507676
7.91275762424818
7.986813211949751
8.110689665778152
8.090705351236455
8.021959736507956
71.33755480679078
65.18805614354291
59.772409865069264
54.63468098719725
50.41168167735458
46.47923689591017
42.59565535014218
39.27942288034632
35.72605715273991
30.72917995601339
26.076184565594474
20.871510173093903
23.461467666317088
31.38958291075116
33.815439424789915
32.8221081372208
29.54072920892693
26.483038785847025
24.034723612591684
20.41217183780511
20.638837179070503
21.36390038736668
21.74274790410313
22.65156094828775
22.92391799773622
22.96475129141151
22.08934599077357
20.90133961376735
19.887418125790916
19.021588481022796
17.916500078079338
17.244369112350387
13.311971777291154
1.0776481872258565
1.45235121612618
0.0
0.0
0.0
0.1252781723274776
0.0626390861637388
0.469793146228041
0.0
0.0
0.0
0.0
0.0
0.0
3.157640537578268
5.364431939495072
5.96311021335466
6.220488192711309
6.0950407269906055
6.511413487926736
6.424293875820847
6.5072259817642335
6.562103308534395
6.3068534853701115
5.877543113048637
5.422189111860082
4.795587071694882
4.2404989177956836
3.9309785237973704
3.1427845343488894
4.30364524727174
4.452791563148524
4.757906245121713
5.189063117305138
4.416477727368037
2.981040986189133
2.017515456033727
4.534532541999323
6.429455928264606
7.16439445343923
7.7084694271284295
7.702623900278792
7.856065050089983
7.928273359357459
7.874231074027471
7.83081669370171
7.910596688482675
72.5139289979933
66.2148449298771
61.38187562433239
56.6308377432633
50.87771481473528
47.84182996511499
43.59540677931251
37.834123636391084
31.547773808275814
25.789850571903244
19.15542747833831
24.764327143427337
31.246949408626367
31.895504511184242
31.361301031477517
30.787172244720427
28.919978494879683
26.69935099202168
24.41415716653581
22.16857988325952
21.106543193706926
19.421287441697295
18.671939188977262
17.440389483735153
16.38098363320496
15.883690517252013
15.896051265782804
15.79999607980027
15.439024083047032
15.115211626897954
15.160603105544183
13.663985283333725
6.5593895159180695
4.688099479313695
0.34815213389926125
0.2308890359332749
1.3578613131356587
0.7516690339648652
0.4384736031461716
1.0335449217016894
0.0
0.0
0.0
0.0
0.0
0.0
0.0
2.345309653493815
5.878780477652085
5.744566298254281
5.661763208947692
4.958970105122458
4.512005745791805
4.294323316753475
3.628693236752871
3.891250757559611
3.3154717931362425
3.65997690864946
4.441816416843673
4.9078497388355515
5.030134163496621
4.917798223309003
5.318435453802147
5.265211112052492
5.634058023463892
5.438183574588086
5.224260987997036
5.393649557376304
4.5876069820033765
3.4552735639670535
2.17771149537006
3.1578138611820785
5.868375476061986
7.088911553643748
7.326925403599368
7.6824969228797135
7.654104450479825
7.8903373860496036
7.802456827376709
7.825324979630764
73.8580932094907
68.11087718096682
62.71138695673452
58.51177185414613
53.6053673775559
47.46464449730421
39.667154128088356
32.98614223598026
24.373221395915113
17.985151362165972
27.704121569215168
32.11962275289204
31.581117339088422
30.5674164699915
29.99685476285946
29.073172736187683
27.511845044483177
26.00020853923015
24.168360405097356
22.756887901956755
20.9345267365416
19.61448446677074
18.732134227106798
17.72673747039509
17.112977634350152
16.659700415213276
15.619523212454979
14.639986587587112
14.036746625907972
13.218353214594838
11.830453545325897
3.6738932895632104
5.466526980323425
5.765131655895207
3.709538007249102
3.3965292027813714
6.230524596609019
2.8220709023328636
0.9701031783575178
0.5324322323917797
0.0
0.0
0.0
1.1877346655697378
0.37445390007392804
0.1879172584912164
0.6890299478011265
0.8143081201286039
3.1498811837348564
4.197827046613461
4.7468866031148105
4.8581398876535165
4.954678474641058
5.29004318607003
5.17827591265981
5.196297600769043
5.34331692829588
5.495309292901756
5.110009551369694
5.244286877945284
5.23697828804642
5.612601044868905
5.632532498790297
5.605382117102638
5.74045560425133
5.543848835881318
5.252210516706174
5.551284929765949
5.456958089955447
5.337841910794771
4.047436437095667
3.061984501828129
2.292076802526052
5.21532904843875
6.6932893900937005
7.365720124822587
7.438256691600816
7.563149870866232
7.651430932894773
7.774348291109577
76.0145695242179
69.69169528383463
64.79329093674245
59.6047282720229
50.266639483405896
40.91058720523315
33.518276567378585
22.329427159048755
19.331078481082443
31.753946170660452
34.21172557407564
33.12624252322634
30.763040753804454
29.928587245295446
28.214764668515944
27.309045722599553
25.878903619902296
24.472488875776442
23.202349900324087
21.850075536124773
20.585889014669597
19.066941468864506
18.40141789636531
17.77614582167379
17.129415722217285
16.66849196141073
16.401052130052467
15.42763881849993
14.36670431921935
13.65150133235546
12.902214147008237
10.829896861985281
1.9755478207022774
5.622199843239426
4.9264945529047255
5.573040648368718
6.745476026245045
6.695403237873547
6.1232316562683895
4.069168759566264
2.6723456426711345
2.729983844969391
3.1710769548599975
3.449689503457144
1.8931339970916876
1.3576518325164773
1.8142493328398002
0.8448869088463782
1.354733485117315
5.010810967611557
5.418405445706166
5.288831728485809
5.704367136959473
5.742669164070074
5.760125607705297
5.733456928373168
5.799771349429715
5.577709824255947
5.696341314612721
5.695438994229566
5.800917454655004
5.719714169979713
5.866302936604632
5.662066441185648
5.458935842188446
5.666705089310146
5.597305153302275
5.792267438241995
5.932549540358094
5.74683694316779
5.566457861543685
4.773335992515081
2.851103164175187
1.7779120128507278
4.152960320151937
6.387736304444729
7.16094365145654
7.5178219550978564
7.519404136388728
7.492671399822431
77.11171072214174
70.58027100660894
62.42097346140544
52.117272510092626
41.603558836609146
32.707664472253974
20.03599526874505
23.308193300998738
36.22634979253586
36.33441312910522
34.14492369910792
31.511089089945052
29.92180950027925
28.071326096791687
27.030953741687743
25.901999565388415
24.649951727979165
23.148713854765116
22.03125258194346
20.966203047039592
19.235505405196022
18.32505640018
17.894598182397896
17.46042499072184
16.801344774023473
16.189588607938425
15.58441459641982
14.68748185195218
14.009462120721642
13.44535664769867
12.693025178615173
11.654046867050761
8.42596453225968
1.9718420332818751
2.113228974279315
6.343264726983525
6.968135231339165
6.487673497512074
6.089039797298268
5.427062150105971
4.708889999648906
4.27605382378887
4.041084933742665
4.039381238831492
1.6176152346263462
1.2396067116421698
0.1056108636057973
0.7271465900403702
3.0294926103859146
4.815909118861073
5.596484339623308
5.630762199498754
5.986277251120767
5.7576131453666175
5.7688257757961
5.88809912584442
5.856364323255609
5.794610790146184
5.550990003470206
5.53928109082964
5.749925543888849
5.421846847151765
5.731517518647131
5.697293786673669
5.633484970851247
5.832079204631171
5.591571541406098
5.683079268798978
5.94483459138104
5.622827727409117
6.045735488009881
5.636021955919772
4.888622705843597
3.4344815015451657
1.6721589888810195
2.6947574514862223
5.760011173951272
6.536738443254032
7.243319982484232
7.344144783100609
73.06820192962448
62.51465097500004
50.85741873474062
40.81447843197255
30.237395650750596
18.763236988774857
29.3741486356257
39.5977001131571
38.27733992533783
36.12672246773668
33.2597973661248
30.732607912776356
29.073674720191164
27.94277886794125
25.96784042620873
24.845564473264282
23.50753233088578
22.212545314554546
21.00845490445702
19.74011627010249
18.520467658816493
17.744825698251773
17.349795583559448
16.875660842571715
16.485712178404686
15.671587527211361
14.995509990446974
14.225795771303813
13.714167670777343
13.121797691623652
12.23080433253708
11.096575472368936
10.383547381625347
9.018915511235264
5.146262201058837
7.277845186922982
7.072750157995741
6.880076009859549
6.309399766620316
5.934043882110825
5.318903237059196
5.315836532693003
4.970465219152878
4.037422737883718
1.301401872081251
1.9533761218505419
2.6386346650411823
4.4097906158465765
4.546600559763978
5.382072303117721
5.464615326182639
5.4479118789232945
5.6254080070508845
5.969143242959509
6.079459852002521
6.092294422684082
6.075426742543168
6.176113254612643
5.868700515732167
5.79819468330251
5.746694451457064
5.657193951093306
5.617524676414857
5.615466307932125
5.69662938380391
5.719452719512288
5.686737836362946
5.981400685482872
5.618477148475808
5.842004227900453
5.831387193261828
5.749536181566254
6.033194853848248
5.552605407816082
3.9947749294613466
3.2405545616569724
2.7122398268693053
4.813358343697223
6.527207777485336
6.8204069242472025
57.56354474201706
46.76499911219442
38.34875078041975
26.0937258958358
20.074706793097963
35.47761669377048
42.3136423232374
40.17770250689228
37.49449008211486
34.56403380399623
32.06028950822919
30.08289947650446
28.387983068803546
27.046468451851357
25.241956322169585
23.964134131630736
22.648799632458985
21.668563285494887
20.37029844161882
19.59046570180872
18.391528303884535
17.758518830031083
17.079360698317284
16.584929701370655
15.909800822117859
15.20881931510343
14.578676053179807
13.729888919813247
13.26875797593278
12.645032630995845
12.100938733859877
10.842895574573355
10.003063625120584
9.100965326102537
8.172644453789156
7.697847909936392
7.319020747753204
7.02102433473746
6.4676199262800775
6.169849155453864
6.113162474824317
5.804121928363023
5.5443472140863195
5.130774059412397
4.04752780487349
4.357427122616562
4.54501306030803
4.599061231872497
5.235030629481656
5.590567927891536
5.9919430457138585
5.8893465242011125
6.173774051038177
6.225321276007514
6.022293825563984
6.260645839081391
6.224867182151568
6.132235892711614
6.144486665898873
6.065955011122464
5.773194020354701
5.698727961090149
5.739763592881987
5.589228189501911
5.690271577841478
6.088466744685623
6.075178080148117
5.920746191690676
5.891042149085016
5.90310694821986
6.026089017509943
5.9890235554272895
5.911977216520972
5.699521265590896
5.511438567396623
4.093974033885344
2.9920010793242744
2.3887887826768677
3.858480159298752
5.642538038987952
39.683915167445576
32.086422790533504
21.666109393793395
23.104904224771325
40.59243680990766
43.98273320902022
41.1300608786742
38.97587892730804
36.27694418825989
33.728548203106094
31.646807654990226
29.510861017125826
27.94103381812526
26.35712602873771
24.779744288485865
23.501700045113033
22.21314621036227
21.23645111045771
19.87232001026043
18.96071551690542
17.995742028556453
17.150969676610952
16.818689357864873
16.24086527518265
15.395803056005539
14.486975780524912
13.912643569330623
13.341324171733694
12.987060758695115
12.038878317695188
11.366237245419972
10.86272030047492
10.072470218445353
9.246527479757736
8.550173000850087
7.985284920843462
7.494860471696902
6.991168246100086
6.925303410747236
6.450213345487506
6.327211351863697
6.08431467646957
6.266430592431177
5.802426303479123
5.457684467607562
5.229097991654771
5.403924356180019
5.705852452829563
6.051163365089574
6.01340589163758
5.817541286314703
6.1063723161767856
6.059002411376543
6.19771680046391
5.943881129544275
5.989477649283237
6.302706825558635
6.29282022845476
6.240685974653047
6.065955011122464
5.948543310622802
5.784071515684934
5.733094184774337
5.794230380922062
5.81241506850594
5.6576245119952215
6.041390776405309
5.9504768530201
6.016292895871647
5.68658540177793
5.933749872806729
6.072193858328198
5.817071382255731
5.538419969025807
5.40091177971581
5.543698366914203
4.180990774317877
3.2143431089028844
2.981422227331778
2.8631778284562723
23.714647367295647
17.893588672405123
26.9476858595351
42.38078245444689
43.64129530641322
41.737412275710376
39.83262739640156
37.68463188675033
35.32905939650767
32.83246199126664
30.523395721244892
29.1909337073661
27.364682192785235
25.918823015495356
24.581814980247515
22.93562813713669
21.581078768166517
20.237913988898597
19.501808353404996
18.202324556582393
17.599257241645454
17.039258902162565
16.33906899129654
15.657914856956994
14.918513504742267
14.111458399612662
13.497137237074265
13.008865485043199
12.402713666472076
11.607738599429858
11.116752032725847
10.554721796080452
9.96658222965911
9.330523453182863
8.800703386022523
8.276058825924125
7.66733182798696
7.332899312790948
7.052213890160927
6.669661913039915
6.6457250501217535
6.418865998741153
6.18433091834055
6.241042850923142
5.974469826907797
6.1199961158135405
6.326083605542547
6.019389155704627
6.079816728272614
6.453282374103136
6.2680525326832575
6.149438707951776
5.970069096296693
6.197381665364662
6.058451099934744
6.123575131416946
6.247378915714728
6.239734304599466
6.254428733046501
6.204481707158398
6.206864393074554
6.065955011122465
5.7912638247274355
5.852661471342584
5.874810461306914
5.91362756728
5.930138371150821
5.907507678830964
5.807275260617435
5.589034556337574
5.69729378667367
5.874237408694269
5.596538467525292
5.614750763608754
5.558523389454048
5.448450565253166
5.478294243497197
4.269911580550656
3.387145133856155
2.648733830055499
16.451077053220654
29.765752097461533
42.12207339613913
42.79409184414495
41.6529297777581
40.04598272746547
38.888891435027915
36.91565596173331
34.69014740891355
32.03876344119147
30.28221572541884
28.570482313481634
27.072688869758462
25.5938994579668
23.861493925699648
22.388255800209496
21.17773589246854
19.87385913569365
18.878521765190484
17.830269039290116
17.136254454442813
16.776522715898057
16.016541763782396
15.115288888267273
14.284711795256106
13.86867889987256
13.291413610344229
12.756472768134223
11.956596028168569
11.445819683373871
10.911193134014875
10.448535687671582
10.005558599974593
9.47336837303716
9.161974877762118
8.631939064219535
8.038249904374318
7.572687091097116
7.393791397837834
7.147552685928013
6.834249723604966
6.802865122075042
6.546211991511856
6.501203590345176
6.492845226689727
6.417936069858415
6.419936627551433
6.281935991004252
6.535738924463857
6.390904646927455
6.397020745150165
6.3508407073610265
6.404860070881259
6.2121515702267045
6.314755398623075
6.163754518957873
6.150083726197228
6.073221004796789
6.3091835902777635
6.151309310598909
6.155580337571656
5.964100652656857
6.192169964627517
6.315065561213404
6.425104845946887
6.060681810190045
6.192072747041665
6.220488192711309
5.772047915129413
5.851521233446032
5.785268762363835
5.808183448329328
5.499971473980287
5.483312311070001
5.711297995534549
5.53589083083765
5.102550670675741
5.115562099350799
4.166707947388034
3.2929776822396244
30.925814136956017
39.83478529314718
40.80243750416226
41.05059167428499
40.39501315932159
39.489292181249404
38.24925177740294
35.881630778534415
34.07309330232333
31.426433312724953
30.07494695451395
28.200185425300802
26.49771047212544
25.149402706970182
23.59817942072351
21.785201477783403
20.775902409930982
19.670999125512793
18.47767824247432
17.5397160321401
17.29377597419137
16.68315722770679
15.89250936472984
15.100719821046784
14.208773700070493
13.638653649964978
13.059345991366204
12.599939048777774
12.035737338017237
11.340932701437575
10.78325885558031
10.287645629054214
9.937832258415174
9.767259174347112
9.26941619425403
8.87917850078575
8.212228675069033
7.868302307833936
7.538838011466265
7.400804380916579
7.077705045340055
7.072258529912098
6.930311926733178
6.727934224072885
6.554552404222785
6.548216339431199
6.494103269107314
6.62429362210277
6.3027068255586345
6.5807725775835815
6.595041674909915
6.607281172363861
6.424794683356557
6.61595320939184
6.1781892887206675
6.355842973875895
6.136506919684361
6.247140998201331
6.275340267528426
6.267360521313915
6.151060648203856
6.161797443606546
6.18488222978235
6.238945075644271
6.191932047114122
6.260883756594787
5.970069096296694
6.042585314309377
6.15799150677893
6.0294626016524555
5.7207177834942735
6.001858126108852
5.685490438006251
5.5138901751047795
5.538183041288226
5.659241486247294
5.138437696664622
4.408639116527381
4.804224429198159
4.48275359704438
