5.751737041759714
5.932843476878021
5.669957618702044
4.798613501938788
3.9642766128813163
3.271752654335845
4.076501070335213
7.184916458843864
9.128603972756402
10.151739634023622
10.389246510616392
10.568758768274032
10.81337504414515
10.942062015877731
11.1784551254616
11.254329198712956
11.407693471389207
11.60661137939155
11.393129573519062
11.12702549941794
10.979176020948781
10.621906445662452
10.366233762506747
10.207425721883324
9.757337383527522
9.39677177001951
8.997383081842521
8.891724068511296
8.659245229797744
8.182986492344542
8.074657319166189
7.3120722682184205
4.450676327281212
2.4260692224858937
1.7138986343597842
3.510936822312562
5.271710978776838
7.629464969811381
8.492957456992313
8.571365590435647
8.700484047097016
8.8861604761579
9.108545324920177
8.924547607353938
8.776101825088839
8.713404401032529
8.651255048778191
8.301886923216017
8.039365246874361
7.883076815436902
7.458444394071906
7.062496861591874
6.3229459127755625
5.167459829813263
3.597281874280474
3.2390332055742403
3.513228899985142
4.954207068304775
5.313429946002139
5.52816652345208
5.91632779545428
5.867306550119193
5.856937375868253
5.9870664800759625
6.350509083043978
6.157872548022233
6.024250900915313
6.084530852812124
6.119974374642697
6.363538088897245
6.094564891963816
6.121834232408171
6.281081538536523
5.669118224135323
4.735181165418715
3.156970363621077
2.460726842812648
3.8719613388863485
4.622481805062175
6.0429497769072205
6.217244312207151
6.259164598756853
6.485719653498819
6.29174608886228
5.742827613281354
4.436444196848485
3.9949530736303553
3.364851709886456
6.219492884040784
8.842593677651774
9.918298852869261
10.160747802234686
10.41099481072702
10.635011779384325
10.513837891576378
10.603384432857984
10.526237126556152
10.723926132600292
10.431776715265793
10.20571031134197
9.954595855989933
9.343307844823139
8.777074615647162
6.528806418761005
3.5032504721760698
2.562351474198504
1.9782556891274596
2.5489590591815423
1.8461361884089003
2.4153283120705726
3.676880103304903
2.6181658985425016
2.144279158679492
2.5689239360595826
1.5905314455433595
1.606664765626904
1.18496206556781
3.5621842467829428
5.989513213605897
7.440966462464228
7.986145022820368
8.35582164744113
8.437404445943205
8.547977053750023
8.704244842578529
8.524178558113766
8.510948724721807
7.960250949902757
7.801524987565392
7.622071569488528
7.020876228369055
6.06883214310631
2.941308785751298
0.0626390861637388
0.0
0.0
0.0
0.0
0.49673477494711704
1.191873855202301
2.360992300102531
3.294580988195738
4.395363296965921
5.569922505878125
5.5529972304993285
5.797997964368436
5.847568729362139
5.854573272569038
5.8222830829928744
5.967067208851484
6.26373451258662
6.080032904615166
5.49378849059706
4.2020457715790345
2.3930311436699943
3.2742021707038953
4.459299733537313
5.580648627641244
6.3297252537572675
6.336146278913992
6.226824257502896
6.399263010582904
6.560073708662007
6.835874956801544
6.511557698636477
6.307941681967579
5.350794746847558
3.6275004949561027
2.955094914762689
5.40896380075906
8.116647066648994
9.461636570599454
9.678225524085027
9.784470843749963
9.636162026364278
9.49901354710583
9.144097153813425
7.977037503364119
8.142545978773112
8.450887366072763
7.785896951913379
4.698665740552522
2.358307224444858
1.3066443464408146
1.2323323916447741
1.0685016247822567
0.5324322323917797
1.0443944988814458
0.47343030622673893
0.7203494908829958
0.8062930457671128
1.0516688188788414
1.0283849844305757
1.0203286415248596
1.752412903856494
1.203269391653098
1.2950127463527379
2.3326213593300906
4.01948204886029
5.497837935737858
6.628214110723177
7.508024130120124
8.210922884029161
8.544632197400992
8.391150572529083
8.349486225088597
8.057239682069483
7.769375415104248
7.509591316761882
7.341067665518924
6.43469544680208
4.133121629657451
0.0
0.0
0.0
0.0
0.0
0.0
0.0
0.0
0.0
0.0
0.156597715409347
1.8799245525295394
4.63581842329236
5.524751885039991
5.186472004334625
5.458698914450865
5.7607999534493475
5.705852452829562
5.661062827671087
5.365791439503909
3.85139693802748
2.6211523387920153
3.723242595969529
5.108487291051974
6.214312056754296
6.494391690526799
6.513562046555821
6.452637076413557
6.330906094885728
6.674203281972138
6.7752353945783925
6.726472119378439
6.8205069652115125
6.756605919783613
6.460094273921514
5.825916909003893
4.586069116637897
2.5040933040062776
3.8546988535619873
7.186244340349261
8.747167747894547
8.985418643863937
8.675021009247072
7.560355694053978
3.7727637200960267
2.3743242688881083
1.1713718888431575
1.0591059335122608
1.6913092390617905
1.2476630545478864
0.8645542175680584
0.7858437141371122
0.156597715409347
1.3560465181556112
2.336808653121562
1.8181706606346841
0.0
0.469793146228041
0.9315712180945902
0.0
0.0
0.313195430818694
0.4384736031461716
0.313195430818694
0.9781801555353468
1.1427929453061845
3.000486029930964
3.9822342074082924
5.158062342559557
6.430197587927332
6.907091829855575
7.3295266067374945
7.245145644526026
7.379157507834639
7.258691822149916
7.173627066332951
6.643620661238101
6.463755441151135
5.801799109030762
3.2545490714694596
0.0
0.0
0.0
0.0
0.0
0.0
0.0
0.0
0.0
0.0
0.0
0.68027411907554
3.6348617551841174
4.570164632923046
4.6609816287875905
5.218494876114627
5.360276113877934
5.188314393543791
4.574350240649183
2.404524910847527
2.3537974180463186
4.128829433736778
5.5822764352220595
6.702090012983532
6.648866323814316
6.594897464200173
6.562986523737369
6.581655792786554
6.486170236572566
6.866016453358028
6.963061912653523
7.002022670448101
6.905303468156866
6.9183820110683545
6.953847743635814
6.675230707884854
5.98018323650938
4.254387313413817
3.1158318198045976
3.0159560389418596
5.965660508089399
7.808312163126568
7.782568037154934
4.657575191502315
2.9014045574367353
2.8744672561710285
2.6683186016887306
1.6001931028099403
0.5906934041927252
2.066837523132587
2.850999992814626
2.048357778275577
0.0
0.7625805139609589
3.0060107485943446
1.417509050591094
0.5950713185555184
1.0961840078654281
0.6416802559962748
0.0
0.3445149739005634
0.7939000570428285
0.8099095714936982
0.9038888350114188
0.8805843662910405
1.8266949562932284
3.9956222607761753
5.960347364833268
6.893930754198507
7.4501231932165695
7.9332360347753825
7.902647735689515
8.206393240022404
7.730806481628043
7.5018587743976655
7.023974103239309
6.466549297469798
6.0028852725774415
4.98655772104697
2.895343039312017
0.0
0.0
0.0
0.0
0.0
0.0
0.0
0.0
0.0
0.0
0.0
0.5950713185555184
3.132839371197899
4.114098810272681
4.677601313659653
4.623067832925584
4.645386988051537
3.9399525819293766
2.0123969402384754
2.792924958676856
4.59488830056905
5.881161665928767
6.608521263836928
7.036629668842509
6.896580927222799
6.743086536602193
6.872609353455398
6.868713282212754
6.899202196143137
6.904539211710592
6.876799984353439
7.063971745842794
7.1336064773626475
7.105882272139223
7.274572665202205
6.948892856291499
6.568915208352773
5.893219476324448
4.6415206363979
2.8220931804647287
1.8178466551376098
4.794977986999534
5.9987864629858185
1.53609654005056
0.7786106626839413
0.9978474642570269
0.6067235529157076
1.2593152889080754
0.9432234524547793
1.0830089962328233
2.144827906471551
2.1220244657558625
0.1879172584912164
0.469793146228041
1.2440258945491884
0.9119039093729098
0.5637517754736491
1.4006236099585352
0.8179452801273019
0.0
0.9890090984429901
1.989691065518282
2.199816343617558
0.9628907611764596
1.6802955893343097
3.2684760255188765
5.316244887174643
6.733356125322799
7.599200882802113
8.05125538533632
8.280881730172904
8.24894218032852
8.188999020665563
8.001912238817022
7.7991245441802235
7.27870069622111
6.942409456054631
6.303301619342124
5.097036743109096
2.350504252236137
0.0
0.0
0.0
0.0
0.0
0.0
0.0
0.0
0.0
0.0
0.0
0.0
2.7150926133063855
3.446417785208456
3.8425601218571126
3.439287320446906
2.805842661742755
1.8302588472906696
3.6511636615697154
4.924383614510485
6.285740815054538
6.720239109051533
6.535738924463857
6.899365324645269
6.759754582467574
7.037761031378193
7.014390585554939
7.019792403822093
6.913972380449308
6.80689262447095
7.0604767206156795
7.0593481989079105
7.396549000817832
7.242423807226007
7.1781232504456876
7.062348755223468
6.492108380084164
6.199338740715989
6.034006725303017
4.5964341229811
2.491413715013293
1.4158923700453092
3.3001318845270355
0.7858437141371121
0.1252781723274776
1.3226951294359095
2.0044507572396393
1.1384150309433914
1.0006819670752918
0.0
0.5324322323917797
1.3263116551624947
1.927051979354544
1.4508490731258772
1.766858372490724
1.6177778763307338
1.7443978294950022
0.7509076453286573
0.6023456385529141
1.028384984430576
2.800079371280782
3.005377004391896
2.3965485603915586
2.598104059000888
1.7837118126662506
3.509390906248268
6.60735681839944
7.665094040689746
8.196363071265516
8.251071138758267
8.376015025185007
8.345765125510669
8.151436916331061
7.955419810505118
7.64284888836715
7.581858814996369
7.306549409696454
6.432320335715121
5.2220668157903765
3.025913611973161
0.0
0.0
0.0
0.0
0.0
0.0
0.0
0.0
0.0
0.0
0.0
0.0
2.809828324826488
3.2762682502315768
3.3399995052315514
2.2359677265371793
1.9422588366249807
4.110934895631969
4.980492265944533
6.2745975736296336
6.655440306119298
6.580246238650701
6.818987911215155
6.975539327620865
6.914777485980731
6.9833344836065265
7.047031071614781
7.001640542224962
6.793650953057333
6.80225121457442
7.153387420232011
7.223134492440286
7.238979569812595
7.125210193432843
6.846780767213934
6.901604465342469
6.514538968562447
6.716985321998095
5.738339361339801
4.917017998765823
3.633565803042532
3.6836189988157564
3.390154704581485
0.567388935472347
0.8769472062923426
2.3729443424028975
2.4298226177544624
2.8012280990737377
1.6692115376348575
1.0946199620487878
2.679168178868486
2.902544170074136
2.671817928776884
2.226677867720696
1.704980674963192
1.3773191412381571
1.021151932977405
0.0313195430818694
0.469793146228041
1.701042887417927
2.710945541587342
2.611532360899472
3.2823649728374336
3.5903536957498594
4.196757885255145
6.409659388672182
7.50294545351486
7.87825568209646
8.351349314852827
8.375671219855922
8.461428837264341
8.581562388738078
8.341007706748114
8.110367688944473
8.242440963119128
7.692269069474449
7.371250011160553
6.989322407684098
5.758171192640646
3.9336983825821097
0.0
0.0
0.0
0.0
0.0
0.0
0.0
0.0
0.0
0.0
0.0
0.0
2.868322696054893
3.9366078967394458
3.5543739042498332
3.3846426743725453
3.5657380725746313
5.122062068217035
5.799846023837355
6.12518607537984
6.267576697656466
6.594515335977035
6.742203321399219
6.978379596262211
6.901604465342469
7.038143159601335
7.079671557674622
7.135081361613573
6.975648827481369
6.804872483494757
6.870207084256066
6.902118024718872
6.799808096289938
6.873755738124813
7.014822494344048
6.6813973100136534
6.567148777946825
6.117072583893118
5.674209000497867
4.889344706714732
3.6875360007113045
4.252790623612717
4.353342896819301
0.8384126606252665
1.7231458406845692
3.0846822630219393
3.2264440762560187
3.1640175552476286
1.934828328985804
3.289070152522539
3.3129704273017166
2.4732714631049055
1.3640615925171022
1.7791894583986707
1.9314298937173364
1.9773989686136835
2.2574861130815056
3.10794979065146
3.626908791821814
5.0721287283544365
5.523166423986115
6.125052203423614
6.755968011085434
7.034484478456714
7.2142756174465585
7.635508889536485
8.013539004844212
8.380794272442975
8.381094420781244
8.590142383457191
8.666055196841253
8.731341162862812
8.530425697697302
8.315932705600622
8.068478078790475
7.86039139574169
7.583902230352815
7.418527228051512
6.620879720047573
5.590576136586957
2.543770729651531
1.472559161933001
0.8127440743119633
0.3087968821837881
0.0
0.0
0.0
0.0
0.0
0.0
0.0
0.37447453434604056
2.969137461510362
4.107244056955473
4.10106603469279
3.7999507234003547
4.158090758440647
5.6528187190541335
5.497459011641607
5.065879105517934
5.569369742206295
6.199457699472687
6.614424696499288
7.036395646987773
6.898710568059497
7.331001490988422
7.191474421719809
6.941097700305837
6.865415325413883
6.649129493280756
7.0262668725781365
6.926559295277153
6.603857922647636
6.686442779426084
6.568414121372937
6.667009253930622
6.723415093593335
6.098176393619725
5.494448171097923
4.892054947559695
3.7082833744837234
5.281960127063558
6.259856610126195
6.519862886786293
4.576057598502754
4.805161933832297
5.759657450950626
6.474088068569054
7.116344067029486
7.004245724858007
6.155439822475211
4.4360626680528945
2.6333113619767436
2.3884169842267697
1.6004958284542314
1.459505752080996
3.9308633855607784
4.799561580437763
5.6078284980834665
6.803497640208143
6.867779279196073
7.276832549445658
6.941698828249982
6.935749447028148
6.9963203823714215
7.499060034075763
7.87782872177688
8.629767960735219
8.694095714823566
8.840678418510485
8.791741000646178
8.59060917009316
8.612025122769055
8.401302860689137
8.400929037915663
8.133657536991304
7.960473616577782
7.448673808013161
7.026758500661778
6.687708122852196
6.1019041917576855
5.592489428361172
4.840206550065539
4.258578745318773
3.8911721367289225
2.9809444218228123
2.6420914148272296
1.731999900136892
0.9416181380939135
0.6059621642794997
1.5566340975526165
3.4535701473767464
4.356076870650851
4.347768371879278
4.0395166392695225
3.6983237507635245
4.070223636762141
4.539421441522863
1.911482680148737
0.0
0.9236568826211491
5.333743652007027
6.51760534200858
6.976030955704506
6.970365440555542
7.202971421347783
7.077705045340056
7.302287938944808
6.921316757436475
6.880567637943191
6.753916479920285
6.8864521528131615
6.78847706599201
6.743850793048469
6.39193599706029
5.050492261291546
3.27930950461881
3.4324942907764537
5.30484316437581
4.924592311746648
3.7429073738718905
6.137148774587267
6.507157526913625
8.053624842064364
8.97439652987459
8.573077643675528
8.965227791178158
9.238662803244406
6.0466184967067385
3.4673381514202006
1.7183783691618242
0.2738608133753334
0.09395862924560819
0.0626390861637388
0.0
0.0
3.4584611725079877
5.165848369926137
6.36512322201884
7.273603069064837
6.675588896351799
4.963747890970596
4.119486325363279
4.890936678978681
6.532613443828145
7.339530167646548
8.139670497107318
8.595617430322314
8.785668887488523
8.837330552301797
8.925651361688672
8.793899114616588
8.575108842076148
8.475883910464255
8.351166497940582
8.256794488021859
8.061516884993761
7.559388959679052
7.540819204178807
7.209780480338244
6.860623566571698
6.886583583966426
6.470113247113566
6.228957750172342
5.980135621500886
5.710047596795751
5.251216728261693
4.880478214805335
4.6236457703119065
4.088884954535543
4.4091484790703515
4.712834051914047
4.294535320614368
4.337845323282163
3.7883302075834617
3.2824194645192413
2.0911503785740644
0.34011642526565755
0.0
0.0
0.0
4.540553238068635
6.5326134438281445
7.064845502149574
7.134098105446289
7.134808733250939
7.4355148022608955
7.279932941407606
7.044300302833938
7.1293650586509
6.871726138252424
6.747868836548182
6.801991365768263
6.133447753157768
1.566461182411728
0.0313195430818694
0.7203494908829958
0.0
1.4457929818658362
3.505849378803631
3.8465947227025894
6.245836247979084
6.344054059495693
9.163649057291739
10.503518823872563
10.561446339277055
10.600916867280333
10.213764472583907
0.7472498510578468
0.469793146228041
0.7516690339648652
0.7203494908829958
0.5324322323917797
0.313195430818694
0.0
0.13693040668766668
3.6506720244991615
6.216195424567715
7.32236536390458
5.035575226216892
2.6332100384197505
2.489741738645417
1.8026383670238353
2.086976246922086
5.943762792672181
7.450861769919123
8.152239880525306
8.927684865893005
9.193997365244977
9.159709826727962
9.113879616991001
8.994439865979764
8.824989623700368
8.65191918247212
8.511381113566589
8.083185557862643
7.993645783310888
8.048868793389914
7.767059057114033
7.338381593898884
7.394810419685098
7.038634787684976
6.879421253273777
6.6696841514925875
6.712161865807044
6.578360849488056
6.287439344498954
6.171853223929082
6.020790844068603
5.9141269352608195
5.664749003734636
5.5223730467011976
5.164344122523482
4.465840366498137
3.7677071499778894
1.5309721939223586
0.0
0.0
0.0
0.0
0.0
4.154192643732432
6.7944189939271045
7.064294154771402
7.084134816935295
7.3853446678500765
7.556549019051147
7.377513746184435
7.224873073573021
7.083847166438935
6.981095342909326
6.944423506377921
6.454867227780605
4.768679686165382
0.0
0.7829885770467345
0.0
1.0546867506052426
1.8525195016278728
0.6452967817228602
1.893664208129724
5.261168771436162
5.740471634536049
10.508596439320689
11.410436595844441
11.817084280542181
11.947908915073084
10.06958958251982
0.0
0.0
0.0
0.0
0.0
0.0
0.0
0.8175687981753303
7.049048662853812
7.132299805019026
8.57484436489876
5.346419208988659
3.2898766287558305
3.252072824868437
1.316133940984179
1.4463267188582962
5.193783168191665
7.568419537508135
8.890691397224348
9.356949843938523
9.532671097105931
9.325153114852016
9.126532683165838
9.220031257328944
8.78972581391602
8.570935541375581
8.444946400131741
8.286738947515063
7.799549229478875
7.746970120415871
7.853421149073952
7.558897331595406
7.498461108952181
7.225328935976682
7.095519475874848
7.057432474387053
6.643081849908654
6.762375851387913
6.630432317109029
6.492268383850758
6.473599114801572
6.288845108408484
6.268421945618191
5.81557834363464
5.374766747463237
4.388320444073315
3.6593303690532104
1.5090896106547094
0.0
0.0
0.0
0.9136625973509691
3.5140391363830172
6.2624952027120395
7.2399628259798785
7.23077545140464
7.239435432216257
7.42806600881839
7.195022068340818
7.341858756164355
7.403893338048318
7.441524477132455
7.272641918547619
6.914464008532949
6.588248581648761
2.3915923534686496
0.0
0.3758345169824328
1.0335449217016894
1.0359022036799328
3.700855217997051
3.2261441106212274
1.985140656694964
0.0313195430818694
2.464277594767289
11.82766728181304
12.607597204909867
13.161605108069068
13.186975696346957
9.858532984327546
0.0
0.2505563446549552
0.641680255996275
1.1260608782908195
2.0443134706307147
3.3659721321279963
4.1210801717399725
3.6973776987704636
5.848030194227859
8.301114600429786
9.387509635750456
5.976710188118413
3.402348380851116
2.958711440489273
2.9183083528005307
3.0809320439831875
6.512192187775941
8.940871868592613
9.660746871711252
9.813221541285955
9.468724169391573
9.478067292282073
9.230251985336777
8.958227615555924
8.79851203595796
8.665220237312669
8.490038835325903
8.445699496276143
8.285644394578446
7.976403175052817
7.987269103061877
7.760329822957011
7.617047464338283
7.453856626559312
7.1264213808019585
7.136787017894248
7.1491817672002425
7.103026981364151
6.76084733849536
6.636257170533798
6.748369923528019
6.600444020592439
6.204672631547903
6.135793167144174
5.46346922095735
4.5634436336074256
4.003085263075446
1.1412495337616566
0.0
0.0
0.2505563446549552
3.974771205109022
5.38568499161843
6.350660376924544
6.9798394583794074
7.359409489817338
7.235766104428933
7.52999770468285
7.726786292034804
7.523268470525815
7.912108767383459
7.601292690073908
7.627746016118312
7.416453418677007
6.521182540774868
1.199662825480127
0.5011126893099104
2.155929803922098
1.091806093502635
0.6416802559962748
1.0671210078737519
2.640124489147194
2.830851288731193
0.469793146228041
2.646233742236844
12.863512850634105
13.955572291532812
14.711631934775587
14.38820514487982
11.557666974590813
6.336604858829914
4.261553895388705
7.701693239047434
9.035660055149782
8.922805052936152
8.83611487891048
8.944590979145058
8.652288977101524
8.174300820272466
9.652429601736635
10.09151226137031
8.635692559895109
6.082120211389274
6.226549720745659
6.453973686183727
7.772867726202901
8.94215224638726
9.643215924445872
10.108527123972008
10.110213267455174
9.621422330424352
9.315663238983433
9.333345745047675
9.217465745575408
8.78093833407426
8.551357415588617
8.465072976655453
8.480641329226815
8.192877023185128
8.190762345270814
8.086157823524537
7.760329822957008
7.807536222972938
7.656350054559108
7.389328138577162
7.3943187916014566
7.343369406095258
6.9448592632426855
6.806892624470951
6.855449679506375
7.009654697931631
6.316806460222182
6.548980595877475
6.343196096245765
5.724495309814939
4.956663909607995
3.964934468266363
1.4572175645822776
0.0
0.0
0.0
3.8414793599712422
5.67299793404185
6.6252051027591605
6.93113205439833
7.360392745984622
7.615606032213302
7.648854689148687
7.670693727752474
7.576344642298479
8.321641145783722
8.148090781695814
8.176559659944573
8.004019368751361
6.789601983131874
2.299582139329892
1.2367515745517925
2.563551663807589
0.6533324903564639
1.5228952167445304
1.1492439738510354
0.42244345442318915
1.0677608704181616
0.09395862924560819
5.090654659031558
14.72454291094626
16.068753067726796
16.34033325741157
15.683826175128294
15.027122952858875
13.843433397147464
11.677845588019984
11.098420290429665
10.877870540947098
10.460429467550988
9.966703960625328
9.98077579475559
10.106102568549703
10.432982583889663
10.739256187178876
10.803845992777607
10.427072011272816
9.721743796415788
9.48292848684461
9.497823772784393
9.767269726865331
9.937458017701537
10.092755068483687
10.127990744289175
10.120692702727847
9.816903583587628
9.392592183062916
9.33244093264377
9.201213374643656
9.143035242665738
8.924125747242849
8.642096585877942
8.51567047615912
8.436280161681644
8.460258261355648
8.027290377808663
7.9558125184680035
7.756533860574788
7.739578177955357
7.5230047736440095
7.237468919881691
7.268670287370587
7.374466317372138
6.994887354453381
6.87849386832537
6.8951746937472285
6.838167726140371
6.6095234377966
6.456157823159761
5.990734073522573
5.617157956591837
4.351365295809105
1.9441875109022497
0.0
0.0
0.0
3.4114634877251477
5.932158772392306
6.712290283459936
7.012643072941381
7.396936172689454
7.682213701231892
7.568400346682309
7.862390552684254
7.795358198367023
8.996717860413375
9.143098807940301
9.100201224292455
8.75759547534228
7.630492069739667
2.6294829163320688
1.2287365001903015
3.0929492761021473
1.972390459793675
6.031210849051833
5.726213470803056
3.856555178627212
2.4633048019185897
1.185764722748243
7.3753128326522575
17.0329223300048
17.996497103631544
17.61977464567869
17.072775127102254
16.350223331269746
15.019453940682634
13.687636290023045
12.888240509362072
12.088968805557894
11.503764252211502
11.32961193314756
11.135106824225371
11.219355836898357
11.28653756850649
11.2925158293317
11.144628402102386
11.045169078404538
10.715863877008054
10.469355100355767
10.44562021824593
10.564526484927981
10.368929049790843
10.454272910805873
10.119761547304451
10.126878524143947
10.11495547959357
9.955235494535547
9.611945716048385
9.294696744366158
9.37748305320596
9.018743182840504
8.79964295628786
8.570468754739615
8.39486712896597
8.395775967884221
8.194314752885774
8.049897907040181
7.786219143506759
7.764219830971071
7.3622905677871495
7.36067649490633
7.405859850382884
7.256002909701958
7.108870647148973
6.983061855243892
6.975921455844004
6.773105753741696
6.615188952945564
6.642079675948983
6.1374368485670985
5.747267504069707
3.95541499219076
2.1134258263012313
0.0
0.0
0.0
2.6415736119562743
5.762831703208316
6.559359956121821
7.267123871759702
7.4595310731891
7.560443747206291
7.624708538306631
7.7231498890995445
7.733504719903896
9.78641529793041
9.937705198904316
10.258120170233266
10.15686785648624
9.276831327658215
4.077343588192024
1.2942100891723052
2.5856589445275984
1.3459995981562873
2.826556879490606
6.029116361157393
6.048740981967498
4.864945444144835
2.190886507002665
9.678288592331185
20.240379431442275
20.69069301997022
19.539823005301038
18.408663655963416
17.264379033090616
16.356278510470737
14.99989617396542
13.909170027465784
13.200600328954533
12.907284476582161
12.505316949949103
12.198756162161882
12.17650605288609
12.151986720262586
12.109658520105857
11.943324324440562
11.92419620715681
11.57697798748929
11.108466267268039
11.142755103436679
10.977469155509171
10.674600167180987
10.591373710369982
10.46338594836378
10.322881304859708
9.84234979912925
9.639510844033646
9.782097111346886
9.606718611202078
9.437969859622525
9.108391309514232
8.975231417142247
8.82995733775144
8.396675342648383
8.466281758957512
8.371279434917861
7.952196299138754
7.888702359432887
7.770259968462699
7.599373782969382
7.507201866875713
7.370266754993272
7.240685226093269
7.03166869084529
7.174373459817582
7.123205074590377
6.837885638881542
6.7748532663552545
6.612896183606736
6.43510235741222
5.888366443640582
4.559257203988064
2.7903492042036184
0.0
0.0
0.0
2.1838778695742787
5.97350284777546
6.638039393996596
7.166738591506132
7.823633157677007
7.689434563472553
7.82904390742498
7.751650504590428
7.6450253432425335
10.788924508736878
11.109670472873802
11.557898421807081
11.88335866534732
11.836773452926222
10.338576035381674
7.842955882259459
6.65101725356573
6.627511270227589
6.520545703208876
4.943023606808165
2.8066333589380807
3.036529223711809
2.6977871426367557
13.011062160909306
24.344069852168733
23.740762919713475
22.269244547371272
20.030174753097562
18.249280147058137
17.214599709482847
16.36912557241195
15.358247954067213
14.198977617997489
13.987158757088466
13.238714729073854
13.116360451245018
12.946281429916008
12.79509439652839
12.616728337167475
12.524916430843994
12.30853929808604
12.01798236269144
11.726241583777773
11.478542261261945
11.393044708542403
10.904755502113264
10.729279050394032
10.551323146947169
10.433767067047453
10.00076793161759
9.97699780935928
9.794509871305511
9.584388754492469
9.498802938555235
9.183557456967323
8.989697931527239
8.72085347542175
8.520755521636211
8.350995846086235
8.072158641436745
7.832874921002244
7.730137385512363
7.79289009771192
7.61745191038598
7.440697620807043
7.497994440260576
7.484830062846379
7.182390456352168
7.1306567088607995
7.030730131838807
6.858822425316512
6.700830835509115
6.82896633667914
6.36437080019413
5.831345994682508
4.4141073160399875
3.1027007092976535
0.0
0.0
0.0
1.617951528171535
6.05829273438191
6.806619996108316
7.384145320031014
7.731395144849403
7.767551399682614
7.831714435504157
7.742681815465068
7.8149958227033895
11.895980312232172
12.471646677130037
13.017176294465472
13.586426220282261
13.855344030499856
13.886086849632175
14.294299539799276
14.554161096899037
14.32114459978928
12.54545493019859
10.822667675716739
8.140590886233507
9.126355573692193
12.851183006936203
19.959985775143426
28.843997020426546
26.72880901994299
24.844117509648292
21.95498128848565
19.78544665600795
18.11128672413668
16.9733007893016
16.287183820172903
15.016557686956117
14.43128187770457
13.800437147644715
13.548299463630752
13.358680723516203
13.289002100445467
13.049837917120973
12.746654158391255
12.368090028925758
12.190707483169648
12.091152753581587
11.687658310468668
11.459673967448614
11.022874153330418
10.95700895008831
10.740995490147213
10.501641311307619
10.343457041970035
10.251653823820545
9.909082287171238
9.531107240955844
9.539607836560734
9.428523599532925
9.092861238784302
8.832586738275877
8.717716861654528
8.522722671028749
8.248320055156574
8.200659353272965
8.047951765522683
7.963272118198452
7.661600530375193
7.7923656934541725
7.251770422471035
7.1766483661947635
7.206339083752751
7.024791988327212
6.85659606417579
6.91739875490107
6.906123595822019
6.746985621345209
6.459975315164816
6.053239399197602
5.164136509892853
3.5589072686538286
0.2505563446549552
0.0
0.0
1.1864682301582088
5.617259249723243
6.71821896807534
7.30248903594748
7.775041330467029
7.7472338172976825
7.736811329223405
7.8948062899290665
7.89740096386425
13.164706107689607
13.79381006556785
14.592927340732029
15.558431820946051
15.894709903314126
16.229103062254392
16.751868909295993
17.28232660999713
17.68096477008447
18.745262796287847
20.21549491167794
27.003550267421048
36.110700658970146
37.109068623040635
35.69531833316076
32.77434751606216
29.58238167905623
27.34272531192328
24.21941403229676
21.55075221883335
19.541089937041498
17.895438798616546
16.902795417725056
16.150148893006648
15.355867371240484
14.748998839103415
14.094858932043522
13.837100738664926
13.617439140195396
13.303787067785029
12.801211086215698
12.634013734794877
12.42308231753996
12.163149297161569
12.05351065739664
11.488502356182106
11.239103454936902
11.1159621774801
10.843441829309489
10.590568655870095
10.38213238777166
10.360830417945897
10.018411190674087
9.893504109831417
9.657103260782643
9.307203714183647
9.01812238079859
9.006079652643189
8.749274157374277
8.508186312662833
8.411278834969355
8.201425930209206
8.041862782434594
7.937081060065976
7.753239618079213
7.649652711992034
7.269389846656059
7.268142893606964
7.354490368153002
7.025621047473187
7.106139878368133
6.762375851387912
6.750662692866846
6.606491663964541
6.654412880206582
6.396451203319721
5.6228944245603705
3.794270982355907
0.2505563446549552
0.0
0.0
0.7456445366969809
5.723114143148612
6.8335862790461235
7.481017672339136
7.629328197409175
7.793942440119014
8.041772525146968
7.9986698884611265
8.077672099649693
14.471482536651015
15.414785212496428
16.154784525346408
16.9353550251045
17.24281476346359
17.51955055502983
18.413796859582565
18.89175653191876
20.095913195728098
22.2383848662281
23.864917933616
31.91327535227798
44.18331260398273
42.72806156620323
39.387458125725125
36.57588476994802
33.13497406024676
29.8009228857211
26.20893292844574
22.910380957921017
20.59806873924846
18.598145312943878
17.40125423949377
16.70304467672947
16.014324711775018
14.77872649094728
14.448957728761874
14.116540403336993
13.756672490221762
13.40329220227672
12.94563725467761
12.790391062993798
12.439737759727224
12.162499877648422
11.953277345074776
11.790046566888527
11.353873229793924
11.073225639598434
11.062624237092448
10.79619769910307
10.486566769758628
10.272795368362015
10.214610800019374
9.816839728015122
9.578454184300211
9.417513483293238
9.231784885174596
8.95930034874929
8.778726413314113
8.711856000938342
8.559657820930813
8.37569304835133
8.095408964167836
7.843227306686446
7.6474685474697015
7.60366208792018
7.383881623149204
7.2770665713003915
7.072258529912098
7.138780364427969
7.2770665713003915
6.904157083487454
6.804380855411115
7.055918983628228
6.6851774359999725
6.573459590785368
6.10673440304926
4.162071659113066
0.7378747940599636
0.0
0.1879172584912164
1.7432367121663475
6.315459536549791
7.201869733839177
7.657015459289779
7.716413722744596
7.815382467301128
7.899781167998467
7.952914297888233
8.057949568298309
15.958939277132048
16.802719691043883
17.467298509538665
18.128312083976343
18.92508284864722
19.41376774099254
20.13493499200836
20.69733313531375
22.282055877112654
24.459100117588477
26.024342071426467
36.11165919438897
47.536139597496955
46.07531075275976
42.85772919915714
39.29104724481385
31.42664764660399
31.802237070976737
27.901090001066546
24.274877610416453
21.606950035163987
19.610029287211695
18.024111349075362
17.256556580327885
16.34973515094151
13.984987883726895
14.369341793525193
14.28430857589632
13.683234650425652
13.283600508083104
12.91278018388482
12.681021097758148
12.281014258127588
12.18172363460929
11.948299675860422
11.893280116344934
11.402006994204251
11.187105845361874
11.111850787260337
10.947740186771526
10.573391310828013
10.382248352200513
10.402449848597206
9.799934323209781
9.508151841786198
9.387752202813568
9.308257452045751
9.024339629097339
8.734182428856696
8.646709194838206
8.359960559102673
8.167054971259807
8.019365834095062
7.825418310777673
7.686600057470682
7.690562379931666
7.292159164535169
7.154505963454534
7.188524653217959
7.2111397740757655
7.294353608071564
7.007628466302534
7.180847928573623
7.004302660230449
6.8671628380274425
6.659959436598848
6.396570162076418
5.587939592565896
4.63197863212415
3.229971382211108
4.437466033496117
6.417879654390821
6.8576201694282215
7.023263475434657
7.632752319818592
7.900100155326268
7.885586355099238
7.868006004877231
7.985808916300767
7.824823259744116
17.60838425272654
18.322284452470488
19.14348558792266
19.93535292404433
20.319750131413098
20.72932513478903
21.602589348234332
22.53030110669785
24.17624083239887
26.20144316846056
27.747550110496466
39.731965970370744
51.072450514267956
49.131817175380775
45.970768536578696
39.825265063996056
25.266959770710823
33.78088926117535
29.151523533200063
25.496901101781937
22.875869213924183
20.922200233358353
18.463008570968217
17.181738543540447
16.274183540560422
13.643754153880595
12.784659312140473
12.479639210908921
13.212591809641301
13.267731804391138
12.590307989418845
12.559053387230351
12.271447962801146
12.185049211550337
12.05109651764116
12.074921820452982
11.769494275688947
11.449940129922844
11.383501533928822
10.956150803796149
10.71028821105076
10.468082418358017
10.33946045726415
9.93196732413588
9.794940378138575
9.289603131005315
9.300497823072945
9.091851749589997
8.753716897652843
8.597296110073074
8.465329468002908
8.180577665826414
7.9174548493673775
7.927781016788872
7.668717969665944
7.655651580575645
7.3568798180391735
7.352488090138458
7.363117424112558
7.276443639063265
7.208305596087322
7.101676619107458
6.992426373207255
6.98393561155067
6.897827352856523
6.7478782954443774
6.484964855948739
6.419222875011246
5.7484882837026365
4.676620990350106
5.729877789998372
7.146957648636769
7.392736610310592
7.611818601098098
7.7808184855617855
7.746897028519916
7.8053263845736325
7.898324379543672
8.160775324756116
8.063141049677583
19.548574610863565
20.471924150177085
21.183238353895845
21.72687198730717
22.05320773127227
22.417838075931105
23.021902032507956
23.857061496992984
25.590571946857857
27.65787323887547
28.884580138250552
43.731501822693424
53.662106705994525
52.13638244545812
48.22933407053719
26.1958057101803
26.206305273076353
35.709597279316505
30.220364122692207
27.172500867088416
24.37083408304076
21.56612433628541
19.19971434885352
17.562437398283183
15.969680877197431
14.460653957412303
13.802426416077425
11.98929000793066
11.712903860440287
13.191212811606519
12.790576550630185
12.368218010988977
12.199923299528292
12.082548098919085
12.127212417095492
12.100044298835941
11.697784063796743
11.568974214923108
11.28312120237805
11.056483224329583
10.828183003542874
10.635536308887586
10.387353058336378
9.879883592465042
9.687116603919604
9.579243572532077
9.510799790084745
9.223940788342004
8.93799734715262
8.550523725594092
8.456421846569253
8.208833637799982
8.176399831695518
8.16624104050305
7.646914633778049
7.550130053743853
7.508406649320791
7.264893662543325
7.08821594797283
6.87310098153904
7.007469185876057
6.87397473784582
6.8909712832927115
6.699922368353098
6.5554103674727155
6.554646111026439
6.6806330535673775
6.437747933350689
6.040285869759342
5.9688316408142885
6.1218852568448465
7.350977440207555
7.359936883580957
7.547553809997763
7.520195227034157
7.878592470874224
7.794572542347611
7.8956128212577115
7.927871274076502
7.9228626096094805
22.204449620507262
22.612269975761254
23.14315151346069
23.54176420551117
23.505723508174214
24.072351636800313
24.66748297347001
25.041256215757592
26.51727413842166
28.40859702701886
29.54676685096335
45.956255562489886
56.096630697797586
54.43355870954809
41.335726839427885
30.74593053896954
28.852906852324903
36.484418714367806
31.723784317079566
28.557557828506283
25.378741796333703
22.183437437524983
19.6115322941454
17.75650986492147
15.335395277841425
14.324782664061892
12.991095926390658
12.417930480602942
11.35672533797441
11.700513932910527
12.974997729246137
12.907758152156232
12.512704803519219
12.32118605994259
12.299783782608301
12.313946477741668
11.89809929315686
11.701699564230163
11.526858972906343
11.121009531599451
10.85357966614006
10.666884081916157
10.353409905323213
9.909082287171234
9.622047872884384
9.60354668718839
9.3020281779369
9.037089188942073
8.795658122380399
8.55667020450283
8.445436284797179
8.273880964860576
7.852240424324908
7.799056886910288
7.585423686571672
7.170377835269315
7.431246549349992
7.354754065034815
7.168480013466786
6.828584208456002
6.912497496198382
6.765147469253903
6.760465210272223
6.773324753462703
6.561339052088119
6.732071226329297
6.600299809882696
6.397903960353138
6.234230951104763
5.9850769186721315
5.968897712031768
7.3823709732183
7.0679047705119284
7.496644064261566
7.5989747715477005
7.78813267894937
7.687814341480787
7.952518275972434
7.777285505576434
7.839900458115982
24.920131947883387
25.104986086316906
25.5316385139863
25.37990137947535
25.59035613249399
25.52096054911274
25.764788465799192
26.494379290176678
27.785752477964387
29.734976659465282
30.622428126851077
45.19144915103503
55.552354113466166
56.22854790473778
29.667786313556544
33.18701657744943
20.958792471419645
32.77153814503231
32.36690751302949
24.951856959094272
25.16396332924203
22.465413803206967
20.04802249526559
17.19018342513958
12.75180553194492
10.885065130468085
10.84219192296997
11.275061577831677
11.49079469834227
12.872505584928936
13.146198828590022
13.030764368564371
12.92771401283071
12.761130911937236
12.770574783890108
12.575912390673317
12.039057290867772
12.040312786526721
11.465082793962441
11.230590533836942
11.095870134904176
10.6572302320548
10.256642565527557
10.044409645233953
9.754221598220497
9.437180471390667
9.275089845942782
8.947573602198268
8.82410535730011
8.807393136168304
8.571213861218443
8.410714006334654
8.183758636652486
7.858066482053474
7.534128117857807
7.394510957123304
7.1190083530394315
6.916142870371153
7.044027674471302
7.039837043573264
6.786074796792678
6.871845097009122
6.874738994292096
6.931723723446281
6.699684450839702
6.614687865965728
6.560956923864981
6.260382669614951
6.28848823213839
5.926764787008308
5.696713084094192
6.99106098881683
7.1150277903815775
7.259447147115371
7.622003912218595
7.554505603694693
7.626849941986978
7.783726797944563
7.718861584148738
7.764520854068855
27.041165197931907
27.51054074927925
27.576200654360488
27.143766755991024
26.62677480394298
26.56792040341922
26.603582038984015
27.008629101029495
28.599099486464016
30.599755567153004
31.1058972136377
34.69933785766093
17.03014121589748
32.55118857229119
31.00780402923523
18.000042923306722
9.027722711491249
14.198152682478858
27.839353796184724
21.398741850382166
13.348448532718605
15.120439353027923
16.361616864042105
9.605803082887398
7.401064687754324
7.3647062306388555
8.106490884449308
9.767759019277019
11.864595642846474
12.919748269620717
13.24019381897699
13.454970281918913
13.253548503036786
13.18884837573725
13.045544977922015
12.699943936253183
12.38465079604219
12.169018663356823
11.653710431951172
11.412630721936834
11.225293544120193
10.754761827465341
10.462173609221109
10.202753220315781
9.705190444467055
9.439369870000794
9.213868985792368
9.026309921046487
8.666194356762684
8.580354875970079
8.550611039575726
8.152204246791012
7.930576528903674
7.766306007169516
7.467806722957012
7.305738267011126
7.144991136302204
6.763140107834189
6.80776638077773
6.5476215456477105
6.548598467654337
6.532422519438638
6.589758287984089
6.336431189551276
6.3007280090364635
6.123099296390157
6.099776592700958
6.251065893785644
6.149200790438381
5.861361639433387
5.3366701626878035
6.829348464902278
6.93064042631469
7.094272522825755
7.159926691687753
7.371777404924178
7.7322538927647715
7.753834669112762
7.726376474325179
7.817007346469887
29.973224690108335
29.82620971757691
29.046440873737144
28.552621689433806
27.54475880018814
27.200944608995773
27.26568083503863
27.510861137516017
29.206294286563622
31.08856017752028
29.373203038105657
16.249179616640223
37.359881685102806
26.161268932217155
9.57300812425849
10.567321545976679
6.174364310991993
7.469213760994431
21.08719743190634
26.432026760797914
20.291782548869133
7.688340601401537
1.6850127386949454
2.3808650165506964
4.968888828875192
5.093402684341241
7.284111201516363
10.569073746498011
12.053424418392657
13.430816144355623
13.916989283721476
13.831521985873785
13.66508903461611
13.627498442802484
13.175316531248678
12.912067408218443
12.610103958714264
11.989852935013145
12.000992649314936
11.387841491563604
11.110929168302045
10.859563469151896
10.722935657688412
10.246963735278369
9.822825866806923
9.562453591898782
9.364276187561506
9.039242890821809
8.821377343032319
8.620744277409603
8.240707702158138
8.053353137952595
7.803976723059566
7.527293078594813
7.301997407863844
6.898491568338488
6.7759996510246685
6.4648517106952434
5.599197328842319
5.582267711820966
5.739691799354712
5.521730211167562
5.570964461899651
5.476508448488001
5.775682949739352
5.730421565099637
5.82637221145876
5.789693025928967
6.078194788020536
5.604236011877351
5.381023418466064
6.555817747648898
6.773597381825336
7.268178659286943
7.164280451087927
7.2542972534212815
7.388800744813539
7.586932775966585
7.784376424939167
8.08675287455809
32.71705781956167
31.76741317510267
30.856009556416787
29.308663800612802
28.210344629201366
27.681373503272354
27.936170759984822
28.046858837941993
30.12251472513215
32.06633165309258
21.73017703545917
29.76803865791877
36.34685681391122
16.127644561666788
12.260895611791296
16.012969986279742
7.982682284284744
6.954897214524065
16.191054560110516
15.113519359017577
12.591931432400235
5.784884205333274
3.0964002186716932
1.5913960055401286
0.9717265415863475
1.8776257138214756
7.926799085874643
11.178915063622592
12.974009155503166
13.885317675616523
14.154049688804148
14.132336692655418
13.734549557793882
13.549446688474399
13.527321457626723
13.207648196403529
12.820368829243545
12.339629043843747
11.866270373442415
11.549039331279497
10.980336376600524
10.71515092370202
10.693814958448264
10.156181289554032
10.02183672786517
9.59541693804557
9.435217203670668
8.846386858693586
8.731107769544831
8.75807428479972
8.476118573316302
7.956246581084718
7.649781094333978
7.181603253539077
7.128719233545953
6.671945223482549
6.108884778515467
4.751550854531542
2.5909822903814224
0.9864519278062294
1.412786298684855
1.0311575844325032
1.646126361595496
3.579051586621887
5.407306808033374
5.496065145349995
5.671367270388676
5.645963655038532
5.6841064152675695
5.183145256614608
4.700554286221563
6.4089758908550785
6.492769470830593
6.457852008488775
6.783828399376668
7.185536278208209
7.323256075812049
7.630441005476858
7.694807272519626
7.794109816348048
34.988744466441474
33.41153015528196
31.66303259126912
30.18213816947823
29.261683121987264
28.642692252662574
28.505335385945834
29.069162738683698
30.78782680526253
28.22709492185949
19.189101746264015
32.87891398970365
43.84531501696513
31.95559369270952
11.322738407959177
12.77158599138239
8.2711491925557
30.482758505907828
14.465652726239496
13.71092803085384
8.827623111541337
4.25839697201642
4.337877041825459
2.8340179878157477
1.754444749494326
4.66333269300952
9.93249652709775
11.427275039745675
13.254945857299157
13.917245759893886
14.299800344863487
14.099964089201109
13.965826081196257
13.751426574615738
13.506145128363501
13.281416836834286
12.703064981184912
12.336319783765944
11.955835220730314
11.469203240511414
11.140308203879625
10.753642936784864
10.45826949551176
10.018107312165458
9.886567370376616
9.603291991190416
9.231759448936693
9.069265691830871
8.91724210497682
8.451137805565365
8.2458525832406
7.8066098177876455
7.620685427809545
7.511392183502621
7.121297274302606
6.563903178443653
3.9955735911204036
2.097424889514263
0.1879172584912164
0.0
0.0
2.12327393243687
3.890503421405066
4.021707016918763
4.204595728171505
4.199850599943935
3.66989834010228
4.782272218535715
4.698770612450003
4.094929168808147
3.099167444748456
4.815337367047632
5.486228715586833
5.589564314376977
6.509672588917958
7.046157315307999
7.368984036264199
7.305438804449331
7.460286398154552
7.645756486264986
36.64708079811367
34.69336932138629
32.61082898527669
30.777497241943784
29.673034145350695
28.894543403821753
28.929700384789147
29.85226877631479
31.564881018961355
34.00501805697608
34.871306909966265
49.84840758278029
66.74460449946045
69.08278378598999
28.78108371497505
11.866041191351227
12.652689512701988
10.925792543979417
6.946121928397647
5.30186957154583
4.983624953217582
3.54287360322461
2.5269690120940456
2.5066271792779746
1.1270194944925942
5.66874260327117
10.344457619962421
11.519379655710104
12.876245281591318
13.78912030547889
14.111114399566283
14.277969011071823
14.079261575628173
13.783921113321533
13.527121985157635
13.206574213289986
12.688447463258806
12.148109641855992
11.981683134782003
11.388378713038039
11.010414475741634
10.747920792690298
10.472233061636
10.160980975812866
9.812225878655898
9.44602997285239
9.099852406802416
8.818908630277853
8.78261701382502
8.630652227135474
8.186831697087863
7.957275694734987
7.528679220273789
7.397081438229937
6.723177176079939
6.3835196944964325
3.74980726350441
0.2192368015730858
0.0
0.0
0.0
1.581112178548597
4.3805549223546825
4.018347340479174
3.4510336867009004
1.764321836126075
0.4814453805882301
0.6519312391758466
0.6820948628015724
0.9030655435588733
0.4617780718665498
3.7134183196565624
5.409314035062495
5.240842451309572
6.266846719045876
6.961696528263101
7.252179384893328
7.366594586378029
7.573743439160352
7.724272333896729
37.79708571115856
35.646565613546265
33.340511871302134
31.575493298768496
29.975030682092733
29.72769496228674
29.760373686222565
30.56971834952287
32.28033867750188
34.705031852708004
35.53873619960867
48.83696883686774
68.84379127633093
71.61077728921151
68.00163312822608
25.31455154780154
14.156872326196906
12.325148616338112
10.126823997086703
7.21862258094277
4.10604834247517
5.757119877664591
3.625179865460318
2.632561717485155
3.3952016918706676
5.51359039267337
9.989990527321428
11.795990292916096
12.80868172291303
13.82658837393859
14.09557526687244
14.248380501854989
13.900973966109259
13.873879241239814
13.63814302303496
13.202674489584792
12.777103416251185
12.357631627298117
11.695040567748894
11.25494074037225
10.972117487065292
10.67466881590255
10.472955195636187
10.109464786027901
9.744948111242948
9.55658287727904
9.244958533659894
9.031564835205277
8.46013274098065
8.460454717814327
8.0697325241746
7.8012667253096
7.501098077770291
7.248889344501224
6.946325216012786
5.975506916250677
5.3796128485291925
1.7195248299965955
0.0
0.0
0.16824994976953608
2.484836219742818
3.505690436560757
3.139391291562436
1.101811744957733
0.0
0.156597715409347
0.0
0.0
2.012037194319412
1.211263831742477
1.130002840357816
4.926668932310207
5.092875374090682
5.910144967255077
6.970092812192909
7.25233074108672
7.252561513116469
7.540979478110704
7.47269007894137
38.4352683759193
36.447014641541934
34.3075399828595
32.1698508816972
31.003903441989777
30.31371118728935
30.24398268340134
31.34622278181527
33.14645038006074
35.32010292200829
36.44745603483996
48.537380227933404
70.54014785491326
73.5015100841407
54.07412689820005
18.473063056487312
16.418249650930207
14.201823213643719
12.012226667271571
9.516640792584493
7.68297701123429
3.063659814249361
4.632112080207734
4.316676024491815
4.846377192698886
5.904149904891476
9.201207734862193
11.934395626916128
12.644562519079855
13.662160311002058
14.262558548451127
14.28381961014907
13.92236060920367
13.751304051261815
13.353658691787619
13.06838182436457
12.632758424182633
11.946909993711722
11.786202822741387
11.202245881490729
10.965473516780413
10.505881571587366
10.397408998033843
10.138534035134356
9.750175216089255
9.294138576972175
9.19486867636274
8.789398187201483
8.485142256641918
8.192877023185131
8.064702031212168
7.65977961159455
6.969873812471901
6.911187983026839
6.6950463616034535
6.251422770055737
5.307490141168825
3.2071135659824925
0.3831088369798285
0.1252781723274776
2.838757666429351
3.383337987558247
2.628109724424101
2.184758838374219
1.0335449217016894
0.0
0.0
0.0
0.1252781723274776
1.2002308256545846
1.3131366435298903
0.6998795249808826
5.207704126890939
5.460283388716707
6.1736623991651065
6.908948842329637
7.229792195237356
7.323096835142255
7.641204484432374
7.65714580238153
39.7353503171143
37.58334046844651
35.6283229606438
33.650533961290726
31.97528814408311
30.878603033128098
30.869142354133192
31.222487387174105
33.27810647724455
35.39724333228176
36.94950104471775
47.29254457213366
71.31779269617584
74.63000426069759
40.690619984087405
20.890725931436883
18.528532869725773
16.590142683034966
13.503879672461926
10.669435174153502
8.98729693094601
5.741068668182545
3.930337052520837
4.668919126067338
4.6358682777321025
5.9685792162295055
8.58379014341363
11.912539055894706
12.572903537435133
13.56427894576118
14.373459629902502
14.301691328751765
14.256746717982688
13.933488477221902
13.577580663580708
13.020573490404294
12.326839629114827
11.943095469685884
11.617040824512078
11.019764064351463
10.856499171762104
10.647236465840592
10.457846658659204
9.680798900292334
9.225281715196587
8.94544200945117
8.640489041494266
8.375102172710108
8.310596818656935
8.241578129728563
7.6611299875935535
7.367544917693254
7.312695432369987
7.012210156904535
6.3213546328811026
5.902533895607216
5.434610514760504
3.973189874260963
3.400647276701104
3.1224049591101886
3.4929441855607624
2.850211362912062
0.9621087382681391
0.0
0.0
0.0
0.0
0.1995694928514055
2.983824408472483
3.1777763322707764
3.108988511469172
3.1808276954940253
4.173337042072694
6.148411561483185
6.603835684194964
6.940183094913908
7.108606950267161
7.358917861733698
7.433672798178246
7.678748378516469
40.89539965086628
38.60021137763072
36.698121840687
34.59856302000391
32.77261512881189
31.45660613013643
31.252774156664795
31.638401687283938
33.18238395667794
35.589537669874545
37.72260063866755
45.81361292909095
72.61919135743548
75.26305467195934
37.68968344717066
23.743319067229194
21.164602491695536
18.6794467500593
15.157055960773684
11.767352018184203
9.767957785791754
7.994547399988626
3.689084124960401
3.181697082504245
3.121412558379008
5.159016708488548
9.079995232349159
11.959246426023554
12.853243277252485
13.698236107910247
14.317458795943592
14.480154200174482
14.094829144500602
13.93350612421396
13.625531390994018
13.051269212332258
12.218750624084622
11.863484644489002
11.43184509813128
10.995967964552058
10.604745378701034
10.361335223799314
10.192967303619266
9.515893403445594
9.214738385592863
8.700965471715724
8.33615478505494
8.154235696198892
7.882233832651799
7.656246631609203
7.43941490207797
7.127762811577822
6.956554031386736
6.4191039162545485
6.0368475540834785
5.708417922918392
5.0771472244433475
4.318026276457527
3.614203881058094
3.040963124221542
2.77316807665832
0.7661970396875443
0.0
0.0
0.0
0.0
0.0
2.5198211152450853
4.341827597106833
3.7243459813894155
3.490714883736925
4.716073314496404
5.996084117640721
6.564524384290949
6.741175895486503
7.107996890842193
7.134702074218357
7.101949247470088
7.517066630132408
7.622862660133959
41.936096006338694
39.38969112596433
37.70459887331127
35.415398979605115
33.36045965109633
31.668494094371592
31.41556100109866
31.771378375685618
32.82936487973597
35.228257457443036
37.536997148497925
43.41691197169494
73.79759997877287
75.62077806417514
42.523331116464604
25.278126661580018
23.058225434981487
19.511069042021386
14.805183568980484
11.537977040516646
9.857749546063745
8.502012355377824
3.6991244265393277
2.668968087111128
4.306459948298574
4.833830850897686
9.285448565707055
11.598562189741177
12.754342595321143
13.85496706790941
14.672307900744784
14.235495348436945
13.954852261387217
13.633464149959815
13.029775004630148
12.369379273189656
11.57935329762468
11.129881378214831
10.676244368532974
9.731545554197663
10.004636805178468
9.978369447157702
9.463019845517522
9.03335988922911
8.55583086462745
8.31690555551657
7.819477177760198
7.493246398816083
7.2864489522254
7.361183836630054
6.888131014651365
6.728206852435519
6.705757346164849
6.407662394194313
5.741744201187343
5.106037102615103
4.403255940495088
3.681899580200748
2.9116945296196572
2.354017788045314
1.3889507413262334
0.0
0.0
0.0
0.0
0.0
0.0
1.4563058222897969
4.492208437077278
3.5731578665061994
3.365465951856979
4.751169028765242
6.0950407269906055
6.368702517066373
6.808148509000868
7.041092928103183
6.997067783103785
7.139544620874247
7.250855856835792
7.465960844784339
43.29023172341522
40.56929650882261
38.4220112707207
36.03384199099638
33.8247669534902
32.44488107367473
31.762926799614238
31.603464299967303
32.87374868747325
35.50897609117165
37.5478043979049
39.779934568718694
74.37870617304822
74.32675197709023
53.08638479988606
24.416440152054566
21.33441480971966
18.31008939821746
13.458359774953788
10.219395557280071
9.113864819010374
8.033755421808754
4.135883503114738
4.595641168277462
2.7057553459084174
2.78510197065338
6.868480516257414
10.833257443096416
12.487760734342862
13.912427599079367
14.506828484814259
14.311354128918445
13.869957191012443
12.934021934032923
11.935959937644235
11.03023811791908
10.446478375856278
9.332870971611088
9.503594497204816
9.904525909799194
9.774185286625789
9.188393633596148
8.572988356280923
8.09194435593736
7.55756440100358
6.441680239872664
5.580975578010026
5.802860425996448
6.077824017172645
6.3006195157172975
6.444372419561762
6.240685974653048
6.1649223653540055
6.210704328293731
5.5735325040868515
4.51718803413118
4.064467539517387
3.042991596669414
0.7553061939635632
0.2192368015730858
0.8769472062923426
0.313195430818694
0.0
0.0
0.0
0.0
0.0
0.7966726570447556
4.364890124915831
3.336655552495797
3.9914536629873703
5.059181400156622
5.759433596335954
6.371777493795996
6.85659606417579
7.025775244494492
7.088817075916976
7.096011103958491
7.147449276720413
7.381950876494619
45.07648227654795
42.163261539559805
39.43690670226479
37.23574233547016
34.67793245075769
33.162744201345525
32.17041243192541
31.76824356050004
32.877237526504004
35.021685036479894
37.219031733188466
36.597244644058954
71.38420309041791
71.99703343534722
66.46319126790071
24.286989290510142
18.542684400598997
15.360836202703751
11.696672140295581
9.203372026410594
8.303197253815261
7.321105677686785
3.1553926315394634
3.162151523607691
1.1563804609378874
1.4990540568403052
4.707498085711742
7.801323245083708
11.321868007202688
12.642201126191598
12.950330313790527
13.69994681823275
12.838484248615789
10.541268940696455
5.1756447580649185
6.562726015801528
6.327645708425697
7.493953570809402
8.511147113783217
8.41139382661066
8.351240172375784
7.906208664572776
7.840721165330433
7.160074798056155
6.373535856915526
1.7832190115022892
1.6077216882442156
3.5062278062102896
4.915782295818893
5.432333860007568
5.601644898906839
5.744948674895365
5.8332587856847775
5.648255865489108
4.962356932368383
4.211603252067025
3.3842553352157974
2.81971511128274
2.064106191674884
0.5637517754736491
0.5011126893099104
0.4071540600643022
0.0
0.0
0.0
0.0
0.0
0.817183891491094
4.235915831225973
3.2906864775994507
3.74820982755542
5.059702465461768
6.08546078169486
6.375344954221964
6.774938285185838
7.213260483431637
7.091056216614177
7.17959813469661
7.201612127610269
7.343395535045749
46.86686203915647
43.31688610089125
40.41645211377086
37.78307342860306
35.46133682218807
33.776468116033136
32.80328675144908
32.08198891202818
32.665107462421034
34.18394111137876
36.11620996127928
35.07300739466645
64.38177650059897
68.07588688490897
63.35876019485743
19.024945494976475
15.760229903801147
13.309829904885246
10.441182519221195
8.22333375748165
7.704280671037514
5.956439288653895
0.6838493762579001
3.0429583659627712
4.4900812270995045
3.284378765244756
1.6294872411260453
5.565485035905138
8.763386237007085
9.84604820161359
12.53245488609623
12.843428047496714
10.193870867344012
4.2065720543825
0.8601556689331527
2.7886132281871134
4.11431520634367
4.969468892496766
6.7890997246011775
7.492547924832619
7.561655568984413
7.478369897233088
7.0906740883910375
6.0724057893960035
1.5575409398217008
0.156597715409347
0.0
0.7029387252515087
3.4320218829074567
4.762690419201316
5.1867414320584375
5.52618605945647
5.776540985773448
5.439329679813374
4.704926131255573
3.6393693425344162
1.407074638503386
0.8769472062923426
1.5033380679297297
0.0626390861637388
0.3445149739005634
0.0
0.0
0.0
0.0
0.0
0.2505563446549552
1.6187035829510144
4.221903805172195
3.4552627580167368
4.15778765981909
5.6379012819679994
6.298197881072491
6.457588839022335
6.917454626119947
6.97542982776036
7.053460843210019
7.238680107250803
7.281757761762897
7.3947031226451605
48.708803249322074
44.646292796723664
41.38339128279985
38.99091794469921
36.415758910240896
34.72277485885319
33.40790414329549
32.41929116000992
32.08500741261422
33.049641373245905
34.34373464805163
34.04741557269009
54.8846949567188
56.60839242706771
30.72430908664896
9.132448330770545
9.77052170844277
9.853378510887701
8.555700184082957
7.347120352539511
6.265597865682713
7.662343976509815
5.527913033394022
4.911462084004059
4.839716090654548
2.6114601595738285
3.5897086041153394
7.401520782857001
9.195036834298662
10.899801004987319
12.844319409623123
11.231289501610227
3.004590450016665
0.0
0.5047498493086083
1.2082665342881882
1.4712891366686833
3.712919910248282
5.676392283254341
6.648509447544223
6.937671325854073
6.715456809105543
6.5864633446855905
1.8001507019733167
0.0
0.0
0.0
0.0
1.4699085197601784
4.53572018119859
5.561022162391626
6.078097570434683
5.914563363491474
5.640178901688742
4.274088819824864
2.9860568396039646
0.2192368015730858
0.0
0.0626390861637388
0.3445149739005634
0.0
0.0
0.0
0.0
0.0
0.0
0.0
2.8387364474882957
3.9418066685282405
3.713585828167253
4.555110771795181
5.768876917249711
5.9833577608342
6.351222835584164
6.853921166613824
7.046047815447497
7.120474305809536
7.2018758244920775
7.177595856682065
7.17267673501773
50.71501822876908
46.4314907645967
42.84824555023449
39.623123590568284
37.47262589439845
35.63873586837641
34.0627995693273
32.480495093596254
31.463910963893593
31.489542340384194
31.694575411946428
24.87348443692152
19.5749770582268
30.344283540634628
32.017465223833376
10.355878325705552
8.207954652569867
9.590740996517106
10.791815510334217
15.16482036796816
16.826977082662676
21.153707783346164
17.223701646942175
6.146931602676609
3.376663830270336
4.004302235462247
11.006670272065357
11.104662497761298
12.524172186057458
13.246470472041272
11.711975811012834
3.480461426201896
0.2505563446549552
0.0
1.1588230940291668
0.7866257370454326
2.1978619415027123
4.534316049925237
6.503313622844763
6.418051238388788
5.224141509775264
4.403079812937044
4.328836771307864
2.9119761892545277
0.5163814493966848
0.313195430818694
0.0
0.0
0.49115967258395515
3.3480198247607618
6.057283253538611
6.123337213903553
5.951622958245389
5.888535554075074
2.601261908694091
0.34011642526565755
0.0626390861637388
0.0
0.0
0.2818758877368246
0.0
0.0
0.0
0.0
0.0
0.0
0.5119829007617789
4.155271833415357
4.28038004873577
3.3483139605588903
4.44528200401877
5.470108985151124
6.3570304651616265
6.736656765006952
6.779808153699569
6.818640493841256
6.9350500569337346
7.139544620874248
7.180584231691814
7.231302845168258
53.359115543171036
48.220397848229446
43.867388173049854
41.01309985634613
38.72646354420759
36.340999536641974
34.220388781963926
31.902295203024376
30.368278068691236
28.953178788780907
28.92938993190647
28.61083595291117
12.486925887884697
26.605207380979902
29.84496016772223
22.44198540138419
11.407058841611605
28.029593075230757
29.1543179410874
26.019819032952
23.39348734808302
21.995546933357843
20.7492141740534
8.387916496377759
6.848837142963836
16.72518903750962
17.164835568626852
16.228721974541276
15.692927184068992
14.230150371410557
5.867417652600492
7.030429304070386
4.665224872652401
0.8885994406525317
0.7829885770467345
2.5210619274589225
6.069025157878511
6.686618380324782
6.601947281531946
6.21731627783996
2.687927143304385
3.1446816414604672
4.037255618902389
3.692281128938874
2.1797846095521165
0.3481521338992613
0.0
2.0460846997461997
3.9641063419343405
2.423487435512972
4.720452637890811
6.031095286786193
6.129848256458368
5.880022162044057
4.113963800014458
1.2601263708207733
0.0
0.0
0.0
0.48869906631351334
0.3168325908173919
0.0
0.0
0.0
0.0
0.0
0.0
2.917637980766351
4.01625343909337
3.7206077004657905
4.2479693563319785
5.048843998644175
5.8398730761146265
6.254309774289803
6.832611710851911
7.14089498313094
7.059890614805259
6.9758119559835
7.172871741367502
7.151648839099274
56.38030555873963
50.00765256347743
45.98178526145044
42.70492789949671
39.48858422477908
36.35331860733957
32.98952398876048
30.18328997614365
27.839559052966774
26.668585557717826
26.058185685692315
25.308155959625257
22.101826071393024
11.944108621908304
19.510284399329343
19.300235973722515
31.082117639089027
31.69395026853791
29.064904238548657
26.16698292197234
23.834037558960684
22.271085586559433
15.430836154368052
6.261699696307274
17.749747550249236
18.46594652327618
17.536139670688893
17.136917770815888
16.666391500716625
10.52117225745578
9.860475580683962
13.896973786922691
12.331024750414878
5.237586348861218
4.161203512195588
9.343002223466078
8.614230045826377
7.546307539104969
5.069965238182163
3.1752863855186355
0.4391729360344058
1.3889827417832643
3.1426922217471374
3.305145973511548
3.4115229849442263
3.1960673515373204
2.7505095399849364
4.139185110958579
4.546070284677614
4.9354264064693005
3.5925886539010405
6.105323428537351
6.069544771607528
5.505156555993663
5.383791460955653
3.834417018584071
0.09395862924560819
0.0
0.9108792634951548
3.9029613063484945
3.771095491341935
1.4662957352639863
0.3437742195364679
0.23810145311433303
0.0
0.0
0.399138985702811
1.5941479712699447
2.013093764965396
2.7312127530670893
4.424374315759334
5.366776411551089
5.80519922650941
6.485312273322637
6.7153378503488454
6.937671325854073
6.807656880917226
6.957233269002428
7.229445832694197
7.298361004928578
58.88178956146346
52.54304202975685
47.41224844309061
42.74097178078479
39.02765420445395
34.83935261005533
31.24366077721133
28.230253992401618
25.54907393314678
23.946813425225074
23.00982041045339
21.96179485282962
19.24971048262673
30.390630650464665
15.264092167391576
26.3229612160559
30.24018765411387
28.58911768896468
26.59589731769001
24.934383043912213
23.28271253220891
18.500871443152153
11.189519516868083
18.084493429956723
19.298413591830567
18.319717487294856
17.930333258402335
17.40416515743477
16.93172717024705
14.238668405155527
15.149528885950607
14.32175001629807
13.470860148441291
12.313546057078897
10.789245100177409
9.717450459814895
6.357976729673119
1.3345719007594232
0.2192368015730858
0.2505563446549552
0.2505563446549552
0.0
0.0
0.7705543197782251
2.5494089208176525
3.575827370836369
3.6457547285865686
3.776822923662232
4.671684901927883
5.247657207200307
5.650456725682568
6.1694203135509635
6.094586633134659
5.916888059994551
5.7778326684792
5.731699500812438
4.178355739957251
0.26730646053828433
4.406394160601546
4.963464806979874
5.1670300003277685
4.764494746914442
4.797309778609668
4.617991704085518
3.075145265125725
0.37945104270901814
1.8572211102818585
2.8887814639656026
1.9230037515426948
2.1831824765615213
4.164423246976166
5.554913107271334
6.0417766850669565
6.5448279687731725
6.729080608742299
6.738917836996913
6.983893755217788
7.317122925950678
7.121084365234505
7.0603822428889025
60.35430920134774
53.809391133265464
46.73820620622485
41.523006500824444
36.9957217033641
32.11897992165471
28.418348794240707
25.27798942905781
22.995198762404783
21.456648785401892
20.0281819084273
19.1649508205013
16.71621513427597
23.58197309426953
25.728259708769425
27.100991782475937
26.396310466826698
25.62881849647243
24.58116189403134
23.740967876446295
22.567548374422227
17.657339229239227
20.04099263146681
19.90479817121085
19.255069077046688
18.21489831220513
17.704178445659153
17.401547436641426
16.91198823698301
16.353913998432297
15.34062151072587
14.313028285558797
13.565093286814932
12.229952948034285
10.816739874268725
7.04553769750719
1.0780324878698457
0.3758345169824328
0.4071540600643022
0.1879172584912164
0.469793146228041
0.0
0.0
0.0
0.156597715409347
1.565236399729373
3.525052358545196
3.8686256730168944
4.333858192877707
5.119835147804114
5.684344332780964
6.177637977278868
6.193002675924402
6.243436354505122
6.116168437815082
6.15022793690697
6.266884686287124
2.931635591389033
1.9707420045052113
5.961753324528477
5.951958093344638
5.6241674657987435
5.591950960854403
5.288306731557037
5.12389463235612
3.263882993193278
2.1596584347216523
1.7082346703268732
0.64970150200743
5.371010652053629
6.1481736439697885
6.294035067974781
6.588110816334839
6.533064026901891
6.711942866086037
6.967471543272569
7.164280451087924
7.079214160607856
7.054444099377303
7.140367589367322
59.03179152851589
50.895159290827515
43.495409835916455
38.03499258581497
33.235956900264846
28.930232344605404
25.221634808462355
22.158923216896248
20.564152190510114
18.93882999123918
17.826766511171506
16.842636965613952
15.445743792730532
17.33282338999475
21.773150598460973
22.908069674792518
23.32347708247659
23.39719217590119
22.791551484838063
22.16271303435319
21.587046511858095
20.482139324609278
20.21560442975811
19.515086122282916
19.145885948678796
18.248564719021942
17.79817370308776
17.381827209434107
16.827114546353844
16.196638115937542
15.266520215358558
14.454496942367188
13.206043684588664
11.904382887335311
9.029902043083366
2.5983155921760908
0.1252781723274776
0.0313195430818694
0.0
0.0626390861637388
0.1252781723274776
0.0
0.0
0.0
0.0
0.5011126893099104
3.443610523656548
3.5676774807057874
4.045559261094173
4.9997817234732045
5.578428454349054
6.063522100744345
6.030608706877744
6.058451099934745
6.095278644504001
6.07494016263472
5.9908616720219205
5.873132969897691
2.406068567848076
3.818045912648363
6.017320042340237
5.731069292119923
5.673399020147644
5.503816817604038
5.274463655874264
5.1656980700767745
2.2963845455314558
1.6327527687968206
4.100146841355081
6.1633004251019265
6.177162142252078
6.1927647584110055
6.328570122649337
6.807002124331454
6.925795038830876
6.979347830295765
6.9760309557045055
6.8755032507383715
7.012370444578746
7.139280923992435
53.45234015001427
44.85892854266305
38.63076977193342
33.30950820465967
28.3631259645977
24.58540878546515
21.774757890753797
19.495962522918116
18.040677627916892
16.99274150202932
16.074419181177404
14.544540577695358
12.318929293950116
11.051093997092375
16.844725942820162
19.98181854533435
20.55906926941907
21.107853944266125
21.043922847134482
20.806802283835317
20.88520630079006
20.40909073890139
20.03675626642754
19.28657117572567
18.634036904450053
17.968350820597106
17.484024846134105
17.043348217085097
16.68016976856787
16.087621991931506
15.043301664531382
14.069041152578647
13.305306115293318
8.480383736551495
2.8830378418098737
0.3947404370679051
0.2505563446549552
0.5011126893099104
0.1252781723274776
0.0
0.0
0.0
0.3758345169824328
0.0
0.0
0.0
1.9101779049069028
3.541607018977726
4.178028631661653
4.9553421422882735
6.191737611942417
6.088641722448852
6.178546164990761
6.111681234499781
6.095851697116646
6.066506322564264
6.21989339892782
6.383638653253131
6.2118164351274565
4.655612930214227
5.952412187200585
5.93829309512856
5.540763320929992
5.729889711066315
5.3809603950574525
4.782842245958247
3.9840788495382724
3.007892810467772
4.34442187340656
5.603415198198382
6.036393460227532
6.212843581596046
6.404979029637956
6.562604395514231
6.520611863887594
6.90805616823047
6.908184585883363
6.931460553979841
7.271128427788796
7.064139957750095
44.43653766286563
38.277912822234946
32.57934418462532
27.64958533639538
23.674105444201956
20.858625066238538
18.88836149700706
17.373503915464056
16.37725152978879
15.297933332266597
13.777423633441648
11.511744319961382
8.794490966383734
8.789343355596035
14.81619940439667
16.903649035096905
17.03891376012413
17.644027137379613
18.54174891383382
17.798424134960875
19.025682322214706
19.024779391771506
18.660375483563325
18.687580259279652
17.96027703854765
17.776829935884177
17.402376976709164
16.79628562552267
16.280998952083134
15.516189041853057
14.853711704077869
13.88057705201962
12.982017475744655
4.29002157705087
0.7749735026852433
0.0
0.0
0.0
0.0
0.0
0.0
0.0
0.0
0.0
0.0
0.0
0.4224434544231892
2.8396640796392907
4.188680981275843
4.997707790238564
5.747840556682352
5.873664356081625
6.233993033591368
6.307756085197392
6.088347785928926
6.234230951104762
6.321570809223654
6.196523702114732
6.186071817349327
5.7813252113784115
5.915249507532078
5.372714489940351
5.292810306722894
4.574162594775976
3.8682251593342873
3.0674212174579845
2.6557570126659487
1.8351800598315537
2.202217479544174
4.0434182778424965
5.192155591825599
6.260548621495537
6.616097420101583
6.727314178336352
6.895325042692882
7.015101213359587
6.728698480519161
7.132180318846956
6.784722191958736
6.946597844375423
35.47740018348282
30.44921790512544
25.93660369882858
22.522229799117483
19.822460339405566
18.028804551888253
16.721607407867182
15.688359980869992
14.407192138607268
12.655410106469411
10.908827097563252
9.531412526809149
11.667466501271408
16.361352998630075
18.431839035366785
19.09079759271372
18.236203162137834
17.533691052750942
16.873214526492724
15.126273017941068
15.696020421126072
15.763923372980983
15.833111033473484
16.266859519994338
16.887598439974568
17.018442316645203
16.86668592402548
16.434934236520004
15.766116745894154
15.34412662565937
14.2575496419034
13.804966376288522
10.419666072688273
0.4682717997989625
0.7516690339648652
0.09395862924560819
0.0
0.0
0.0
0.0
0.0
0.0
0.0
0.0
0.0
0.0
0.0
2.4306032883277116
4.338824573756051
5.071996170477235
5.409949062457496
5.711586064725738
5.768633132407579
5.840352887365608
5.714451327788958
5.935350071887965
5.739021429834851
5.397742966760178
4.458465698635157
3.376643661866835
3.7247784267932165
3.103856935101869
3.1368154101459327
3.4434121267530946
3.6157259964187336
4.205240552276653
4.446920427000823
3.823882533919413
2.8268262049068027
2.204653124089135
3.2772557783481875
4.971703232765267
5.99491546923722
6.391856316981037
6.81195701167577
6.897345183669074
6.835396108274379
7.047125549341557
7.137195980316541
7.012643072941379
26.679751869982535
23.360769716891507
20.600560567690138
18.471906302912483
17.113244178528046
16.244348717106433
15.17309369482099
13.723953221672147
11.730600232557983
10.375817083460204
9.73966345184947
13.43296226700668
17.240706148481056
18.72800778296066
19.29464066002175
20.14279850743422
19.95536327692046
19.22383026560366
18.032929115048578
17.370930948585038
16.965660800170404
16.4200617847738
15.779082266735005
14.621346865948013
13.786393093066765
13.127161756476244
12.798421583055086
12.496881850772102
12.414141789025594
12.26535066922368
12.056443764933155
10.860492671815694
5.2542219215519905
3.3788812962865697
0.242541270293464
0.1252781723274776
0.750770935404036
0.0
0.0
0.0
0.0
0.0
0.0
0.0
0.0
0.0
0.0
1.8131804769651667
4.192693327207365
4.032656863217845
4.268037971251398
3.9566151801786993
4.185546321283114
3.866321248143568
3.4016780595820704
3.409155287922001
3.3873921563753866
3.7909638152562293
3.767672055136571
4.185486777381138
4.2786205737187055
4.620467778153081
4.325791798176159
4.587787931309673
4.526846784868464
4.819736239458732
4.484930112305696
4.631569103154795
4.320280793808429
3.299646216573648
2.353256399409104
2.4064671034225245
4.39290734254527
5.963597308451846
6.528927024645479
6.793760452917836
6.772450997155923
6.936788110651099
6.827970300955378
6.848199780245983
20.394936217927405
18.581761983292797
17.331362464992374
16.569109317882607
15.681025066513884
14.39739537170451
12.766945465453713
10.829606387596192
9.713032332461665
9.551964641066881
14.621899006537436
17.806654585474085
19.304058176127022
20.115591443103757
20.746577189500712
20.56548294929555
20.368767633268803
19.732777912660872
18.502572263001863
17.906109563250016
17.37691176230048
16.712350666986598
16.163338277816216
15.457072198563338
14.69910410917634
14.004740798619427
13.433312960011069
12.863891710902577
12.177270719048217
11.483215653319348
10.345870334068954
3.372221610237169
5.040040962070727
5.214097241333895
3.0183366378506897
2.6782407603774154
5.200541288863698
2.4076275642328393
0.38308820270771604
0.0
0.0
0.0
0.0
0.7778080055035085
0.3168325908173919
0.0
0.399138985702811
0.7589433539622612
2.9427283186072226
3.187871200974228
3.9564551808284047
4.1030258527636825
4.5395738308856535
4.507011710274107
4.554456757344882
4.8821806250439295
4.741133573071371
4.925959109560132
4.935666586378764
4.77439730585617
4.9514573206263
4.54342556085208
4.967105572217375
4.818718767425315
4.808822769197793
4.917511482129135
4.800290881454839
4.781295655390748
5.104827325428674
4.676608204666913
3.8589189083245796
2.5740479787116355
2.050596272497805
4.040189454381289
5.708093989675915
6.306011395962289
6.451040108670398
6.8655248252743855
6.854084295115954
6.562604395514231
17.319639565481268
16.729612772644227
16.0050881711652
15.164615649823915
14.182845787542808
12.220518452353321
10.143772440803383
8.779200041624977
9.787537747872564
15.682886546117366
18.25786475680299
19.396556484469095
20.19271376436028
20.931678357434436
20.90441302678552
20.328364382130847
20.17684022322186
19.34755964748699
18.7270818968556
18.052698363465197
17.34129233945668
16.92394137411628
16.55166854603424
15.781208196201568
15.118842040402418
14.507972706052689
14.062910923895743
13.581061880978485
12.992710433572816
12.288461563421107
11.354611456107072
9.576702714903838
1.6338560761659355
4.733194395290537
4.402869837594385
5.032282789325549
6.341956004772698
5.931284476376109
5.061766691347599
3.4998555033881873
2.127747489302786
2.4427684230381854
3.420630906607637
3.436458161488257
1.2323736601889994
0.7633212683250543
1.322674495163797
0.6926464735277118
1.0587640374214684
4.258245847874557
4.699165976982503
4.686504202894432
4.948037257031263
5.397900939172129
5.244331908439046
5.186060084900087
5.349922495324636
4.989886733504346
5.040078568052832
5.113134815941582
5.448709159648234
4.698186726508613
5.060118316519933
4.795961969179018
5.134528511961976
4.854944614672448
4.9886136922659725
5.091721460726758
5.3617444854594325
5.2548016296766855
4.79730440395183
4.3916752639331165
2.671070567418545
1.5957945541750345
3.2367214520044114
5.0627544599842045
5.9594341274629254
6.444729295831856
6.778498640528025
6.66791772108664
16.162441861429897
15.595622018905432
14.647088762850743
13.356724849080328
11.424363947578794
9.499403186349008
7.834182090323188
10.715908648805701
16.63277719309542
18.81286815246137
19.84283079662151
20.322758288675875
21.16517920786359
21.31086018135033
20.94216069188604
20.556277209008144
19.932207289764936
19.157782593252985
18.016407711957957
17.598126414572906
17.22321681466936
16.612164461053634
16.274169037318643
15.538678314506484
14.781065988599995
14.372102983845803
13.703112155034699
13.337009703997674
12.770340884168723
12.098653923286166
11.403058857440652
10.563323624414396
7.8123708247529535
1.545986332840894
1.154901658970592
5.693406360943509
6.3505090830439785
6.029581560409154
5.501321876580902
4.27772149458527
4.099951383780873
3.5001171820011647
4.033625141586736
2.7965757167392584
0.9978474642570269
0.6533324903564639
0.29352812209701373
0.46843316359164877
3.1706860895816535
4.621067053389965
4.896303961779258
4.630325554821074
5.2037564814629995
5.6345386056675855
5.4950243094803035
5.412434906072409
5.4542058438068315
5.533705526341833
5.727882484037194
5.354674160363739
5.381544280998842
5.051526860312618
5.342362720314407
5.2597144278938925
5.200581482551102
5.136521201020506
5.203487053739189
5.023497104740296
5.167719155624754
5.387911184369496
5.453439158029849
5.335194934001753
4.5759334321343745
3.3164832726875986
1.8592323216475786
2.7246874271228054
4.431726522549423
5.552774150334651
6.374606229172859
6.622765109210217
15.19184178426909
14.163599989184707
12.507626540609106
10.641463054074542
8.618162830707373
7.207438730910388
12.133463854899517
17.53427325148591
19.418995225408807
20.41567605028792
21.02400888494517
21.40640221034296
21.305414328507972
21.005896096939587
20.703306302475134
20.275652875145227
19.295058029879684
18.71108935832286
18.043936333032875
17.403400932393644
16.904486310665515
16.555653545122766
15.949053209377617
15.01274697337923
14.606662925544939
14.090254850549915
13.569145254128644
13.132316938858407
12.655602678309448
11.882630452339287
11.09521041011424
10.227661806794329
9.387673109028503
8.29084456230142
4.6880956437228125
6.516735237019052
6.702979394138201
6.316687501465483
5.76249557833325
5.235726922519802
4.721852373435694
4.826222678613034
4.77796766930057
3.88913396445655
0.8564978746623422
1.3908100925035414
2.387091078471414
4.015540078927266
4.035464236935946
4.486902961656491
5.117079876465387
5.245290491459842
5.449515909918973
5.611597431354343
5.479392293038608
5.834998694917738
5.709487487439501
5.648828918101754
5.534978567580205
5.455523915538968
5.325347670909845
5.093459260032072
5.028993788898895
5.137584382999425
5.246188835618806
5.290808360566973
5.279635048486543
5.405404850359847
5.46945059391985
5.3473807878872135
5.401390396301603
5.242010223192349
5.245009550955547
4.322861618857093
3.242717633211103
2.6132198015189725
2.4292446580263913
3.5458945426771074
4.982013227938401
5.851731542459849
13.358079493047558
11.746903335386003
9.838823193742305
7.460646558081988
7.047712204411935
13.721515990551126
18.105728603138694
19.656787775349507
20.493092922868254
21.174438251266128
21.67663547672238
21.661493048482754
21.383620140338877
20.708662615528667
20.329437947660765
19.73352073260581
19.187587261833315
18.56469459680454
18.0353804473763
17.3877050650598
16.792211427292884
16.323546366700473
15.536924310100282
14.77846611359331
14.263747553399567
13.590237240544296
13.507300896149454
12.96399183793682
12.281372101469923
11.68841188523453
10.927291521154691
10.308520004589525
9.2721568473599
8.347970618034015
7.4879197495057825
7.367763917414262
7.019454972759759
6.501679425371967
6.3980734230159255
6.121358397381379
5.794799457310513
5.552498852294325
5.204490667253749
4.997317546515779
4.338383443755316
3.50686825342364
3.761831647134568
4.471340011269847
4.6425781058577895
5.217175515112903
5.465855867434778
5.706804924890512
5.967776885846115
5.877729951593481
5.7684640219730845
6.019731211547511
5.706283013731479
5.58095759253721
5.58387399705404
5.600641285392278
5.527047181260303
5.713838066372809
5.558493914657925
5.117490497576073
5.439044696391921
5.4084156909035315
5.365046420384416
5.509455993473363
5.660971477413971
5.516674921239628
5.431469713013624
5.601031538169329
5.196252570275279
4.837321316285825
4.433025637294745
3.5404428738290106
2.9293619931605366
1.5439844109189402
2.9009796925201883
4.537584190596781
10.584902747014365
8.592077943907844
6.452709284760115
7.935058940696384
15.098775099300182
18.43760739625833
20.225173820339098
21.219321822681984
21.667992495407326
22.060874258742356
21.792630067789993
21.312179920185148
20.888840160978397
20.611784580458696
20.0747495989677
19.230824431880286
19.085796491936975
18.066324753690353
17.72442228052
17.004807897002465
16.5886733007219
16.14485648866995
15.205986062891082
14.639621202112668
13.972237799781036
13.777406598727826
13.277564924700997
12.675711936401456
11.965236210707728
11.270540637689619
10.64726205631502
10.193277688760395
9.602058973583762
8.764707730371004
8.13805263588228
7.558530211763682
7.365806336560519
6.847491395018584
6.60309366620136
6.231394171332661
6.018801282664771
5.665894119184107
5.979227433788994
5.531453624016122
5.423423513278971
5.096833284874678
5.35255593335146
5.6796262163543485
5.771983855227413
5.987189514378214
5.6471097602638185
5.862484211704645
5.907961772686909
6.172527569673131
5.882035256401916
6.026359421075839
6.002647355064046
6.046643675721773
5.7359594478375575
5.624024974088016
5.638602235561538
5.374148664356831
5.596159048076985
5.353356088631602
5.4650242204270665
5.337516619248451
5.188748659087559
5.654183110549622
5.542913039669842
5.339351879770724
5.400386782787042
5.564020073612645
5.154718560278435
5.3757036638265445
5.125437101318307
4.891763844124129
3.5117487820892417
3.0368761375808146
2.2635106103493894
2.388788782676869
7.202623304223018
5.5706849379209675
8.93707781227398
15.82961414716007
18.531067525424888
19.98873845086687
21.109574005308538
21.7987401508468
22.176399568498425
22.336713350831765
21.79967002892428
21.55969060815082
20.890492662790336
20.586074215307786
19.957295632866888
19.20073337589962
18.59069554664096
17.916274725431887
17.403451450634627
16.949479822158562
16.52135948786947
15.916737350400313
15.054399033596184
14.307043778589565
13.756247355349219
13.199636479551673
12.74930823073692
12.180055782134735
11.530581593116748
11.111596537859729
10.533505307972973
10.11588663501696
9.350518132823941
8.933415446952623
8.473820636804145
8.075355078664714
7.563609607359917
7.110345531399895
6.811283337297608
6.6410522500362665
6.377756682317489
6.286938257519119
6.492362090654411
6.258951653752376
6.121974932335713
6.125924800428944
6.307611874487649
6.385019165209615
6.171280171316437
6.309399766620316
6.097938476106328
6.225440234764212
5.950954479830077
6.101744412933943
5.946411257508245
6.116763231598569
5.813633066579867
5.9181147705953
5.784906018765003
6.073458922310183
5.9716045638445765
5.584798959936771
5.611309362163154
5.844506747364845
5.655566143512488
5.80320966510558
5.659774230735072
5.7016443656069775
5.40932486839124
5.557449102564044
5.458935842188447
5.670910090762994
5.507736835635429
5.3612797273924935
5.1174430607643115
4.780125196179052
4.695549848069869
3.80273735068015
3.578710486793679
2.7591214662973917
5.176116639480869
10.502807372131413
16.31333516724619
18.688282664751874
19.803337493653608
20.753142895829928
21.958293690795205
22.475050226521017
22.453193011314927
22.416930090859594
21.901143006804364
21.44814413361032
20.672456329758653
20.1522362422201
19.531586997337293
19.02600952305691
18.138217241518017
17.99238072554805
17.34975959422312
16.87781735422261
16.26992561824953
15.502252553331335
14.676632883142071
14.240707830355062
13.553547677656564
13.198934517467814
12.568065332672113
12.085412716568102
11.464493481334888
11.031800900368186
10.524740163701608
10.045408776773469
9.495406672829942
9.116107006263638
8.883234470060293
8.170463601875413
7.708366004178507
7.48776308444604
7.190266075178618
7.050075317843406
6.8807866376641975
6.7473677495683475
6.618765872267726
6.462825512268397
6.480266803910206
6.440015450736473
6.44363341506853
6.3346902905424995
6.432489798377909
6.614449948452333
6.323023566257071
6.384568582135867
6.375658907038621
6.231581864384093
6.301636196748356
5.958315899307069
6.170469201190397
6.244729828994058
5.985704198508124
6.035389846712971
5.978773339933047
5.783759913539716
5.750109234178898
5.952077052101336
5.857510428480897
5.874237408694269
5.498656258320505
5.50883376502501
5.380407273181773
5.357370542689845
5.444931633327568
5.551352747069035
5.366203358938448
5.269809452052123
4.947932995934331
5.023647404589656
4.495345214429648
4.645963301890332
3.687671401149335
3.063029136397326
11.242998147896968
15.865616641192267
18.087842549329395
19.43376200132467
20.6384747156763
21.86516047840714
22.568824279160427
22.35806304790574
22.409509267940262
22.249675645687798
21.705064994737118
20.8607612047103
20.672943055272093
20.02077980233868
19.328873070537313
18.687949724911416
18.175711479944432
17.51057757719221
17.147723014125415
16.887244290286507
16.20369350187333
15.105278951114679
14.567809572423648
13.998330483574547
13.624858131344675
13.03407696847568
12.515102122123084
11.94735700109942
11.526160125597999
10.948653701631919
10.455711983999564
10.057638211101814
9.628787265281229
9.439141566630562
8.990960113358598
8.526940206938317
8.117341333918532
7.494860471696901
7.3069852200602154
7.169463269634069
6.932770067151385
6.905522467877874
7.152895792148369
6.746841410635467
6.723415093593334
6.68694386640592
6.872336725092763
6.695403237873546
6.587941353672052
6.721122324254506
6.602592579221524
6.307038542430878
6.192407882140914
6.396451203319721
6.274053462375593
6.3586295291860315
6.252640840913836
6.3362904896237335
5.9525311459572805
6.2856012279043245
6.141026609052163
5.807275260617435
5.794559648692572
6.07824006214541
6.00185812610885
5.851084805215379
5.705279400216918
5.771617354227495
5.564566737198903
5.66876345779288
5.188059503790575
5.441442176198091
5.4826448224305055
4.963794131974971
4.922844007919518
4.766086119755679
4.352836599809829
4.24013535254088
3.9562723381432434
3.889373046789315
