5.261043332954775
5.344447477823525
5.254752224143598
4.407929293777308
3.9317433629133065
2.94878540100108
3.2222625890114425
6.2934906794430505
8.415307692657784
9.215563186428133
9.472399705060749
9.424738420032153
9.333658516277692
9.553574799037165
9.570776478213327
9.680243720037302
9.603686685306354
9.505132202863416
9.439139021656686
9.338982977982644
9.41143313464257
9.102669608719475
9.119485893613703
8.868178787802735
8.757536925419226
8.368954217792853
8.317405711877438
8.285213599714762
8.036464808311004
7.960110421946685
7.860847275968264
6.966941003063724
3.9278294145635297
2.0702884657021317
1.82428580646416
3.4760387457076534
5.0972499589070726
7.787927009044244
8.20921580827702
8.50565084488808
8.749274157374277
8.979624850549142
8.92718203299702
9.19811407368187
8.758356984989382
8.778317813814677
8.558094931974265
8.22617895452302
8.17051549401509
7.968679878440559
7.530266058741647
7.130165080777158
6.556837045719267
5.261167439672306
3.9360358691698036
3.6598882948547637
3.6098602793084034
4.8458811201993415
5.362968283569494
5.855632615024944
6.114330321220451
6.042059254820622
6.005869494397358
6.377637723560792
6.384687540892565
6.289201984678575
6.093894621765318
6.241042850923141
6.143556737016135
6.514708431225235
6.275935061311913
6.1413617441514115
6.294943255686675
6.046914079287672
4.6445274446543
2.9852545644604107
2.5862988070720094
4.0971584706319835
4.586430893989269
5.454712926930082
5.517247973852272
5.915249507532078
5.962428560726983
5.6718213642446225
5.452104180750858
4.1861334645227
2.9443393937879385
2.5682823314659564
5.4000065413114635
8.317908197857376
8.885271159947058
9.034192609112978
8.907382504969666
9.182707979061409
9.101872935095622
9.022975315449456
9.070001918044838
9.06074323947644
8.95803026849796
8.67632850929387
8.570466010717025
8.12567245718873
7.762655206939139
5.010756909091467
2.8754688390026293
1.9546947735807385
2.155605536235555
2.0124426654661622
2.5689681860468285
2.4390189823687685
3.0291035685378334
1.5835638490533923
2.4857348566206277
2.371291353097288
2.1804248256218877
1.0560880017858598
1.3307102037974008
3.389966181477954
5.954226176027094
7.312838945657385
8.095653328784989
8.331501416209969
8.511651397543995
8.303682015692788
8.341182526122509
8.478625299309773
8.345992499180749
8.114970507102383
7.836662220551346
7.741295673786082
7.408430331489512
6.398220855275926
3.0307566281860447
0.1879172584912164
0.0
0.0
0.0
0.0
0.6796342565311306
1.261784395599584
2.329968745229903
3.1648117654014465
4.315452107380626
5.612624287757746
6.034987696318004
5.956207379146542
5.888888354799615
6.112157069526574
5.737966674866678
6.017201083583538
6.425083104776042
6.237561052905587
5.703575798076627
4.162212485748563
2.5519406979916273
3.283199359749092
4.071942117863939
5.603832662479891
6.225537452350063
6.184330918340549
5.970027897717372
6.176351172126039
6.364583465754481
6.425439981046135
6.169896148577755
5.682194910431461
4.385517844546528
2.632386822656006
2.2607999131638006
4.100930293596529
7.175275801531165
8.144768601139795
8.176345637218848
8.510758988394638
8.312338268566897
8.410153148137818
7.82869753630429
6.887884793896785
7.241231582849549
7.528228618087093
7.163724307319293
3.9441698124898608
2.2732469674605658
1.2403887345504905
0.84124974884768
1.2017948714712252
1.00222537861982
0.4384736031461716
0.0
0.4384736031461716
0.0626390861637388
1.0371820817003872
0.6810148734396353
0.7633212683250543
0.7472911196020721
0.6569077475388242
1.2170842658301122
2.118606397844457
3.8300846717331796
5.6928762947537805
7.199427283712156
8.048980385897826
8.525292981672742
8.672092533272949
8.420677156772289
8.438828227447734
8.234919906340302
7.624669401379521
7.39859324397699
7.2010786431937435
6.727380279374545
4.474830489564864
0.156597715409347
0.0
0.0
0.0
0.0
0.0
0.0
0.0
0.0
0.0
0.156597715409347
2.2297526494634194
5.314256333382992
5.547788615531919
5.6346822175301465
5.59481930968736
5.975886335698983
6.2096214422627325
5.99652746661501
5.3513079346055
3.903353405650896
2.0290875857779795
3.653341343032318
4.994263659993199
6.041352433898344
6.478143497234167
6.438367979087223
6.4251768115796954
6.144367707142176
6.102901514448417
6.429912397845921
6.357439941619053
6.412173057679472
6.358859402304189
5.820089079903968
4.522657909261193
3.3092780471697263
1.8804224076416745
2.754684348017811
5.527575604831211
6.835632379889505
7.425505615008735
7.390108559231
6.4730459183919065
2.067795360447067
1.3226951294359095
1.6381058348005721
0.6220129472745946
1.5568035748716853
0.3445149739005634
0.3445149739005634
0.4814453805882301
0.0
0.9395862924560813
1.0560880017858598
1.2576274374587597
0.0
0.0
0.6577104047192571
0.0
0.0
0.2505563446549552
0.4071540600643022
0.09395862924560819
0.957730823905346
1.9395275051672771
3.0434693264895767
4.347923829786509
6.555417171199413
6.937070197909929
7.300327517263148
7.380286029542407
7.147475063915148
7.212963861697764
7.081785169129854
6.844335099192293
6.799146194220521
6.346050363019798
6.017297410714938
3.7685161766689967
0.0
0.0
0.0
0.0
0.0
0.0
0.0
0.0
0.0
0.0
0.0
0.3758345169824328
4.290313140164427
4.710826824884923
5.102550670675738
5.280985620204913
5.527956358748014
5.491324313639635
4.754784358126407
2.4584455385906985
2.7246940748824953
4.284536985450476
5.528480981669656
6.397666042839743
6.66287225167421
6.655296095409556
6.309017638397177
6.642436552219076
6.135458032044926
6.206269599291065
6.492625260120851
6.566864146753667
6.356700937125823
6.476925146931944
6.4369152220538055
5.894464238690479
4.637405922748311
3.8379454834992943
1.9729244898845713
1.767142540286909
3.8127859713935033
5.771234651706403
6.549855269403383
3.092481737895331
1.6315126458918097
1.7524129038564942
1.2527817232747749
0.5637517754736491
0.7829885770467345
0.7516690339648652
1.8330933501089346
1.4078360271395935
0.0
0.5987084785542164
0.9585128468136664
1.5098716335630302
0.1252781723274776
0.2505563446549552
0.5637517754736491
0.0
0.0
0.469793146228041
1.0648644647835588
0.4384736031461716
0.6300280216360856
1.6066234970826785
3.805571308040889
5.843204242204624
6.664040040221013
7.182094881622721
7.449247382767179
7.465205519818888
7.473026804755038
7.315120647936134
7.229564264035524
6.927746529031716
6.445086172101949
6.041567193723428
4.596685690680469
2.4058137225803873
0.0
0.0
0.0
0.0
0.0
0.0
0.0
0.0
0.0
0.0
0.0
0.7553061939635631
3.4377713787891704
4.292568974279806
4.725272437030729
4.739783321105658
4.317854300896412
3.61732725960876
2.319099921036459
3.062216346101054
4.039586190975517
5.663881795803674
6.300990899058776
6.62238298098708
6.64510500438522
6.648866323814316
6.528927024645479
6.643200808665352
6.171020512632197
6.432464546424864
6.521732996603964
6.643965065111627
6.377374554094351
6.282390084860198
6.553406019553372
5.900576820255888
5.224260987997035
4.596058208521713
3.7224308009755336
2.3431383085062487
0.8609170575693602
3.5817834189168005
4.9085613975896445
0.7337464616321773
0.5011126893099104
0.3445149739005634
0.4384736031461716
0.469793146228041
0.5324322323917797
0.0313195430818694
1.185764722748243
1.4391762044935756
0.0
0.469793146228041
0.2505563446549552
0.2505563446549552
0.1879172584912164
0.4384736031461716
0.7203494908829958
0.0
0.2818758877368246
1.2936321294442337
1.4836707592080496
1.4246688330430086
2.1493273469261416
2.29904944767976
5.209485405266669
6.642436552219076
7.207813968003679
7.466105405076155
7.593868856023438
7.622267609100409
7.662516129272543
7.505154577429231
7.506405404568355
7.060367220755172
6.659815225889106
6.112542149643659
4.4565962134700445
2.5634707930795586
0.0
0.0
0.0
0.0
0.0
0.0
0.0
0.0
0.0
0.0
0.0
0.0
2.5207036919982095
3.1333966966538584
3.983030615197018
4.246010855384204
3.347148925947191
2.016795488873381
3.7770235348556573
4.960693638352959
6.149374950531324
6.479239377997491
6.396689120833116
6.740793767263365
6.693492596757857
6.732835482775573
6.6704484079388635
6.534974668017582
6.1507037719337605
6.351103876827467
6.268528367710048
6.485932319059171
6.303063701828728
6.419460792524641
6.535619965707159
6.052882522927508
5.134737700823956
4.901202901477613
4.327207322070992
3.529553493871722
2.2702895077071625
1.8623810475529716
2.5511077067145793
0.6416802559962748
0.0
0.0
0.3758345169824328
0.6577104047192571
0.2192368015730858
0.0
0.0
0.5011126893099104
0.8376125888489822
0.5011126893099104
0.8143081201286039
0.7239866508816938
1.00222537861982
0.5324322323917797
0.9825580698981398
1.204608740017378
1.254875471728945
1.6520212949339996
1.7212468873234543
1.4472119131271795
0.9701650811738554
3.456987798821191
6.135363155342692
7.208906724031465
7.436222521996315
7.877836431423835
8.062752900188794
7.828448856391428
7.806413778175769
7.72822928469578
7.450432441185802
7.224718876551712
6.762259906131588
6.220012357684517
4.797898794415039
2.5569079382674103
0.0
0.0
0.0
0.0
0.0
0.0
0.0
0.0
0.0
0.0
0.0
0.0
2.6472294075143203
2.738438350570988
3.6954017230456975
3.1390521944305583
2.6389546181019816
3.673789864965311
4.771215568058046
6.018424948986204
6.322760396790631
6.45192332387337
6.241161809679837
6.4397522812700325
6.594778505443475
6.651541221376282
6.756710336238949
6.752506925784431
6.5694415472856535
6.535738924463857
6.324451071337444
6.617481722284391
6.274172421132293
6.122288326264116
6.5080154901635545
5.9017229254811765
5.349933328653377
4.7086909737181974
4.209547760646829
3.8152128008040824
3.2619841601671085
3.5083841950813746
2.690427548769157
0.5011126893099104
0.4384736031461716
0.9395862924560813
1.0568493904220677
0.5870562441940274
0.6084227705499414
0.156597715409347
0.5324322323917797
1.1838061461116667
1.4050015243213285
1.408618050047914
0.5637517754736491
0.0313195430818694
0.0
0.0
0.3678194426209416
1.4435747531284808
1.5789411139995067
1.661749538518792
2.384688200495578
2.5375242883617743
2.501544938085418
5.526316734387795
6.8508082696098445
7.301769476662011
7.718364521439078
7.942585140960863
7.9266872353745494
7.990705494984754
7.857679837455739
7.7547221875461005
7.478110074441303
7.303807520356535
7.173659991185012
6.633238176258216
5.472896756476083
3.3171437695041224
0.0626390861637388
0.0
0.0
0.0
0.0
0.0
0.0
0.0
0.0
0.0
0.0
0.0
2.6229431801587406
3.6547351018328804
4.111837789905547
3.589268704514062
3.831936009507248
4.852528164591974
5.4043334195421995
5.735084735953984
5.752883146985003
6.162846331245981
6.3851633759193565
6.691266235617135
6.97128004594747
6.861879451101616
6.8758853789615095
6.777036535833578
6.240804933409746
6.415549593715934
6.412529933949566
6.17197218268578
6.329716507318751
5.86558739228126
5.7107515616456705
5.5566322651092666
5.0255043317694215
4.636476526714163
4.064602939955418
3.5361266331773127
3.203826159726727
3.791153192839206
3.086748614754973
0.37947167698113066
0.5637517754736491
1.553584165369184
1.8098301499327814
1.51274740492552
0.9155410693716078
1.1464301053048827
1.193779797109734
0.9395862924560813
0.4384736031461716
0.4304585287846804
0.5943305641914232
1.219980671464715
1.3291048894365354
2.6678735342373754
2.9688823190529083
4.052911254189976
5.119228296881383
5.127130678595841
4.891230373716147
5.479156111445738
5.655358690571034
6.5919100283225065
7.272042993424039
7.597392590256831
7.6287331463756205
7.723940979744974
8.054494337385902
7.981646548571762
7.85622603850682
7.838871344465712
7.656314288879132
7.605311926480969
7.3771881546721545
6.826564067479808
6.490646443598678
5.049934874771884
2.1379095126622807
1.1795817582977028
0.6758343018964093
0.399138985702811
0.0
0.0
0.0
0.0
0.0
0.0
0.0
0.5593325925666307
2.657069400123575
3.708705299501651
3.9910000194261457
3.8937436922460877
4.471759465558827
5.201522831218119
4.737996795719
4.052229224717505
4.430540676947917
5.793453851592151
6.24773579198482
6.540903352632984
6.624287176706948
6.769723549035365
7.1192720499212445
6.886615281315292
6.197334672240771
6.1164063553284755
6.33700424216392
6.323142525013769
6.3556990426102775
5.951385040731994
5.627178306342427
5.409324868391239
4.79954619114227
4.822701041249985
3.899468070947546
3.27911678032771
3.133458599470194
3.7493719207144696
4.489840713078151
4.167086883515541
2.301347102305366
3.120323915664366
3.3317749425101857
4.2328579413335055
4.595631813105772
4.881739847429665
3.76751450716482
3.0105306703894126
2.4670199888437847
2.031036894327362
1.5250692227462725
1.314092827259152
3.9912068654962045
4.282268421174637
4.838891234472538
6.246432808095022
6.633858221994751
6.313659797303877
5.828026710547512
6.2612406328648795
6.5815368340298575
6.55490928049288
7.415620471698693
7.990615237697123
8.16778344868634
8.010610843248383
8.021364685474403
8.031362488250034
8.06243391286099
8.145691738572062
7.82574667542354
7.498630628636035
7.334937356485476
7.1934795405622785
6.652010611007251
6.160485386500669
5.401008417171286
5.175672837154457
4.530204018772993
4.344409274641887
3.6753758229657647
3.0999110648764012
2.6570069126382956
1.826924412936264
1.2833512439053552
0.75729677105717
1.6961258493987754
3.9838538309607605
4.449697863935468
4.430487066092893
4.002074294058263
3.9129227715453636
3.531246104511712
3.899520040642718
1.232364392101805
0.0
1.0234084760675983
4.914551510826613
6.230367024864071
6.801217650425792
6.935704813519507
6.7658150053961545
6.763904364280465
6.9517867535744715
6.378445182904631
6.233874074834668
6.5136810053125185
6.295538049470164
5.943762170787576
4.970011143405462
4.454523987795994
3.7839553673638493
2.342641686463195
2.5692815257886603
3.5335228485826784
3.3400614080478896
3.3428480353276857
4.368009343721843
4.407664995917473
5.103390125822084
5.785501713877222
6.046045870063889
6.528301211129051
6.64960579787359
3.996406498491222
2.0878468372971097
0.8383920263531539
0.0
0.0
0.0
0.0
0.0
3.5764944916739285
5.360953315694339
6.3892574547223315
7.01172951211387
5.876945339691348
4.288740884153636
3.9490959842192463
4.887035301080805
6.044838045179646
6.803968815836292
7.839769800753099
8.032066635560751
8.3960979447179
8.410853166256086
8.261508249793597
8.235993940386404
8.223588859338168
8.114369068256638
8.00882569014772
7.642592123683263
7.552431794320186
7.571001549820436
7.217193508100766
6.944141946534462
6.419341833767944
6.273026315907003
6.218707886906394
6.115268458315544
5.57371304669727
5.654324711805895
5.266444268828938
4.700012021260979
4.208378976065467
3.9418066685282422
4.396047744232418
4.223843101137163
4.314174546491102
4.230040328382652
3.9375871472133337
3.4895795985528952
2.058546782950009
0.1682499497695361
0.0
0.0
0.0
4.211989067830479
5.929075966215815
6.710304853332982
6.739920010956585
7.03105863142032
7.221165139277797
7.324080091309541
6.323737318797257
6.32845116389264
6.273324923319897
6.191618653185719
5.726383578087364
4.609362637464059
0.9668258876287743
0.0
0.0
0.0
1.2633761916627222
3.009555085457116
3.4768539818250117
4.005314564899284
4.434840341409388
5.709901128860831
6.763904364280465
7.012260944718243
7.385240916886724
7.017537451925907
0.0
0.0
0.0
0.0
0.0
0.0
0.0
0.156597715409347
2.756526712985857
5.382456154869735
6.68332042352591
4.268048539543746
1.377319141238157
0.9002516750127209
0.825960354488793
1.8153502327563766
5.604991046655301
6.925365610210777
8.159829262859121
8.621044425747872
8.711389214302372
8.43586960133227
8.371418594839293
8.405686456678216
8.118692424402477
8.196990488280328
8.201586918626043
7.848078056595914
7.460322163834532
7.553714513049259
7.244621091590326
6.970474940416046
7.058575010980812
7.003920532007312
6.583422223192502
6.452849741973909
6.569441547285653
6.424268344423676
6.405480116617793
5.836049374340358
5.800344402042361
5.423673010265816
5.299202638657273
5.282580927799496
5.030417129986629
4.437458014865329
3.888506510491681
1.4340162672224617
0.0
0.0
0.0
0.0
0.0
3.5975719273121127
6.519371772414527
6.750662692866847
6.879311753413273
6.976904712011286
7.13458973352993
7.0702920175775334
6.5015604666152695
6.170231283677003
6.246567945588688
5.86093107853147
4.8770081686502555
2.9151981841611794
0.0
0.0
0.0
0.0626390861637388
0.9199189837344011
0.0
1.2430301843249203
3.231021113165236
3.8387433205773265
6.128412190294616
6.843977451999078
7.596405459999522
7.895475061597701
6.536287628749246
0.0
0.0
0.0
0.0
0.0
0.0
0.0
0.5316295752113467
5.2092257683365455
6.073125685689986
6.984208239913305
4.0344575845453985
2.235087472902125
1.3685014096962331
1.0685016247822565
1.039193293066107
5.131122462377308
7.6154781434779775
8.335950139647284
8.521129344409683
8.57538716191901
8.435584362074493
8.370583635310707
8.285548891647835
8.196185546196133
7.887475645634753
7.956690021019496
7.8660534755475435
7.789654135168221
7.883745911552582
7.447619020485923
7.32128672264956
7.092907138435336
7.171201850766807
6.813049767703556
6.733490239361346
6.5066059360277
6.614687865965728
6.281676332320013
6.389851969061694
6.1920510058708205
6.148054685213092
6.135717690729167
5.772529617484941
5.407412077388969
4.414017681070193
3.692281128938874
1.578941113999507
0.0
0.0
0.0
0.7611792627803419
3.0298429776056275
5.594651485419031
6.54900584783052
6.847654523520714
6.846016510767658
6.98393561155067
7.103645972269942
6.9514046253513335
6.506631187980744
6.212104577102816
6.093991839351171
5.765622291863894
4.3162283914748505
1.4521791534029627
0.0
0.0
0.0
0.1879172584912164
0.9308304637304948
0.8885994406525317
0.0
0.1252781723274776
1.8053819865296536
6.16892704385485
7.346569998666758
8.011807333127681
8.396288950579127
6.117541866894765
0.0
0.0
0.156597715409347
0.28551304773552244
0.8593350862356459
1.6146798302953964
2.666776434706255
2.390493494954283
4.044216912039088
6.542050375077402
7.365559837148376
4.652798340616153
2.687792781677773
2.5810769669845572
2.345436120140667
2.4750171965466885
6.431987647211943
8.179568377062925
8.560214460616532
8.585318209674353
8.643611166399124
8.504398405595204
8.33060061315717
8.336053831526879
8.149924837430275
8.160334874327212
8.008835067465785
7.863647597536357
7.640349679209057
7.66805526136246
7.493282164496063
7.443263058265187
7.298852633012219
7.094154091484428
6.960158556474355
7.1306181023529
6.767277110090601
6.754799695123259
6.337361118434013
6.47371807355827
6.31315871032404
6.364489758950827
5.948703467958823
5.813633066579868
5.12201703772327
4.586004093251932
3.428233680086901
1.157300316756751
0.0
0.0
0.1252781723274776
3.199243750446377
4.615346980259985
5.980809967244936
6.567530906169964
6.896198798999663
7.047999305648338
7.0171063322020535
7.099674341092909
7.192424753035033
6.459950063211771
6.463827686228068
6.464663908307153
5.809095711586774
3.8482108907706873
0.594330564191423
0.0
0.0
0.0
0.0
0.0
0.469793146228041
0.0
0.0
0.5155994264883643
6.04588409733039
7.272834084069472
7.903788327772998
8.349357214007522
7.202312530075895
3.269485720221881
1.8776188852669171
5.04111504718228
6.062224565558328
6.309671682525272
6.625806230703305
6.430604409215264
6.418079702501073
6.233056474328706
7.41441537498248
7.742838322442057
7.192561278460562
5.094943792756262
4.751286927734516
5.4619130439397345
6.368265191586707
8.118085961123562
8.564430190057212
8.649441589452795
8.964182709668664
8.757607498163754
8.532710324005462
8.525646450439337
8.480971495009475
8.162239661190887
8.068430336324457
8.13308201211617
8.024497939553138
7.902480359460478
7.895352113881779
7.650044791215791
7.39526628208876
7.399693775669455
7.316859229068869
6.9851914960805885
7.121715168205724
6.968836927662991
6.791020225240801
6.646955682698626
6.640789080569826
6.51786851147502
6.288607190895089
6.383328490662801
6.132235892711614
5.368514210856403
4.964364159397506
3.7639255485203726
1.3676987525158002
0.0
0.0
0.0
3.127974102879245
5.0588982739774435
6.07979498710177
6.733524950210584
6.953137115831162
6.951389603217604
7.161549682307078
7.211746992672811
7.18220438148322
6.672637704417932
6.397929212306183
6.513825216022261
5.7815423774967805
3.5339086462839333
0.8121661145838914
0.0
0.0
0.0
0.0
0.0
0.0
0.0
0.0
1.4567374022896031
6.496832411172954
7.659291080151898
8.344004744211412
8.823546219829625
8.583576100979705
8.614734419354173
7.401537461901863
7.425260485508965
7.326996934959328
7.130455752600214
7.204587683306856
7.264718694491142
7.478866670092098
7.984045916142553
7.963600482844322
8.340546569993002
8.546950305187568
7.924221812614074
7.653060890646771
7.999163387934275
8.432409620306025
8.774940195998674
8.829835938359725
8.880905561999109
8.89896819139529
8.934290833088024
8.778726413314114
8.739406634255221
8.571492181061302
8.491334931609599
8.24677485675082
8.185227058562456
8.067860427739227
7.829043907424989
7.721174131013023
7.5777930066213814
7.468385669372954
7.245409341407835
7.311712176202701
7.4242016746812975
7.301047076548618
7.026198221802782
7.089199204140115
6.660469982474878
6.574317554035297
6.751742669338156
6.657206736525246
6.364727676464222
6.164446530327216
6.177626980989682
5.4893279199392575
4.140466880851826
1.6837493204248724
0.0
0.0
0.0
2.8046697735560886
5.063534675473118
6.280602192727532
6.754189108282919
7.001039414280817
7.090072960446894
7.151867838820283
7.386798466798995
7.260993562726253
6.419817668794734
6.854478895735658
6.444823002635507
5.944793392801718
4.173402386218228
0.9380222466394406
0.0
0.0
0.0
1.2214621801929055
1.204691277105828
0.1879172584912164
0.0
0.0
2.620497128435826
6.761945891002111
8.148068953200404
8.696494832842758
9.044497804980601
9.053504127984999
9.179283880485942
8.980876613326298
8.201164147018892
8.321728621601045
8.229530316802679
8.231092069859553
8.291720142357978
8.413107598860956
8.52516348518882
8.788809019328916
8.828929531082954
8.782895333667883
8.923063460431976
9.05096461225418
8.996323166297445
9.205404720574464
9.146101996505694
9.291284956301338
9.353217649722042
9.234448705342315
9.069624339686785
9.1337439521464
8.694959693360222
8.665776876998395
8.486107116892299
8.46977015557477
8.194725313235145
8.150953951080544
8.072865778253334
7.934636188167702
7.825418310777668
7.658222389695719
7.668521930054072
7.436797520989966
7.3359256563012405
7.428101774498374
7.110837159483539
6.80188186590776
7.036138040758867
6.836792882853756
6.842590136315896
6.555792495695853
6.385639210946148
6.095970655873343
6.274745473744936
5.476469816303669
4.289086599368762
2.2776141828928265
0.0
0.0
0.0
2.5277410252374173
5.3688920603985135
6.219392311947985
6.6651650210130375
6.99559289885286
7.073460785800389
7.347796899675948
7.214435905120769
7.165491638457038
6.846126010628162
6.8166392706574515
6.859586681762788
6.344352666908585
4.633574155304952
1.0679969340554407
0.0
0.1252781723274776
0.0
0.5826576955591214
1.750704418135065
0.5324322323917797
0.0
0.0
3.1049604267473785
7.439641313861198
8.350724445658296
9.046337785529305
9.530534241615037
9.813151179080949
9.711577784007282
9.381741774202837
9.524806760479825
9.480305112491966
9.247029678997116
9.25906512176052
9.005379472689235
8.89566966380215
9.02552371144512
9.197584667155914
9.456263360326949
9.766438596260102
9.761516170872367
9.534981700228562
9.454583707511041
9.743487392291962
9.60665475562958
9.477836443937973
9.433501788721715
9.280472187119607
9.084905179769317
9.031798228523263
8.890648142961345
9.009772906096133
8.871943489003867
8.555323531813404
8.462114108137806
8.301403957965501
7.893830657662926
7.99472870279232
7.838182962285256
7.794241188195865
7.6382361614625225
7.36663035205801
7.5488311570649085
7.211255364589172
7.012652004422204
7.184553022040926
6.881823522473108
6.860733066432202
7.013081072383394
6.914113270498765
6.472189560665718
6.506631187980745
6.257185782234682
5.565282281522275
4.650106380086181
2.6066423062484967
0.0
0.0
0.0
1.9121583488846694
5.515696806296998
6.335789402643898
6.982952355383388
7.264662890513576
7.175665110027479
7.181303790977286
7.227295448311249
7.245713847618109
7.254300094249202
7.15683165764542
7.011887747975929
6.892117667962125
6.067611851094833
4.155939127476081
2.1622237316235298
1.0717070070068897
1.3382618559763009
1.4737910114833501
0.653332490356464
0.1252781723274776
0.0
0.0
4.239493714771943
8.185162345478396
9.12608772096198
9.71666828708782
10.181990688665719
10.216107762873921
10.560204255647376
10.465054497220942
10.16784092108805
10.138727211126156
10.1024132740352
9.859817701341267
9.590566460001783
9.584452610064975
9.428034695558136
9.732076801595896
9.618372337215218
9.886261105779099
9.978375953790202
10.206022628910633
10.131044426855516
10.01311206382594
9.784656630127026
9.8463429528641
9.82874815002622
9.733973156086243
9.293940857420445
9.138101339293277
9.122461851354831
9.000752645964361
8.774458879216988
8.780857974317334
8.465585959350358
8.285731708560082
7.974405141395642
7.971438854745492
7.942755506695768
7.6386958979562145
7.457286183594752
7.479528107710235
7.211785599180712
7.061365499056185
7.455666739052007
7.292159164535169
7.243442829073266
7.2087972241709615
6.85277478194441
6.91619874159003
6.656824608302108
6.321783474784004
6.399025093069508
5.774248775322874
4.91520711033849
3.306314750907675
0.0
0.0
0.0
1.4620215784847304
4.96264129691772
6.322641438033932
7.0140084573318
7.390874554188042
7.215075639572813
7.41750820620425
7.408688984722842
7.283987970979275
7.498026331850527
7.432001874315443
7.4119225021464
7.377751314115754
6.91798486071149
6.440338751214157
6.066210773741187
5.565340280080439
4.964108848200879
3.9366705575048475
2.6407856290786818
0.5660083185638421
0.8121709832517812
2.218188133635115
5.5032842403626905
9.179749098775378
9.65219058696319
10.21349093187324
10.603028680639545
10.667093081780534
10.853903053242158
10.858004111550338
10.921590496480091
10.878571019315215
10.684287137642666
10.385006250336644
10.008425955907068
9.92111842032734
9.909146142743738
9.897409767552654
10.111514564876959
10.12422006445424
10.245863247109432
10.337963494409609
10.291193615478287
10.404190487025602
10.10485917775591
9.76189279767489
9.921054564754835
9.94986427102766
9.596072834791963
9.256591363258769
9.185127941888659
9.021180261425625
9.04975271913939
8.916636158419422
8.63836290581818
8.370152515999987
8.43004382972315
8.155181758095894
7.883457396669486
7.826467663678892
7.705701863911534
7.620585878949656
7.4150315113180385
7.626954925472883
7.2565303034655795
7.165263707255204
6.907652108714571
7.068544504963974
6.974556071453583
6.826564067479809
6.654913967186418
6.743731834291771
6.208475337037446
5.7955691295358704
5.101451012486395
3.611157537173419
0.2505563446549552
0.0
0.0
0.9512911615454135
5.002736020742639
6.283095793005146
6.995592898852861
7.461077488799982
7.329754537939328
7.287959602156305
7.151385142217465
7.460550095036364
7.732319275013769
7.741491713397955
7.807867577124686
7.804628625075108
7.518401292491333
7.151097491721106
7.083047144312681
6.693539780003663
6.5355106340556155
6.456561413109617
6.726659891316621
6.632134808261123
8.47037950127145
9.286396504878597
9.939147934768998
9.998881328695521
10.203330774463081
10.731681556638716
11.039406611425017
11.4593795328301
11.421048978077726
11.32701460917915
11.23633746244658
11.182495899451142
11.04547796731373
10.56601514191604
10.395219761323625
10.45611776694696
10.449632062385401
10.170520362940755
10.389766832968421
10.342154499827778
10.387315550190959
10.541063127514475
10.590985197878204
10.391619666043209
10.430541541413458
10.544661135101682
10.294943670615547
10.02189407680517
9.868911098055111
9.742051247286883
9.540743497308759
9.323625304961956
9.154621587441845
9.039789055369807
8.747353204040673
8.549960166493452
8.178957560899114
8.280925387163725
7.996398780604075
7.730137385512371
7.724867384930278
7.618243001031411
7.512659188591618
7.442999361383376
7.4242016746813
7.0885623105159885
7.313645763685206
7.044081303112929
6.962525587409078
6.927364400808578
6.589087738341466
6.520730822644292
6.499173990472789
6.061491340761194
5.305224319744637
3.5810284994088724
0.2505563446549552
0.0
0.0
0.6525504674481435
4.870293945635058
6.498852552149146
7.21336998329214
7.45332923279569
7.292159164535171
7.225856329740303
7.195901915300503
7.329267953504168
7.835127598670206
8.052387207451561
8.15941554412299
8.178791326839288
7.910066305213174
7.749772020342863
7.677226922297616
7.322761606900486
7.5440469589629
7.598055298560318
7.405032980315163
8.217075779302586
10.656935949319983
10.84095901491272
10.809973866405802
10.761517743685898
10.960992747008218
11.41739073494193
11.532098763858198
11.793443370924605
11.78465742529503
11.754151636255772
11.691705227418963
11.645131352958087
11.244249006692765
10.664775634037694
10.44989033867019
10.752211660131003
10.408573059161283
10.450256602450127
10.693558769856692
10.819595023686707
10.91736360997732
10.909021307278024
10.823031856527384
10.826862676905046
10.539672393394664
10.269367445082047
10.376653440922158
10.29387305733099
10.0517118073389
9.776353381580098
9.680753838325282
9.239418975482504
9.156253176967367
8.797044608648665
8.672279730531997
8.620609497834966
8.236659722549168
8.282341916934016
7.908154806090272
7.9924067786099755
7.630641247192207
7.697421556966634
7.372532729889629
7.409532018998125
7.138179236483826
7.3176503197142955
7.101457619386446
7.008944070126983
6.99542977035073
6.792276109770717
6.8804045094410595
6.86563432513489
6.602329409755084
6.33619327203788
5.927524552041654
4.410281869821947
0.7974959484973011
0.0
0.156597715409347
1.4342999239852665
5.830513139075876
6.629295391335809
7.0406013000195395
7.139544620874245
7.322077813294995
7.57641229956841
7.52455118925489
7.43679752098997
8.150197911630153
8.12918972908117
8.325455694626992
8.228924746281853
8.411352509404566
8.19540238640747
8.148642175738548
8.051680070634971
7.983708174178618
8.064811127489332
8.03400126159566
9.264331791292873
11.840541702720515
12.023644208101683
11.724565701858996
11.250214293443184
10.911038886784722
11.796926210543868
12.125983947940648
12.144863345479244
12.198261948448819
12.034592653927719
11.961119631938141
11.734118819582843
11.353995958027799
10.195089618974153
10.125488018082189
10.586704034737433
10.85579876299478
10.922970819343812
11.068857456661378
11.139087811876019
11.254261210393489
11.053696340883436
10.99163662097478
11.063630373831739
10.741335406500069
10.57185028791857
10.520143704268827
10.238064498409933
9.930904337023863
9.645252187711549
9.885941827916579
9.60179199061284
9.303443108628786
9.010598340588007
8.7891691742303
8.549381698312322
8.36630918179867
8.30680533039541
8.228919500638868
8.081403718714894
7.860765010520729
7.5803692503674736
7.420301574864227
7.379898152422119
7.188453121857998
7.135081361613573
6.977778468318065
6.980221586602546
7.144117379995423
6.849019907911136
6.858703466559815
6.937007110372107
6.64671776518523
6.535144130680368
6.242415597928511
5.534484021289645
3.7554130010836264
2.9539505901119023
3.86276578171122
5.624187998370667
6.40478810524845
6.655296095409556
6.917727254482582
7.287432208392685
7.251048022357643
7.507264152483718
7.354454602473023
7.252330741086716
8.470365206608324
8.513367173451645
8.611280016290225
8.612380227859857
8.671233559845298
8.72248284830084
8.682513465693729
8.793253666861455
8.85051085252248
9.086556048753065
8.559477505638965
10.202599777255008
12.942089897874034
13.099644295358356
12.375626778365064
11.20433152756346
10.245724164315119
11.793943777951968
12.258743146409586
12.361965832335033
12.443323037775048
12.381236628585889
11.888825314566724
11.658073516127958
10.947545170592553
9.84234163269991
9.416642172175466
9.525047435050102
10.437304705188813
11.402022858579997
11.591738576461184
11.531653597059531
11.512834259335591
11.463278725497263
11.37800194257406
11.215766085314431
10.969194925723398
10.759836040700854
10.615233119840186
10.35012256653295
10.20769109788693
9.932158890853389
9.592416936890402
9.69864261878773
9.395845215303668
9.122695244672816
8.81445700973443
8.710132394662706
8.882350848431887
8.564437068188777
8.12955835241154
7.979089915337494
7.840070823850887
7.759828103070359
7.430595680596559
7.440102569773487
7.345003531015975
7.218443301977784
7.114808790660569
6.877783240520721
7.044682431057075
6.968564299300357
6.809294893670282
6.649248452037454
6.493627434080523
6.438299524236615
6.43965857446638
5.770358157574247
5.046506096356627
4.419950911933931
4.708846140232701
6.5303206744893165
6.788461215085831
7.1824323126850524
7.068553436444797
7.37320468394507
7.253017375520131
7.3905064010942185
7.2876959052744965
7.317878250916132
8.67092867749577
8.661186096533536
8.871683574462574
9.081695828710206
8.880299615441713
9.053870706004748
9.160644699056997
9.153894526193266
9.372504864017174
9.588179714333696
9.364053860291904
11.297602673589093
13.584861124944915
13.623273781056497
12.790717747293083
10.32325303466369
10.044042518031807
11.417320340406983
12.299358697321868
12.518296754837854
12.299120366851962
11.92667065077519
11.544714447434266
11.25078868232552
10.005345573966459
9.372307516959207
9.702822492404424
9.324989357447
10.080273292406236
11.426234682260889
11.984871795292952
11.981321536853056
11.843787938906111
11.79897017664559
11.663376999884404
11.497784662253206
11.264263231661252
11.173027077813037
10.655027418000252
10.381499870773245
10.325560746712414
10.245606215545127
9.979128481103194
9.634767871960202
9.40537263834413
9.184040986867391
9.066099672423777
9.043452882554245
8.533830835172928
8.23677705397519
8.240546713741299
7.980462834316849
7.840228822761849
7.926754892644478
7.546985278892234
7.3923694904788695
7.397919428856741
7.4016960536840015
6.942463084696259
6.944592725532956
6.835396108274379
6.91548811378538
6.6810151817905155
6.747987795304881
6.525657333300025
6.439514363756637
6.514564220515492
6.2270621750162904
5.743751428216467
5.052261046103367
5.547447394280831
6.911187983026838
6.7816651661736325
6.942735713058893
7.066320386400501
7.261748887691704
7.435550567940876
7.342086687366186
7.1658648351993515
7.4497285955404084
8.932275646357867
9.105271768758929
9.265357006979622
9.393471358634448
9.300613247245003
9.472120435116867
9.725771384941575
9.657479887585163
9.83473428881802
10.17033118231213
9.719770623672025
11.724965241217333
13.993065131488555
14.236760438526666
12.444863156779192
10.523273836816076
9.418044815894406
10.436044495735231
11.516294269873809
11.783719254813823
11.488582250436789
11.095675399729172
10.954712880949149
10.548512152299253
9.001558842878815
8.74414605497664
8.97817164583556
9.936353399593509
10.427885849967982
11.26312394351036
12.299202360488492
12.357050205178307
12.172575286452727
12.026508839511003
11.866127621547557
11.796562775324436
11.292475898599665
11.273477803898754
10.78987856613132
10.675048071028996
10.546236225306867
10.063630856526114
10.061370012890418
9.713045853752933
9.45400658665077
9.29132100256135
9.208462601201505
9.175999542976834
8.711483447698924
8.451341181438956
8.165436098418855
7.84616995577932
7.649713437064044
7.576939693332032
7.444141858220454
7.495915259224143
7.1157920468278535
7.152404164064726
6.984045111411175
6.8758853789615095
6.867043879270744
6.554671362979484
6.4732854414290415
6.2623112616751575
6.4858133603024735
6.288607190895088
6.157991506778931
6.135122896945678
6.0504713537202335
5.802283811768395
5.528459484129919
6.728698480519161
6.95129512549083
7.207322339920033
7.1077331939603825
7.087576213520786
7.376133367144914
7.351133840049426
7.193511418409912
7.173659991185013
9.322994672554168
9.503678965064609
9.480159334033551
9.601785483980338
9.771618327708365
9.879762387952534
10.132533638357074
10.289568941478736
10.308917738735465
10.470039726210533
10.119186231063717
11.91501406857036
14.116995892147946
14.770054666445834
12.478727163055591
10.391437467934605
8.071982483441534
9.322371614472159
10.316011107011212
9.515393225903821
10.943122075512525
10.720184054396723
10.297921750893225
9.34461089712027
7.327834488788292
6.997430682021125
8.166105163215859
9.675026762263617
11.129483996798466
12.267406010468001
12.743679896518929
12.909611018689226
12.594602386266029
12.431180144354704
12.262272759869504
12.104174364351149
11.650817704642629
11.273491927144793
11.106681612538697
10.682126624882594
10.602459644146782
10.21849142029642
10.317966920720878
9.639942433687281
9.563507329760892
9.50198161742906
9.157668107659257
8.823499410742714
8.686985645198503
8.606477671002787
8.165414269923449
8.078906954676945
7.839379452164551
7.714181199974183
7.56506340630884
7.412852781421726
7.109948381043031
7.163024566558008
6.827437823786588
6.601590405261853
6.741175895486503
6.668418808066476
6.411600005066829
6.377302588461543
6.145405598492423
6.091796846486446
6.411077176916149
6.109475496753402
6.252352698938477
5.542003862182133
5.640432702189334
6.567530906169964
6.8843130530802705
6.9365249411846595
7.270636799705153
7.091879185107249
7.329526606737497
7.062348755223468
7.386306838715352
7.077814545200559
9.615920165520421
9.692343708765907
9.926040920372968
10.081463296211238
10.230403962851128
10.360366560230501
10.297312727327116
10.350560662819088
10.626236904222262
10.775935052589716
10.462801956978359
9.632265442535976
5.044261755630068
8.680895173182227
9.923598491397497
6.678537499502741
4.385778730933891
6.590683529297216
9.03646763061223
7.874945243949778
6.169194697082925
7.230804998245234
7.928396658529093
4.24005060920601
5.2819694306294185
5.559238933777418
7.254253360051362
10.126237029667744
12.086678040619269
12.738832037746045
13.003006574104642
12.935626942286234
12.94231206023091
12.77891489087028
12.64998076376854
12.401615285075817
12.048437800075034
11.723276518912423
11.159085615255956
10.914111736916242
10.650270605150936
10.423823907994207
10.18916513962565
10.044468728628686
9.834357662015503
9.361922943179556
9.054254291326341
8.930269308148695
8.741783923779002
8.562407392596265
8.189684328986745
7.907615045502713
7.729284072223022
7.625205538052201
7.31039369179365
7.189729749934168
6.826564067479809
6.8845415116974715
6.753653310453845
6.467263050009985
6.274172421132294
6.1613433497506
5.810140523680656
5.999901050757523
6.113995186121201
5.986255509949923
6.198862905689199
6.05740221229531
6.187015722451796
5.803118314848464
5.755257995165875
6.654056003936488
6.7858274203830895
6.640908039326524
6.713928296212991
7.2602740034407764
7.174154460096575
7.144460901710663
7.137770274061531
7.3764328297067
10.047914415523064
10.270564524791133
10.263083809233681
10.392177979186407
10.570379672491118
10.773565666945359
10.92411526671758
11.018991629268868
11.011192772036436
11.420593835378195
9.968639363214116
5.191093422026463
9.948748590876104
6.786049078212781
1.8982343110873403
2.54495271607346
3.3012333807148786
4.825211687549505
7.957903752364654
9.692790012443272
8.378567310478306
3.672641704613149
0.3874867513426219
0.469793146228041
3.310405989312966
4.231700671870317
7.199673990568356
11.056580381083778
12.383019298960827
13.044054410841827
13.28616947326422
13.452594485328632
13.069738642382424
12.992711460248715
12.929528117800317
12.785839400709309
12.164145441055897
11.931511798253695
11.725384142337491
11.311986893932843
10.888904783272967
10.708667306833672
10.447329386308322
10.012425051882287
9.546307221038937
9.337221774774596
9.072134144448555
8.93426804743966
8.659613370159171
8.64540744867366
8.067737480023299
8.025849030037083
7.629162488851265
7.532807251292704
7.303807520356534
6.6421986347056805
6.330430259858938
6.074444870199454
5.408322834035738
5.26342056961704
5.373860595165639
4.891541463411411
5.027371084019262
5.072840783681453
5.775682949739352
5.734670850901541
5.8805952146567
5.993662203551789
5.767409267004913
5.11624042131904
4.687865870843937
6.0425693676830985
6.141671627297616
6.161224390993902
6.547884715114151
6.999128773165126
7.2271032827894
7.1814490565177715
7.281002436797448
7.364084966639764
10.663942851061243
10.743936721002127
10.824056273369578
10.725520342761103
11.0432241589847
11.187861912836329
11.420604380169987
11.512343809430336
11.85758699565116
12.087789994657637
7.648931677070285
8.674421859620438
10.12059225437853
4.2787020736672625
2.6244616299777888
3.5537959445217613
2.0431646859866217
1.9749712293025252
6.262141865638015
7.6555589639136805
6.387097504434196
2.2903636333027535
0.8572798975706624
0.4814453805882301
1.521441330834769
1.9424781293059963
7.530549026491797
11.263647212368053
12.800657231802388
13.282017615478916
13.655912525840405
13.60775085527978
13.397574537771828
13.055958043800937
13.144280432934115
12.863154421973187
12.29495986835935
11.962798522473195
11.73266322959293
11.201281860003704
10.932303998173365
10.55045072415735
10.443056740822081
9.921871673932383
9.659742967993965
9.504291246032016
9.262753918922318
8.822763797556718
8.560427294973172
8.376248418502993
8.230346567895008
7.9330440008196454
7.640677090668752
7.546523981862554
7.193971168645914
6.963171412514026
5.884162431963554
5.033669330571602
2.3363909026253658
0.551338152477252
1.6511191319345946
1.2724257366313918
1.5269211467433144
3.4700073399958447
5.215589304926543
5.568954538487345
5.63210193788838
5.497316519930878
4.970374327704386
4.338703521721038
3.8123877635586747
5.526653842713516
5.390022330904999
5.648832003871487
6.402163711592575
7.026758500661778
6.96971068396977
6.960559075074513
7.293142420702455
7.190982793636165
11.249767385514826
11.182694542648631
11.563941552940726
11.620401623466037
11.776813295507061
11.829884875189741
12.184381895119385
12.350424086441071
12.764673579373577
11.03318813635159
7.339794965030977
10.0830407441841
13.00670079956211
8.770380875350012
2.2914381722253983
3.574293151690231
2.5857982246372795
7.9393967413888555
7.5701839392469745
7.254968865720968
4.109098003778995
0.5637517754736491
1.3700448212407612
1.6788623376966612
1.3263322894346075
4.105293971068126
9.713438181033991
12.01306053451049
13.296749982294106
13.847198809880819
13.960423230858801
13.863826744262685
13.798810888814295
13.644582325825851
13.336470757491586
13.046777394312626
12.604484237112807
12.18092629361111
11.767038954253476
11.616725563250858
10.959971559546904
10.653372189422386
10.437977796115476
10.084015026918932
9.909393323946526
9.706874654876122
9.487857652407735
9.095464959730421
8.594102578703378
8.466011628063628
8.048473095921151
7.781310113645427
7.764128774845095
7.2424238072260065
6.719278091336922
6.259164598756854
3.7758449737074185
2.2141925648406273
0.3678194426209416
0.0
0.0
1.4467734526700682
3.9797711393731907
4.3573569941076515
4.3849542646174955
4.150190109568177
3.4710510549813574
4.378968492532263
4.679993400699453
3.952735408052456
2.962885598800525
4.478255256176285
5.013251780732708
5.094207304341676
5.809567471068012
6.433322509674793
6.763290456779841
7.07694078889378
7.142224601841383
7.37597696730304
11.808237673534325
12.110980232049053
12.118133946826099
12.371207917764167
12.370866064094287
12.53674650459523
12.71992243630882
12.955390529987941
13.649755889156284
13.65177597607084
13.282983054011362
15.320130244429661
19.469769524782116
19.20083350046422
7.976376651368104
3.0904264187850963
4.32100552104456
3.303561671792626
3.1034254487821245
2.420488222987832
2.6962325655010337
1.7614574309485038
0.9512385268162704
1.628616240257207
1.3130334721693282
5.522243848744411
10.097110433611787
12.552192121304822
13.612306055791102
13.852436182544539
14.170001347061964
14.14390986101478
13.879597015167048
13.67157621006555
13.16962959243108
13.073637478747028
12.751731251694705
12.277850312849607
11.964495930620577
11.363418367232464
10.969745138900056
10.672454733460635
10.363307791085411
10.003820347635079
9.677962586999834
9.375870775456116
9.225078994063901
8.936596987244723
8.59313487042902
8.351766794617118
8.046390783988095
7.866053475547544
7.5910304759315315
7.042890221282712
6.65076106063799
5.783874896072223
3.685623640360307
0.4304585287846804
0.0
0.0
0.0
1.2109632041959097
4.062087113551685
3.8449405478228136
3.47796863273693
1.812623384206822
0.3758345169824328
0.297144647823599
0.3794716769811307
0.7929942285018325
0.4071540600643022
3.323071392465238
4.807620129752522
5.086703393153954
5.965127799125447
6.515303225008723
6.7546901952627545
6.927364400808578
7.054710637087034
7.150775082792495
12.498091286433409
12.654550608268861
12.824391173660617
12.916210184370788
13.252042880389784
13.251441214404574
13.719015790655076
13.566598389568163
14.194438884634197
14.296791067694764
13.933780178216683
15.93307550432054
20.53407918816503
20.616176074664217
19.065338967459233
7.996803026755167
4.566618632519323
4.110552809868959
4.050590913901641
3.3466851477160935
1.4863260076399103
3.5205902287759274
2.3956634782888644
2.384032462869731
3.322256326705263
5.655771816803627
10.216768734281418
13.10700785924518
13.831362431223393
14.371329390711702
14.345152412607044
14.503323638422758
14.057125721485255
13.798980135616885
13.565204339490645
13.175022020773989
12.739501106671955
12.310298419140743
11.592653588217665
11.235467491250892
10.853527300218675
10.723275574041265
10.545667563880947
10.306095985026838
9.83511742225304
9.32710155062519
9.238140737870692
8.849451379940772
8.480384837879361
8.23112443584081
8.149763849013437
7.834123303021222
7.447163158082262
7.085212550829356
6.211794693956612
6.1258044021173585
4.774114019613505
1.4938984470225587
0.0
0.0
0.22285332729967114
2.6021029832503944
3.305723933239618
3.3227533820396595
1.168911282572715
0.0
0.1252781723274776
0.0
0.0
1.5199391878344661
0.8645542175680583
1.1668768515307346
4.699243950878198
4.7181804362232835
5.963408641287516
6.756328208015811
6.638684691686174
7.042662290080882
7.213337058440079
7.250064766190361
13.25516856663345
13.324287080367682
13.55518499591593
13.551488498669668
13.750914798475831
13.939530866891117
14.384715953838032
14.650627402831226
15.29541647363232
15.54295473809689
15.31374147692471
16.616271633986663
22.017622317554164
22.46558910784361
16.10324593497353
5.980213381678263
5.108302924039293
4.468671414287803
4.334605052441141
4.450677114409354
4.105523724358198
1.5865384378648018
3.8552519680520314
4.6984239739988505
4.805599044204547
6.444021997524196
10.175302767276921
13.707607340251528
14.371772475714614
14.802026889248392
15.097226992426457
14.792780687033984
14.502934723048353
14.089558509669276
13.804577123502536
13.213621052019768
12.78691625047211
12.371874063460856
11.645123594368048
11.011223827797794
10.684303420442845
10.435582391976826
10.446862417533115
10.023965739812247
9.516734360277006
9.333494670505873
9.179934108796362
9.01658948096077
8.625968482808123
8.370752812676526
8.028316501953059
7.823314170349206
7.364364377161655
6.932224810426118
6.369034141383422
5.863520384055877
5.086119507212567
2.7769837249313265
0.1252781723274776
0.17990218412972517
2.5386181536239762
3.621913568682343
2.5617503549502367
2.12010587975181
1.283360511992549
0.0
0.0
0.0
0.1252781723274776
1.368480775424121
1.2381641919173278
0.7705955883224502
4.839257406547374
5.721785238087732
6.129003008496642
6.609141309573462
6.700686624799373
7.044901430778084
6.983553483327533
7.058415730554336
13.816113040508702
13.890314358803677
14.408934493351405
14.316547226532151
14.76928501636923
14.796587892344538
15.185222488042923
15.701775746117722
16.37472983288238
16.629742835454095
16.272700052903055
17.512489859530653
23.612430784982728
24.19927621925187
12.804349428598698
6.281329642043326
5.513758516722797
5.443928019813007
5.369367524521603
4.904377900389512
5.06576530052789
3.702092419287946
4.050140085807499
5.19174798685076
5.158508617106633
6.697913374415349
10.538131777031156
14.16720254068051
15.435779838266154
15.833306751311506
15.69377518106035
15.400839169627028
14.819574581953097
14.502150340727717
13.890507175621686
13.453799274983037
12.941486374877789
12.062709235248605
11.460203430333012
10.981272051268624
10.743646208049775
10.640525050594606
10.34678074753732
10.115763696049726
9.753646898067961
9.452040685590104
8.958191569295904
8.702764293058378
8.38653945020197
8.455118830870642
7.954145430162126
7.3913504686316065
6.864159440883965
6.467382008766682
5.978200287320405
5.900695779012586
4.910818620544045
3.8877010704214374
3.07303002866175
3.0409837584936548
3.6580790545686352
3.1427577263738735
0.8842215262897385
0.0
0.0
0.0
0.0
0.3168325908173919
2.8678139064951473
3.56600550433791
2.825706613361057
2.601990044741765
4.1516817327942706
6.023660182677376
6.362820825574859
6.674848579661716
6.800190224513076
6.931733182342476
7.058415730554335
7.048280865491792
14.644396735869126
15.05305181604353
15.268333742276102
15.587420173210377
15.779311705326455
16.146294265670406
16.510693772915577
16.81272093788783
17.22014712394668
17.388764246958733
17.33533193051995
18.185629168086752
25.641348421818712
26.522870300733622
12.305410653137349
7.116502674632503
6.549397323714686
5.853477319021544
5.488472870353534
5.662909897364191
5.798391475020754
5.310357810550044
3.66607174691255
4.374370622662563
4.506915708269106
6.485171852839222
10.18022248822703
14.22767061089143
15.692568302560232
16.34921667077797
16.39156997259951
16.023590191521144
15.36292736512299
14.94558621264801
14.236778642987037
13.397919794062387
12.404729304278181
11.623952904916607
11.182915004277955
10.689520397896285
10.683701715087782
10.700532591867523
10.35205762567363
9.713735251785467
9.51229979066233
9.284463925145547
8.787396261082986
8.505885507740121
8.221538867186485
7.664232001603186
7.32476672574295
7.037597902876062
6.606873792187679
6.178308247477366
5.830654973088984
5.473269174510088
4.96669970316306
4.376637920459134
3.5682348061617475
2.9711941579651953
2.726724213394463
0.7625392454167338
0.0
0.0
0.0
0.0
0.0
2.3317330722309517
3.6907445530090275
3.3179128587836555
3.3085105605194145
4.260153425296227
5.495507198680633
5.850846887701984
6.309042890350222
6.635505693644
6.6792582102807625
6.791151963553976
7.0387442875454775
7.093170835317143
16.007227078338854
16.120748332250745
16.370892932913513
16.562357709771447
16.931385141346173
17.074696027472456
17.143239088354928
17.76149693949563
17.958986487230987
18.693077656111072
18.68662077994268
18.79648761345247
28.341419539452925
29.05099391379557
15.23006723370939
7.5126072449617585
7.3229180067423565
6.907911957520726
6.334427121076058
6.433322509674793
6.737736741478261
6.616416930352941
3.651407709439562
5.690145304549264
6.998760118670299
6.183425961966732
10.405917129646953
13.51588956093912
15.537957345321963
16.435652104175297
16.722792577350322
16.446999213694493
15.759066050900913
14.791405372217575
14.154926929647795
12.862297844806536
11.166625202307955
10.512975687126447
9.790236110621288
10.048339484277072
10.544339260309428
10.461390803433062
10.062248591551581
9.604918286228267
9.177532442814652
8.896639283334103
8.283488362010301
7.907600055285477
7.242837426825285
6.9512354061962975
6.413269794055502
6.296013884496954
6.157299495409589
6.188301088049737
5.3000573712059404
4.791807719793231
4.340611099142711
4.004621839005292
2.5469022868123132
1.6467607717064714
0.313195430818694
0.0
0.0
0.0
0.0
0.0
0.0
0.8050338020187706
3.7321039001158365
3.67953487793888
3.3871451338561545
4.7338313751432795
5.434147453872353
5.987695551695138
6.446037842155531
6.743468664825331
6.92366539799418
7.0783061732842
7.007469185876058
7.019837100982897
16.853980971688742
17.064971548686444
17.22928977504266
17.4579281978026
17.564668015958762
18.035617754522125
18.158624754163174
18.638171534205828
19.804217954036297
20.84425761627725
20.89699084679902
19.870298214935186
31.490402469656306
32.61110761809165
23.053652277210563
7.813014629990848
7.424130143321339
7.467015632311581
7.086592957353504
7.04686794311265
7.283724274097466
7.1553539325665785
5.094934405489643
10.40689237009629
5.295274575939618
4.306508746821304
7.800251619387369
12.399214765409338
14.819365792433961
16.604547299426546
17.004297137980082
16.80917543847056
15.58761919864578
14.53655189032717
12.564327361042688
10.175033775879562
8.803087822944388
7.929391004417335
9.289910540389366
10.046163764833242
10.004873974119826
9.834676939878019
9.771241700905843
8.942934440270813
8.407098686772416
7.047352493942154
5.2232132867309895
5.37284756785229
5.5392465196574925
5.751618083003017
5.547358054630004
5.783329352637798
5.92160731349451
6.037788227847873
5.608780223974999
4.623655479031556
3.5439923555117057
3.3967168337506624
0.8288154915791706
0.4617780718665498
0.5637517754736491
0.0
0.0
0.0
0.0
0.0
0.0
0.5011126893099104
3.6224915284104147
3.4535907816488587
3.5459363958902723
4.820631229620658
5.673920931306678
6.114352062391296
6.5322313156050065
6.688353420541773
6.795671094033525
6.954229871858953
7.008070313820202
6.978364574128484
17.669422008557344
17.87919767425829
18.10297557829697
18.51905032498946
18.7969317277973
18.99199393050312
19.64752948797473
20.401097641272646
21.83944832900801
23.410275850523803
23.220713567980376
21.530124225006052
35.45661955632473
37.31081519547951
35.8028283323293
11.379387200291553
8.174844573798788
7.936524049733342
7.446692615300627
7.432375399071201
7.77249004611296
7.379764007440713
5.58651329349938
8.255064249526828
3.611677451058884
4.2824389240630705
6.732168723359276
9.381944603580235
14.846541773401414
15.745226472620445
15.828142514621396
16.75244662182797
15.635061775340779
12.648825708331005
4.857023945185216
6.053081909552607
5.752251901799099
7.249847474694003
8.672153048049575
9.08819454239707
9.690409732445804
9.567362145174616
9.194894892256888
8.290362609574101
6.894170964104453
2.1155418703940776
2.1612544809953245
3.571850822908192
4.039412957374789
4.681580900155404
5.116674007411069
5.829786994180594
5.967594987339253
5.84570707981348
5.191139737868696
4.639179717974506
4.026649336234514
3.498445205633288
2.738376447754651
0.8252196001246979
0.0
0.0
0.0
0.0
0.0
0.0
0.0
0.6636041078081483
4.039516639269522
3.6297999252888484
3.599499129110325
4.701926622979067
5.8636538498839625
6.1074212038162194
6.527924850685808
6.7092902069767435
6.667535592863502
6.775758412850988
6.9627892842908885
7.117868059022923
18.637524193191002
18.913170029565986
19.358622437064582
19.764087372687527
20.052145218592464
20.385770216031855
21.18836355885498
22.781333822975895
24.343348076461066
26.06103337543049
26.71286607192172
24.842387047715835
38.591942141854226
42.87464415089368
41.829490927915046
12.112085612113965
9.473113925266818
9.215952848100198
8.539092735300306
8.160951707656293
8.196185546196133
7.225591662702815
4.338365283080274
6.85120427202806
7.778616954059718
7.185657670051738
4.985931349402873
8.700958107601656
15.053592333759738
15.68238599814165
17.360027475270172
17.131003432469452
13.631861404557103
5.454106377315372
0.8673474518420983
3.41018502890756
4.970850598551809
5.486910652188495
7.483577065967001
8.987603366885049
9.471130552827265
9.090964021200074
8.330836418178418
6.644207364158486
2.0345132633223226
0.313195430818694
0.0
0.3750318598019997
3.0878229539092192
4.688699951332446
5.0759794525605715
5.938390312714413
6.159721409498519
5.966830730892975
5.233338540121851
4.388756717494261
1.748133220220437
1.0335449217016894
1.8121555843856298
0.8492648232091712
0.0
0.0
0.0
0.0
0.0
0.0
0.0
1.185564834089726
4.290307953912673
3.514598575320002
4.101182230148017
5.373327850677862
5.87581994215021
6.323261483770467
6.377637723560793
6.82896633667914
6.680395136053982
6.781555666313128
6.850153513024071
7.085118073102579
19.780660324852178
20.165358818830555
20.67357812889709
20.95105094004543
21.30241242781945
22.47274325310719
23.63218210416757
25.2070068283641
26.997311633868605
28.932364776773934
29.93289056845701
29.20912937466206
41.68944827065161
44.28776042888047
24.64742447585002
7.248900555981169
8.532802521660033
9.516913640021558
8.979786151347088
8.75685801133813
7.879583115711856
13.038462979875371
10.338391821420316
8.653591296472428
8.214436906225309
4.674876344990755
8.425592671863624
14.800987767586577
17.214685492147204
18.502553621804218
18.38770121743546
16.04970298501031
4.054714780926854
0.5477216267506667
2.332828621861171
2.884155418838999
1.797567112032561
5.3537584026320255
7.782322168860961
9.50878810076498
9.017260583602289
8.091504898240556
7.109655787883588
2.586551731596488
0.0
0.0626390861637388
0.0
0.0
1.734075675411899
4.718196154325702
5.96671033258139
6.378232517344281
6.268171491439955
6.044686600370447
4.648710089368042
2.919012013142134
0.36781944262094163
0.0
0.0
0.313195430818694
0.0
0.0
0.0
0.0
0.0
0.0
0.0
3.1727799909674594
4.19259798317139
3.626994093026245
4.541445384192551
5.488225109287212
5.800344402042361
5.8099026061672605
6.087655774559583
6.614424696499288
6.721504452477645
6.607121168597268
6.6708305361620015
6.985614473388875
20.995396962863985
21.59535560681067
22.29159831517636
22.84822463720706
23.574126287132977
24.518250439875207
26.414447418505304
27.874992390404948
29.75900004759303
32.32855293341076
33.72929542488989
25.506753026151866
19.224743188831557
33.22790447123182
35.98020107332582
12.077374998584562
9.518590014209577
13.644309237518529
19.819102613593238
29.088563617946143
32.54641973198481
37.53485936966217
29.97817877654299
11.088531011459816
6.245037068095422
8.173775421220165
21.251074427955906
20.9638042107114
22.166435016757056
20.96338339791034
17.331564542803154
5.036676815872707
1.9322738194419933
2.284083747612065
2.808000974106211
2.461701765833166
4.27239330717313
7.878112374507345
9.509005389996496
9.30339977697677
7.086324468465001
4.861336232305735
4.118924934133208
3.0512706378463172
0.3445149739005634
0.0
0.2505563446549552
0.0
0.5579726099302385
3.4806881760563373
6.34188403913989
6.527593226368759
6.253379845407065
6.078054088092994
2.712959351095945
0.45012583750636076
0.3758345169824328
0.0
0.0
0.1252781723274776
0.0
0.0
0.0
0.0
0.0
0.0
0.7378747940599636
4.048632412953866
4.125173084904801
3.4901575582809667
4.323596049738148
5.152008319433475
5.331589374187935
5.752479204806852
6.507871279453812
6.737038893230091
6.6400342830197445
6.6806330535673775
6.637535293516388
6.751044821089985
22.648582803079652
23.221606124513926
23.8161660274602
24.94293129787962
25.90225441479189
27.098381986600643
28.88533650635227
30.758305782047223
32.98302667544701
35.78789970973338
37.8003908728325
38.77937338613679
15.869987390339412
36.33028724340803
43.96524601968497
34.99413422784073
19.128271762786465
49.86884141995994
56.13079513803549
52.7258543902024
48.47163290596639
44.51134326321502
40.64325541424724
16.270222581110797
12.701091300773259
29.687148107354133
28.948020840888734
26.709453236259854
24.402203190464974
21.834455603746868
8.52858171391034
10.696077341217082
7.156166899542726
3.072947491573301
2.505373029095098
5.202032004988284
9.386536939494023
10.464582651415313
10.008065773340588
8.591170506342426
3.8019060391345114
3.3403795770363134
3.292977682239624
3.212671132535006
1.7990218412972498
0.4144077457895854
0.313195430818694
1.988023848341079
3.728317388090041
2.7124955601261154
5.262579493497108
6.397045997103209
6.329954424832147
6.231037295062567
4.837058520663084
1.4606962573983193
0.0
0.0
0.0
0.37947167698113066
0.2505563446549552
0.0
0.0
0.0
0.0
0.0
0.0
3.0235698959547346
3.5856382271984106
4.157416658327264
4.122657258501067
4.491627238464811
5.332754120880602
5.7260208344885335
6.1426268081333975
6.288607190895087
6.715838937328681
6.587177097225776
6.7865664248763204
7.046376315029009
24.45530234596079
25.019918083196266
26.095875594155608
27.078254947005124
28.767317552417868
30.167304924892417
31.835433434592105
33.915217682867215
35.99794498064087
38.745799634051124
41.43467315715903
42.65429086281085
40.55843488750685
18.814685080012868
34.66145627887037
37.18661150157612
65.88833096443169
69.71364382017984
66.14066258491445
62.21773075479208
57.14968790642751
51.44589884863015
34.09855385295649
11.841271550352374
35.85663830813115
34.831004119970935
31.765435806976015
28.605821527799634
26.214634305323482
15.728223524302983
14.853320366416085
19.998102604351466
17.39188432254333
8.157139278176121
6.753627098453254
13.020920390255455
11.954028608218456
10.40732086798134
6.928023467942456
4.1611824198606095
0.7890718806934256
0.953291006726215
2.2468428786228745
2.524217046364229
2.466017777379622
2.521081915999397
2.3297016583304266
3.4646650562809764
4.039245838393461
4.383885379173811
3.9373076043094795
6.2409238921664425
6.308588796494275
6.230316800402108
5.901438931835538
4.255198418003026
0.3714359683475269
0.0
1.1563529561277375
4.037482561929965
3.5810801934205676
1.1025839907987185
0.4609960489582292
0.328484825177581
0.0
0.0
0.2192368015730858
1.4497526240135592
2.100459205302242
3.3873002323994106
5.081392205214136
5.013574047088916
5.395387356681614
6.00413582948804
6.382993355563552
6.419222875011246
6.735128252114401
6.3586295291860315
6.940769200724326
6.961915527984108
26.118603470797357
27.243658375555977
28.56343429516398
30.18099926349613
31.651878579667024
33.538784813370135
35.53259034339503
37.3136908012766
39.15008655552818
41.443450017796295
44.4598738015909
46.35980774018576
46.09381620177058
79.58668897265748
36.43909726153248
70.10635101013978
80.07806935992593
77.9039275369363
74.63944926391042
70.23522260745904
64.94966008429981
50.11742118492085
26.454304227968763
43.199495404633275
42.313436407308366
38.14000732728337
34.52005397460134
30.804945866998892
27.892412995928346
22.223861919684587
22.233869949889158
20.137228479098596
18.15217871654617
16.907641513466253
15.010392480240965
13.596966299792953
8.607029279233778
2.1635997021940025
0.0
0.2505563446549552
0.8769472062923426
0.313195430818694
0.1252781723274776
0.4224434544231892
2.2574448445372823
2.3773016224935786
3.313454255135981
3.6747897497113087
4.168350675941565
4.752816096685551
6.063154865732586
6.342601302462276
6.487554538755376
6.521044496016821
6.653911793226746
6.188277555095707
4.243044348433011
0.43750958217305225
4.617586413617431
5.449042259333189
5.448374770693692
5.194973128011871
4.8272262921275955
4.51320576030651
2.943740520693484
0.6190751201641309
2.6317882286558234
2.826509346230294
1.9854455344520643
1.8945554509742826
4.381302953490613
5.751787193437509
5.7648832145864946
6.342767254342863
6.1358149083150195
6.349553902208196
6.66739138215376
6.677260307757241
6.751786839083588
6.8313558263219925
28.487151843002277
29.64636306841571
31.531806242213676
33.762868793187636
35.53994806441341
37.64090002754232
39.00498063707113
40.16984506850341
42.065654349590474
44.00737436768868
46.80709786179268
49.63003415805202
48.18795493829518
80.59636544733524
84.109062928488
86.84889879566097
85.54269812687987
84.19161344388162
81.56594167198192
77.92351000408695
73.64996265783884
55.467704916985205
60.32797076569097
54.47209264249521
47.287023800802224
41.66676835160683
37.12461391410432
32.645826487149954
29.084644182596094
26.18122163621701
23.145420007856476
20.84102877198248
18.630329778500933
17.112437907786617
15.220200764161566
10.174898301237858
2.543998222039748
0.6263908616373878
2.0044507572396393
0.6577104047192571
0.9082667493742119
0.0
0.09395862924560819
0.09395862924560819
0.156597715409347
1.4712777704837652
3.4303069472005943
3.992958520373919
4.54342556085208
4.832149594866623
6.053369102835955
6.60309366620136
6.527041635482833
6.557806191276224
6.348028900097844
6.308372620151725
6.059653224166564
3.0189865903400355
1.817899369330001
5.6333149699623
5.6912603818031045
5.323340443880721
5.096200672851943
5.050187450729915
5.331578540859192
3.390408500249638
2.390547470654926
1.2962846341977
0.5250103472591281
4.880281750975349
5.868452655344481
5.9264355192377955
6.1494387079517745
6.364251841437432
6.432965633404699
6.585172749306434
6.707761694084191
6.753863622201781
6.620854468094528
6.67776440823745
31.127690748418857
33.11415929434329
35.6632738287492
37.97580345147169
39.71510450754415
41.01045466760694
42.41703770052934
43.36872922875152
44.50454844683297
45.95045917301541
47.43894732544671
48.84304069739563
50.87163377165746
74.55118423402857
89.84188267551276
89.75841206742457
87.45119759534552
86.51022279124167
85.45110660047145
83.90672450896513
80.24568576136305
74.88530250520873
68.55143166016502
61.076440045535364
53.46129529623209
45.84768847997384
40.15139153063098
35.410173774236654
30.54730204347896
26.8757255569411
23.84084607724754
21.09729563186447
18.652351991883645
16.86970399690066
12.801157198737275
5.1345890668792284
1.8165334987484232
1.1901426371110362
0.5011126893099104
0.6890299478011265
0.2505563446549552
0.0
0.0
0.0
0.0
0.4770674662254368
3.0980271080221193
3.0287948329496173
3.812879817085512
4.850550185377198
6.33356915782613
6.522115124827101
6.582657966746226
6.4401344094931705
6.32361836004056
6.724060391282912
6.383854829595681
6.0320724412908735
2.4956396025889624
3.4925729164222763
5.828067836342662
5.536700811187874
5.256703587350209
5.282226161457053
5.202483440224626
4.795654319895677
2.2166641812474825
1.5129186242938093
4.192673879464397
5.884945793590011
5.850226769181281
6.065717093609068
6.249616932853654
6.432846674648002
6.512916748866243
6.81386765279146
6.767812907919675
6.506486977271003
6.614687865965728
6.514420009805749
35.00299322005536
37.975865955063824
40.36538399699005
42.42142560924142
43.97455468750941
45.00547585561233
46.1683467428444
46.284974868889854
46.28676525145263
45.94164259314624
45.485117547355856
45.08613123023592
44.829571665760916
53.42039397669156
82.41011752557431
87.80727446594028
86.64505413035486
87.23482077103341
86.79821670106662
86.04342573915709
84.5533018371166
81.31014907264496
74.8968662353219
67.55252182837299
59.40500732161144
50.35016420578994
43.204083936004345
37.67523308027723
32.38539834324387
27.971776363254563
24.33098436442105
21.572742129836406
18.914490257263427
12.289147727048952
4.986425859754447
2.895284024640633
2.0044507572396393
0.8769472062923426
0.313195430818694
0.2818758877368246
0.0
0.0
0.0
0.0
0.0
0.0
2.113783416030309
3.525609684001155
4.350386045335218
5.129316938497424
6.206626475561157
6.337123200920618
6.506750146737442
6.479239377997491
6.698078135435513
6.704771076497193
6.4725969408419
6.120115074570238
6.092629557783331
4.069772092378632
5.571378637017281
5.922396542449706
5.468877541307204
5.302146782049703
4.771047644054237
4.647749827276989
3.8162827018928036
3.026560158754649
3.8811265558150305
5.092729959014994
5.64710976026382
5.984990445967936
6.348814897714964
6.480529973376647
6.296370760767048
6.521350868380825
6.797199606926078
6.6074938379242125
6.6095234377966
6.5758460669278485
39.440874096670505
43.0613220650661
45.899133849675394
47.61103076250241
48.91969475729181
49.7159349206946
49.49915757475928
48.45149031006141
47.05303994279567
45.43484199827027
42.93502901315237
39.05466557704657
33.75977996203562
33.03071332661473
48.70192282005093
56.316204137138115
61.65230356591128
70.29472067003651
78.93007716579406
77.3989760554834
85.34712884943293
83.89907963110409
79.34551647920351
73.15598281045136
64.6940563318118
56.02006129442727
46.66266161442079
39.723740928880424
33.91377957674172
29.280692216571385
24.930489214440815
21.737773433968997
18.777485250468576
6.952201310636532
2.771626986974147
0.512024169306004
0.1252781723274776
0.0
0.7516690339648652
0.0
0.156597715409347
0.1879172584912164
0.0
0.0
0.0
0.0
0.1682499497695361
2.7136500935815437
4.02509841190165
5.1840745245284525
6.07215589108695
6.532876613294586
6.253927646066666
6.419222875011246
6.10661023369018
6.3637760064106415
6.582301090476133
6.384409713426104
6.065598134852371
5.684435683038079
5.8875260732317765
5.744324480829111
5.366547064970372
4.453698834058215
3.7220624662946165
3.2765097130089966
2.782457503737493
1.8405098304702419
1.8983971057233635
3.8023406921817475
5.049344970393459
5.914245894017519
6.371301658769204
6.253379845407067
6.371157448059463
6.526515296549953
6.412767851462961
6.627284239689768
6.727934224072885
6.431675038025543
44.713707677373556
48.745509214863915
51.905205177310755
53.39675976121734
54.79721382428148
54.14917236648245
52.53045898875823
50.516786231275354
47.10814775268061
42.2151410850961
37.12658952355962
29.825105487793234
32.75443581469536
42.37540265680972
48.11239322928766
50.78372113329893
50.93292033639849
50.0095184484488
49.43089444589744
45.60135254811768
53.9439890676069
59.398797371963845
63.26769539377879
65.12051156254178
64.21885125027306
58.8642207194189
49.51254812669256
41.971112430160865
35.913358035815065
29.923706179172804
25.480272186105772
21.838575838139
15.29980606337775
1.4973414990329859
0.8769472062923426
0.0626390861637388
0.0
0.5011126893099104
0.1879172584912164
0.2505563446549552
0.3758345169824328
1.00222537861982
0.7516690339648652
0.0
0.0
0.0
0.0
3.0546149262222957
5.096634258943969
5.6707115909200105
6.1167632315985685
6.047510664854345
6.287558303255653
5.93430118424853
6.17785415362142
6.567913034393102
6.202286714293675
5.7707037834021015
4.721279012434305
3.998838811366631
3.9253227620133195
3.052666694491679
2.9727873400290488
3.61320525944672
3.3909535432886884
3.569261498882763
3.5571605315296293
3.2719025153430836
2.7125537974008607
2.002187225603128
2.697538642393221
4.732308657732289
5.706919907423019
6.213081499109442
6.2615975091349725
6.460094273921515
6.641697547725844
6.406312827914676
6.329954424832146
6.418790242882019
51.01007373338708
55.72129238711856
58.50111961409813
59.626686775566945
59.34848123651007
58.69987276484499
56.15311051451035
50.01271084129457
42.83911187558829
35.56867319192347
26.32861081651757
32.93868050380121
41.56277931525051
43.8296452038462
45.06258266239114
46.841816447913644
47.20941399736708
47.393445334974096
47.08733205873595
46.85755411606542
46.514510340494944
45.65631999834729
42.92017378035741
39.61552844953218
35.791912558177
33.64917784532131
32.002049832132506
29.047001937072505
26.50720988323368
23.79597978722552
21.463984944990006
17.566290754929476
7.778831898479056
5.429161946717701
0.27749797337403126
0.3168119565452793
1.5149959127414614
0.2818758877368246
0.0
0.0
0.5324322323917797
0.0
0.0
0.0
0.0
0.0
0.0
2.115751649862288
5.437862126126445
5.395738023362156
5.033183941488613
4.867137220040219
4.237793273191108
4.028729007961102
3.6971421152355806
3.600446118990952
3.1041493270365987
3.4167729109183984
3.8367593797701103
3.672388689473493
4.031411834602363
4.192597983171392
4.345744599002381
4.490991939113153
3.97209174100293
4.126152335378688
4.10896531041301
4.3694806477225665
3.889484331676261
3.0652093933448086
2.2789444446130642
2.5886878107016167
4.024760851629462
5.745948312185736
6.045162435397237
6.453996126643322
6.437178391520246
6.350628041800674
6.479264629950536
6.197143747851266
58.00875255582856
61.05033040409508
63.35100024994204
64.68122700157375
64.08625582076189
60.81113752247433
53.279752946372085
44.88770015346261
33.636178007300074
23.963593435436753
35.69736114944767
42.801159537631044
44.16165776898185
43.574205591940284
43.417233217750194
44.14726713393878
44.00323928628733
44.21945899629384
43.89154458493026
43.4389730904086
42.17015664819265
40.523959511588544
39.014596750722816
36.90490456337493
33.81566832090838
30.3149073090452
26.587550341398497
22.91521647157286
19.7145726583138
17.355330624352106
14.69478023558666
4.735899707310437
6.399959982452255
6.124857069474007
3.744319558019996
3.2131234237003503
5.636695394251771
2.418794598683934
0.7902422627720179
0.0
0.0
0.3758345169824328
0.0313195430818694
0.9238128416424909
0.3168325908173919
0.0
0.8725692919295496
1.0175147729787073
2.9052064070523147
3.739969622450228
3.977761714899313
4.479799299774944
4.256209068965197
4.811171504814085
4.779344971635875
4.754035281978595
4.856507751087726
4.8690219126553504
4.47600066258549
4.295334750140351
4.644441074363503
4.548016083658812
4.674660874909072
4.665744127155437
4.50230346123551
4.554737082974435
4.4593566146727515
4.297465226649243
4.068822461270326
4.017232689567256
3.1555865144623163
2.404181348396317
2.3416844225964906
3.67826892954518
4.811412855801106
6.023439930789274
6.273934503618898
6.277286067146441
6.177497277351328
6.068247221573041
62.487992741655056
65.62072314595419
68.58504108371878
69.91804345083014
65.36641076751117
56.76322481147345
46.429316857224926
31.010283636749957
25.284627017259062
41.272556054354936
46.40271060333026
46.27200567734767
44.297404860665516
43.41022695486697
42.96101814470526
42.66810770674857
42.80203795274919
43.00789945528392
41.9378801706019
40.97538640998375
39.39329152192314
37.74579281677569
35.66383154436229
33.0462932101281
30.02756907046561
27.47121954086666
24.458787753485844
21.76464817228254
19.221116369103836
17.167430294943888
15.239696048734737
12.2284604635811
2.4865209887380044
5.708694653782708
5.394187816149031
5.466836287659639
6.679749838364404
6.162846331245982
5.332997613789647
3.4505980264345864
2.2829615706621715
3.0666670220389936
3.300793020874234
3.3533649845038433
1.1500672653035804
1.0961840078654281
1.6941517320555484
0.539685918117063
1.5310839429468222
4.514146789220871
4.932096222934364
4.858095250543674
5.29104814437691
4.964364159397503
5.100215126910187
5.225684329084772
5.077483020511488
4.814564518039528
4.467454916323677
4.392237445968862
4.789975155654141
4.334299322878442
4.105826886624194
4.378225419915084
4.458377364198863
4.75599109559745
4.319679047842601
4.473196665165415
4.676248374365024
4.438795564864465
4.166229912592247
3.556582571801557
2.866431547537423
1.6889505262402096
2.9152600869775176
4.1725671215307205
5.402154056888473
6.153682512564935
6.030370789364349
6.081752062453097
66.79389783608082
70.94216569823081
72.45972571234303
68.37837726821198
59.663094797032436
47.98903004704342
28.04392734550957
30.672689238717176
47.712200648518355
50.61595942362468
49.82479964925451
46.787138760926844
45.089608850423545
44.39072693765797
43.51689558212569
42.921126013547735
42.926562143647345
42.10893086189277
40.5261740405932
39.248943860688414
37.422819167186546
34.88333883773433
32.39397178434071
29.63774514258631
27.089874555918207
24.2053960985979
21.60151350858387
19.33851408240943
17.778652401491964
16.216472521634365
14.529038965182377
12.920560142853235
9.267365879329576
2.3156571828025454
2.4144652824482833
6.462502509302208
6.755563951569535
6.3342611691954716
5.850006517293178
5.14743164609133
4.131351107167484
3.9013228900005856
3.6119745792342566
3.166144732182698
0.9315712180945902
1.0408192416990854
0.1252781723274776
0.5083870093073062
3.148287958382411
4.150996531994557
4.6667182477653455
5.022493491225736
4.868623860793933
5.113649308348528
5.244915794380433
5.731035816291603
4.932975079772065
5.254426932597277
4.9290474341153505
4.746307981819491
4.889383936532926
4.726884299527354
4.490620937621331
4.5384667238824425
4.423329793356327
4.504632963675107
4.2469901058580914
4.597274706485839
4.842083814653672
4.586980656396899
4.515906264237935
4.687930897979204
4.1662299125922475
3.1608399232694917
2.0612097860402816
2.41667256784734
4.154087053994529
5.112090275430039
5.497889572543522
5.851152622518465
69.8446352872307
71.3130596555814
67.78204178900793
60.97019892015218
46.35740537753168
26.741273649244416
39.86194030185867
55.676953579562976
57.58092718023459
55.48527120355335
50.38896467874279
48.610279387918304
47.497567771695806
45.66729487291968
44.9001829194371
44.335068843475476
43.49966909679863
42.3157914697254
40.317496997133546
38.365785157972475
35.64794068784687
32.65526010119503
29.780872038839654
27.164790526538233
24.182238117265936
21.3685578743794
19.253876561621283
17.60646313155292
16.65706648885994
15.03994525472209
13.39760926891758
12.26978108121606
10.735423634842281
9.309215541306793
5.2523738037691805
6.843052535116882
6.990431484184105
6.757856720908362
6.302230990531843
5.591723746318449
5.143081067158021
4.922490319883748
4.372919944494296
3.8434039718929682
0.5987084785542164
1.4972836683025394
2.4769559611504146
3.27018927043098
3.9469894454775716
4.210829530540077
5.077566952016522
5.273134750813383
5.173096711908899
5.3633671812848
5.313102928011767
5.348192504157959
5.294884230903269
5.108736510131321
5.149536334337415
4.951432957585625
4.982546980684843
4.929330447073818
4.229061077908764
4.516143511728173
4.470629915235579
4.331361571456779
4.456988890673623
4.60399570580146
4.6107193924460015
4.159440431204162
4.5972747064858375
4.813386241634933
4.346961096966506
4.135029026730264
3.4177167309107412
2.3603862795017134
1.9031695509060922
3.309616850430263
4.345122848502275
5.257353841635927
66.19772528929396
63.86059327272253
58.79279731671301
41.03994408620271
28.16543824935352
50.42720180285389
63.6941173907875
64.31669574357552
61.474343215510956
56.6264880387673
53.653540806687225
51.80825845947732
49.78649486824917
48.42231258331881
47.23649763252825
46.141939765534
44.98712596786426
43.113903357323245
40.0638491197298
37.087805261343775
33.928815840044756
30.447174778236324
27.219917740257692
24.107522439204782
21.510944966403336
19.257435212992842
17.57835764381557
16.456520055038883
15.250449473508898
13.832433155989191
12.738430879608845
11.733107275553829
10.519352921547085
9.255105924685433
8.087788838174903
7.772656491937541
7.372324850727699
7.048997583949347
6.762538979890044
6.21123066722661
5.771044301614852
5.153714946763873
5.056848552774255
3.8570650539241225
3.4973305547213682
3.6628873487471667
3.656271677762726
3.8731317189117007
4.563852856658778
4.9303340605883825
5.229114897201626
5.190661121282905
5.1204190337455
5.311343462048967
5.34558274972007
5.421416286249849
5.263938070814116
5.3028359373466865
5.010076781820809
4.886313198717959
5.07036364052752
4.724726772648872
4.697008450104013
4.813127318432938
4.6679016540339235
4.7821219186863555
4.34618087242333
4.835362815338052
4.969126657765353
4.704165722840585
4.441125067304067
4.3285575740367035
4.457769115216803
4.4324964905667725
4.349777796353155
3.224736252446368
2.690267415226084
2.09186883230563
2.991509984138023
3.864281835535142
55.03043051265936
50.9785468153089
34.03945649411085
32.79723433736428
62.58874862969127
72.59148735709896
73.07143562600342
69.63045307838766
63.017686909116485
60.360746872327226
58.73226175174439
55.94468882328563
53.36073698956803
51.89155510969107
51.128812347308866
49.425235413310276
46.87804443663652
43.51770022969711
39.19031905794758
35.38489653256403
31.48009911797781
27.65975491388143
24.37901480966151
21.62037544563152
19.213184808325597
17.642629163725516
16.42244779192021
15.17884207801719
14.031574574078512
13.190290757280446
12.161585454532432
11.254310411245655
10.532070518601685
9.65878181481273
8.414330008564814
7.846103966180502
7.3103936917936485
7.095483710194871
6.609905566019738
6.419078664301503
6.063902509968467
5.690403236223462
5.345918181209665
5.025818789986997
4.567425907432095
4.417140411497624
4.853766338267852
4.732255046877264
5.123768695547436
5.352877472045811
5.245496655131712
5.34895918993494
5.3361119196280935
5.737014202805729
5.579523418120731
5.654850599189118
5.332267696156175
5.154599432403985
5.02386028903922
4.694441700174181
5.094732301270442
4.467626891884794
4.703358447927815
4.540078586379063
4.823481265793163
5.239793807301243
4.944174111081043
4.817518815308964
4.800116218564803
5.015573465979406
4.9691266577653534
4.969696685187887
4.670097402471935
4.329708800071709
4.351244243774092
4.268697525121591
3.4345901450006364
2.80122868374268
1.880566847546461
2.3807737083153775
37.6602685486975
27.187310051888034
39.46730535943183
74.45134443104958
83.24719321073604
82.9927050081523
78.72522888894484
70.93167894423067
67.93988200589304
64.26104468120701
62.20142334524515
60.72991916318164
58.90778018122857
58.0958460841209
56.015222428864895
51.63973947001196
47.60407055514341
42.75944450669226
37.92574641786602
33.08698387822546
28.86799461312867
25.03390952529982
21.67621887713512
19.42341845918347
17.744818810412927
16.436155060331615
15.200542032292155
14.100990227126617
13.22990031507664
12.47507458226021
11.459734987764234
10.677235806043825
10.114581238879932
9.479287420889877
8.71751331563626
8.07009286615623
7.294166486198203
6.998965644662998
6.674729620905018
6.7463497825518255
6.425342763460281
6.315007012912076
5.852871780356398
5.5815276587014795
5.426807701052851
5.118995692657769
5.118981834138912
5.15721490841517
5.463428912832486
5.54004777660662
5.571352018293514
5.409419304418091
5.5401902683173505
5.3423627203144095
5.515792132778305
5.235195467301613
5.2117251507176565
5.3415791289905705
5.0547857907295475
5.140759381911321
4.990085759435055
4.854336365690388
4.79493399262378
4.562055160082182
4.783079493448488
4.788433694950623
4.908556512815971
4.878421740190642
4.773789056874111
4.607544393534105
4.703358447927816
4.963535208772979
4.6922459517361705
4.659781676671239
4.210829530540077
4.43562056595257
4.669898376541226
3.803716601154038
3.293535007695583
2.278242679252317
21.64891658438864
46.300370771655075
83.00358213134992
94.66497769490869
94.60676971544589
87.52475394067123
80.85665076395048
76.80819493729544
73.37543941103738
71.5931902884471
69.74185801556428
66.76970421630666
65.14171631386229
62.72367189141079
59.357294524984184
53.454283432976595
46.71747047044977
40.829661365490345
35.50338775487935
30.125916401347194
25.961184505221677
22.145235462479967
19.645485872342917
17.588460199600675
16.553448443640338
15.200834405968239
13.998563389731551
13.38973058052808
12.593559091264579
11.944120659755477
11.191519070205114
10.523066893563144
10.01891314253273
9.206230155066342
8.96954639626412
8.337588881092278
7.466963752777711
7.19941768407387
7.0663203864005
6.628311665602484
6.492769470830594
6.466022958536918
6.077980403461171
5.885687956637146
5.903561042075806
5.810479734325456
5.626554112276173
5.660960644085227
5.711779697890076
5.848866279396628
5.929666611669582
5.629043041660823
5.51198709727942
5.638551094107926
5.329267688941237
5.52303272720206
5.317469062642717
5.490958713968449
5.359013905968305
5.057620960124532
5.001149529545354
4.8766057218993275
4.843807755440129
4.840600576294656
5.072804453648674
4.830355252287066
4.8180888427315
4.910468975011316
5.049603564788529
4.846662676386306
4.693462449700294
4.861990576727468
4.822911238370629
4.5710101293953445
4.00615841493514
4.148165484204889
3.997599966706755
4.05283593942931
3.304609282327701
2.8547956199959805
48.47746216503683
85.80766240163985
103.28104721432436
104.74736914661273
99.12974427233203
90.87185139765569
87.67182352382957
84.5960876038855
82.3297728187579
79.17808292069023
77.07889391618558
75.51955379344132
72.74087736805741
67.11039997626088
60.00801145801609
51.96382670707011
44.04693383504705
38.06509017308164
31.985238847735907
27.093853147347158
22.75561798824377
19.64511305193813
17.55730740027919
16.347956103979666
15.384149719856442
14.334221925750688
13.496333170884066
12.809224292170994
12.099450603888835
11.478941479868231
10.986763843696616
10.55625626708041
9.989786544486272
9.24554802985991
9.012393394611838
8.526027155180005
8.025343789215912
7.598959057907621
7.122443658972021
6.912256258024703
6.538610583294157
6.440523341443007
6.464588152448019
6.233279281051179
6.364489758950828
6.127835162100509
5.995835455245667
6.091267276215492
6.083741623856929
5.983271288130006
5.903106948219859
5.912957297081504
5.834568134015821
5.885989715229439
5.519828253494038
5.741171148574701
5.380648962029988
5.460133088867346
5.483312311070002
5.522733824682126
5.523985199263011
5.21906490353716
5.2104070789855195
5.241695764974769
4.932491587466864
4.607740732135894
4.81497374109088
4.7377865985983565
4.7843975651806225
4.710848500596679
4.736371074703521
4.728881022034656
4.846846313021523
4.711456749578741
4.388691445565138
4.175461881731816
4.125173084904802
3.779474150503998
3.933399344441723
3.1539351723665523
