3.976295267478375
3.789701093821287
3.8406173446131717
3.7206234241696254
3.0356170467641075
1.9769035459740611
2.6987288349506326
5.447215373860596
6.841825879869619
7.2080418992055115
7.43732491475359
7.700452102580393
7.650240830827667
7.754085999170637
7.558989948257376
7.746638766264131
7.839373064352358
7.799056886910294
7.898273887665418
7.96732240014442
7.86011533203595
7.605311926480973
7.4281733058583335
7.301014151696558
7.318596763197182
7.238700850797052
6.648649810178311
6.972044302393745
6.811355883731624
6.59930709481922
6.531993398091612
5.575546650020283
2.5700387918377934
0.8608964232972477
0.5921541257171674
2.3289349800795454
4.1933584199882565
6.29768648990518
6.853962015698972
7.260803600024965
7.3457119560000566
7.377715548435774
7.71206469272178
7.658858578071183
7.510636858537171
7.743871917532175
7.536427476278083
7.244917713324193
7.213752111515276
6.954775128584219
6.59475325349043
6.2284131808508185
5.6698042936625725
4.318001596816075
3.2819124670993913
3.1214522683632313
3.3511343856254574
4.110610125476987
4.441534203436667
4.523926620187053
4.813283659608254
5.182793346344521
5.20249427355337
5.014698476602448
5.34758997674919
5.18530423245185
5.253843046655888
5.374385592094407
5.161369157800956
5.001733415486743
5.163960270771465
5.221411280631457
5.244751636012221
4.697616699086078
3.7852459714525852
2.6893731343131617
2.1481507931978863
2.948492610698368
3.6439281467978537
4.3177714704209285
4.7029874464359915
4.762477534751753
4.65018282320524
4.847020975911557
4.274773700332066
3.588289454040175
2.4383147600243373
2.1669213885341287
4.603389982386385
6.5217281894219
7.127777833711552
7.355245693118456
7.186777140604398
7.32408009130954
7.297306217401339
7.4303881157057585
7.34939525891669
7.479155616216591
7.427046986971131
7.3421990280546074
7.217723742692305
6.914103811602572
6.384777499561076
4.178360058648185
1.9274246050826962
1.2093052551059003
1.3138057180103122
1.7379138814493897
1.0231602028904712
1.4967554706287114
2.176333863499123
0.8769472062923426
1.2877384263553422
1.4960361251139036
0.4930976149484192
0.6577104047192571
0.5950713185555184
2.6366499708528828
5.123903177585194
6.545426273338861
7.196920937147763
7.541047135380639
7.350905908847594
7.262162893762483
7.306711544693164
7.3507813868533605
7.312327279276154
6.865524825274386
6.962789284290889
6.62238298098708
6.070355741733569
5.265455168476964
2.3697696855430603
0.1879172584912164
0.0
0.0
0.0
0.0
0.399138985702811
0.6569696503551619
1.781166008214409
3.158476529765507
3.8973231338694485
4.660981628787589
4.940999112169143
4.772026894528123
4.437579066900341
4.899478960691157
4.760448632010877
4.703928475350348
5.095616786910554
5.010810967611556
4.455638638707911
3.5437483626106623
1.8876967276390693
2.3918686172196058
3.461300469273109
3.9436214311792233
4.78468866861619
4.949111272338927
4.564223858150604
4.902730832469204
5.13674492785308
5.017730992857889
4.937592907092964
4.346352847984444
3.6419888508328855
2.6914579962322067
2.354017788045313
3.4652821787060644
6.078961616306401
6.7406842674028615
6.933371195095531
6.8804045094410595
6.932224810426117
6.791556023069874
6.608256690365523
5.462405870391884
5.728666648163108
6.076609297300923
5.4928812114346535
2.9475204146115903
1.1707732948429725
0.09395862924560819
0.2505563446549552
0.5637517754736491
0.0
0.0626390861637388
0.0
0.0
0.0
0.313195430818694
0.5324322323917797
0.5950713185555184
0.2505563446549552
0.2818758877368246
0.5011126893099104
1.791685618483517
3.4596634755803617
5.495313203279038
6.595417637181358
6.9514046253513335
7.156867423325402
7.276077224480205
7.470687800926823
7.1996456152757045
7.050694308749199
6.655559264875996
6.545617197728366
6.280530227094725
5.358349259467435
3.572842772759219
0.0
0.0
0.0
0.0
0.0
0.0
0.0
0.0
0.0
0.0
0.1879172584912164
2.020648078237246
4.200589555942889
4.235239100171447
4.113541484816722
4.43757906690034
4.471846413199702
4.449632592006345
4.7284474359426305
4.410226889267525
2.8116697028246347
1.9009955449043492
2.7759656383857263
3.861055507543916
4.701926622979065
5.16452961874226
5.247102288062344
5.574220367126471
4.971426667300298
4.8169105663269
5.31123819269337
5.421730744467425
5.422109873850542
5.093211498965747
4.904181561787722
3.993955169181972
3.072348897573116
1.807736401478612
2.2528520575106494
4.805403405638717
6.369093671172154
6.471068427949349
6.3912615231975485
5.127779339506213
1.2367577462014565
0.732001725243185
0.2505563446549552
0.0
0.8099302057658107
0.3758345169824328
0.0
0.1879172584912164
0.0
0.5324322323917797
1.0568493904220677
1.1275035509472975
0.0
0.5011126893099104
0.6890299478011265
0.0
0.0
0.0
0.0
0.0
0.469793146228041
1.1588230940291668
3.0340876624974493
3.8368040246123574
5.541327505831796
6.473599114801571
6.561984349777697
6.405480116617792
6.749516308197433
6.498002353850331
6.499462411892274
5.9493307477948125
5.73100048504102
5.3848059077989605
4.6324823467250855
2.612079575701116
0.0
0.0
0.0
0.0
0.0
0.0
0.0
0.0
0.0
0.0
0.0
0.41079122006300006
2.796616985283484
3.319584835151532
4.051012838919568
4.213767281961738
4.2606964023491685
4.28005044601656
3.5639116029521034
2.2676910685261795
1.9539176779794125
3.3334791535867394
4.291628986257923
5.280802820369318
5.244286877945281
5.415825166064398
5.473410920076109
5.741028656863974
5.091137574785371
5.4524355445152874
5.518251587366834
5.3328515820975655
5.2821317254302
5.496980395055815
5.209253165621596
4.649127129612295
3.500117182001166
3.0293108898613523
1.7507250524071787
0.9382263098196892
3.5803924776090614
5.420940981815928
5.742458855056262
2.078765579064965
0.5011126893099104
1.00222537861982
0.313195430818694
0.0
0.0
0.8769472062923426
1.0801538591424458
0.1879172584912164
0.0
0.4384736031461716
0.8769472062923426
1.1275035509472975
0.0
0.0
0.0
0.0
0.0
0.0
0.0
0.0
0.8769472062923426
1.8330520815647102
3.7490853961345723
4.821728590656067
6.260883756594786
6.4385844348739
6.668537766823174
6.731977519525644
6.836160364720656
6.8823151505567495
6.516458957339166
6.315400696312653
5.851817124709587
5.013415939100924
4.1910757556445635
1.6094373656288303
0.0
0.0
0.0
0.0
0.0
0.0
0.0
0.0
0.0
0.0
0.0
0.5011126893099104
2.9012394832598356
3.387145133856154
3.703355403570991
3.72396737690538
3.711491926781449
3.2936631407816277
1.62587564071231
2.21885758845226
3.0754906349321915
4.589597201494446
5.109481529250817
5.645339460972276
5.596159048076987
5.478388679524048
5.645844696281833
5.6657014757955855
5.258291086806158
5.405404850359848
5.568903397033731
5.388142039888962
5.718801906722268
5.25961999186704
5.199472599680943
5.102072054089948
4.37798331584506
3.5261670094571143
3.1212490396540455
1.6809767204229435
0.313195430818694
2.9779897773594337
3.825288035310564
0.7641971945067428
0.0
0.0
0.0
0.0
0.0
0.0
0.8456276632104732
0.5637517754736491
0.0
0.0
0.0
0.09395862924560819
0.0
0.6890299478011265
0.4384736031461716
0.0
0.0313195430818694
0.5324322323917797
0.8769472062923426
0.9432234524547793
0.7982779714056215
1.9418253168016952
4.29184025246493
6.284557928149502
6.520348694421154
6.6761139230878275
7.046539443531137
6.965902181294869
6.997490760412074
6.629577009028596
6.6696177432944825
6.506656439933789
6.08524460535231
5.134767175620078
4.192597983171389
2.45607384729771
0.0
0.0
0.0
0.0
0.0
0.0
0.0
0.0
0.0
0.0
0.0
0.0
2.018258642870336
3.040901221405205
3.30339146005522
3.5183644530736844
3.2472855077874767
1.5644337425489403
3.226189706618821
3.770203771398817
4.902744362181132
5.231600740816542
5.581005648221084
5.764686495652421
5.743751428216466
5.8710840764398595
5.7046552061506635
5.625886623636675
5.6795631929457375
5.595922120339409
5.564851720620357
5.65662089848066
5.474115631070736
5.243013836706909
5.08189586429234
4.719394246858489
3.997042641250795
4.081552717430857
3.497887880177329
2.935576958068107
1.7254712751374175
0.5011126893099104
1.8159072819298083
0.4501258375063607
0.0
0.0
0.0
0.5011126893099104
0.5011126893099104
0.0
0.0
0.0
0.0626390861637388
0.0
0.4384736031461716
1.00222537861982
1.0335449217016894
0.0
0.5870562441940272
0.6183757872758967
0.6890299478011265
1.098236487775373
1.1391557853074865
1.444336141764689
1.0255298473401984
2.3610553539821355
5.727207103528941
6.628455876312227
6.995811898573868
7.033898900061667
7.1306567088607995
7.0402191717964016
6.784722191958736
6.9229547701895315
6.7987153402621505
6.649010534524058
5.944918741450396
5.309336235019843
4.310326026668017
2.6509581912455094
0.0
0.0
0.0
0.0
0.0
0.0
0.0
0.0
0.0
0.0
0.0
0.0
1.822202504384954
2.598508366888157
3.220958779887326
2.3579826354137823
2.1664374850110617
3.6265501044468995
3.9971780416888274
4.799415892077884
5.001569257118526
5.2029031677978
5.34401691692161
5.563132562782424
5.676358719237715
5.987877450202001
5.8257213986687395
5.74145921776589
5.391306205472118
5.605812678004555
5.494929873453451
5.415098788412283
5.404401236845287
5.15461026573273
4.956219818994148
4.771418645546061
4.168607128414608
3.786766823678598
3.67842022702696
3.2813460821515474
3.09738724547771
2.528698132087586
2.11342582630123
0.09395862924560819
0.0
0.5324322323917797
0.8805843662910406
0.5440844667519689
0.5987084785542163
0.0
1.0648644647835588
1.0335449217016894
1.2527817232747749
0.5011126893099104
0.5637517754736491
0.3758345169824328
0.2505563446549552
0.0
0.313195430818694
0.6059621642794997
0.9532291039098775
1.3163768402361402
1.8122701219311113
2.0815047477665245
2.6915438983418607
5.280166722230594
6.406014922545063
6.709299665872938
7.032041887587602
7.046488655717431
7.162497172794387
7.135572989697216
7.137539502031782
7.123954308902925
6.8963082988601645
6.51867597081886
6.350033248017187
6.0253970061406
4.8697872704210114
3.233810172917544
0.0
0.0
0.0
0.0
0.0
0.0
0.0
0.0
0.0
0.0
0.0
0.0
2.0972512376734604
2.9699144328763767
3.4652223817369343
3.1334379651980826
3.4441884833846195
3.798132255138024
4.370088896704626
4.506220463131055
4.132073905168325
4.791608693862524
5.524751885039992
6.034914011686179
6.100825480340394
5.89345331829229
5.751255339404186
5.851868166841837
5.801280198253834
5.644623916648905
5.855838336551023
5.543486092282487
5.404401236845288
4.896873989201789
4.560244271654852
4.126152335378687
3.9858329661806478
3.8932900486848627
3.5683702065997784
3.5106341311773237
2.878120722988469
3.155095419276063
2.400376453127768
0.1252781723274776
0.313195430818694
0.8689321319308514
0.9701650811738556
1.2250993401916035
0.3758345169824328
0.4224434544231892
0.6577104047192571
0.5011126893099104
0.3758345169824328
0.1252781723274776
0.2505563446549552
1.3299281808890804
1.2367515745517925
1.4319431530404043
3.056983648808826
4.129019958291438
4.4220804666163795
4.682737881428604
4.858471167568389
5.4022331496660945
5.891562049637761
6.542193948012142
6.586701262198986
7.051112202652316
7.189999537468885
7.43709698355176
7.297377748761299
7.170218594599523
7.165367116462803
6.976030955704506
7.026213243936508
6.8569559539462555
6.213200457866139
6.425414729093091
5.405404850359847
4.330400372359867
1.9854290747016838
1.2869265010877151
0.7196087365189006
0.156597715409347
0.0
0.0
0.0
0.0
0.0
0.0
0.0
0.37447453434604056
2.8826880600731837
3.981884245741802
3.0049743073175055
3.489042907369048
3.7985652716123735
4.014159537707564
4.075677214587535
3.4722509382725524
3.764380965750398
4.7670436945178105
5.130199599686153
6.093559486666068
5.786482684892208
6.0012850734962075
6.095970655873342
5.952320836943468
5.695717120546464
5.452771669390354
5.515477674560729
5.498072372379117
5.284138952459323
4.081855236850219
4.2046515082773945
3.8883937963154285
3.6025722809700165
3.8135408244362043
3.2347990475271278
2.9333476562442695
2.267189038892312
3.3476885585836893
3.726061278291184
3.5664239032342415
1.6560918990671802
2.446130098658948
2.6934614312657987
3.3275558180092304
4.372020592076666
3.9677585231556334
2.667531129166442
2.050596272497806
1.5331761022834083
0.9388455380919862
0.6067235529157076
0.7974959484973011
3.3800055539390454
3.6136465556021347
4.197428440797282
6.039649756124207
6.232450645299848
6.0749970829699835
5.772191163859123
5.90710472642863
5.869869164135668
6.572075288602558
7.226611654705757
7.340001743690293
7.448146414249542
7.338609525100713
7.499551662159405
7.310693154355438
7.130274580637663
7.103424131721015
7.020313706932808
6.906505724045157
6.825527182670898
6.493627434080523
5.88346047771992
5.9211039692895
5.079405026765992
4.531737907373918
4.321145495263536
3.681643066553975
2.9246211166975304
2.627517737418157
2.043108621232967
1.3399751008884042
0.844886908846378
0.6875484390729358
1.1134846135900351
3.2604196826131617
3.8600672247885104
3.4984452056332866
3.144553508374424
3.5167647111928746
3.210441830711169
3.203563351845623
1.1287121051325841
0.0
0.6846520334383333
4.013450758796415
4.944757997022431
5.799771349429717
6.065836052365768
5.9019667103233076
6.0529399814889295
5.988904596670592
5.941253783994449
5.686476385895522
5.647346688001398
5.5880309428230115
4.796674479258011
3.9402700925983933
3.5651410200299423
2.8973582261597746
1.7822254389930356
1.8241377856564676
3.273615760255184
3.189407932358853
2.680259715858492
3.5671469632248463
3.520593754897522
4.253272662501898
4.68440790544203
5.259390178882626
5.745917182307604
5.826161513058395
3.4000433995519415
1.8860436296648133
0.7099897786398807
0.0
0.0
0.0
0.0
0.0
2.633418860790673
3.828699219945199
5.365571043306057
6.406633528726708
5.371314162116935
3.1074848338439995
2.545228078565648
3.646009183741527
5.481802342094048
6.9118552120091765
7.4228512986822945
7.498041012228499
7.466224541666151
7.5158196770833126
7.6729494236347655
7.395680288159536
7.197412565231407
7.260457237481807
7.113333906409646
7.093514357032384
6.89690942680431
6.736656765006952
6.4462073048183175
6.176924224738683
5.9441190470576695
5.784698565823548
5.616273301833973
5.5086135131369085
5.158802407871119
4.776021870319369
3.8955283827902196
3.7755330330573655
3.6828788306746336
3.315126231503858
3.8035812007160055
3.681206854306756
4.002918144094118
3.8046958516279252
3.6573863286746446
3.180501056734236
1.7554422017678128
0.1682499497695361
0.0
0.0
0.0
2.674181970681008
5.0547153889364465
5.912175727238228
5.8212794694783145
5.969496043684049
6.239161251986822
6.366983359228441
5.684917385393609
5.509980990402131
5.722385799878595
5.38389673031125
4.5254312609736305
3.7309402027735317
0.8873401969041895
0.0
0.0
0.0
1.0061398708000224
2.1745811241959028
2.6219572755133234
3.144553508374425
3.3434053607836445
4.745362590649434
6.087434469256582
6.460451150191607
6.728316352296023
6.331758892258336
0.0
0.0
0.0
0.0
0.0
0.0
0.0
0.0
2.3233125326019133
4.309647649177047
5.9014861559153955
3.33506326619216
0.3445149739005634
1.330710203797401
0.4071540600643022
1.3130747407135528
4.974517734707163
6.787491180325283
7.390962263497877
7.619531091422414
7.611886258368029
7.746375069382323
7.6318990065292525
7.456018145243647
7.4012759569603155
7.324571719393179
7.355704396350037
6.912497496198382
6.726472119378438
7.015373841722223
6.57142999091298
6.329954424832146
6.61674271779116
6.168393167082372
5.794559648692571
5.783210393881101
5.569191466224922
5.740025043349413
5.07559089696231
5.162859196039943
4.935421521695624
4.555377267099765
4.179987132609428
4.302663998438038
3.868625673016897
4.062644439007642
3.3317737606955684
1.149243973851035
0.0
0.0
0.0
0.0
0.0
2.3128577625246187
5.198360691620674
6.197500624121358
6.150941689447156
6.037993659308764
6.220131316441216
6.092369899099091
5.907507678830963
5.716940257173609
5.546354441115443
5.26568972863828
4.1632729561877815
2.1635274838358973
0.0
0.0
0.0
0.0
0.0626390861637388
0.0
1.0131162243438014
2.7847000952386205
3.3051666077836597
5.843554433475694
6.50548480331133
6.718131706667508
6.939418838467633
5.813223245522414
0.0
0.0
0.0
0.0
0.0
0.0
0.0
0.3284641909054684
4.205240552276652
5.047841577677796
6.65001270848373
3.904894244090895
1.2673303632695665
1.107095487861522
0.7516690339648652
0.5557367011121579
4.352897675165489
7.086307846327981
7.558727420934019
7.674066433805918
7.71061089377286
7.573572358940512
7.76933655278328
7.650443802637469
7.578521874622899
7.267423334321491
7.265184193624295
7.063865086810214
6.971567696443833
7.083643188851653
6.742758037020682
6.555554578182457
6.646573554475488
6.688735548764912
6.108448350284811
6.3078967851249335
6.113757268607808
5.779029915158099
5.529003266835816
5.3071865162799945
5.575970575991878
5.30484316437581
4.839432804411881
4.55689460985292
4.340950193685153
3.777380249118192
3.1224049591101894
1.2833605119925486
0.0
0.0
0.0
0.8342940295760135
2.13880112966279
4.38825242609041
5.381316450669484
5.933036120266544
6.323380442527164
6.4329656334047
6.466091413387526
6.487936666978515
6.033019876085017
5.816498329643088
5.510747676179112
4.799066566297814
3.8586928572717154
1.2038679856532826
0.0
0.0
0.0
0.0
0.4304585287846804
0.13693040668766668
0.0
0.0
1.0103343562546794
5.712528421875703
6.671961016539399
7.19790419331505
7.430104052512919
5.311427938709203
0.0
0.0
0.0
0.1252781723274776
0.8858837255902812
1.5740004245667871
2.453508641631547
2.07999558780683
3.7332084132212833
6.415770947865473
7.092148972641964
4.041536520959497
2.234734210626412
2.368442622407428
2.5430816979054764
2.0099405084897666
5.5655869889096685
7.375221642337586
7.740105571718975
8.093778411671828
8.00868046686114
7.78998548931996
7.928215079405588
7.5857800001154505
7.395425837029679
7.440205992723399
7.599637479851187
7.456194132815628
6.944373725811949
7.08129454829395
7.003334426196895
6.626401024486794
6.808912765447144
6.595160633666612
6.240923892166442
6.473454904091828
6.054897056840256
5.873664356081624
6.023796807059366
5.860857393899646
5.931403435132806
5.49391812299333
5.110918400050478
4.93683435826154
4.467255890392971
3.801383617435466
3.359918752671948
1.2279751115540938
0.0
0.0
0.0
2.776165374112608
3.3289871334157715
4.469023210796823
5.5161018686269845
5.974707744421192
6.254547691803198
6.226943216259593
6.554433445466088
6.205674805507576
6.2263484224761045
6.002647355064045
5.877675724370133
5.056617346609973
3.4517070414574063
0.2505563446549552
0.0
0.0
0.0
0.0
0.0
0.0
0.0
0.0
0.6220129472745947
5.335572341622358
6.8731418306241885
7.300819145346788
7.671552475667832
6.487303988567421
2.822983905671809
1.2869418651357711
4.5544824911482
5.477099927106766
5.600861003584084
5.936243450046921
6.034373445126037
6.2421643104170705
5.753728748189969
7.0803112921266695
7.328999212973874
6.721878165567564
4.771768274410839
4.705119976117144
5.0849773171753805
6.38952619444937
7.5413612153563
7.890260351461601
7.918318395850475
8.01990150920742
8.118580338619442
7.985644938378052
7.9085384611821326
7.624414447406766
7.51532804899968
7.53537268875085
7.485884850373619
7.447163158082259
7.170218594599523
7.191966049803449
7.1556115387954815
7.007033429011292
6.733624991174894
6.689618763967886
6.28286591988699
6.513443087799122
6.661105821268262
6.498842366155741
6.453996126643323
6.1601018187226435
5.9683499384587595
5.837052987854919
5.791640158406005
5.213417919529203
5.037186855383602
4.041339739779265
3.3046092823277013
1.2199394029204902
0.0
0.0
0.0
2.363220782319978
3.551993478284132
4.96905625597225
5.701501873896253
6.314827643700009
6.329835466075449
6.521877207313706
6.627500695476445
6.340453302721442
6.47233377137546
6.219060687630936
5.9057383693152365
5.098595447220662
3.484134477079344
0.2971652820957116
0.0
0.0
0.0
0.0
0.0
0.0
0.0
0.0
1.0103343562546794
6.077384719223226
7.072675416567482
7.6343180729844375
7.98445782581682
8.026509520356983
7.900695206359822
6.724067239562004
6.830075088010833
6.9139037296739545
7.063316989257024
6.52780589192911
6.940997131926158
7.18160325353908
7.733044983410203
7.835217798920488
8.047629788689004
8.009318032716301
7.366045716334866
7.427035461692205
7.556068197255447
7.861620900496326
8.00671856021338
8.197714161749467
8.4002114098131
8.439880644081937
8.326618119034421
8.051680070634973
8.210506705117604
7.897266602510556
7.886647121638229
7.871531882565451
7.502382294071264
7.469597247719601
7.302788498509271
7.355245693118455
7.280054946310143
7.09993803797472
6.937070197909928
6.767277110090601
6.581774751543253
6.525156246320189
6.405361157861095
6.245828941095456
6.424913642113255
6.1474816326004476
6.133046862837652
5.997792530596995
5.92346896304317
5.394306212687057
4.770638421002883
4.091618986605354
3.7005687762911967
1.7579581038603491
0.0
0.0
0.0
2.101814860485267
3.8240688578835482
5.075063874047827
5.919316894827118
6.151179606960552
6.527185846192577
6.579889362380608
6.614594159162075
6.432727715891303
6.61595320939184
6.438656400506709
6.1640141776421125
5.451786697343169
3.519057178967677
0.7516690339648652
0.0
0.0
0.0
1.1821275627495451
0.5011126893099104
0.0
0.0
0.0
1.534086890608803
6.113172417698607
7.39084383215655
7.962456209551736
8.379728421216806
8.540093129735812
8.580862208784128
8.199365400571683
7.6131581708091565
7.5212786664703275
7.701417370086659
7.7510679275159315
7.904292854109231
7.934549959317929
8.381496991465047
8.536109565362409
8.612311420132864
8.601330250852211
8.511760586220923
8.497499629694971
8.495492053695616
8.5665519453865
8.591771756336284
8.676403724360888
8.70668237194555
8.495440207755815
8.475444602204556
8.37040081839846
8.390079692759027
7.990014123298416
7.83319689783592
7.715690289369094
7.5812977096953835
7.292615026938831
7.318633575881582
7.412396919018062
7.05404694902044
6.9312415542588335
6.8872164092594375
6.7767639074709445
6.660078395355547
6.680896223033818
6.5815368340298575
6.4058369928878856
6.275816102555216
6.31392268732619
6.171258430145594
5.907745596344359
5.8439336947522
5.548555301308903
5.110907895528659
4.392840838371138
3.682878830674635
1.9074672077213126
0.0
0.0
0.0
1.532435347919313
3.738095598414384
5.485138474184054
6.142053755520753
6.3505090830439785
6.4373443434008335
6.39890613431281
6.621261848270711
6.601089318282017
6.718065298469403
6.626664193953236
6.412054098922774
6.076226061670178
4.480802913289507
1.0657816595094727
0.0
0.0
0.0
0.2505563446549552
1.1187477222217113
0.09395862924560819
0.0
0.0
2.82747381829392
6.751971371463109
7.828844878307232
8.446593221159441
8.68917603811011
8.985969581915288
8.988384519623896
8.865126914139235
8.664189620478316
8.553785689591647
8.813138548020504
8.489986330601425
8.642535894137644
8.795716954288777
9.171570063309922
9.08579262480006
9.297204004154054
9.284068946902654
9.06110188733235
9.028083467850415
9.078697730092564
9.124379614942706
8.938697527106573
9.027404795116368
8.878899255533812
8.708333573320049
8.621260370917247
8.166514114702924
8.311401760741129
8.338147480669374
8.029689420932408
7.714045885434316
7.71608930079077
7.55596477430554
7.606899479433765
7.428329705700202
7.22411774860757
7.01907284453662
7.205574827306478
7.050566945927048
6.915960824076635
6.747768795583874
6.667009253930622
6.60575265947131
6.597046022829258
6.199457699472687
6.2610027153514825
5.819363592706307
6.046768501807209
5.471793945824037
5.3656330027089885
4.783139390719771
3.984145266108935
2.14832062656546
0.0
0.0
0.0
1.4597194393969442
4.198604029872957
5.726645028554788
5.9550612739212525
6.357558900375752
6.405480116617793
6.642317593462378
6.634240350217889
6.586939179712381
6.828584208456001
6.860501287154717
6.941971456612618
6.86398685348564
5.981978044597039
4.1944844010283315
1.922105750552558
1.0851070721403604
1.098236487775373
0.9380428809115532
0.852901983207869
0.1252781723274776
0.0
0.0
3.7273966288869076
7.511774667114281
8.480367184776286
9.231672005976417
9.578523820213176
9.568039256234202
9.461881639795635
9.476503436131992
9.518018946483211
9.563322269675883
9.488533788947644
9.40310034744396
9.652262608965032
9.759397134467253
9.544273254519513
9.73762245801267
9.898527286329369
9.684544798166508
9.635295809333966
9.51395767300456
9.34902382422002
9.518923758887125
9.351177176570117
9.090824227622035
9.067740077385048
8.900529883845012
8.491062261647592
8.47644620003084
8.43570988244949
8.361076986734574
8.21418610759609
8.092154246988002
8.078379236466281
7.714708593737807
7.507791546247338
7.529470310919228
7.097977616293057
7.342122453046166
7.091547844697819
7.0323145159502385
6.980277457821422
6.944101097449314
6.580127279894002
6.457682545825988
6.560982175818025
6.465666082266824
6.362748580497925
5.929684277294875
6.000138968270918
5.832299456519275
5.244706605518454
4.8693685511065015
4.063623689481531
2.8793265658955756
0.0
0.0
0.0
1.355202592430953
3.667884072867998
5.482076492186758
6.00752392070194
6.441265169314694
6.689236635744748
6.551996465417518
6.831455867286302
6.561483262797862
7.169463269634071
7.195291855875534
7.3341820315200215
7.269694352866336
6.858525315923957
6.3005708035943915
6.290848087143793
5.452714516298258
4.740509054044723
3.380751805775678
2.014145305192463
0.2658044704696171
0.3924991234784798
1.6116023737158067
4.987730709482308
8.865994404923986
9.46486454304153
9.958084597119363
10.029390191716518
10.298925654610507
10.387517618904146
10.34066383181768
10.432386397554547
10.19355821375701
10.267732165734747
10.125882246599215
10.276043471640634
9.98242052680882
10.021969679093834
9.961100354156946
9.995085671334419
9.926787667345506
9.78309277397694
9.715422623879054
9.697844303215637
9.777234346330149
9.439928409888537
9.564975399506539
9.312646145034533
9.21986741155712
8.862820759982533
8.696773152685617
8.661303427959556
8.385581708649918
8.25014881904817
8.242222083395921
8.153833657117817
8.025843738194219
7.832945567778051
7.638040121850646
7.386271073035374
7.317650319714299
7.18557488471611
7.154862304482934
6.804753524738059
6.903993954985323
6.820134295884569
6.5750818104815725
6.520730822644292
6.362939784331556
6.205815505435118
5.998365583209639
5.981065550383624
5.965054114493625
5.642379761882205
5.1752092082936185
4.18996275116909
2.9593149466117694
0.2505563446549552
0.0
0.0
0.9957054587123144
3.8092018975227298
5.427972447745515
6.13242681710112
6.35815369415924
6.716603193774957
6.6203786330677366
6.73298915238151
6.378088306634538
7.6339305823356485
7.713119480249016
7.546653924740489
7.6666691196834735
7.632793520124596
7.214219258568998
7.018385163098789
6.926559295277153
6.661378449630896
6.249800829803659
5.837840229241248
5.538723367807658
7.380092954722782
8.203001990499883
9.218420878053317
9.720982301723511
10.222965336800089
10.644775375501256
10.866732150509335
10.824891791708197
11.096743842845132
11.116122852770504
11.06918765159924
11.138271813626716
11.028748010154127
10.75075411744074
10.771441530438
10.710103597900352
10.66639387677367
10.531368180119099
10.515631409966103
10.592692535312416
10.332910897130088
10.299610280465274
10.17270433773895
10.057381054357068
9.807662871604172
9.626629797503046
9.292599985160702
9.18685818878445
9.196104556842208
9.036658448566122
8.794132507934572
8.614990910701621
8.325152640430446
8.406213078919555
8.2001869255083
7.951170174994356
7.655455540963769
7.498621382884081
7.555032997458314
7.352295924616607
7.417280275002418
7.298682886441817
7.125538693014354
7.036629668842508
6.764286492503602
6.695666407339988
6.6463356369620925
6.274864432501634
6.63715316529325
6.20591272302097
6.182611760502617
5.973442680439207
5.775109897126708
5.3044901339538875
4.436362568936215
3.105055664557734
0.2505563446549552
0.0
0.0
0.594330564191423
4.127970579308643
5.26925864312392
6.193610006372732
6.480003634443767
6.240448057139651
6.438869066067059
6.561075882621679
6.695284279116849
7.781905164678981
7.906701007141356
7.901014193687622
8.069899900403632
7.895352113881776
7.466497484299914
7.461414214613653
7.4798128898940535
7.341351414440628
7.254018006990375
6.935269056654743
7.2871189582400735
9.411507409592543
9.94588893644013
10.219407083526884
10.604214203004618
11.068254664683755
11.310860581526116
11.422266140130843
11.818924949972585
11.994604248928729
12.1036758575113
11.791729511416976
11.761882973084909
11.651303223991789
11.036734291761688
11.364128445268934
11.181173206934572
11.464092078208383
11.254390527195598
10.93431537131507
10.722929011495266
10.676668975246086
10.6254508379784
10.253532675389627
10.24760388553783
10.212114032162797
9.845398132541552
9.771369412050852
9.15703273483335
9.177614365700569
9.135358774870133
8.959197235087878
8.46087219757862
8.246957673663069
8.181269336241108
8.179339731376155
8.051045494285681
7.863949335119078
7.664000259275421
7.510290495994009
7.416261253155154
7.329754537939325
7.145482764385845
6.923064270050036
6.962025027844613
6.779535525336936
6.52892702464548
6.486815534262145
6.526302630989601
6.521996166070403
6.301895855432595
6.206031681777668
6.116190178985924
5.843075658718101
5.318752937209833
4.737366871025184
3.768821800889808
0.7232252622454859
0.0
0.0
1.0571267226035719
4.6536363274727455
5.517562432069848
6.384330664622473
6.609141309573462
6.559215745412079
6.4806236801803
6.534210411571305
6.640789080569825
8.047801626429806
8.208914231650107
8.321721540350437
8.34075940434964
8.487043229232352
8.256172362849911
8.40389605793457
8.262721807928166
8.0749295756439
7.910853997552293
7.614275180980316
8.198798986737721
10.418904987771345
11.157536427498691
11.28332336062554
11.694487942841244
11.097530942443294
12.339784737133366
12.703717615532288
12.907436130980514
13.051185653505849
12.983542948935025
13.05900606322399
12.866932063657154
12.625628920925935
9.973917445945684
11.146327744350188
11.840172192375375
11.97229627837034
11.707637127066242
11.639419308558724
11.560670464184993
11.076891511350938
10.922916219961195
10.637527941100883
10.696965946120214
10.453089845809888
10.110523652596308
9.893129142825737
9.395499544813417
9.251103055781991
9.017378869192623
8.933437587829138
8.712251652207227
8.565928550680491
8.54015210004499
8.20256414013664
7.8179587110472255
7.843091992146586
7.80391062632563
7.509938384553704
7.209329647840755
7.497761137396817
7.311480357168532
6.996303526657509
7.032533515671244
7.023387997428891
6.777461755719115
6.641290167549662
6.537896830753971
6.445680965885437
6.198743946932501
6.301755155505053
6.002528396307349
6.100036251385199
5.821018019010889
5.276590587804792
4.520535008604195
3.584748198050051
2.515430883542029
3.4739641831846537
4.405049548100178
5.548460865282051
5.920365782466553
6.0714801057880114
6.467382008766683
6.32090025958103
6.4805047214236025
6.613278311829874
6.951013038232001
8.580300286007699
8.677651976116806
8.718358854471944
8.760847225592386
8.926051112667125
8.95186389019988
8.824383677142974
8.968285841049505
8.889086450511625
8.677315469137412
8.298929306233848
9.113404002248885
11.5649844569303
12.083015637534103
12.373660960934066
11.830289621604118
10.18787387772639
13.401589437703318
13.666177545439098
13.925301151512556
14.156788227435587
14.14557647076328
14.054350772646155
13.898039449778487
12.523886867326327
9.570709237250048
8.306122385753449
9.123395110342118
12.122119717302674
12.524238380514664
12.223182956559
11.93614182202692
11.71466165653248
11.32155435659798
11.057894053418124
10.929876749585743
10.578886540477694
10.327611770281939
9.920684444584817
9.74323847663445
9.516237503481648
9.08483308724928
9.227511965887508
8.785135033451162
8.600235689163437
8.455244351245641
8.28858958610195
8.057414710908116
7.867044548496898
7.5501496414739595
7.747828868331231
7.587429838676241
7.232549798217355
7.283987970979277
6.971567696443833
6.869073479143132
7.046485814889511
6.944210597309817
6.6416722957728
6.534736750504186
6.66366176007353
6.528927024645479
6.301993073018447
6.302133772945991
6.086390710577597
5.900600353209917
5.3097552831412775
4.999562030089404
4.476027712955083
3.924554371633441
4.295641326588032
5.581293717412275
6.095970655873343
6.114568238733846
6.188471710823286
6.398405047332975
6.511541905579627
6.681015181790516
6.556174623918991
6.482052040873378
9.03669449482614
9.070521866698696
9.264904791701202
9.257067980260604
9.238762760837172
9.412225669874207
9.349613320420039
9.489284055413734
9.69240756433841
9.297775521407456
8.850674035882454
10.19153561620542
12.81577792578032
13.366682822600213
12.892240154689633
9.678747362650187
11.223624827719334
14.799108862002916
15.263938538124687
15.78589679446908
16.134289852732984
15.884598205754948
15.806957102924386
15.198366959043721
12.36779853247763
11.870542219939122
11.737179458869395
9.256838929149582
10.152504991053545
12.76666200860774
13.10616428351464
12.881506436675998
12.382909133616451
12.052412203305437
11.766948511205126
11.379103467680585
10.885025362036872
10.710778416193245
10.458969380800106
10.034016439426054
9.755081308618308
9.366621862424482
9.246519560709134
8.970173850041425
8.730094148897082
8.564854547953065
8.32951440792412
8.288062146138447
8.013152035799436
7.998669888461124
7.663503196565756
7.631838281457241
7.301310773430431
7.048464099532821
7.127286205627914
7.035483284173094
6.92423258601221
6.710896522380933
6.539043215423384
6.300417846446134
6.3718964525526935
6.225753628692618
5.9769999548717685
6.0100323074950674
6.079005758146577
6.013762767907674
5.877322923645592
5.269025860728286
4.908556512815973
4.700632424403437
4.75597699198829
6.189758795420244
6.174967149387355
5.9893586905265375
6.320853545901267
6.748369923528019
6.38392328444629
6.465496619604037
6.693492596757857
6.819479539298796
9.255263729527517
9.350008014535959
9.60934776589518
9.636464245076073
9.887951946782142
10.090820009343007
10.265369615655679
10.214172703733237
10.17176190350528
10.178382352298064
9.348571973536593
11.050423012195164
13.678389150466872
14.303108703518587
12.109494022514076
11.777385716697502
12.052744152426797
16.4183583777011
17.110790276989405
17.466728685424346
17.65716291172346
17.553511803243314
17.24474720675767
16.904357015533375
12.410664641481798
12.27574914410917
12.140987720117586
12.394783445251536
9.895872261571942
11.209023691407806
13.961219390697417
13.681520383051119
13.345990424920739
12.925161943152231
12.35132476482539
12.007362905147865
11.497795428740256
10.93764550181173
10.807282825618286
10.298087556181471
10.205692183173742
9.864180164727
9.4785005776319
9.11760163131197
8.843133225881447
8.58605893580638
8.534882968121588
8.329241333724244
8.055951534641133
7.979861395471103
7.576546053572286
7.451507280752941
7.268178659286941
7.352260158936623
6.905631967738377
7.058907358637977
6.853156910167548
6.60118302508567
6.424268344423677
6.22048819271131
6.356055639436244
6.121715273651472
6.2130814991094425
5.981400685482872
5.9741346918085485
5.759529022138625
5.390149266918086
5.3092309656642485
5.309574898677948
4.78821299330816
4.783450494940311
6.179486838755157
6.21007553611868
6.417528689682233
6.438681652459753
6.315472661945462
6.2545476918031975
6.603093666201361
6.465114491380899
6.734126078154729
9.527680620944183
9.909209998316248
9.942884855694695
10.24977849970875
10.363618176226543
10.513524836690552
10.821600579873524
10.882446482110785
11.08078451511223
10.998477380981557
10.25724789597381
11.429136716409843
14.452699595498528
15.653140186616481
11.738533572904002
12.00358698484116
9.18216237057842
16.261411808483583
18.51462911647135
16.486460710252864
19.444400565039434
19.926779075218718
19.115154775117944
16.523543747900433
8.140431481382468
8.922503841185394
12.49762224468099
12.86803024239749
12.858614331252856
15.893640167142676
15.603219751072787
14.811192464679142
14.036551948793758
13.556776110620406
13.054456821368627
12.53515485416701
11.891762137854855
11.53471186573058
11.032952268703356
10.695761583911239
10.331002185416493
9.795591502707198
9.620139320763716
9.333543092105637
8.897500764085999
8.673726286498836
8.576038035001284
8.435957114597311
8.202230872293404
7.969107553245078
7.897996014897802
7.558793908645498
7.316631297867037
7.074225042246665
7.143516252051281
6.855819028173035
6.733862908688289
6.487435579998678
6.199122564373439
6.3010848853065555
6.150440602467321
6.071955940814802
6.292986180335347
6.098295352376422
5.866235119301545
5.365630306325802
5.434903306320592
5.681311825579791
5.658340056318593
5.253798016162125
4.615144194164693
5.793986596079928
6.044924517883842
6.328570402093463
6.554289234756346
6.7582388491315
6.376873467114517
6.52454565947985
6.6802761772972845
6.642054423995938
10.015159456586106
10.233447143421785
10.204954203742153
10.447441580954706
10.723231266444266
11.01897328162972
11.435730738109626
11.5140587095347
11.914729672686077
11.902225717408003
11.221864952453016
9.781298100483276
6.3254380595964
10.389072521983785
10.808651811853773
7.033923987217781
4.328548188766263
9.033475008365201
19.13828659526832
17.3067187122844
11.718825320489055
14.499857665092305
17.48938868586321
8.467785754677577
5.3563807628327655
6.023317920174537
8.475171241163563
13.785583887211454
17.815521041357325
17.273159801073596
16.910772063309764
16.39010251851997
15.416613769061653
14.46041974111226
13.777406598727826
13.401490901305479
12.586471355407891
11.900212938529467
11.350118076639479
10.948401724911086
10.364056272512686
10.075041447222185
9.897473623125151
9.39171772494537
9.145822726561818
8.912045377954563
8.688148231441625
8.550725626979162
8.285843794343117
8.0087613468307
7.557739121118255
7.5021170996175535
7.298361004928577
6.858985553818642
6.752779554147065
6.635624652400698
6.392094234494432
6.156726442796946
6.1552234613015635
5.852349869197365
5.880412514142469
5.690895771907735
5.369418665975215
5.033592128898528
5.0719511399834705
5.150854406069553
5.615948010287652
5.480732031428235
5.52781078126755
4.916046565484835
4.263195702044747
5.845419010622289
5.864441287055973
5.827494783730018
6.15082273069046
6.494272731770101
6.363011749964365
6.5544334454660875
6.474431826098456
6.4588973853460105
10.405649612801936
10.482766107460408
10.753066122750903
11.316817966558666
11.072546956063979
11.686870076971646
12.236558020506004
12.733336825306184
13.18362183348836
13.214179928028615
11.172138717359145
7.764170791533584
12.122520728681978
9.05847558458796
3.913118061522275
4.157842123160505
2.5807541945565626
4.977804651667423
18.409791530671786
22.420931901119417
15.577241302765207
5.73924698521869
2.9566108564204234
2.957787410148678
3.578194429881946
4.2237813352280495
8.723185423188761
20.499898862612223
20.533218347752936
19.60860945822483
18.374493951706395
17.53384747744581
16.68839917105953
15.846102264336203
14.6771665426396
13.861185491650314
13.14720622223699
12.536134297543837
11.868774426936453
11.111123409668489
10.767909087534827
10.454879080377205
10.150690128082488
9.634901115218035
9.233353831272439
9.127124724339726
8.870983362764745
8.355719271295479
8.152080869998416
8.067030343206708
7.779299304363868
7.331229422190251
7.208797224170962
7.1355668990443135
6.810691668249657
6.480028886396812
6.00568580410731
5.731686629081624
4.873988751886917
4.504890758518706
4.645360427566107
4.504261962183283
4.047939687059875
4.510280710851424
4.919221564396737
5.204651800431854
5.1985742555219785
4.86345213937473
4.816697681877337
4.6502783556472975
4.046673912006092
5.565187845495423
5.345721926175497
5.650405584228958
5.936615135869951
6.409285494557156
6.363894965167338
6.282033208590106
6.376992425871214
6.30889867964048
10.892044360417577
11.237986802757893
11.715394893293663
11.88937098056752
12.085591689740687
12.592884229964874
13.10536940021989
13.795795523932883
14.476282641811151
14.641803208803223
9.425332338231955
10.688569813871256
13.24584354625181
6.338447034880797
5.20171705083799
6.851866784354433
3.879686542102347
5.669466474835349
11.968563931384688
8.30654151757048
7.1556115387954815
5.998398069262142
4.24482552735435
3.2554110208615183
2.2162640899051
3.2866767720078935
18.71688324672788
24.929198993302258
23.720581257463976
22.14590460278841
20.681484150819458
19.237262875672542
18.10899971515259
17.085940787747592
15.924321473786009
14.796619662772764
13.82892999888034
13.058443435382943
12.437683979153531
11.57937041183553
11.128879371193293
10.859641726587476
10.445882007248144
9.750169435748802
9.192231072089164
9.205217203882377
8.997579341165268
8.636740139972906
8.300533530395079
8.139826239881168
7.644696264111726
7.424693302764941
7.234024682468281
7.14471850793957
6.49778968828998
6.265569118399049
5.39295340066502
4.440756753141157
2.319450675150855
0.660544907537522
1.1390912213981983
0.8897667262935931
1.1043136197724004
3.003225354383624
4.9628731038455856
4.77912158266449
4.506220463131055
4.546843181912055
4.469357637165564
4.314109274561979
3.937010616774568
4.253706248593925
4.678405901243504
5.234191853787049
5.505488375837613
6.0662684050508675
6.3913552300012
6.506223807804562
6.309756642890408
6.387656976196971
11.776208368884788
12.079127706954898
12.277530369862045
12.717735442049946
12.940880807252393
13.413130984397753
14.235384965633875
14.90243439633739
15.927884099898119
14.166433074901757
9.447673940402154
13.3971889098677
18.696443213173563
13.918916201332909
5.332218290623089
7.008889434237619
5.37556400154422
23.679906101599748
8.500773315791404
7.36041279802452
5.936524233084393
5.7862507456948915
6.391689907200024
5.439298352032308
4.14384495123817
13.079007865779586
29.330778841595354
28.761016535491486
27.613839592341307
25.616069054587328
23.435949618940402
21.54635399977936
19.711324493609027
18.217569777209928
17.01130504645815
15.891518415134902
14.459695071980292
13.552044590416108
12.80702610407431
12.120723413317897
11.426669684254039
10.829285677820653
10.436446837832943
9.92635607769187
9.561445642295778
9.236999012655247
8.918767719422647
8.51548765924687
8.264754445705131
8.101132313431426
7.491300257298584
7.34038387191343
7.213260483431637
7.088817075916975
6.544326602349211
5.98958624929827
3.5014388558355036
2.1060549419375167
0.1879172584912164
0.0
0.0
1.5136416858384458
3.823057888866363
3.9880622680044837
4.049929906550945
3.686168826411726
3.0756627761636803
3.8634586197713965
3.593727308161737
3.4390347970592448
2.4068621432226007
3.7535951539676224
3.8874145458415414
4.419713664443693
4.506298437026755
5.726593887101178
5.921823489837062
6.467263050009985
6.260739545885043
6.363512836944201
12.290994182569387
12.571419081321006
13.114353509416883
13.165704107324984
13.678593957856863
14.394334609630299
15.475959151942565
16.439217202891054
17.30015076999135
17.750755743797775
17.573115996363597
21.337013987405975
29.64691542810162
32.723848347501594
15.069641271273769
7.423343212039626
8.602688890289796
8.547045220646844
5.480531555419601
3.464773117488985
2.9968697470078536
3.3809441722555906
6.206585554734101
6.142330300280274
2.440448664781402
12.452542677539448
34.22464112408127
33.66144923182667
31.885526331546544
29.379884737748853
26.998582961259572
24.406711256670903
21.962747398726485
19.643737835560074
18.02719523003639
16.9395607490982
15.451769780231876
14.166464844197192
13.243406006792023
12.38637948411949
11.81311436634109
11.036403934133181
10.659589553072252
10.072348939274956
9.44553214153736
9.489866796753624
9.136727828936134
8.72085347542175
8.376015025185007
8.037792974330213
7.629328197409173
7.266424364514131
7.155884167158114
7.135572989697214
6.403165885552244
5.736786228166624
3.1272249584035077
0.0313195430818694
0.0
0.0
0.0
1.2147175628330389
3.340618733503849
3.6352377794104096
3.0973872454777096
1.54622031973702
0.0
0.0626390861637388
0.485082540586928
0.6641201647198824
0.2505563446549552
2.8342281189445524
3.7581694512756183
4.225886078996868
4.946670459217778
5.704646263926463
5.984774269625386
6.377875641074188
6.3569136026861734
6.2680272807302115
12.980536940667541
13.372180242970238
13.61223140509573
13.949637331070443
14.336942691104934
15.350302293805852
16.543520771593993
17.53558971368229
18.76393080297456
19.936678495297947
19.373348216613053
23.545061921437853
34.11509728780348
37.79264829107642
38.77551087907906
16.573517893129743
9.964565034805211
9.633066244896048
9.691890990002017
8.234004824502954
4.489709048950779
4.031345985870327
4.398234407090072
4.717275885521751
4.152906357712874
6.962331682710691
34.07299170747128
38.89688080673227
36.82341469088693
33.895791249201196
30.73623352630252
27.8481598548755
24.81628505606937
21.89382684661378
19.507988597006374
17.87890682437591
16.507913028939583
14.86493619846585
13.746084325590154
12.753921350952337
11.923789592085642
11.235092339000897
10.736238677297898
10.338956134056488
9.869164134256241
9.279564829741826
8.85426226136808
8.580354875970082
8.315654385757757
8.005654395368076
7.795064884916195
7.173244938109815
7.157960179353187
7.051550202094331
6.545999325951505
5.638693685140018
4.6527113515755465
1.463156863668761
0.0
0.0
0.0
2.5864286065184685
3.5926126572498176
2.7011376266779528
0.7939000570428282
0.0
0.0
0.0
0.0
1.0838023853260617
1.2243585858275083
0.8237977146719678
3.8302357958750464
4.23004032838265
4.9797917093461175
5.710968727764037
5.901292364579259
6.294727079344125
6.4865776167487486
6.561364304041164
13.55501689832323
13.895604377939408
14.171580990404802
14.775310321360754
15.600142078475132
16.507789593717686
17.551553760075798
18.67296203615926
20.411907726118702
22.241620489365822
21.867828536846933
26.098848938771685
38.23395081570321
42.07420309635925
33.53137570227914
13.390924812928214
12.008936612799957
10.891553026727163
11.329115219692053
10.965443860203257
10.162284785755999
4.892581601995488
5.332851582097566
4.955856634695224
5.772007706325907
6.974400867184539
29.75155310268377
44.22965717315478
41.593238273435574
38.86401507261833
35.57181578239164
31.765251556161953
27.822862054099115
24.5853763946239
21.62785356053588
19.19575635398963
17.423256323554277
15.976454894429912
14.400082741174652
13.214577983208581
12.336430527322475
11.586479921691586
10.874789602338055
10.363359899941758
9.870021458565166
9.344091511657115
9.104149346539408
8.741878157175554
8.043579506743036
7.957333974686854
7.586911690664578
7.301310773430427
7.02289636934525
6.858011455190472
6.601446194552111
5.95786767277986
4.741450718617868
3.1385836424937144
0.44211076314486947
0.3168325908173919
2.619766781249683
3.452455496464828
2.2198344064536353
1.704178017782759
0.5950713185555184
0.0
0.0
0.0
0.0
1.0006819670752918
1.6343471487100751
0.48508254058692796
4.012602327505604
4.593728706082116
5.147364948940079
5.376392819123529
5.984439134526137
6.5079902382105095
6.28179529107671
6.445850428548224
13.90733646067114
14.61153766987067
15.23244503827075
15.811710361131633
16.60206607877203
17.2523964529989
18.507161857930754
20.289022662797333
22.260227672711554
24.25127964990473
25.02605532772782
28.10871088474851
42.14110896665474
46.927478057789465
27.551745536640503
15.067092121214447
13.973880416131182
12.913103780647461
12.66067921293381
12.79885456655632
13.144238553473969
10.579482086892176
5.641982006435846
5.8394917655617755
5.820014405496328
7.148225973632893
30.928287520056887
51.36763764580649
48.58112472795204
44.68759894140594
40.22597109083952
35.95109255659233
31.44028413183416
27.636019926398745
24.136367453138025
20.606250125861763
18.43062326196445
16.65610180727645
14.924117393073654
13.70978056785872
12.776558371189115
11.71287509695648
11.182712624335204
10.720184054396723
10.022274824151308
9.334486495743445
9.032623663015137
8.609537692331912
8.027634183137746
7.887570537317653
7.407142569111955
7.22165676736144
7.079398929311988
6.729920123765881
6.089018442267416
5.827206714538828
5.24101744300653
4.005128240935148
3.3971047575763538
3.331773760695568
3.2946496586075025
2.9128710833479143
0.8332346744861888
0.0
0.0
0.0
0.0
0.0742913205239279
2.995164761267375
3.721045349187553
3.0111498986617073
2.220083912699839
2.9442022849663294
4.412626520216032
5.304048739723226
5.929134757636261
6.100252427727749
6.334524338661912
6.4518980719203265
6.479859423734024
14.985069185709236
15.75360073535647
16.17410631837269
16.805361186039168
17.250982754577823
18.159445141586584
20.033919232299574
22.026702895972885
24.34295485928894
26.718477273309908
27.075859638010844
29.454262699842154
45.78365000164425
51.847843484833
27.35956927071119
17.161597820528424
16.06918020128618
15.10664963176739
14.48658144429862
15.178801933027266
16.02880274823693
16.20973146127076
8.25993306488219
4.986804570470492
5.009357071184988
7.450716190107511
37.76874923841156
59.29886736289854
56.58877175155128
51.636637433117436
45.16028766685885
39.75078822369852
35.287153184151784
30.265399330777473
25.97758747065845
22.204280601854318
18.940188017877787
17.227185465834246
15.724492826802726
13.20100192843918
12.603696846835579
11.950414014634108
11.212001600852583
10.592598125161599
9.915432039500557
9.282994969247031
8.813159731744063
8.325835005445633
7.762243358399614
7.561772974939201
7.196165612182312
6.957590614838563
6.4120892574251
5.4041493304370185
5.254732963804104
5.439245458243154
4.616076281277057
3.6468693794984866
3.649098681322324
3.110773359022114
2.750069950659065
0.5164020836687974
0.0
0.0
0.0
0.0
0.2505563446549552
1.3694642004197393
3.8235004481564037
3.1085027886540506
3.2342210877990576
3.911975239614775
4.138205860484692
4.809802019671681
5.158208017407911
5.673205386983305
5.92549972302632
6.306180858625075
6.343340306955506
6.266812441210191
15.766269142693275
16.46792176120906
16.873657213417356
17.344427115491477
18.328397358632927
19.638522034857832
21.29062781002456
23.40196279658789
25.938232339701155
28.05480859967173
29.358245953378805
30.86863895193986
49.72115217796339
56.929805144611294
32.93944129257144
18.2274404533552
17.939606409973138
17.181904547496735
15.763640188359377
16.932248144545085
18.311931589381828
19.816220253837443
13.901177777165062
6.018845492500099
6.572241240483145
7.662328305821273
52.150757848419964
62.83915366657732
60.637276164976704
56.82528152596171
49.98521337650246
43.1926530091891
38.01141725600496
33.10853584670538
28.064614264808455
23.521295968562097
20.06613629455689
17.16350671166497
12.69579037710363
11.471689373744267
13.042387779827887
12.1301544881594
11.071277282176526
10.238899084121552
9.397396094088105
8.905969809859194
8.277616189387778
7.676729859587968
7.308883041862743
6.9133650865534655
6.22227562677649
5.830034927352448
6.280483233970835
5.765350997843542
4.895786444182197
4.037422737883718
4.113471356307813
3.8964266376311496
2.7382113735777556
2.299331873426729
0.9942103042583289
0.0
0.0
0.0
0.0
0.0
0.0
0.8722480301108693
3.492386860104803
3.2575049222473225
3.5765224535140687
4.33882457375605
4.786276168072141
4.995383417662944
5.475808399882283
5.92160731349451
5.831268234505131
6.431725541931633
6.36437080019413
6.309042890350221
16.62183891635926
17.026691460156542
17.81559811790137
18.428796125853992
19.62427356392715
20.839218633825194
22.846034484137455
24.976210984431862
27.748494550549996
30.594674761684118
31.624677036672587
30.689411447010066
53.989858642438556
60.79708970182869
45.69906499502979
19.069937744699093
17.888680552625598
18.526191594337206
17.05563677355883
17.688246719032538
20.346858975322462
22.288212151749935
15.621530144244296
7.353776180529457
5.249483933680227
5.854313262723322
26.07666725673173
62.726094653070405
61.81000968224834
58.50619762458822
52.259722541160826
45.64126022016509
39.87341698257862
34.8097065405457
28.511079538455405
23.350812871238144
17.036491742539823
10.780327773042833
14.381872819089809
14.801409424615688
13.603912450375187
12.061504890928498
10.942818127609513
10.092693524342174
8.893087737765109
7.153373793959784
5.5602084895156025
5.740801630755696
4.920961101787961
4.980375595287505
5.974147866020912
6.395186139337736
5.882489350257863
6.265580215509002
5.449507482908224
3.8323296972608505
3.6552924272888383
3.283955455780144
0.7356182509697704
0.5950713185555184
0.3445149739005634
0.0
0.0
0.0
0.0
0.0
0.0
0.3554058196245445
3.2254173835350013
3.0286916615890562
3.3605173466721343
3.8401954195952452
4.206438033664053
4.621619004188085
5.18189230580237
6.057878047322101
6.064787164726331
6.241961504072565
6.369798397829697
6.336409448380431
17.04127224073058
17.629862368243106
18.31558557614949
19.57852971436504
20.648481249527897
22.436516432168506
24.462984093844078
26.706043462614232
29.058191390953212
31.927905779911153
33.299584694998835
31.413309282435495
56.07320459858935
62.92289202159564
64.64941210335454
23.519076741900715
19.30081948068038
18.765304480592782
18.47512909199099
19.142858534278577
23.3297236131941
25.17198615085117
11.901024785859692
11.695141438246253
10.749135554768872
4.856233418687661
7.27388140752724
30.829358947103902
55.6701312132927
40.75353048569071
33.30558272932955
47.32640635306429
41.35572644055931
33.22889811124447
10.233107352442575
8.13728727513452
6.607509301371392
12.713013965861833
16.55985262878145
14.98219678886328
13.633679687325193
12.280994263454637
10.657528014523947
9.198681798890364
7.746467151550156
2.571281338429714
1.8058096374440755
3.497148427660066
3.331773760695568
3.752580473012192
4.635687328425805
5.469939899524636
5.626510817702927
5.673191567206188
5.043898192448036
3.869464666472963
3.3195848351515322
3.073009394389637
2.5207862290866574
0.2818758877368246
0.1252781723274776
0.0
0.0
0.0
0.0
0.0
0.0
0.4027348771572838
3.192194559638649
3.1921945596386485
3.8454978732787746
4.211808781013966
4.511181987429614
4.800116218564801
5.257787427727957
5.84238364734876
6.275340267528425
5.968922991071405
6.239352176376326
6.281914249833408
17.59982060646954
18.352943007523365
19.41187237053378
20.264507224589316
22.227832818610022
23.721393548836385
26.022343660356213
28.317205642814386
30.6330594338549
33.81096021158793
35.17843336382779
33.12412888878289
55.14172893634383
64.89173980927572
67.50656631293525
21.648330025467942
20.85664339455545
20.9116184752554
20.71871143723275
20.65033666524907
23.409666562475646
22.82921199121345
7.572643358661229
25.917971887279656
33.83907144524697
10.186129424364383
5.50578523284882
9.056454362514351
24.54303319717856
22.49387371422186
53.74592543838758
48.426557120853126
37.721833602544756
15.409510024168293
2.763132933673729
4.747520839159223
5.239582649717937
6.487058222778732
12.040518131244225
15.188736612407936
13.497764857702911
11.895191812563182
10.369964086905648
8.188599623407347
2.5262198191282557
0.2935281220970137
0.5324322323917797
0.3794716769811307
3.0007057867494997
3.9407063660193407
4.815906952812341
6.21325366813375
6.115480681471327
5.892118327079568
5.061075891282063
4.018347340479174
1.7613815008542972
0.2505563446549552
1.1275035509472975
0.3758345169824328
0.0
0.0
0.0
0.0
0.0
0.0
0.0
0.8974557796457303
3.492386860104803
3.340061408047889
3.9869476170925666
4.04709583702402
4.575298132782719
4.685325926489839
5.2701239102697
5.803403298269918
5.992755807623082
6.294344951120985
6.287630268888462
6.364013923924036
18.13522494675789
19.11523726552698
20.601739411776094
22.198118708288717
23.63855513349428
25.429403100178344
27.60985647729326
29.71776906180492
32.09085841181318
35.192948004624
36.4629231849866
35.71829273938585
52.4664532923955
59.03018573964892
34.70412213228893
12.099032023499682
14.477490052728704
17.599646698377125
18.955442474788583
19.292505778883026
18.99585310443825
26.08086372750767
25.880572126213323
28.447317574451702
29.186805886639178
19.401959178403608
8.186642416240161
18.107469844271954
22.19315888435203
49.469051627963005
55.8141438947793
46.3337207637676
11.08638590567299
3.3075431928146104
4.794974329377898
3.5862069524641904
2.631589337549307
5.704452224711954
10.221389196757686
15.317898772313995
13.25663279756498
11.516499066892308
9.625451615047519
3.7214956310654324
0.3561672082607525
0.0
0.0
0.0
1.240088107003923
3.944498834600906
6.129906704795607
6.560600047594888
6.240329098382954
5.932179074008261
5.069583415984345
3.087747099503814
0.49309761494841925
0.0
0.0313195430818694
0.09395862924560819
0.0
0.0
0.0
0.0
0.0
0.0
0.0
2.3673023965895705
3.4929441855607615
3.397104757576354
3.6543131768149513
4.397872491178605
4.561264431017186
5.195129828886267
5.232918812548679
5.682143472587503
5.8329461937637435
5.947539697108242
6.205555846750878
6.064549247212936
19.19980242942934
20.330569997240147
21.608234387026027
23.53246405460228
25.089225309625295
27.1283881768187
29.09311869641625
30.91118832262374
33.30874952817477
36.26677120989298
37.50036729416693
28.91688882553394
21.505216013997813
37.14545209761199
42.38103866958753
14.69398339575412
13.834787393513208
17.84180920215784
23.654996754629924
42.84465388847279
51.12729608447162
66.7198527557257
57.42347207267336
25.365870043989702
18.278030089833667
19.8543139849748
35.66357931280598
34.0816476867575
59.02292334465306
61.529845153205905
51.34120916876642
13.443855625555623
4.620651702597765
4.298384961593695
6.10114294981435
5.209477235786373
5.0028719959018915
10.290044095541509
17.226626728868943
15.334954570532645
11.201729346550882
6.675234732114748
4.739098660164429
2.8368458836397683
1.005862538618518
0.4071540600643022
0.0
0.0
0.6139772386409909
3.5066356530620357
6.811173837437105
6.938162953937716
6.501441507858572
6.167588064285071
2.746719454342629
0.35616720826075254
0.3758345169824328
0.0
0.0
0.0
0.0
0.0
0.0
0.0
0.0
0.0
0.5710260954710449
3.766897301134271
3.4563774089286556
3.4929660829675013
3.416737480436855
4.03588616195387
4.690924947584807
4.82999206798814
5.423503740142152
5.874237408694269
5.699352155156402
6.0433025776317635
6.391856316981037
6.287342126913101
19.702525709884085
21.18120895170215
22.89195791812489
24.63791469945296
26.3871629625882
28.320547479167868
30.136854118614373
31.913585801296815
34.40657077079303
37.11740302090607
38.37063809462962
38.535402215802264
16.275035177490313
36.75110065939812
45.0123570338682
36.8105586698175
21.07886745125868
55.42820956843673
64.22653632308275
67.05734801985705
67.61991660401125
68.63017410226678
68.65815470872333
30.184077210396257
26.939672212063684
63.86259485686469
68.190426664012
66.26301525239583
66.1240850619563
62.0114084944414
22.487360576469538
30.136989183672842
17.73293304585674
7.390500251781475
6.071038538809091
11.1563541555506
16.75352503286653
20.50385821159732
18.10155870538228
15.120620974584297
6.0345172158767335
3.2588825220143742
3.7564562063635174
2.8197976483711877
2.0886375693117856
0.4617780718665498
0.0313195430818694
1.5566753660968409
3.885285549614416
1.8118317371628025
5.419181970723797
6.774624807738053
6.60309366620136
6.2865311567870625
4.6497322856926315
1.2048101421046762
0.0
0.0
0.0
0.2308890359332749
0.1799021841297252
0.0
0.0
0.0
0.0
0.0
0.0
2.6633020578506064
3.2381636345349967
3.179448308638653
3.8822157740527454
3.944744419949902
4.449261590514522
4.711655775509452
5.160117783220071
5.93561152235539
5.800917454655004
5.882887425107277
6.035344572588097
6.3091618491069195
20.521734252022192
21.75388553603197
23.84558269293417
25.856847284970915
27.632210333584982
29.176167222201233
30.98857482974972
32.96854306168025
34.8717500135746
37.3488695041605
39.02401426350203
39.211823912153676
34.98568954860486
17.14900407841163
32.706097090415795
35.14295394331586
62.6544687871674
68.22629790699267
68.19091808860837
68.22373457695609
69.47647807929526
69.37958894653394
51.04193533831432
22.07945844485671
64.04050656426797
67.71780850547145
67.78227932044905
67.99282834706263
67.14548095184222
41.77569510420254
39.8841559169328
54.82426127705409
47.39665353065344
19.37676453886531
15.56980523005343
31.10510644625864
26.847215881190778
20.757875160197713
13.48741713443826
7.62728783053582
1.4857677288049636
1.1216028593120886
2.242341158627406
2.5288013034481502
2.272369610435539
2.429435125666077
1.9425774373507096
3.317355533327696
3.797148372416726
4.5034625326573
3.6075779455357164
6.71131980684913
6.5686520388863325
6.338063947469183
5.9561426476131905
4.083423747643203
0.36781944262094163
0.0
1.0159673875061719
3.5606198460229463
3.077416444999643
1.2219616244226228
0.30879688218378815
0.23452619593197277
0.0
0.0
0.09395862924560819
1.1492646081231475
2.0101930318774257
2.420705567423851
3.637599000393305
4.467493137883207
4.871351415094949
5.033592128898527
5.461468066146337
5.580384539924565
6.206150640534367
6.2612406328648795
6.084680578622308
6.19724096543712
21.074348919593625
22.619699224727913
24.444166316663885
26.281384320172048
27.74797951954204
29.71440909598065
31.589179479850188
33.273103274626266
35.281150025333446
37.29900924858917
39.02601466479599
39.17265149895111
35.72514434482917
58.79948700737931
30.191176004503184
58.56781718512113
69.69935160798813
69.00164273658034
68.52750630837708
68.74881067757005
69.43846727193585
58.773230604218625
36.450389678384255
63.434494328157434
69.07970992994511
68.42828526359837
67.69239461470484
67.24754614665619
67.29453106176679
56.62325980736483
60.23652694871489
55.40058122380699
49.263604901876235
42.98688673310594
37.8207537466702
32.72623315259484
19.555118169364427
5.38282547818364
2.5090927261822413
1.9949541741499572
1.0961840078654281
0.755306193963563
0.2192368015730858
0.3911239113413198
1.8245003160193711
2.8657460889954223
2.9798534223244655
2.901404557436734
4.067285885340481
4.922633810798872
5.907303237145888
6.507777572650158
6.574580723501737
6.562867564980671
6.24692482185878
5.989578942414641
4.147180690883734
0.36586086598436507
3.980819868875204
4.657844851435219
4.823214525398266
4.172102205292228
4.175090880239993
4.2157368671806985
2.6603171241332344
0.399138985702811
1.7640032354003454
2.194615137802219
1.5777481762096723
1.6719138228269157
4.0406198694116915
4.820505292811973
5.085309526862341
5.6127435365796305
5.630043569405648
5.718516923300814
5.953342116083321
5.696028722691684
5.824002240830808
6.030608706877743
21.55289812343588
23.19917842495616
24.63423233396106
26.743282450827834
28.272237003595915
29.814045198637206
31.39263787949769
33.41776750877156
35.35165832643389
36.83682151210284
38.36982308999573
38.86469177975142
35.36937285858103
53.64255370625805
61.87690085076651
68.92383806953309
69.8320160906766
70.33790314090179
70.30186933881359
70.03536196592546
70.42363342868931
57.665701312946574
68.9056771023379
70.02166288210427
69.88373783554135
68.69321928696989
68.00254575942662
67.6230247304775
66.89452585342646
64.24490831880436
60.507144959696944
55.311850530606904
49.37557150978537
43.42206457422212
38.08001928507026
24.570275431970966
5.245028335330084
2.5385545844472235
1.729849189500211
1.1544451796663737
1.628616240257207
0.7516690339648652
0.1252781723274776
0.0
0.0626390861637388
1.8186478814747056
2.9808649018758193
3.5311107040736798
3.9946622152850955
4.630933803803135
5.89426609107579
6.743086536602193
6.755072323485893
6.631105521921148
6.416980889022633
6.090196647405212
5.863891767397358
2.7564351645526104
1.7605588755871826
5.236677697401968
5.181604236611182
4.766806447027574
4.6192512801889585
4.5594884101523485
4.339566576739699
3.0532535899854
2.1834607585541645
1.2701235975436065
0.5275770971889646
3.959139627555766
5.228170172699685
5.185315065780594
5.128670989242825
5.770613740712935
5.720287222592358
5.845350203543386
5.661975090928532
5.979663862019649
6.1351228969456795
6.09193754641399
21.937274449432472
23.38146573601038
24.84556778564412
26.471160411420314
28.03064090361546
29.65996324557987
31.01869242676566
32.493701280809894
34.11500063659031
35.64771426501473
36.656784376107886
36.31283767122176
35.466565695504066
45.04669386971664
60.6597020592349
67.39459961009148
69.8969639054517
71.14413135657533
70.93214269709885
71.18588781198847
71.6965347497653
71.62010737356928
71.43989350702698
71.18336635999597
70.89146127942007
69.20370955279596
68.17772793825786
68.0287119428553
66.93714420402763
64.22747925679641
60.34480522034887
55.472191415034246
48.91895553530096
42.939393814923065
33.69003749382198
9.471395871360315
3.7819899769077314
2.120973100841532
1.7888511156652518
0.3248476651788831
0.2818758877368246
0.8143081201286039
0.09395862924560819
0.0
0.0
0.38748675134262195
2.4033167883995468
2.8429370429146688
3.9013228900005847
4.772834169440895
6.4651649952869885
6.596081573219198
6.608928644013111
6.701595091955392
6.253596021749616
6.254071856776407
6.079005758146575
6.030744752914978
2.068546863610029
2.9825195003241403
5.492298452358074
5.328358511453529
5.1698766825032365
4.704127501281057
4.7191840497378434
4.0121693182164915
2.1064951444438473
1.4937631222733299
3.3131272617895986
4.719743572638559
5.17288752304692
5.36259779912463
5.592053243761625
5.769467635487647
5.733524745676255
5.867879602731838
5.607246852421033
5.905738369315237
6.007286003188544
5.92911122468223
21.88643442398041
23.395925970680974
24.635552926663784
26.148306460226024
27.609673073911704
28.932472223547503
30.413185866943202
31.41834101840618
32.37657253790699
33.08590390080812
32.64281155480217
32.00859453657112
29.975242359631906
29.704734020585114
51.11496849991418
63.092820689109416
68.18547607233812
71.51767351281113
71.78679146681046
72.21372741549388
72.16086389011292
72.47268005368886
72.35600661903688
71.96816875892516
71.03066594476236
70.22550376222112
68.93201597488768
67.98357472357783
66.68856910459748
63.530829562406716
60.1352134083771
54.55840056285854
48.45879974039925
31.85034069571334
11.709268503657572
4.902398842085714
3.134015924926155
2.039407460320207
2.167582038282288
1.9024770536325402
1.00222537861982
0.156597715409347
0.0
0.0
0.0
0.0
1.4740916390299181
3.3267578315919364
3.9109642705975913
5.092492240946258
6.630735866094576
6.553669189019812
6.582564259942573
6.500320375142202
6.466430338713101
6.328407960995076
5.929327401024782
6.04986620119508
5.922634459963102
3.8338027329174844
5.122181196091486
4.870836922687999
4.829831263616962
4.711844296918342
4.396456967283769
4.207770727083403
3.1341646922843087
1.7094385410102868
3.6183488111022255
4.3412846200538935
4.665705905595905
5.0485999512739665
5.706374363988596
5.666847581020875
5.725305290165161
5.8337983624691025
5.508142873807503
5.8494334646805335
6.102901514448418
5.9026894887461365
21.676157127262673
22.84282405795842
24.157143638406062
25.70818907501169
26.569588284919377
27.681129323720885
28.58196705633673
29.602795104042656
29.522202085626443
29.622727466008012
28.42841665320144
25.374830379784203
21.54621124828691
21.687364269761236
35.05770865097594
42.967347740205014
49.21170706352826
57.6691778905634
65.2422491791825
63.79093287667632
71.10642461310691
71.6836103518392
71.91602511523134
72.09730406929165
72.1381228124239
71.10789992582693
70.55038302089
69.24999974234893
66.39838394838699
63.29169532273409
59.17590006307997
53.496113113165556
47.53720293245514
17.48836696737265
7.157674185654798
3.503509509784919
1.3226951294359095
1.5033380679297297
1.0648644647835588
1.00222537861982
1.3780598956022523
0.4384736031461716
0.6577104047192571
0.0
0.0
0.0
0.3911239113413198
2.7258596533976918
3.7255039528352256
4.957055569498643
6.3240614576073195
6.4396925728579415
6.334888801259759
6.065205927331695
6.184675079322441
5.953255643379126
6.152455415824196
6.1900939305194935
5.711155503823822
5.251941088982362
5.459796963992281
5.041109898605101
4.603715380171908
3.8263761017215
3.13934304490979
2.597191038796705
1.9089188140901976
1.3263116551624947
1.349574855338648
3.145965694002654
3.780214318645119
4.968947961426544
5.287138959674261
5.485356760454252
5.542339987057199
5.588461503724928
5.594246257074717
5.772620967742058
5.973561639195904
5.930335090084895
21.115631711166916
22.20584171746968
23.259402058927453
24.50545170334979
25.71315871526163
26.197483304259496
26.739674396585738
26.74185937826944
26.017430951081344
24.70334914825678
22.113292346244783
19.783980542411832
23.303927640255854
32.42569357878374
38.531794481997785
42.09965234504851
43.24250759577185
43.481819030016936
43.32462313140776
39.93016037506874
46.26723383306424
51.5253009610193
56.879249263580164
62.52846910787083
68.53428932625764
71.31187890085327
71.3283761499609
69.73599092952261
66.76909698317732
62.69848824968812
58.60880000908116
52.08125551954461
38.78920827946027
5.406691062478933
5.254635939429766
3.7338368517997083
1.5929187828125446
1.5499470053704858
1.97313121415777
0.9709058355379506
0.8769472062923426
0.313195430818694
0.09395862924560819
0.0
0.0
0.0
0.0
2.8002640781006196
4.110552809868959
4.886872712564408
5.906623024073101
6.084671552739667
6.011829225510377
5.345892485568747
5.347600810077937
5.90669769848074
5.936184574968034
5.490561522372525
4.346568131561087
3.4800790562259194
3.0181278754543728
2.7697713077502666
2.339916313599599
3.0696491348351382
3.450742251552725
3.4314422323846254
3.3710549301204047
3.1557352818204727
2.051710923409724
1.447973301763387
2.8313576458184273
3.7570548003637
4.507195972579984
5.541766934444554
5.290628416803734
5.404820964418459
5.50391125363089
6.015170323600388
5.7541748296907524
5.73515255325707
20.61605086503743
21.435931147751635
22.24930821246664
23.216614404080925
23.662266705601652
23.694912788967965
23.843165383639306
23.00087122452159
20.636198252031523
18.79822699620415
17.780412624797034
23.308799624247975
31.150705833360778
35.92968092740726
38.728019975133805
41.11038751788871
42.23329397452277
42.68781904982
42.76185389726964
42.65433189548055
43.008726982944815
43.07134002248558
42.26993515914062
41.430590246762506
40.10494032485218
41.20577113422602
44.35960436700698
45.98855115756754
47.52000485253235
47.51014902356253
46.790530529559
41.53156035439768
19.18083075017923
14.378869465268862
2.8952804808407064
2.6214613153820467
4.627446423990675
0.9082667493742119
1.538294771010297
1.1588230940291668
0.2818758877368246
0.0
0.0
0.0
0.0
0.0
0.0
1.6780733789700926
4.695284750658571
4.851173376739873
4.550265457499318
4.066511364824555
3.702481083280632
3.6162672644890463
3.5487085773719964
3.1607521144029542
2.939394529833485
3.0962975562912716
3.3721248620553044
3.3558936688475605
3.372440381908386
3.4946161619286396
3.769243725907735
3.6501253740433404
3.586060152216339
3.283018058519424
3.4447458088405787
3.6894945016590786
3.451217039920234
3.127121676733518
1.907384670632862
1.6729203775172272
3.625862289121189
4.066120310902459
4.949156302832689
5.725590273586617
5.456527529053529
5.545143374659423
5.504247378505956
5.425909356893883
19.958645720910276
20.341010180985723
20.851402249971663
21.182940100199602
21.367787551501564
20.942571005846617
19.645961347654254
17.883702747839287
16.044735223060023
15.931968085411647
22.88595124616399
29.57680087522934
34.370049338813665
37.127195187588434
38.749990982488455
40.10903298318127
41.10198680443509
41.426089712784034
41.73208696310547
41.5191457467722
41.398521593118986
41.062046440455745
40.96692347304429
40.960075523355165
40.35403969242924
40.05163441598279
39.03234174540499
37.476282506780144
35.825515628504704
33.681406710003664
29.521003392422802
9.279590302736015
14.150516384388203
13.303228211788953
9.672131529889032
7.15738800688486
11.930928322459696
5.7355715941851235
1.5078768559655953
0.7203494908829958
0.1879172584912164
0.469793146228041
0.0313195430818694
0.9207189798218836
0.562949118293216
0.1879172584912164
0.39112391134131974
0.3758345169824328
2.777930822016547
3.5834679624270622
3.556686033959719
4.012310892357429
3.902001155325368
3.7648792541538683
3.8906388218430985
3.9863009581448905
3.8661098466131625
3.710226151727664
4.1391851109585795
3.9492504658447087
4.057445667218849
3.6718045560425168
3.285247360343261
3.837361350068317
4.015107069638155
3.5571605315296284
3.4308849069286644
4.103701266695092
3.319027509695573
3.1224049591101912
2.9839860049627833
2.342200479508222
1.399820952778102
3.242423256610278
4.317655274965701
4.526410511447514
4.984879170453361
5.369550324357195
5.06979361310499
5.200476213195503
18.882143369254177
18.933414871184866
19.30571107085533
19.12362883960152
18.627120659437566
17.147038000763615
15.345343583281725
13.175951873778562
14.310664608817897
22.189554386599777
28.346354268163076
33.0360320181382
35.013013835998755
37.57773442681773
38.81088516959334
39.751162141739805
40.3009766360568
40.50230203685904
40.36642707740613
40.59495968907129
40.75957760915074
39.88550854392346
39.724601036797814
39.60524551955595
38.92377131698687
38.61663484534657
37.67558665111877
36.45246033216737
34.74472822073899
32.4068356883624
29.895858357437763
24.864844930469445
5.026329061732434
12.30264526999433
11.096080716052509
10.703617185091492
11.765667650514356
9.827074796831822
7.999770329533549
5.307855451116885
4.48567366484484
4.117181018687014
4.532941619950262
4.278254428806668
1.8606032387315816
1.8900840649082555
2.345920176595373
0.9468606124534771
0.9919304658030723
3.7860740977846077
4.267245426103674
4.218966053750533
4.400373969179317
4.392237445968863
4.323596049738146
4.531556741467653
4.239527103558818
4.128110836326462
3.9941048898291345
4.12112068257122
4.331667301019481
4.352836599809829
4.062644439007643
3.8048786943130866
3.8046958516279243
4.006866864532962
3.296321634975379
3.669017928762721
3.455820083472696
3.78198997690773
3.669575254218679
3.5880921507858075
2.2598940846228053
1.3459995981562876
2.597526608252957
3.6429681013067707
4.6878710007079185
5.224096829628822
4.8606863635141835
4.889953963955461
17.87714511955017
17.77522606061126
17.716272393685713
17.100945220118042
15.302091962577842
13.101681046503286
10.577862995997378
13.617996702593945
20.92330253560695
26.63019955655307
31.12587881890138
33.8857001465765
36.35282842416183
38.09652556212945
38.98707772683755
39.51887423168919
40.134516824420444
39.91434422574745
39.8210216050743
39.84857239857934
39.19568961982334
38.89598180377525
38.21370735225751
37.69654085255133
36.75759681224045
35.72915727306877
34.563221061156035
33.15587191144285
31.487267826525212
29.825641152893073
27.543639514451108
25.21668846305151
17.7794415505441
4.6957186691079285
4.732314548624759
11.566893472246148
11.141612744725093
9.751214367217239
8.477903272586746
7.41870755402331
6.547834211208061
5.978586563873263
4.793766220741005
3.989041518478371
1.6733605043347557
1.4239280786789137
0.36781944262094163
0.3168325908173919
2.575219591806066
4.0371854903934805
4.647550801346279
4.551562084062537
4.383121672284519
4.619251280188959
4.369109646230739
4.618681252766424
4.542448997707113
4.370088896704628
3.572136084353461
4.022264342374724
4.382142421810633
4.243749835017067
4.201411237436373
4.0473506430606205
3.7808753259958126
3.8126969744003496
4.0545079157971875
4.026181344270269
3.259754858343272
3.6913018784649876
3.5302668540378246
3.425717853683166
3.387145133856155
2.578325001254743
1.1930390427456388
1.9940343183310931
3.388061896844762
4.120276832535364
4.436171388392298
4.5685771334670955
17.053459708708072
16.70096422887808
15.55069757991261
13.769963562618189
11.193372462253723
9.014981443366162
13.742950726260833
19.766459021597555
24.882572027386566
28.855001665298857
32.09595729063441
35.00307329245125
37.34935631981578
38.788026321225715
39.23327243687125
39.82179170403058
39.99879538638608
39.84458773579539
39.62913583667281
38.874935176584735
38.16665026734154
37.55716530787002
36.92018937283753
35.687450499726
34.575173636728195
32.84938835935461
31.238650601392447
29.66221084946479
28.448122072074298
26.53583941852033
24.44981442185721
22.097059838607564
19.536125926447678
16.85147375689048
9.121418533666015
11.457450643549029
10.307747607101028
9.29131152115156
8.083533448666932
7.1859860499589665
6.707880652840889
6.199933534499479
5.751970883727557
4.777138718676043
0.8900739608344047
1.7251201109594316
2.162504456656471
3.3501491648541313
3.524495033089237
3.9981890107060116
4.277340450261902
4.646574238201313
4.741940847984141
4.929354810114495
4.486332934233956
4.694850923225536
4.339195575247874
4.44230334370866
4.289631222858146
4.106941537536115
4.291287204386559
4.103446460658494
4.127553510870502
3.756768275783805
3.613646555602134
3.692838454394834
3.667481352832875
3.973070991476819
3.9335347448797524
3.815770126260041
4.1896602317497305
3.6411450007970294
3.4946161619286396
3.857551398384778
3.08734508466906
2.1607548838339707
1.343217730067166
3.098547492387222
3.8508477692094343
4.430116064601069
15.366651717397408
13.832210844119723
12.377717107715888
9.133074881497352
8.057987383289605
14.02983829690573
18.81228923396579
22.6043424468401
26.169812331590492
29.772515872815884
33.43045180200084
36.5245010474674
38.111451926752196
39.308363461521
39.8097874525066
39.923695963603244
39.78800201548654
39.55745017530969
38.891436023337896
37.94283410864373
36.94858115290031
35.69544065539385
34.22016550189771
32.99434418275223
31.261735318426737
29.97486449351199
28.523219946482474
26.976818339520037
25.262005195213742
23.480721806774255
21.711504170820042
19.38667835043755
17.35623917785679
15.38627849147766
12.79949150299573
11.262178349709792
9.938507560362135
8.992549584831456
7.796760105176266
7.224801542213063
6.574079636521901
6.057067077196062
5.2971256892867835
4.725905049053466
3.5548899611615683
3.5197499048616665
3.285247360343261
3.6917238034829154
4.086751489219653
4.4924345133775825
4.805448744355184
4.543253585290964
4.91342327228075
4.718614022315312
4.796371192230373
4.46431813897131
4.332340821930666
4.6991659769825
4.519555758130309
4.182670077994488
4.235915831225973
4.093908761956222
4.104983036588339
3.935628646265558
3.8771841212452793
3.6909609490800146
3.5167647111928746
4.025202093796383
3.94866142184545
3.877048720807248
4.326771048650045
3.6475621053924767
3.296878960431338
3.860067224788513
3.6258354811461695
3.03458493294064
2.1267040092943983
1.3226951294359093
2.247890252793291
3.242488100879266
12.325254305964725
10.587230976272677
7.58188579050271
8.366010362082017
14.484553737090197
17.88788989101743
20.789796777061067
23.85362813918754
27.03247456333952
30.77646192650357
34.439533569311706
37.344286706015104
38.74671341668255
39.76094288698569
40.178685720241745
39.94432270266523
39.356574371000654
38.9177125182566
37.9775265462475
36.70887229606591
35.009138273644915
33.35034273943012
31.8298318410119
30.215166603159982
28.440729964704925
27.169549762405413
25.339685381253133
23.67793263682202
21.874829387738615
20.444821590990777
18.97885647245837
17.597182645186553
16.20617341571857
14.057659820137598
12.275757172940986
10.821947950856542
9.903402412976954
8.621303927742304
7.668055261362462
7.144463742538581
6.541429691565866
6.01218610178047
5.758759250591906
4.849503465529438
4.6143168062599935
4.384045142652518
4.183918482907994
4.125473957887717
4.458947391621399
4.73103854891314
4.74137082056161
4.577455659661203
4.501280859338113
4.7913663165083005
4.973455570041175
4.682720955000472
4.64322457639938
4.464926387953371
4.5598976332037005
4.693263423769583
4.677663898259856
4.254583652015607
4.221903805172195
3.809623822540659
3.8101811479966154
3.8896912899125082
3.9814431157410697
4.262654903296942
3.9154703164923963
4.035297117954613
3.4198106322965476
4.092069666607014
4.01314856869038
3.5389132604571087
3.6275074575140476
3.737692878379262
3.384296603760022
2.772672654018695
1.1223848822204092
1.2781386719050978
8.489406961643333
5.998897597762701
8.800474370473147
14.98681709575298
17.21117164836327
19.07827136690252
21.397576667045684
23.941597933393243
27.468909258831548
31.45508101257135
35.37569059690078
37.98927262934246
38.95496632509931
39.55044780313051
39.56998543025432
39.169283289585636
38.65503784506324
37.519342334187954
35.89534154107796
33.972294365702986
32.38804269006066
30.5776965623085
28.760494771023208
27.154906016673557
25.655586966830143
23.909768729355516
22.219164293021315
20.91272988680644
19.35594811243252
18.238068362979405
17.134562239040324
16.162422911765393
14.374576657522239
12.94590186928221
11.989337932811404
10.731831845428344
9.632800996379851
8.506016640548262
7.691679453066911
6.8802263588052
6.569560506042351
6.273981217298661
6.0869637631902425
5.430679663400367
5.300828710317565
5.382320064184043
4.828813791583547
5.106578983252839
4.996236731328144
5.2841281191305765
5.203801511956765
4.851745252719877
4.697207476034725
5.215274846708963
4.546603247092897
4.788433694950623
4.768243646634162
4.529811586659719
4.284548646524575
4.198776005434073
4.743738544560737
4.209850280066192
4.441125067304066
4.355097620176961
3.8379186755242767
4.27825442880667
4.1492801351168085
3.8913315477370896
4.135944840117557
4.187093481819894
4.1434046322734845
4.217007552802761
4.213464762542377
3.6754824756052997
3.8561659465967963
3.95581869458202
3.8544782465250873
3.084579091661377
2.5985702697044952
1.7953640470264396
5.197139797718788
9.370541562314495
14.895629461267536
16.992828386854296
18.278203866707496
19.121476322694328
21.67598046580717
24.571753947973136
27.903331676812122
31.767884483845787
34.858696888429705
37.501709606624495
38.31311945268127
38.880189291567966
38.766167274281464
38.15865002141675
36.614413676344206
34.77071664494526
33.24833411394301
31.165799592592805
29.519803813425426
27.64906800237625
25.601198039489542
24.351489591798657
22.712444735520045
21.206767912148806
19.32120670700131
18.623573583406063
17.54101890981353
16.720505569731802
15.795788331205703
14.683253815044363
13.745714457108582
12.720995342217702
11.724810346890008
10.80198952161998
9.560758719694752
8.730548632074347
7.81049911131677
7.403893338048317
6.989491626839131
6.946612866509149
6.728842691228903
6.185714941079232
5.656932500625881
5.652969188021246
5.684225374024266
5.186741432058438
5.8778724433042076
5.352093880721972
5.485940646395643
5.405719308577425
5.389328453239116
4.944174111081045
4.909923310629458
4.892111490833941
4.986491032949984
4.807794792642558
4.509594487973668
4.416647015600232
4.88348138332001
4.524823011991569
4.33271182342249
4.026181344270271
4.382142421810632
4.153499656431714
4.083256412342031
4.215725782909512
3.8805755162281654
4.18005240453855
3.7504199243964513
4.000824242708312
3.6917238034829145
3.690609152570996
3.804138526171966
4.1258498159593255
3.256410905607517
3.3301017843276908
3.4779686327369297
2.703316573313524
10.09616582458196
14.496911926342134
16.76967838922926
17.709907286081084
18.461699230828604
19.365462779376127
21.741422286078322
24.493156825190482
27.5650639359324
30.948748032206986
34.12516461507867
36.109380315896175
37.25367927551339
37.495384805019576
36.53301018769387
35.553344175012334
33.64198358646277
31.92698427901503
30.059052300333416
28.143003725724654
26.29426728338757
24.742808053801166
23.025638861702596
21.357354291387033
20.057081772209862
18.673883214803077
17.715169766628225
17.09551086054805
16.38188838898038
15.584146926454595
14.519633096466714
13.709411848587042
13.064033325025486
12.271109382330291
11.305674013271208
10.716367109298332
9.569047205837213
8.863691120999288
8.026326703444736
7.484447229374573
7.127286205627913
6.829226185485296
6.704683206572368
6.459975315164815
6.516102360513197
6.135025679359825
6.013762767907675
6.142410631790847
5.966057728008185
5.780578972785722
5.522349439233812
5.305482914139704
5.418405445706165
5.293953715564996
4.927159061676481
4.933400764954574
4.7880001088585935
4.423329793356325
4.605212203765586
4.519517536570779
4.824051293215696
4.20661000922517
4.1925979831713915
4.779926170248343
3.834288198208625
4.19523000503035
4.100086784218902
4.123891315011552
4.045392142112845
3.922595870685667
3.6747897497113096
4.0704784427987395
3.9469894454775716
3.455262758016736
3.3085105605194136
3.3068385841515373
3.542184978705797
3.3505577229519354
3.5355693077213535
3.083546977837908
