5.929835794888243
6.116763231598569
6.028577946894593
5.093694898500061
3.972262098321491
3.0263385541325447
4.001434162867854
6.444942595281669
7.930592359851665
8.855218932669487
9.039447523271768
8.965511621828371
8.975356671680174
9.346516848559098
9.241428492322163
9.284740365988574
9.36721390359837
9.578766955530233
9.200741847589573
8.970685563202268
8.924220937792356
8.9540454345905
8.881744901874487
8.740470973545134
8.494583277825502
8.441306484092596
8.195358779304074
8.201018070110631
7.939563920462225
7.831473883357264
7.566870279120516
6.405141192251123
3.2910139467471056
2.2587739068540844
1.9521878940799526
3.458284437172984
5.920001347017813
9.020533066590984
9.678600416432827
10.144207402696141
10.27728215821039
10.444235084536759
10.676969552825343
10.683705227805202
10.554582996941944
10.247241391540355
10.070235379511294
9.606955239886645
9.458820930067741
9.104639868924751
8.54082730324307
7.835951562800229
6.970090262455744
5.657910485461203
4.092553452940421
3.486105160839204
4.082109940839516
5.062903272350415
5.701056744050237
5.73877332652755
6.355103969382664
6.336885283407223
6.417456444605298
6.27510235001503
6.501203590345177
6.52806906139555
6.404622153367864
6.608809685256414
6.092986434053424
6.20333560193311
6.294510903001573
6.30809122029664
6.425558939802832
5.97500168094112
4.934113275033565
3.5803676732790257
3.1311673948300216
3.84719665762167
4.616760941434993
5.524518780162589
6.2612406328648795
6.350271165530582
6.412410975192867
6.431105496195098
6.108387462583122
4.524569217343358
3.276362382125383
3.2447874190458252
5.507355418361145
7.647713773898555
8.470191773283668
8.740453158606375
8.566157563651677
8.695213374541805
8.730768764780674
8.726469564770326
8.778284294888536
8.688803484870695
8.335136803659642
8.052226440244535
7.890385950135683
7.502258320543358
6.906272495816886
4.409566365807599
2.685724595809836
1.430786023662506
1.6584208539960097
1.8395477428482427
2.2650000845241953
2.5117912742287407
3.4351195984540137
2.486762642990728
2.597838093004302
2.7024161622826055
2.484264509406454
2.2967169744953617
1.3415804152492694
4.636098390760341
8.274789621416351
9.418156562534802
9.929607611941517
10.0875101862199
9.966407684153896
10.09846628691634
10.062739459998047
10.018890696083183
9.68410440513411
9.355866013833868
9.004391503939233
8.526065566527842
7.906348091903895
6.906869474797208
3.498075853151287
0.1682499497695361
0.0
0.0
0.0
0.0
0.399138985702811
0.982032744899211
2.1539851801400225
3.535888035303985
4.573761927301539
5.649261885321667
6.108307650357269
5.877634525790812
5.920342249512525
6.053459651085705
6.079340893245823
5.943491767221679
6.125759127992484
6.023104795690024
5.618416188277276
4.045972564837462
3.0015387780265472
3.3810529566209784
4.019252156872677
5.386052608245777
6.589231949051209
6.425533687849788
6.259809617002306
6.336766324650524
6.798041665883991
6.804872483494758
6.640313245543036
6.188731648951653
5.405683822142817
3.658328786371908
2.6555310821445106
4.758241825470049
6.860071784330401
8.068896700723972
8.115024312933551
7.981051497538207
7.982759940497911
7.995257049742121
7.185019979728635
5.907951761144321
6.4031608622776375
6.283361816387466
5.855573415210141
3.3124319394824018
1.0632797846948052
0.1879172584912164
0.6263908616373878
1.0451971560618785
0.5127649236700995
1.5441678398270764
0.5754040098338382
0.7123344165215048
0.9082667493742119
1.2819798950840444
2.2352089989939223
2.294355365063751
1.8572417445539702
1.427739399498553
1.9803366427925113
2.9368556366851273
5.270727229404724
8.315688696343292
9.737091212715054
10.119812389611958
10.356982511808141
10.243117095689461
10.109656352745418
9.804482619261236
9.396563746698005
8.924817816919226
8.3392760247254
7.790369060058413
7.174058975122064
4.914261600851469
0.156597715409347
0.0
0.0
0.0
0.0
0.0
0.0
0.0
0.0
0.0
0.0
2.072932856929215
4.782730167668417
5.685059877104336
5.615323816221398
5.342125792576829
5.655996704414406
5.758810392045518
5.867980895863243
5.24643289204328
3.794250018770468
2.749409453842545
3.9921333576014586
5.172530338228791
6.021008986029057
6.537276785017437
6.535738924463858
6.4801225932004645
6.656060351855832
6.737421021453229
6.779153397113798
6.8789296251901355
6.754680736366561
6.719756939864086
6.479383588707233
5.52886065594402
3.902531999482246
2.679454779137183
3.333015954967073
6.057853698568879
7.253044209719283
7.438923273994329
7.193206912199637
5.782875612998323
2.056557559456905
1.4981987649307287
0.4501258375063607
1.0685016247822565
0.6103607129144054
0.9002516750127209
0.0313195430818694
0.4930976149484192
0.4384736031461716
1.2833605119925489
1.951339948759343
2.349956194867374
0.0
0.8456276632104732
1.5913753712680163
0.0
0.2818758877368246
1.0873869105956169
0.7043193421600136
0.9585128468136663
1.7078358120535695
1.6495952745247369
3.5712440032154347
5.355624075730455
8.480211117247928
9.131460604266696
9.368352393447235
9.17734208824197
8.946465435772854
8.869763234156942
8.413124144265657
7.796251978767677
7.402735127571162
7.050019446624528
6.731232180871756
3.7079869146335023
0.0
0.0
0.0
0.0
0.0
0.0
0.0
0.0
0.0
0.0
0.0
0.594330564191423
4.035042311918016
4.462493392025122
4.882180625043928
5.20275286794844
5.189647003246523
5.182877277849553
4.661250321536931
3.193676761609601
2.8392330679773203
4.205053291853826
5.6718732642592995
6.722914006613499
6.473811780361921
6.528425937665643
6.953465615412675
6.6392700265734685
6.8712439690649765
6.861879451101615
6.989163127257622
7.075848032865991
7.209780480338244
7.057924102470693
7.120746934172168
6.7032425636046415
5.857117616021837
4.395439495250356
2.678257591136816
2.014533388080207
4.685903330596614
6.135477243920977
6.2874610856698006
3.0969290384367145
1.2527817232747749
1.0648644647835588
0.5011126893099104
0.5324322323917797
0.6183757872758966
1.1492646081231475
1.9062081169046068
1.6914772855375233
0.0
1.121540956495751
2.9450315350129856
2.9917552386196613
0.6919263534357292
0.7902628970441306
1.3757138268772913
0.0626390861637388
1.208287168560301
2.072295426857318
2.40269756012725
2.147735475174203
2.4226422010304343
2.6105800937937627
5.2037619889387905
7.796918254643984
9.551639295103673
9.971445646310004
10.030019854720164
10.03001334808767
9.79937263632225
9.427121930333662
9.114781567976632
8.531309964097561
7.986260943147504
7.3220062819350336
6.092942608628529
3.045376191525642
0.0
0.0
0.0
0.0
0.0
0.0
0.0
0.0
0.0
0.0
0.0
0.8172045257632065
3.395990106664435
3.902518536545459
3.923439720721523
4.2600228814379815
4.292159751228453
3.5882543591988565
2.2399190323801723
2.8670344689909752
4.462359638023535
5.843497277395822
6.23820607115104
6.741940151932779
6.7816651661736325
6.606382164104037
6.651541221376282
6.715979827378138
7.041951662276233
6.884867768701733
7.113935034353793
7.150055523507026
7.08980033208426
6.9426798418400155
6.8800223812179215
6.747486708325045
6.294943255686675
5.6186668054159545
4.185787650364053
2.6332034314255064
0.9548756868149683
3.0522923998527776
3.9661461085971292
0.9608715596352468
0.1252781723274776
0.2818758877368246
0.0
1.385334215599648
0.8456276632104732
0.6496953303577659
1.5492062510063909
1.5419499798769591
0.5324322323917797
0.8055110228587923
2.062253266048668
1.7371348756825247
1.9162230364468993
1.0371820817003874
1.7269045267750662
0.1252781723274776
2.717808369900308
3.06975330169446
3.337508779374243
2.7130418754456618
3.908469770469859
3.761806344182351
7.647303991452405
9.848535671067895
10.537545001234914
10.649630111218821
10.579144816762478
10.316624016438427
10.303773811827817
10.042746343548945
9.509154011048748
8.959986623319736
8.42517726848355
7.6035679107222185
6.637782558690812
3.095940390130742
0.0
0.0
0.0
0.0
0.0
0.0
0.0
0.0
0.0
0.0
0.0
0.0
2.703254670497186
3.832902746420644
3.8341845163138895
3.798414147470508
2.8490639454310176
1.5214619651068817
3.113646266174785
4.374192250758199
5.628720828063849
6.487341873195025
6.53766837213677
6.794142581140974
6.993300129514033
7.192949305970732
7.069036133047617
6.970803439997557
7.059398986721618
7.12218161001078
7.342877778011616
7.175732753555098
6.7794388050329095
6.930367797952055
6.776751127914466
6.316925418978879
6.1542935324188255
5.71043995950045
4.66406455019463
3.2149004343588437
2.2467397072623116
0.5440844667519689
1.855512624560431
0.9002516750127209
0.0
0.0
0.7516690339648652
0.5011126893099104
1.1223229794040714
0.0
0.653332490356464
1.8324947561087503
2.266310451617674
1.8532626884644814
2.8248843643031347
3.131950585037888
3.273042834640052
2.7668785605465005
1.9305831962875708
3.277106615479771
4.429084067045701
4.873645075498333
4.349945115252726
4.374504008742503
3.6626060614114855
5.645497248396297
9.976868592549705
10.728282181634533
11.0814176535081
11.259168843582518
11.09609939047249
10.716369215779462
10.549898165137753
10.243050386122185
9.925915595316845
9.392615251957283
8.752922484302342
7.908489558548328
6.903229698539046
4.377616089588619
0.0
0.0
0.0
0.0
0.0
0.0
0.0
0.0
0.0
0.0
0.0
0.0
2.829699696728418
2.9442362224273744
3.3644392591359606
2.2682737874449246
1.663749383699593
3.1783792537243287
4.407949351246504
5.622761486337381
5.998127665696245
6.167488210708554
6.5189643922383445
6.845252254321384
6.90152635567092
7.010418954377907
7.116283674911494
7.190982793636168
7.119499981123075
7.050730074429177
7.071275273744815
6.805026153100695
7.00098578563919
6.74383801349199
6.741558023709641
6.528043809442505
6.260407921567994
5.904808440432499
4.5448410847469125
3.670132579674639
3.134036559198266
2.958220929971963
3.0835719395633907
0.4814453805882301
0.2192368015730858
0.3758345169824328
1.6343265144379626
2.372017879589788
1.4313765594972514
1.094599327776675
3.0003069284761947
3.7909026575252116
3.952701285729744
3.5634698793181387
4.130253240538662
3.8850440078262967
3.8303820634371233
2.5925019608077178
1.8742188202547965
6.673469957082618
7.0036275688569445
7.3674148461045705
7.454859949502718
8.031563848309041
8.389461389036057
10.650731714701218
11.514324217751447
11.88767785381811
11.887188433609746
11.908823597687915
11.621548433896125
11.393754891228731
10.927831854625335
10.689418191205615
10.38925825733255
9.817522619415158
9.074951346365607
8.552241681988875
7.535650288561596
5.291392215336624
0.3758345169824328
0.0
0.0
0.0
0.0
0.0
0.0
0.0
0.0
0.0
0.0
0.0
2.9138169825837306
3.5832103589855784
3.5588325078975065
3.5250523585451954
3.2557916773352193
4.078360159972598
4.924868548404689
5.362511171236413
5.6891490055702185
6.223317207532299
6.487197662485283
6.80776638077773
6.921153628934346
6.988780999034483
7.2434428290732695
7.293363556002717
7.3601648147827925
7.2238898174057375
7.110567371948824
6.986269229974648
6.69528427911685
6.755444992812837
6.6829258229062045
6.5629865237373695
6.127856903271353
5.760817619074639
5.113184550281595
4.262264696822309
3.633143878024604
3.651255748659092
2.931276208422629
0.7356182509697704
0.7516690339648652
2.4588053601985638
2.6547077906919636
2.898094653070502
1.7438106016797374
3.4177688805948776
3.284560808152179
2.7722385967037577
2.428927646418246
2.3024000074097595
2.1403924167457853
2.4282489478021207
2.078407220404326
3.104624039715304
5.480241530138271
11.279995319602895
11.799278538396981
11.997777666090096
12.361593612720867
12.502407077995203
12.757479382742886
12.782771902717831
12.772271555684643
12.976580564844891
13.062323462228445
12.641779938177386
12.15137375026953
11.942207416769557
11.358484463322508
10.981523125268767
10.69427588944406
10.352879219948603
9.752617882248593
9.08438083965342
8.193034258975139
6.862976386077315
3.8203963468779736
1.9298383558292798
1.177945721391508
0.7035166849795806
0.1252781723274776
0.0
0.0
0.0
0.0
0.0
0.0
0.6003664276442253
3.070730508643757
4.202200953802786
3.669017928762721
3.760446195346586
3.4912722091928834
4.6503165772068265
4.318397277949352
4.302232306272044
4.520714556267904
5.806322788556485
6.453163415346438
6.920511651905051
6.855872656814664
7.062878989815009
7.248657525467054
7.331232263018173
7.2924228614169815
7.291104377007926
7.071275273744816
6.918099923809525
6.4236735506401885
6.305752016722176
6.3343116731015625
5.861521796769405
5.8339950814031765
5.240744990092608
4.99813868900167
4.252865608701412
3.4319995578405833
3.630159947490439
4.159375159275037
4.953920015159033
2.997774949593231
3.7974479863064587
4.6891530662393786
6.048800738303768
7.021612645040735
7.531006615092168
5.33601876892063
2.9663294758695153
3.0106544760220877
2.4734359241013477
2.119992931323914
1.6714984920644977
4.5557742432198385
5.320186103367648
8.187068155041548
13.58111324343272
13.832751598185814
12.28258718008227
10.977957659160305
10.049772817883802
9.530682260764026
12.94471510679223
14.05286454300369
13.955308381549012
13.41293177379798
13.513638770208155
13.24038735328372
12.580363841805053
12.203644370362335
11.756388139872046
11.311704398040145
10.725096170448484
10.147945711117245
9.707358554106099
9.115761334318867
8.283500102397861
7.3516873490212244
6.61791092251817
5.969693615458696
5.526266529667269
4.9299706561062315
4.081357254820298
2.8128460238552746
1.9727975898676078
1.2279245749226742
1.1242103851371157
1.7276051684211813
3.727317503344041
4.124630107851861
4.797958691686319
3.9210592947558216
4.136924090591445
3.554931229705792
3.4957395291438247
1.4807509052767482
0.0
0.7655778114152475
4.593685242492419
6.400278322429929
6.800954480959352
7.159325563743606
7.256903500207891
7.246697103785393
7.377487617233945
7.341630824962525
7.226347957823946
7.0565587180802725
6.636006780623836
6.200376632066237
5.589370681212638
5.180097634415887
4.125159944590665
2.582228225536313
3.1305176672641233
4.390344216950211
3.5682348061617466
3.352787024775772
4.249251126225227
4.529241559237186
6.2279778950353535
6.992410823658158
6.992609985783916
7.893951950971145
8.628220875143969
6.043782062166404
3.9426253828947186
2.2343037269684243
1.1580823396650715
1.8310821387432141
2.0044507572396393
2.2841043818841795
1.4042607699572331
4.447710737027542
6.167984347351299
9.393381633053174
15.321106760471805
12.627611049570747
6.097375290084477
5.181907933779142
5.914138311461185
7.075643048030976
12.77013552764815
15.19292471927106
14.943263655305449
14.361100934698877
13.992551498691565
13.783060002214338
13.270621996383158
12.911064993416332
12.268203970176334
11.8650513398403
11.005436145290712
10.627761639528103
10.011174618596375
9.544355177405421
9.107207227166448
8.435153242763771
7.9920249325799775
7.464047309341731
7.058474442601133
6.7374806770956015
6.496693807526654
6.166445532838333
5.69950881085531
5.020069963384091
4.88373998318609
4.706912510318296
4.912395295725517
4.944204548081483
4.851745252719877
3.6236061793223326
3.1677754400063542
1.8554779630104488
0.1799021841297252
0.0
0.0
0.0
4.173935026888139
6.196570695238621
6.890041655767055
6.9851914960805885
7.2436707602751005
7.289701024116966
7.555032997458312
7.507201866875713
7.030199897247269
6.9582165251697115
6.416169639452469
5.593944368106408
4.013094665680207
1.136375195130066
0.0
0.0
0.0
1.0335975564308324
2.5841452538992273
3.203268834270767
4.564223858150601
4.654798476660927
6.924601930215377
7.952961805171341
8.723842637544038
9.436881376987861
9.884493983985628
1.095381350684995
1.628616240257207
2.2141909757230445
2.0044507572396393
2.027755225960018
2.0976686321211533
2.7848409452906204
1.9680125454308812
3.8702944184572137
6.824834612702821
13.813077771259216
10.465904629135329
5.996424415131329
5.876751027750247
4.431568936787882
3.596924598854531
6.854363003865168
13.466635195138602
16.443406465321214
16.193932643535184
15.485215024689216
14.945260739909358
14.530907196111567
13.815913568039612
13.591554232084308
12.951502000148858
12.442456455370845
11.728830177191462
10.985052097379267
10.532663918090266
10.150213404110888
9.59366802181047
9.060837472872986
8.701163131154793
8.104944441819272
7.900373229526144
7.564732052157092
7.032542447152069
7.197412565231406
6.7855737098128435
6.4244125551334195
6.450539021690561
6.113757268607807
5.842787589526912
5.572070648386623
5.091990888450574
4.182805478432521
1.6357184975313852
0.0
0.0
0.0
0.0
0.0
3.776815360463603
6.327067141153956
6.860996235898642
7.346585712306837
7.266440078154209
7.506508827518268
7.4927190050524635
7.565590800072462
7.19544605289684
6.86425002295208
6.4465894330414555
4.875572023770794
2.7890439327203764
0.0
0.0
0.0
0.313195430818694
0.7982779714056216
0.0
0.8440842516659449
3.7296220749043387
4.110069152737221
7.523748410848208
8.772825726061388
9.68905462612543
10.838849722766115
9.806695671660847
0.8456276632104732
2.0044507572396393
2.051059694680396
2.0736234090366783
2.412278959846257
2.2178281357217418
2.2949952276081587
2.834546006771641
14.823967565632946
12.911432241270898
18.012917534136037
11.58016420410525
7.840760572188935
7.297381490660987
5.779200719539586
3.449266271005868
6.9596045809186835
15.432473919594397
17.196141749664697
17.030719439008944
16.699356826426392
16.099945706681943
15.437912959015835
14.59168763069864
13.812077851262652
13.479729128016773
12.939968637393886
12.135773206718593
11.564380355083387
10.995512277147926
10.627803940822579
10.199827248894453
9.34588621615131
9.130929295203224
8.747959150598067
8.20675652531003
7.904584499888949
7.7997195952137774
7.2329258357875865
7.082168304600729
7.04342654652716
6.485575442789077
6.316687501465484
6.070550176905273
5.520689375297874
4.9612030190044605
3.5985884656898515
1.3801330097843099
0.0
0.0
0.0
0.933004469732238
3.0566822795845034
5.907744387745439
6.791521312220637
7.022786869484745
7.0183264510519905
7.325066188304745
7.318106182117958
7.569651173821424
7.619267394540602
7.301313614258348
7.022295241401104
6.387444031192494
4.320299998791238
1.3576219301571695
0.0
0.0
0.0
0.47343030622673893
1.8316161688341115
1.0291670073388963
0.1879172584912164
0.0
1.8913188033697805
7.83531091860529
9.632926248878706
10.837603983387053
12.15857505578443
10.096779728779426
0.6577104047192571
2.003648100059207
2.535618188180095
3.631653052154955
6.034070596055266
8.45189002611017
11.373190146971897
10.409584010632638
11.63104145854607
18.738505887298132
20.02886216380257
13.49003551689696
9.726377465605163
9.156142513753398
8.91770924703618
7.1296728836959415
13.074228696107946
18.45395727827759
18.50076132382398
17.729121350132317
17.444609209275953
17.054374179939728
16.38222034473719
15.614946063037639
14.74721392012869
14.17081421746488
13.604010042426996
13.049093338073046
12.139773117605522
11.522652392947094
10.983977669593571
10.451919298635042
9.801000348044838
9.484411990562991
9.016880744970875
8.662516865541795
8.158956709704873
7.989971284029765
7.638100846922658
7.337534671791262
7.2372409886798605
6.933261695235028
6.627309491642814
6.4990550317160904
5.870799093018404
5.108316782558148
3.980228264213388
1.6792063318851784
0.0
0.0
0.2505563446549552
3.1199899488373415
4.442822804605905
6.2674018265891025
6.748369923528019
7.335393218889135
7.443263058265187
7.418719393573364
7.5188767426251
7.617979304149608
8.040552359435594
7.609336534549964
6.942954712779901
6.1183800428902
3.6384236454463545
0.7268417879720713
0.0
0.0
0.0
0.09395862924560819
0.36781944262094163
0.9235561437330989
0.313195430818694
0.0
1.458431036440658
8.148595955491432
10.502354891779252
12.223014915691381
13.625320762617198
12.550622244434459
8.244056181520932
6.359131685023151
13.737526312951434
17.07454742800327
18.38011726103972
18.836911143960595
19.93365141254744
20.398995976573726
18.984168377323666
21.82788197434686
21.922778214338475
19.844036260856495
16.693277242641223
17.224330290067833
18.029863993252842
19.006292185649908
20.168480526535234
19.74956012121749
19.70249286231402
19.11570883021239
18.54543057741283
17.59016673187686
17.246844151401973
16.57987983621267
15.820493165252882
14.943143326020174
13.923040654456576
13.428744061889077
12.804631658997273
12.0698469515629
11.55441031705296
10.795557205170953
10.462345195223733
9.860024138764155
9.271025927030008
8.79649308190898
8.512163156904725
8.15490642775891
7.744589916281655
7.388273351049915
7.376204898504869
6.929876169868414
6.786948553099458
6.56503493016698
6.30246890804524
5.402920742665457
4.000532861548628
1.3233257238931244
0.0
0.0
0.0
3.019605099840727
4.8164769802348735
6.264714665931319
6.620353381114692
7.360200580462768
7.374975156667755
7.570468721430798
7.739047794685857
7.68461343013212
8.100642960368726
7.733840016747681
7.097485988209417
5.877885617516571
3.4291984699915807
0.6416802559962748
0.0
0.0
0.0
0.44211076314486947
0.4071540600643022
0.156597715409347
0.0
0.0
2.6736559585890927
9.141378892242205
11.351940872429207
13.464815872863612
15.353530659182965
16.929653884612765
17.710451102157304
17.362618506307513
19.452306968475316
20.506558354579298
21.548005681164742
22.498277940857268
23.226175421049113
23.879091535222244
24.13133244170234
24.461558945116362
24.679897915627343
24.876092309548063
24.410785135838054
24.140214579544534
23.590922040249296
23.197638016924287
22.481488395530544
21.820898671409932
20.771582973923007
19.926862241003114
19.460395081242964
18.469117016229642
17.816636893663706
17.188545378301203
16.54107192235493
15.598927562211601
14.638792042454757
13.847630750383333
13.157016563792812
12.487184893726484
11.763733000471692
11.196940097834977
10.803534101221576
10.111012613018316
9.50831148376314
9.320362158228349
8.713741865164879
8.516554742559377
8.025167035668815
7.737237682193167
7.4874116782543965
7.233041426300997
7.038853787405983
6.732334395795737
6.191596912014873
5.605575750266977
4.226494327978926
1.9915025411571208
0.0
0.0
0.0
2.567304747352483
5.160410574780159
6.19690583033787
6.767167610230097
7.273097780951283
7.515979951015211
7.482652830521957
7.570474156056814
7.715757946639024
8.601937466943669
8.235860026107957
7.687943438307666
6.5359402249686855
3.677924692221151
0.7806012397775483
0.0
0.2818758877368246
0.0
3.2512688140875006
2.8110158886911565
0.8706107152929732
0.1879172584912164
0.0626390861637388
3.741903070835451
10.19704590590286
12.785685846531537
15.268919457937702
17.129486708871642
18.54652832715924
20.067017692126527
21.42378984429427
22.7818166562615
23.79758765635694
24.74874185895473
25.929624699028082
26.31236197008568
26.99716859173805
27.286084383736817
27.278694489183444
27.18296949194625
27.03885014487616
26.508536893496366
26.444279110967397
25.830223983037452
25.217281063699104
24.37099753270562
23.793197373548846
22.423419791827023
21.544605942134755
20.530409223535145
19.415006158143598
18.869449433994106
17.601899779995296
17.15748494235577
16.377689690885422
15.45328661238507
14.411531049101809
13.639290247878607
12.908255087983651
12.387107019427416
11.483861946468473
10.78212675936768
10.25888391109412
9.713862962930477
9.495667875460413
8.864992222391987
8.49055181802081
8.274268427180479
7.946409766725932
7.628537106763744
7.516838698930579
7.007469185876056
6.807002124331454
6.639404778387017
6.111129923057983
4.719457590012707
2.548938459903512
0.0
0.0
0.0
2.234372913332585
5.190937677693611
6.180751902737142
6.898929567780503
7.365083936447125
7.401520066112023
7.63516757514785
7.830688311359761
7.929293095689656
8.782850407143004
8.787670813607022
8.199460903502294
7.271249649124524
5.168065026684855
1.3021141365450295
0.0
0.0
0.0
1.1796989569361336
2.5985968977903937
2.3321465709625824
0.9235561437330989
0.3445149739005634
5.059846014657535
11.859780086136034
14.787102632900808
17.039041625168696
18.755151744631267
20.80644098447376
23.07091291151849
24.557450930477568
25.884842216425874
27.27848879308435
27.994851959174763
28.584728456876675
28.930065852020558
29.383202502147952
29.444344703231515
29.408141430322665
29.31242949563953
29.49107855610438
28.53964729794778
28.33755999011247
27.625290979629032
26.986880703121262
26.213167536619657
25.400427629212217
24.369636944769994
23.26301147575674
22.184667667678116
20.783719795448448
20.03611030435963
18.76386555574305
17.663407233193695
17.062121506993375
16.267302520486165
15.211945480023855
14.177087420206307
13.470164515664983
12.630231082453932
11.836897026705833
11.038993934658468
10.698041023621045
9.935966294930653
9.573591419283476
9.080906440478348
8.638874306597922
8.258757166191899
7.880969685502566
7.709292409363808
7.651958326658398
7.262732143858991
7.162766960329098
6.764865381995075
6.243799900111322
4.856433580075772
3.2545916235710024
0.0
0.0
0.0
1.8919683005682102
4.71636358113235
6.6795119208510085
7.21473536768256
7.608146432482856
7.698207212986045
7.609667888701707
7.819216470384261
7.9232290149562585
9.16115672866224
9.319200565713162
9.236528410436689
8.555418934578269
7.782583460811679
5.930256739587796
2.8606446628322977
2.302023050596993
2.0430668437086013
2.095023244607505
1.2301144560058557
0.45376299750505855
0.4384736031461716
0.2505563446549552
6.94424433731774
13.938972023327421
16.85165858115381
18.938313512464948
21.36415463198528
23.899315989063858
26.108207548709668
27.913851464742176
28.95157538926624
30.134840088074288
30.817297352362758
31.347709571837814
31.66114396876205
31.67781731055081
31.79657033836959
31.818506909472163
31.361802236189927
31.15022212727739
30.613784115469368
30.010866553447823
29.397181502662455
28.66776383976694
27.510450295985454
26.871417420886633
25.948655670526843
24.8176526725979
23.523344789390688
22.110794245927604
21.01812403779779
19.7556452252597
18.63396635504491
17.429203867876474
16.938020096245857
15.97245911897991
14.557724333407748
13.976532411950492
13.054197420424552
12.363653732585416
11.305964426044952
10.74540111825631
10.313572601869039
9.649342061355636
9.283128088238719
8.888692713548652
8.496631541909263
8.084918818823628
7.986893320397028
7.6083532783826815
7.35377080886753
6.8811687658873355
6.628455876312227
6.319779406308787
5.019925733037235
3.245382226972993
0.0
0.0
0.0
1.5958788333127043
5.094179907056622
6.376592128865855
6.991825245263108
7.384936410676447
7.6520259839283264
7.520722620797779
7.9022813303427295
8.120687468553783
9.506875338758066
9.737750169157676
9.824962970525446
9.92729612583665
9.53716165467548
8.665905100530043
8.206920827679783
7.809306785339332
6.809384223715495
4.870958647674838
2.5579679505011854
0.915084482803699
2.1612685256309905
3.8163704458743126
9.175727720309226
16.272439690680397
18.662184708309738
21.481331423606512
24.170792889061403
26.64836607213423
29.029728546836264
30.448384873361704
32.00266977529076
32.55062317344376
33.251240931499645
33.901989894164615
34.255403432838875
33.9936886404247
33.88156993026579
33.49590878690107
33.24326182604591
32.62069153013953
32.21182383082562
31.588773777131827
30.793438575407595
30.059667204534417
28.91739862215127
28.046994252755557
27.389886592292054
26.420708234568103
24.985096992846103
23.667041733667023
22.213340386109298
20.95923783605041
19.780348821058688
18.462024970026718
17.465248543324382
16.7000316987912
15.275031080075799
14.333006980511618
13.461093135884498
12.635386846393091
11.60470471725725
10.991644960622398
10.524276305986207
9.958905826840525
9.253422798877793
8.989282046635806
8.576877374876663
8.255988728215494
8.023258934852231
7.573779204840334
7.276311246334942
7.141019505125173
6.778007012444384
6.585946464648903
5.496763844706137
3.3726650036719463
0.2505563446549552
0.0
0.0
1.150860654396819
4.752772745262041
6.30415884508044
7.014991713499083
7.443350767575015
7.6984126299159925
7.73344399483188
7.753558605407022
8.002941352467293
9.707930052535064
10.136088131413649
10.545035375815313
10.417012558857929
10.34276066939911
9.941871628069597
9.88380522651642
9.43526569676447
9.00204957469179
8.390892609371159
7.425032700290134
6.89389876362052
9.61362675228228
12.317146332123107
15.609028285357029
18.328338245121383
21.034798875896687
24.398932705659863
27.292944287533608
29.737391586722453
32.16677127604752
33.81550315187357
34.749875494627034
35.844589545621254
36.380775414569044
36.38727062487614
36.24498076981899
36.30154777685933
35.80904120428165
35.42577532732377
35.04679757730543
34.8020822053486
34.04744939305268
33.47487069691157
32.722151215057885
31.868950504992064
30.476246975910893
29.424456500912864
28.60853974051455
27.52775416854233
26.25222526112759
24.81015750710675
23.37183967800325
21.44344000175607
20.136671336316546
19.018712983504532
17.965337532024474
17.01601937115486
15.948095616760073
14.689473355303637
13.715228254353628
13.068200181362917
12.102278707985226
11.335443939974114
10.524508234843909
9.974560723702062
9.563774312731807
9.21657327619382
8.672908775118866
8.353628724213563
8.152509640772267
7.487204832354573
7.2648908217154045
7.22067351119416
7.010418954377908
6.668537766823174
5.914307780352787
3.8430741267791806
0.2505563446549552
0.0
0.0
0.6579671026286488
4.948974291072536
6.525563626496371
6.976303584067139
7.329946703461177
7.600294753528658
7.869483032582982
7.931239237207161
8.082001843607728
10.239051897973157
10.485764497385766
10.666562207123903
10.642271983867444
10.582702281815635
10.558841627715076
10.625468879539003
10.593528951652203
10.397847094319978
9.871805575922288
8.804685131782415
8.782895087007978
12.388305103695744
14.96378402051047
17.54275822524915
20.353008079549426
23.518822039686796
27.078684926800523
30.056689842118182
32.77079339890753
34.71048081348592
36.615402167676
37.531819709508476
38.0636504445314
38.29237449758022
36.682689376544865
38.03707689523119
37.81046512193458
37.45681215148005
37.41997334692976
37.20270388143583
36.21183414040337
35.51012961469312
35.03289117220326
34.69613747021788
33.68230082906724
32.31782580395329
31.161326970952583
30.31461102019517
28.56782500174601
27.17060402834946
25.70178983062664
24.837500622743214
22.84078092597117
21.104910875498845
19.91044087247284
18.55036758651486
17.32286870924868
16.53010274117562
15.259167286233357
14.057281090424636
13.538903468765431
12.410188227655253
11.538577945833548
10.749732609621752
10.374967297438992
9.693102742711405
9.306650264243654
8.762386745421718
8.415415360646302
8.196185546196135
7.647468547469699
7.546638211100409
7.443263058265186
7.263451703144462
6.865415325413883
6.1196609807142925
4.69527446273672
0.6641614332641075
0.0
0.1879172584912164
1.301143943922246
5.61026033021397
6.765911725700179
7.075474836123676
7.47592359636493
7.536163779396276
7.824190168009647
7.9979108595048585
7.8015304221914095
10.422524878569368
10.710137922261131
10.961297283028006
11.0566825733078
11.092444195928666
11.053450663726561
11.24034625319879
11.326892566881604
10.963256761049113
10.665088629175562
9.517633105293495
9.787995666105324
14.107410776944088
16.74389252728618
19.192750983448967
22.52357132686918
21.470737214622268
29.759812017033248
33.33689222624643
35.670682762390676
37.585757835703966
38.59956138615791
39.22524071838929
39.4455782048207
39.161381135935244
22.32954892124127
35.221717169928915
38.00942515471683
38.42209625103915
38.402298877143636
37.742457336067424
37.560363240922435
37.225554780221955
36.24980613035214
35.460709434913866
34.82485975803576
33.90501633094772
32.34851044774887
31.15079031619659
29.85192901296091
28.04445853319702
26.601191721574146
25.60211551453557
23.70920624351331
22.1332071259169
20.607623773323944
19.508177086833648
18.052434882164015
16.884827549930705
15.94672623188589
14.601430335902084
13.452477425117157
12.578174999045345
11.760405416396225
10.947686237104046
10.366451676651337
9.800374805584806
9.444511904961395
8.808977582522513
8.3085633631578
8.12636191518357
7.795431290262975
7.6840238137245835
7.368791870742351
6.996685654880648
6.899584324366275
6.474754847132015
5.533172781854055
4.049475574020618
3.3493393160105116
3.6981848690465213
5.037518429762927
6.321542325932533
6.780409281643715
7.4301398181929015
7.662252432390731
7.534777637717289
7.901252216692466
7.9298204894532835
7.897397974358374
10.50696996936749
10.860744400865254
11.092283742333514
11.212057207055702
11.317080576230849
11.564502619076192
11.60989100720219
11.545007709814016
11.436088030368321
11.407640335164029
10.083955462956654
10.992603458370453
15.792500693849107
17.996274557950144
20.879636122242758
22.010834856331797
16.830920505745077
32.26237705954828
35.74005908871748
38.27507600411421
39.69633442008754
40.518189246289474
40.871658544556155
40.59649203224063
35.62309332562026
16.168117009499312
11.289148641444163
19.81125381600041
36.81376585624028
38.77923303815532
38.51678531986006
38.332126093744435
38.213613223075825
37.7221712842682
36.889569501671346
36.02282676140895
35.518124233518805
34.0083884172042
32.388661270592465
30.83175602947654
29.314472795699785
27.503528194243046
26.33404691141106
24.657539749107432
22.850107364326757
21.273954610843617
19.67909692157707
18.303142628947878
17.28319005246671
16.210136836829847
14.946487966523067
13.735770284123005
12.92649575818962
11.901612476590165
10.999016033730868
10.431041482250066
9.800929985839833
9.357829326601163
8.73380987561728
8.42629619773585
8.150631974246865
7.672411223583199
7.401168659920375
7.216932652046878
7.153879048315654
6.900458080673055
6.6678554044719425
6.292625793283054
5.569993494126764
4.77240058334887
4.729219472474778
6.440075861191842
6.861656603304954
6.981696470853471
7.347077340390479
7.6971578600848165
7.787409245573861
7.791045648509127
7.746638766264125
8.094057873683894
10.866325035645955
11.017297476990246
11.196912073038153
11.412207436974255
11.559040750865737
11.704889141469678
11.916127042960358
12.004454084303584
11.893968534240583
11.687051180761735
10.37287293045298
11.645709223528515
16.56053472944768
18.99288451886455
21.407322416978356
12.422456638536472
19.156725786146932
34.83115225116688
38.01422666999972
40.14152996985868
41.48884039439798
42.026257214854596
41.90912459585117
41.123047878480065
29.742200440297193
28.974596688003256
27.15132566706353
13.490314242746448
22.069799340246576
37.94558757843875
39.35838228124518
38.937833681768424
38.702281523091635
38.518188817299986
37.89612662398827
37.296239746166414
36.262037004071914
35.01997125316801
34.10777506061865
31.649177837479698
30.353138733314985
28.65114776635774
27.204539266218493
25.512403716596886
23.749193438102097
21.798640572074763
20.133124603571282
18.46451035133212
17.574598537833296
16.58455214597814
15.273703668086593
13.97664901228108
12.976830915780429
11.972815675300645
11.100563227729374
10.56354607464301
9.995651478765568
9.322213893763616
8.646381568123672
8.550757118912077
8.15603334667678
7.851146642910579
7.720646737249407
7.220181883110515
6.8861236532316505
6.964264168541813
6.805245152821701
6.495948468872767
6.033355011184267
5.642901673041238
5.350624522352435
6.553168102039976
6.769187751206291
7.067670748657195
7.519404136388725
7.661657381357171
7.680325125181319
7.721033381847144
7.904057106125326
7.764447762172904
10.89149827409294
11.125525681704715
11.287833969451592
11.681924121900256
11.744198392294056
11.924468758307006
12.435659306729207
12.470047736198138
12.385977627554878
12.05809842307228
10.590317804689821
12.760987805950839
17.302407792415494
20.3275353369507
16.691811826570575
17.11523310701702
20.995514914763834
36.839273058344425
39.61790269089763
41.8416405830998
42.94755349872872
43.06034721469825
42.82090301468673
41.55038231059704
26.901935793146002
27.840053932907377
27.60970236475506
27.748008598513444
15.622690838526962
23.912336919148384
39.75015322104483
39.38087307149843
39.213505715393644
39.01388959774965
38.525516208593665
38.20160407497602
37.17552982097487
36.08817850625624
34.71783968757648
32.82842676186296
31.499314520318457
29.80500088198513
28.11166138303981
26.117421182831237
24.372838859910267
22.37939122597849
20.64124625743129
19.062458493601742
17.485860873887408
16.740919284218773
15.386625424514255
14.221331605826187
13.129036663981633
12.033904464274432
11.164593517940647
10.409120541376025
9.666107468043014
9.138219942095814
8.583461513576271
8.300650861821095
8.07437785715412
7.633684159629915
7.400940728718549
6.983224983746021
6.994938142267088
6.760847338495361
6.439157487486544
6.301228816572173
6.2127463640101945
6.097410697618558
5.565171303009741
6.681923648946534
6.733624991174893
6.868090222975848
7.387097929360783
7.468282637400578
7.418755159253343
7.5054898056710035
7.9765671529755275
7.728357667037723
10.768990504725576
11.061719984316902
11.321610184496365
11.627945085312396
11.821032612846706
12.040192716151122
12.554499289276395
12.517659000293435
12.530509947333448
12.401087332930508
11.042488164283052
12.743380763203232
17.178555767806913
19.761990236256427
14.000971416189378
16.712890154085205
12.853440112477236
35.08901596596489
41.05327670888022
37.27768182728602
43.251648662990014
43.69598483868431
42.676162723407806
36.830585882959646
12.26718737055947
16.367639262951723
27.61200191952935
27.694168628259575
23.703985454923675
39.42612779679118
40.125524079997646
40.1365200499361
39.83699193021327
39.625230565044525
39.248924661770246
38.73915230838572
38.20817198196755
37.60125771868996
35.838578723579026
34.1398484566087
32.16057819166666
30.344405622359083
28.78427300277824
27.21140920382391
25.0886365566231
23.042282764518774
21.06875445017502
19.29189204429776
17.83116740094279
16.822374390147083
15.617320638258256
14.085209167035732
13.295654836350145
12.129586801034861
11.130328507838458
10.405829432803294
9.651614953305868
9.096483349818223
8.401915726661452
7.982833661132997
7.98732099520155
7.442755716541465
7.122713446506734
6.842208008092758
6.747868836548183
6.506477987940849
6.442631241108859
6.532707150631798
6.385639210946147
6.203454560689808
5.496371953600736
7.015865469805863
6.634478267731284
6.96397651804545
7.330965725308441
7.412289621978124
7.451818582864785
7.543156710435119
7.575817248534864
7.55067703523758
11.038042036818164
10.95503141869832
11.355401187872966
11.527211641638722
11.92026416653264
11.983069346424866
12.18546050998344
12.4858254284873
12.668666640178015
12.426710292644437
11.42525678135599
10.796122310735399
7.867832811665881
13.201070864676462
13.34707771811386
8.321264472912498
4.923989080792343
14.195723898143068
39.20590779975761
33.32196036898217
23.16755816891791
29.812669211759214
36.3319090069286
16.08770487441793
6.935396595512177
7.4558820532547525
13.805998179639229
25.39339727241448
41.3694716907475
41.746057612954075
41.255435371151236
40.95265630890603
40.63562859664674
40.31667723673604
39.9473054462718
39.44898514805951
38.692440341311084
38.045546041729786
37.20108347282025
35.14092355652665
33.40559778577999
31.276245669488716
29.324279361005296
27.738344154773802
25.725749033685005
23.48241888100379
21.443741606124828
19.516145174841206
18.185417628455067
16.874731591911473
15.640871864318083
14.123223713877865
13.179803892085696
11.951901180821567
10.849069239790719
10.156249265670153
9.094392860193667
8.602099724894568
8.096877386077807
7.711008344658552
7.506473061838289
7.132316652906612
6.349639844060738
6.4244125551334195
6.541620895399498
6.1617002260206934
6.44069562748425
6.485860353426363
6.306108892992268
6.086509669334295
5.590163985713385
6.722149750167223
6.317758130275764
6.440253368249869
6.787875938047866
7.329262909855685
7.330251209671451
7.363081658432579
7.381387717051016
7.6517622870465205
10.91931497508485
11.145086963657063
11.320849832786923
11.52115096108098
11.57437724567186
11.786735642384773
12.317984881493878
12.691064265373772
13.009013212439415
12.899534573192065
11.090024382621564
7.734091134766744
12.548304891297823
10.483974509172857
6.876520976408007
6.9673769372331265
2.7553587258478736
5.435383501677414
31.277998030963868
39.42735235891576
26.991866019745046
12.286819228828746
7.085183592407922
5.995084083492541
5.011890943658277
6.236881712591681
12.390809677690365
42.208503907320605
43.16141917306999
42.88206942551335
42.285833324531445
41.679453240566254
41.09260715308415
40.827474575989314
40.40839027014402
40.02396306961919
39.581098889558106
38.91389566147495
37.84609069726367
35.60141100975869
33.848856964974914
31.8446567839899
30.113491526819924
28.10905164605136
25.983651991817432
23.790098167418282
21.85698424997382
19.770338564773375
18.031232217586208
16.97288185391005
15.609407570610168
14.150164644868125
13.097968158274359
11.786429603779215
10.668882487302696
9.950197421002077
9.006593594333507
7.982777105889592
6.767790875637756
6.066869221520919
5.709963065682322
4.96309111815913
5.440359232599963
5.637677949401442
6.058786235033992
6.312104872347516
6.225202317250816
6.485337525275682
6.295062214443373
5.62775135895507
5.417517401179645
6.453401332859833
5.976124253212379
6.211697476370759
6.742322280155916
7.091657344558321
6.974893502515917
7.295902864510372
7.493349821765994
7.691250047627184
11.178455125461593
11.287643052053538
11.27227297354394
11.720247404365034
11.672992753553155
11.889155722084663
12.442780202733063
12.754687957038541
13.255186341189928
13.130003861747248
8.996577699939927
9.363677047508702
12.132178529365447
7.490168523970766
8.412579899757464
11.91347622667791
5.980767168409111
7.3786603972045075
18.135353596539296
9.452962177974019
7.787352353592952
10.623550100543511
9.669997507769072
7.152780327038508
5.06477956224402
4.772933837051977
31.602143636617384
44.21364221488084
44.50961364374264
44.20553121690295
43.56399685100824
42.91160854595969
42.40512793885929
41.683762428115315
41.07026392241983
40.98625418507871
40.308042579063056
39.34386476652002
38.70275048464053
37.1238178881868
34.92235546731171
32.60783146164606
30.75524053777608
28.369267170353925
26.5332505933807
24.135556068857582
22.220927172601712
19.878725382518276
18.250263325730597
16.970112809558902
15.81825479000212
14.227210723891726
12.863968621648302
11.609511833107423
10.43900662214551
9.445270384837336
8.167742212150943
6.9659174945193545
4.130667366998159
1.3784240150827398
1.4024651113075706
1.142482616381084
1.6994527676344746
4.133604506796787
6.29234088264577
6.415214738060812
6.1697771898210565
6.191283518086471
5.779914569915963
5.269456421630205
4.234428009571362
5.623831340923679
5.292646477161605
5.970265815230768
6.399500928096299
6.713317709372652
7.065337130233217
7.125701821516483
7.254755956652866
7.5753575120411725
11.359512356397461
11.30179443144814
11.593981689614832
11.768428636402176
11.786742007040779
12.203327959087595
12.562869594313584
13.059393745932656
13.61351823917792
11.822370895858043
7.644226428008311
10.102487556945325
14.81047791331503
12.936972968056086
7.102473686837001
9.626790804063415
6.228288808571231
31.240980797861674
8.146279425191947
6.7696655311604
6.636213878251481
9.638002961526993
11.120955846546934
9.505324860544174
6.804211866742584
18.04720004108901
43.82105897228131
45.50508571199865
46.05737705787067
45.30049195121639
44.480757652385
44.158745935672336
43.374321885029495
42.89258604023742
41.74105907338968
41.411226253581006
40.85989400698072
40.10395197096137
39.147924491658536
37.60799245146189
35.54032172552919
33.119746881122
30.748485248200083
28.246047301373267
26.825104825938183
24.028272297619676
22.032721204404318
19.95918281353703
18.03572756913075
16.94607302283539
15.618488899769515
13.821397896243834
12.685347623361958
11.531415433729919
10.32175497621514
8.920880012850676
6.006418448044118
3.1576795156429665
0.3415977810622123
0.0
0.0
1.4903231898401987
3.8980619848874523
4.978717694038452
5.174118966890839
4.805741526861004
3.1498404592906044
4.644679362746216
4.819526042338086
4.017385347979377
2.9529105942019536
4.849952747382128
5.033592128898527
5.416300757460079
6.0986304874756705
6.43939540499994
6.852283153860768
7.239471197896237
7.34730527159231
7.450255989304026
11.583104281372565
11.545158220298905
11.670209443880022
11.635073662082943
11.794663331575006
12.099718986217264
12.648051622115611
13.45478904454433
13.734947353522166
13.880438180862393
12.530384088551823
14.096668501211447
20.728482658364904
25.591480232733836
13.894637868459329
8.032143248062553
9.87447040745718
11.282468532422499
7.3577954278569715
4.650286974557588
3.215008591492176
3.9484627609516334
9.447201760295204
9.227984662424557
3.048996920689666
17.958896717695634
45.8342598046705
47.19961392463521
47.48115756487961
46.705510613849704
45.862183928889735
45.21309467276069
44.53817055185945
43.52208632000007
42.795415262569705
41.85324362763658
41.231472271276324
40.415244152053965
39.07365842688305
37.521145859344834
35.43052150369557
33.4625260751358
31.175368366267108
29.03619897030793
26.588225565167676
24.291473876210972
21.77435895448823
19.585981069924987
18.23412658295169
16.883037044353767
15.266653551429583
13.772926048911879
12.54533600645073
11.318121071108754
9.954269017217289
8.61421180331906
5.980619872457635
0.773014926048667
0.0
0.0
0.0
1.3288042618899678
4.342128470089749
4.745462485347191
4.237651244680445
2.2442947946301564
0.6263908616373878
0.26220857901514427
0.5684482905621715
0.911163155008815
0.4930976149484192
3.5554792316331922
4.52404278744839
4.92211629320181
6.087536815802885
6.479239377997491
6.440372327006566
6.996617004105291
7.183569765873642
7.168705103840697
11.773818937838916
11.83876837715909
12.081742387752605
11.823285539608328
11.823765180722523
12.327573014771238
12.774272362770018
13.47077025859599
13.84246237199492
14.040972681925703
12.74486978248704
13.673697997283885
20.733048551966046
26.323627577131553
30.25837533417198
17.30137533171687
13.249796365690454
12.41817328726195
12.490791629483981
11.128392972496114
5.94961257855524
3.984567191126865
4.72104490075368
5.455208331763735
4.055452573224658
6.924453993211495
43.395215984550305
49.13246779264358
48.83493861897387
48.6576578461333
48.10449138410184
47.18885614318488
45.7822552107451
44.616041978978025
43.468175368929714
42.6747331232731
42.08731201837463
41.08350800459997
39.67811063100484
37.87048775211943
35.70090095924641
33.36660911763548
31.17942916137804
29.098418324621512
26.403596104432282
24.057634503820776
21.46194500762908
19.518763412644034
17.954348207860804
16.89810398930757
15.11717773376075
13.684286691059627
12.34166249774105
11.035395918255587
9.662567855416748
8.632688904709621
7.185562065402947
3.3175118701723103
0.4384736031461716
0.0
0.2505563446549552
2.8216539783298633
4.55277858202666
3.861364718385592
1.4277393994985528
0.156597715409347
0.1879172584912164
0.0
0.0
1.798331442121422
0.9183755721898729
1.02783190918515
4.239929823593941
4.935043790371839
5.910037806794935
6.288964067165182
6.613184605026221
6.950248781785725
6.989163127257621
7.262432681297199
12.039566735590837
12.131347339918683
11.967126078773324
12.226761703670975
12.117874557854513
12.36398779168713
12.99857269284584
13.418388003235187
13.906557076131701
13.987036233734532
12.847994969136376
13.233936338363792
19.965998983817265
25.5633055785678
24.60409561795114
15.760441849751535
13.964577776948435
12.600036164344889
13.319554637069409
13.166265800960671
12.693405963501847
5.715426378710962
3.733083150589723
3.9799574633373256
4.882505587783325
6.602491435120247
35.483695054904985
51.67487658065024
51.1899583063432
51.101199497131795
50.45645954899884
49.45894673433474
47.54609959878225
45.657941075050196
44.34593097944653
43.577414921854455
42.490677983994765
41.392461019430044
39.9254412356106
38.034709252419205
36.123642038914134
33.49748079842434
30.833152604250348
28.596963002185294
26.45337161577195
23.578022067162014
21.286414856144553
19.240119303033133
17.54835917482515
16.400397284036462
14.761011959166758
13.304178986437607
11.88763217465394
10.647510515598913
9.682379089301092
8.380273057680311
7.092252381849563
5.371417810902677
0.772212268868234
0.31183544818230174
2.936738438046696
3.834423598646657
2.4661063839706623
2.1111139873889435
1.017514772978707
0.0
0.0
0.0
0.156597715409347
1.2869770377191345
1.317493923620571
0.7115523936131841
4.566340504334525
5.223557974181198
5.8502738350893395
6.130051896136077
6.600826148815576
6.7376714113631895
7.194954424813199
7.208305596087323
12.198868536917754
12.146364132627069
12.44857573001985
12.3182858975488
12.389728567185122
12.415937520261686
12.761963312295878
13.402632971480749
13.767119896404939
13.749773605004114
12.894474449267527
12.707483861457916
19.40048455130318
24.542565170520213
20.11203479133593
16.279458512692923
14.960873590248866
13.817773470987653
13.388029440184487
13.853077875770794
14.415462099438908
12.058053929494498
4.475552118687484
3.7005687762911945
4.540686835361128
6.299514532043168
32.8102166441423
55.69637810021518
55.41241266622735
55.51372914113193
53.35229525680023
52.06306225392074
49.69646400562278
47.16021374333175
45.619594534951915
44.35501928734114
43.350581794760544
42.09899393932888
40.20438973470616
38.29744802926141
36.03486305930303
33.272858939863774
30.925233613160536
28.098942364628826
25.67126884508304
23.124550025795536
20.787253139436608
18.672059746309838
17.193374429091463
16.06631363776561
14.17383100370351
12.851367511538843
11.559993703475774
10.327437979797987
8.527796740480818
8.226330637540347
7.1291432181019765
6.528579496036414
5.365057253713159
3.9351173877559145
3.70335540357099
3.0635658275811744
1.2504356545498139
0.0
0.0
0.0
0.0
0.09395862924560819
2.996408898865839
3.7661705740480436
2.6644427169598015
2.701878205925791
3.664970623539551
5.623645554639709
5.8831076769953805
6.106779416908843
6.450895897960655
6.892390296324759
6.978219308587999
7.142606730064521
12.561812988416186
12.461999561494277
12.466225275581817
12.619635608763124
12.36636248874987
12.52999420198692
12.816468427689045
13.189078351935489
13.458618906506615
13.606528979740762
12.764968307222661
12.231661165140979
18.20989687027518
23.024608218681934
19.069175893302834
16.73807770533163
15.55116346525613
14.773725551563441
13.793676655200102
14.860010780196768
16.357266248439768
17.46083769564866
8.092380443674696
3.5361115879391645
4.23103027093238
6.723299148337009
37.92186162949384
58.7611579756762
59.660744221885
59.15420358306577
56.63633075520106
53.32228470410917
50.72169477293843
48.838835050646445
46.94607070920312
45.39262156776101
43.89392285239528
42.221871114345404
40.29316011924042
35.47837527189788
34.563943115580294
32.59248834159582
30.4219092730611
27.60813111184089
25.002592951538496
22.58611279664386
19.864861672587644
17.908165245991583
16.64874270110147
15.17922775395244
13.506515233831838
12.096551786422902
9.42918405813813
6.82799303848548
6.997443437338676
7.6167097324513175
6.810591627285349
6.344449884494438
4.950358942277963
3.583210358985578
3.4087363576644307
0.8288361258512831
0.0
0.0
0.0
0.0
0.0
2.1051528546269136
3.9079228372811947
3.690609152570996
3.9263582671603783
4.934662972864201
5.0352324669868755
5.534461608487449
5.664073668214769
6.024942912284653
6.533853535301212
6.780900909727357
6.856254785037801
7.293897745667904
12.754108970588199
12.738704846036367
12.678152822560609
12.722631578720474
12.638608394317771
12.497659670211123
12.675390785705302
12.75996538885183
13.254020820165117
13.11310236587456
12.473316485851784
11.058205690051437
17.499422992320426
21.415874440563123
18.912825759806392
16.900778818722145
16.783587409441655
15.690619602821515
14.07417381113264
15.81948444163418
17.24258507656168
19.12174443912815
14.445946998116955
3.9017448150185134
4.429878817110829
6.8619561667589615
48.21475398149977
59.228496810646675
59.5473556880108
59.283883579462476
57.25031123619534
53.4256597135644
51.190110670789494
49.275842498327535
47.47153418594235
45.901689257063914
43.9888851713574
41.026705420433416
26.80366864922157
22.753973928835023
33.443458052700905
31.86013627214833
29.25748352762079
26.48136526068982
24.114059523778238
21.290287493322317
18.673556381037567
17.143926344279773
15.807894553857084
13.634724892419431
10.296435668555512
8.448082360669922
8.455524469297533
7.750380404292025
5.402142956278315
4.946905503245488
6.467725890304448
5.814280877258596
3.436209685679068
2.865064957906791
0.852901983207869
0.0
0.0
0.0
0.0626390861637388
0.0
0.0
1.0163908539795943
4.732230683836591
3.291285071599634
3.646579373639618
4.810211242723035
5.21558930492654
5.738163393800754
5.832991467888616
5.918408707115225
6.430986537438401
6.666890295173924
7.024269150553388
7.0234914066364915
12.658113476916942
12.853875238434803
12.95805182069306
12.816135808147587
12.595801556399548
12.445430047894815
12.574380600998328
12.677220972703417
13.152607383619557
13.260615103918454
12.311737208054245
10.680141923657496
16.38796569614792
19.71089393911956
19.799627761492133
16.70284397387709
15.979906358878896
16.336244042600427
14.907846269896948
15.712390242326787
17.652110639485226
19.548874160495917
14.30425082850644
4.250652301717041
2.9244310807951517
4.19188281878557
25.391185922708146
56.98809926727812
57.4679093052018
56.768583785788216
54.74476897847746
52.748161182021285
50.96498288592327
49.22982509613147
46.608211589194426
43.86397796301601
35.34397660060991
18.491481737141758
31.25711660380582
36.59589737174479
33.57391733234695
31.007815761556373
28.11629180022607
25.12863678246609
22.518957045899974
17.706954190294578
11.575568539347671
11.009420090497512
7.8365214488164385
6.554102540252317
7.845297549720641
8.86892541740007
8.282633662643006
8.284469050352847
6.929591724393453
4.35501637600085
5.103680949035161
5.138499796851672
1.0732988787588296
1.5896875198187002
1.122384882220409
0.0626390861637388
0.0
0.0
0.0
0.0
0.1879172584912164
0.6758136676242966
3.977967243846254
3.65124002495526
4.147918686713724
4.988463392416613
5.383543699889328
5.5325438654189005
5.670482615630813
6.2574689738729505
6.246996787491589
6.526396337793256
6.8788759965485085
6.825189224193193
12.968375852405282
13.024586816437282
12.957344860683364
12.83655077057113
12.446295986143987
12.253796676955162
12.23541803886357
12.47023943462833
12.912112841126325
13.028943884071387
12.013282550679566
10.175078382097727
15.274026965056873
18.175792644124105
21.22416842223884
16.38116013073514
16.557045077337797
16.265752825426876
15.58536297090154
16.098481497990793
18.66489242503837
20.311424221673228
9.453173994777378
8.464890410306404
8.174800511019757
2.8498165440335694
5.903570049185031
28.994703158116792
50.73358994082605
39.676057470585484
34.795852290355526
51.644296764332104
50.22295407912565
44.96506539857596
14.83678951008857
10.483557792355358
7.251938348852747
26.026613571021187
37.26138597490336
35.24797880493077
32.05326344653969
29.118043086131756
26.528759165184354
23.424452502616663
19.708090870024613
8.459271803582116
5.725946297169888
6.231396417067093
4.715960324744598
5.09378455157839
6.142953161268118
7.94148124933729
8.126018853894507
7.4544064936927015
6.559654552329706
4.6827522117128035
3.9806415780883606
3.673594955652825
3.0258431314929206
0.8725692919295494
1.0138776129800091
0.5011126893099104
0.5011126893099104
0.0
0.0
0.0
0.0
0.6014810785561436
4.384100922758404
3.6684606033067615
4.701969974402574
5.186062781283272
5.4289201974375665
5.54434721408632
5.747007043378097
6.466668256226495
6.418747039984455
6.615834250635142
6.8500440131635685
7.0783061732842
13.072259795991627
12.953198248211331
12.966931548558863
12.830189165153934
12.43644568701132
12.300119633138815
12.091706764847805
12.459623942788108
12.60489374411711
12.647044376128251
12.064906144014495
10.140187460468702
13.851939815296308
17.01994115484956
18.94513695255069
11.634640964947021
17.183884995819927
17.466359706423482
16.92795688960322
16.907895794817573
18.486253840529603
17.682808124487813
5.807356697407585
20.238291899233715
26.97664523548891
7.161694987714134
3.0017860470458095
7.245202729002132
19.891553413275567
19.446989169084045
51.12383270783352
50.88846125657532
44.07514822055147
20.90738862786099
3.372037997513487
4.3589763877501815
5.845034625173978
8.345457239650344
24.25876549928173
32.75375130546563
29.980293139750586
27.379161420660207
24.488810361695947
19.901758038690083
8.758381313002547
4.134399911673271
2.9573557853062495
1.7118398298685393
3.3322261607841366
5.145283624530269
5.724973813109166
7.919234341742689
7.7562964683790225
7.530662835354407
6.92587537634986
6.092484366442861
2.8480853182434482
0.4930976149484192
1.369304066876666
0.2505563446549552
0.1879172584912164
0.4384736031461716
0.0
0.0
0.0
0.0
0.0
1.2765856362248706
4.4385583173742305
3.9778318434082216
4.482312438849757
5.18874865908756
5.500536549336543
5.41391237506213
5.633911555528974
6.226229463719409
6.240329098382953
6.533828283348167
6.593538413970408
6.972331952890109
13.223734611503946
13.142206927020416
13.078295379373726
12.91159860396423
12.522164348180308
12.150426729940197
12.308711265059612
12.417583476121338
12.41773073721086
12.698945505439605
11.878752233876614
10.175633941684081
12.269238951696657
14.326199574299954
10.203861703195155
6.6218383577244415
10.486737606702611
14.766836708775328
16.25033001214803
16.266742402923356
15.064716498498411
20.38233363637274
20.058025249170505
21.47649953337345
22.195193993597883
15.071198756346927
5.259916590040484
13.664394200365827
17.67612655790873
42.512290349820915
51.8349290143287
46.40915389098121
14.970426869765523
4.736927677747939
7.257901981948854
4.31214077821759
2.9782217128716377
5.734300235808133
15.045780315628495
30.663797855768205
27.891669047143086
24.980588824251186
21.717442553723256
9.54279538121421
4.222934632336427
3.3959901066644353
2.202538741362855
2.031392385958716
2.5965828191067923
4.918811666568883
8.550269462141408
9.47622416618811
8.914397071664117
7.972842246169562
6.8681496306469745
4.635902049505846
0.6133992789129191
0.0
0.9432234524547792
0.5011126893099104
0.0
0.0
0.5011126893099104
0.0
0.0
0.0
0.0
2.713846274675312
3.837918675524277
3.8026019502421193
4.682759176560002
4.879580867135163
5.429081330615672
5.663161504278686
5.688643770260661
5.988450502814645
6.218985211215928
6.371276406816161
6.883930924857132
6.8996938242267785
13.288210654143366
13.055527291608037
12.86647125755954
12.81926922610773
12.457765561388785
12.244166138822
12.249970749887401
12.121519311000593
12.291675131103279
12.409867554292294
11.57511867402849
8.41826138757607
5.659832391179407
8.799330536976647
10.032278517673664
6.1565519383935206
8.105643746721723
9.871006076667198
14.469672619042306
26.493301502127437
35.095342783206185
49.58025770901227
45.07985689325635
19.668206406598618
14.37742224309493
16.411693826573753
24.460357489040092
25.909884405856417
47.00154375686202
52.17175481218215
53.47042189705368
22.190391849352725
5.759701780410974
5.279248469308898
10.045045202242301
8.868600152889707
5.378439134721912
12.756691792493598
29.737831716570543
28.161158187412056
21.327232659666006
12.14747332015573
7.38649673051444
4.016712642276399
3.5228230567213585
3.36105403785598
2.4588878972870134
1.7495164982218918
2.125593761524649
5.568812337813048
9.615166911915377
9.08314840053498
8.226143844519179
7.585919188745344
3.9139721408942427
0.5472444059106449
0.1252781723274776
0.0
0.0
0.4384736031461716
0.0
0.0
0.0
0.0
0.0
0.0
0.6863099825283421
4.271821600507388
3.8883937963154285
3.099141758934037
4.015625985128501
4.894436192216485
5.496427888948825
5.35437834361354
5.681855403396314
5.960846027271041
6.445086172101948
6.6693020232694495
6.687444953385755
6.772942625239565
12.972606437831763
13.035738588721058
12.960435298237789
12.715018772755496
12.58739099846631
12.356894606926044
12.294771636380595
12.285722111046947
12.285582317334798
12.245343456638011
11.613685869393409
10.3621352838785
4.538835750294474
7.789162352332078
10.199343230121617
9.10388750499544
7.908114125115581
19.600854850579065
26.760401712370854
35.63413107746517
41.17006867879173
45.51753375219402
49.185917662599515
22.992763171838945
21.44626432551102
50.696485593880205
52.90984358389783
51.04413880050985
52.27574971574372
50.34675426639132
31.53600682024487
27.11174206495304
18.51682909383066
9.849950123511219
8.69745607129906
13.533397806316701
19.198927405111753
29.064422361684787
28.110335426825912
24.39849635115313
10.634683357408955
3.2639348847827554
3.5288814022498434
3.1894079323588533
3.1201550230142403
3.0165233703171332
2.2091525645437287
2.7601364600127347
4.583442228095771
3.532854779167322
7.680029175687124
8.626622953064546
8.009105152159785
7.5637449218997865
6.00986000930003
2.0712313799269464
0.0
0.0
0.0
0.2971652820957116
0.3598043682594504
0.0
0.0
0.0
0.0
0.0
0.0
2.7743914594532466
3.584658976724524
3.2109991561671287
4.190639482223617
3.9325554944058663
5.143664953099409
5.64275918133051
5.768083612748963
6.343340306955507
6.404193311464962
6.377731430364445
6.576491364617426
6.568915208352773
12.996466861897613
13.12059435965324
12.876273493452862
12.813102289179058
12.562410727399245
12.34426692686303
12.308842157427826
12.177766763315253
12.24915306684252
12.025337886351002
11.421167061934746
10.425862855914792
8.517734884872056
5.478007318202759
7.262335579587373
8.674398507044028
15.744740426082737
20.060443087799463
24.574529049193757
29.764246915993187
35.42685889031155
39.87265793647762
32.60855282377537
16.45687065614937
45.07571350247165
49.063460442707296
49.56493669822907
49.93360971387009
49.28696112604207
32.43059930802698
31.502279331864266
44.85988272915226
41.14958204837138
18.933471570979258
16.4109735229364
33.41082815239325
31.062139735292135
26.660398936211358
19.116538549494415
11.353081015429721
3.435338128090181
2.1326253352017206
2.670820476503397
2.854671814363303
3.1106908219336646
3.3272532542315565
3.1296764148977676
4.0355996373739735
4.586278405749418
5.28629647028354
5.285503488224001
8.317125110004719
7.700911839074084
7.206830711836395
6.516102360513197
5.017541041945507
0.35980436825945034
0.0
0.8346347711059952
4.23338302780822
3.888604397309594
1.45690712504502
0.4609960489582292
0.42046424351450007
0.0
0.0
0.3758345169824328
2.1048342230550054
1.6542505210690341
2.6641986955472414
4.021316810444133
4.581656192593278
5.472461434463533
5.437763847014914
5.975620007678637
6.112730122139216
6.1095944555100985
6.239611835060567
6.610669822466014
6.323261483770466
13.183382654930506
12.91688423009822
12.75785950089815
12.500526219241245
12.48451399219443
12.34856537578093
12.134292272127194
11.974601096452815
12.102409488001681
11.82509086517498
11.388426402360107
10.153760145814486
8.54475225958555
11.97675192814578
7.590742724494916
12.21913407759178
15.781636652131928
17.413625959327394
20.04541668613326
24.021400540571246
29.199594372620695
28.42218418785827
21.456737292841563
37.48948339399673
42.16595627603548
43.421649895243874
44.489006922613555
44.774731645632
44.68206979665075
38.20163757475241
42.34656101326208
40.61676369997829
38.776296853184974
36.26387761947572
33.38999397613486
30.544569915882036
20.881472613007226
8.385430314151085
4.805612902723401
4.235372854173033
3.882215774052745
2.9665954418661036
1.7436158065866822
0.30879688218378815
2.3727287315945786
3.0060889582294235
3.6596156304984806
3.7027980781150336
4.522283312431327
5.504962922829326
7.267239014104671
7.909995249636928
7.415698093711557
7.2426785726269935
6.8298273134294405
6.602749262327833
4.544593984879796
0.41274439192823187
4.686235625898524
5.98173582058212
5.567195072524542
5.2081547872732585
4.374136442458422
4.7103496707694195
2.9259932198549055
0.24254127029346398
1.9658292713419434
3.0745497887927122
1.9986343447421002
1.5420477773123569
4.07360627145929
5.192238116217034
5.4889514869393246
5.801632998978375
6.045162435397237
6.129576061109287
6.17785415362142
6.21272462283935
6.54497190003879
6.453138163393392
12.791467912756595
12.771236408132012
12.538667775686188
12.392538808099934
12.46246594693077
12.26766172751696
12.129733140480955
11.93553811025655
11.796834309064003
11.531688208207616
11.13429415966755
10.110664390798979
8.774775839175915
11.096360972222847
12.395136687777967
13.652527183055069
14.29142042010194
15.855725259735802
17.279214722057937
19.748797389625864
23.249394476194873
22.14116998461199
30.576289653220833
34.13807365952884
36.62528592280083
37.984388833218624
38.96399345811383
39.401423842655014
39.321449024283346
38.7999574356619
37.976068913029465
36.43075641881834
34.28237658525012
31.788012352010565
29.17482891336484
20.355787463392854
8.041428614629096
4.5196236506666665
4.322854046754498
3.6208038283387034
3.4214826086644257
2.2491476788036104
2.097668632121153
1.6315126458918094
0.9082667493742119
2.233789393082068
3.315126231503858
3.755789025309917
4.096715446705215
5.043851311424973
7.0958662074804275
7.845208499398985
7.421935699784943
7.2008925683248
6.974502442811954
6.726787839403471
6.387466051807464
3.361609120154977
1.8843005687936014
6.058781269033986
6.064333070870384
5.529626340750236
5.537599155346839
5.189647003246524
5.188479231363748
3.0717785844221694
1.9150784831756746
1.5885316003625574
0.6613627942187231
4.106798172770393
5.112061808892581
5.68663654323154
5.784190474441632
5.760437209850517
5.9332238861021445
6.26781461516986
6.026121503562444
6.314971574965625
6.316449583952089
6.3851633759193565
12.738123423916555
12.790929487875198
12.443931710586918
12.585802330359135
12.370973465136013
12.209216143844086
12.090446394429273
11.906450267309678
11.598984711171102
11.35507676563267
10.72710935693981
9.737616040722797
8.60625430299594
9.621987964202347
11.881072238843252
13.051119463394606
13.73595152149759
14.496588297517587
15.826917797057622
17.136602929993973
18.95657784155688
21.49400731978787
24.830978601603515
27.819965476589125
30.00956701618913
31.579514059245017
32.8274207373066
33.548227357811506
33.86032865390647
33.917156980038186
32.82022597858324
31.506601829001998
29.586524129118125
27.185303375063665
22.191068478872115
7.728831200867049
4.941446556780028
3.757897275098742
3.4613211035452207
2.7847377739300603
2.190865872730553
2.272452147523988
2.155888535377873
0.7516690339648652
0.5011126893099104
0.8609170575693602
3.4901575582809663
3.708705299501651
4.584004683415709
5.513941316558391
7.327128134780304
7.473621855788597
7.271587131020376
7.196429309064125
6.993735886378797
6.4571814588461525
6.527423763705971
6.464082076487189
2.846191143941768
4.00701898216105
6.189053509874447
5.889227565444416
5.868791865989283
5.412986292027563
5.169921712997002
4.879977059413013
2.330681784270855
1.721919672188091
3.4593374854171866
5.009537926373183
5.180468964714636
5.711871048147192
5.7721904068401395
6.004943641060174
5.966965915720076
6.295775966983559
6.534736750504185
6.460094273921513
6.378232517344281
6.36484663522092
12.500476450010913
12.570527123684393
12.412292767115597
12.326262909442095
12.117883816660681
11.963369764143405
12.000726239493245
11.627119003289264
11.153976670263747
10.732279749276358
9.923386690297251
9.000318541634716
7.471589778732556
6.819185886384692
9.781236680482476
11.858559562514948
12.802378911451253
13.71438479023849
14.26444009451721
15.283722681279107
16.7033038005031
18.07254233163201
19.683570467153306
21.71450720669251
24.12308220070476
25.82646197651649
27.052756435900015
27.81352562799661
28.063122935866545
28.25637939644505
27.700666189863153
26.618754881605618
25.1838496523195
17.745503445787243
7.495879074770782
4.233179331373663
3.5060244033877845
3.5012318329130836
2.8884313294435056
2.13262533520172
2.0510596946803954
2.0161029915998285
1.0961840078654281
0.2505563446549552
0.156597715409347
0.3758345169824328
2.5114864890025217
3.536683958633274
4.4243743157593345
5.958364666518569
7.218215370775948
7.281529830561065
7.100927384794908
7.004947957920029
6.807384252554592
6.892881924408401
6.55378814777651
6.602329409755084
6.143772913358687
4.352537325365776
6.041583419793831
5.8370805963545
5.698727961090148
5.46144032727074
5.0964135573015055
4.73695496064491
4.181956717828385
2.608231745527925
3.357627548031777
4.225146763342134
5.112915122557783
5.33634103922704
5.592575154920659
5.822477617485943
5.765259548265065
6.164684447840609
6.176589089639435
6.411243128796735
6.397500370403282
6.22048819271131
12.091001319236238
12.072151541403013
12.149251612873275
12.102324252101662
11.998993303469199
11.721715840712351
11.641797406562182
11.252417881722128
10.611340752846994
10.29156785619192
9.134633109541443
7.28698775320387
4.984135172423005
4.489991751285749
8.240329237034373
9.671375234101559
10.10448223652188
11.244462225886123
12.414427729120472
12.352922676187946
14.534159885852135
16.011581821549367
17.122860472979113
18.054473248790206
19.453714242870205
20.484888834762934
21.428890208807452
22.345517840406448
22.765499844804946
23.147772479290285
22.680452126680713
21.836789208069938
20.308523571663578
9.028257299025812
4.999963468304014
2.933822444611781
2.155929803922098
2.3889744911258792
2.003710002875544
2.0044507572396393
1.7538944125846845
0.6963042677985223
0.2505563446549552
0.0
0.0
0.0
0.41440774578958545
2.8917376791766243
4.546681220988594
5.8646776650503885
6.734574755069147
6.9076929577997195
6.916142870371153
6.832721210712414
6.841828893369992
6.537803123950319
6.661487949491399
6.673608488188648
6.343340306955507
6.337123200920618
5.966965915720077
5.595870978885797
5.040521923692209
4.241700951952698
3.7232436577370303
3.1321665911553374
2.6334141015999974
2.2893375881565463
2.276048038978463
3.299584313757312
4.155674553450479
5.207362440131748
5.643189742232427
5.548840284730355
5.825799158846116
6.032327864715677
6.281557373563313
6.411315094429544
6.507013316203882
6.335501260668538
11.56174404923879
11.677012700900002
11.864760620918108
11.708626362131586
11.540717658812133
11.172932838617053
11.005362235705762
10.602983993256187
10.006141269025115
8.813924308915585
7.232600156220844
5.400277228371894
5.593951815891371
9.107360750875577
10.328127879254701
10.818191771829671
11.053991712627736
11.123635004558821
10.852905256455193
9.988004824546035
10.679099164732534
11.451937777834893
12.53267052553168
14.125341126837403
15.777853891851702
17.141841349999712
17.980723179608677
18.427177847318216
18.646913353096473
18.891310989781623
18.61299668789595
18.36003836849482
14.67302513153713
2.598252714045391
2.6521202859585933
2.3555519315026476
2.0044507572396393
1.9177664479914271
0.6577104047192571
0.8769472062923426
1.2527817232747749
0.0
0.2192368015730858
0.0
0.0
0.0
0.0
2.5014590487144996
4.633454514980546
5.810203474305097
6.337849490125646
6.100407103875024
6.363631795700898
5.805443011351544
6.125899827920026
6.4048853228343035
6.420858791483058
5.848668217265359
4.847122808004749
3.8136882705207906
3.8602784927984177
2.810992357809013
2.8516994786344956
3.423249980060737
3.352977060678151
3.816510294401162
3.5978271527424472
3.461816526184842
2.2010202915438066
1.4013643643226306
2.3733273255947624
3.9326908948438986
5.0265218038028365
5.529912444323524
5.473370611951244
5.881466352118994
6.047703308242866
6.2324900520959865
6.109832373023495
6.002766313820743
11.369691360721903
11.306659291845266
11.211780917528007
11.17819647422994
11.072539024719704
10.873084623730504
10.213798463019602
9.558312663530172
8.277905699531269
6.904918146889339
5.5270165209610695
6.956201920808813
9.839655496544426
10.76156354825878
11.295302309724063
11.915197790912435
12.20215086668838
12.3770751565744
12.491789736198939
12.292495988398745
12.625814935552901
12.882487462791408
12.705679983573438
12.543224869086263
12.207418740680069
11.926884458802077
12.335734832877817
12.674181371322739
13.202089223780034
13.396878499292269
13.761154359624811
13.318216073368099
6.896929461281077
4.569193302490626
0.4224228201510767
0.8922366006512298
2.224961718256247
0.313195430818694
0.8769472062923426
0.09395862924560819
1.0138776129800091
0.4071540600643022
0.0
0.0
0.0
0.0
0.0
1.795641579801669
4.753453593481963
4.643304520832481
4.967482236536992
4.252568722172546
3.9079588935878613
3.5934985504938233
3.55138319354759
3.583359251141924
3.5371263445833945
3.79247389587113
3.649182872728146
4.144479226783347
4.298248138521339
4.5895744566963295
4.354118369703077
3.874246369823619
4.0525494148494134
4.3291658230187675
3.9750294924245924
3.808931096646666
3.96885147016191
2.7712138274751084
2.007347162874242
2.02812646141489
3.8419013971553584
4.392315419864559
4.981868329909676
5.751475591292289
6.022174866807287
6.040556273325239
6.062397736689902
6.144735328293925
10.716897856974864
10.908297888126699
10.613773736998818
10.635536308887593
10.452857916952185
10.002509614928133
9.115393781433006
8.029610390890246
6.457607368399484
5.723449303372717
8.104504925165259
10.330391287886219
11.355922210040669
11.69360467280063
12.101113416122706
12.712729484008298
12.997097529935616
13.184960758582227
13.600496015620472
13.67547887598852
14.122234993196836
14.051828615420071
14.228947040048972
14.415945398800844
14.43243481290018
14.494171568986706
14.140965495811129
13.636340361434138
13.258726327499868
12.903053694158146
11.58614576472134
4.55895813009692
5.700847427569462
5.781671003968225
3.8061793297354023
3.0594850815156196
5.661557545408573
2.8839875873612457
0.9280554312560549
0.469793146228041
0.3445149739005634
0.6263908616373878
0.0
0.9840119558079002
0.3401164252656575
0.0
0.3758345169824328
0.8922366006512298
2.5331742771771157
3.8054963811298896
3.665818033814454
4.5537160926646125
4.8600662083677175
5.1448318791283
4.85164535802212
5.449962270149642
5.110949900832314
4.880334531192911
5.195084798392503
4.7892409698633935
5.0357496557770105
4.7127775086398
4.753994373090146
4.602408206345514
4.569793631431222
4.337232217720316
4.266200903700663
4.142188134309361
4.407531241915889
4.249673051243153
3.299469547591391
2.46178202338074
1.212087123195022
3.378319192690766
4.21907058813166
5.421071063966562
5.715075521855214
5.764544003941693
6.104080105726208
5.86558739228126
10.418434578146474
10.364778406512865
10.473677329636377
10.265365495112064
9.700294988683323
8.462634518171912
7.297304347430915
5.765256681828533
5.828750085191487
8.803356318111936
10.720935369435372
11.564689134643203
11.820506157859324
12.206860057377384
12.512737846566003
12.924990028036714
13.139559234198128
13.459007010082704
13.54861176730157
13.976722363787687
14.80393261889949
15.176512822302932
15.635309862124311
15.85126958681768
16.053839494932618
16.136987687215107
16.199659953750192
15.827933950954709
15.159553939191845
14.715841834061223
13.719402522428648
11.758003378181062
2.3373997445039367
5.827353740749214
5.470852674313832
5.335418133246041
6.7089175376498
6.397716546745831
5.747723714178461
3.676886472970095
3.1995476899833486
3.266321865714837
3.33630704941076
3.3976620830323125
1.0946199620487873
1.3146800550744184
1.8608789045526684
0.9781801555353465
1.2370192053547644
4.836916978008148
5.391825130182776
5.6853714792495555
5.585644296345583
5.656342772163761
5.970505524527347
5.65026309251823
5.8930729090681675
5.449618337135942
4.98040978339826
5.301832323832123
5.300979010166924
5.202483440224627
4.890303289735529
4.370088896704628
4.713453472086046
4.882229351125278
4.997565307582101
5.235254356314231
4.960619133063071
4.232420754348354
4.350652540639803
3.3982194084882726
2.620017053607983
1.107095487861522
2.375271874953471
3.812758765050499
4.7698311460901115
5.2517907891330005
5.525755498554551
5.560216158265595
9.773068419483238
9.953287422129863
9.76261182370174
9.152280716671855
8.003649450450448
6.812489375880023
5.0899409084955165
5.989919166373434
9.55370506021258
10.965628195041337
11.467602711832216
11.904780745494318
12.291390431911605
12.610005070629967
12.742668488694676
13.1227817848919
13.305704576100366
13.617059579561616
13.842470914937236
13.976267980938236
14.65580708028047
14.944855280949954
15.549410657417601
15.893924906770978
16.213160077153354
16.14691157445494
16.103757102108446
16.12056412592328
15.873202784737042
15.27753115564502
14.133077948864075
13.466347273590808
9.776478100965317
2.474995430831076
2.2497198497618993
6.50749871009971
7.042662290080881
6.896799926943806
6.613804650762755
5.997228503866994
5.436606908460882
4.709040299498266
4.620467778153084
3.757461001677795
1.6307306229834895
1.4159130043174224
0.6926671077998244
0.4094106031544953
2.9855968026032604
4.9300938806789185
5.487164511798306
5.714881888690874
5.717228326364799
5.980373539014282
5.92911122468223
5.856076254064419
6.08524460535231
5.8623652529479475
5.610878801261236
5.408310421547934
5.379882276253005
5.1959831425514675
4.8060326302965715
5.3150884883834
4.87509644142938
4.881446439253177
4.881446439253178
4.723313936082958
4.944174111081042
4.940184020063474
4.853766338267854
4.689308200314507
3.830877598242932
2.9442981252437117
1.8491647673761415
2.081030621310792
3.620778283498312
4.2569640779813085
4.914227859864604
5.166131656168804
9.054246689489943
8.895940031777876
8.277299542724563
7.230613831381402
6.003227524627873
4.5450125447552585
7.042842950373282
9.876645356344564
11.115759463782755
11.678076946252746
12.10981140528589
12.392973993776504
12.61755544001512
12.7944472976353
13.045609767363961
13.443008710146424
13.47502054916891
13.691910224423541
13.809919372528118
13.89014929771209
14.267534355083393
14.650231206091942
15.182789620582499
15.620526068591136
15.973588235468272
16.01956383309747
15.830338478437897
15.596793457593494
15.171219326149476
14.61880636599801
13.724840739363975
13.178324918180174
11.762685752284407
9.868985653310641
5.171973529467066
7.275057907455009
7.289542939263318
6.842590136315896
6.462984850544203
6.376015783308712
5.624455534989934
5.068635666292291
5.09098727493601
4.082525276482429
0.8754037947478144
1.684010345787631
1.9392110025392728
3.9187901536770657
4.337845323282164
5.103089526123363
5.473044200253088
6.072885869697539
6.198884646860042
6.27867036932925
6.175879412644799
6.1199961158135405
5.90229597809382
5.967521302707429
5.869035650831414
5.549988281060188
5.583300944441396
5.3989604165091984
5.188815356238811
4.934662972864202
5.2470282907651535
5.193077571363382
5.013402080582068
5.208085393738822
5.119985447653475
4.9746094834050965
5.0891164892373935
4.934813272713561
4.824250319146406
4.04125040628755
3.3969809519436787
2.4268160522129785
1.7997213271171202
3.4439008651556406
3.925092492106593
4.576503459556908
7.968114443976026
7.219973990206272
6.186196627771845
4.911627302570412
4.3259599834463325
7.7823538428157635
10.260496691387821
11.232021008303814
11.68187805832879
12.163256457147222
12.36362723527257
12.477625707601893
12.989320132696228
13.030336996358695
13.217314621530122
13.35600070565937
13.468629187245252
13.543545939860236
13.735269349345185
13.901152905064048
14.27242293234584
14.415231313597543
14.862824245608646
15.164495289473548
15.418768425932095
15.37746055801394
15.368290852090547
15.004070703817904
14.552160862019713
14.245968773034187
13.707482172068696
12.988759575313974
11.438661702292762
9.950371730925333
8.39995922210271
7.775037626476211
7.328735516092065
6.833758095521324
6.821390180414486
6.056353324655874
5.659825372188684
5.169142496712489
5.020755691920426
4.313551949106021
3.5288194994335056
3.655981671903856
3.837257668173583
3.9992527380918275
4.285271444525421
5.385133895728465
6.114449279977149
6.036728595326779
6.09458663313466
6.3158547901686
6.241042850923141
6.372253328822787
6.027721702643678
6.107280503888678
5.884565384365888
5.874810461306913
5.697134619113468
5.810283015391382
5.535982181094766
5.337298332978249
5.2817225023788446
5.428050648622985
5.335173267344263
5.036183241869038
5.352352475117038
5.270963365416044
5.002303442909275
5.220502103143749
5.003516586876367
5.091137574785371
4.502510332553006
3.698745675781452
2.936154917796177
2.1792342726424767
2.286876981886106
3.1777144294544404
6.94726171294079
5.581624408050123
3.9980170351448945
4.427385918473316
8.078395255946429
10.411640707851515
11.42445862096509
11.698576928605824
11.970553372687453
12.578217996283763
12.6780895814568
12.987903396556328
12.98597423805164
13.2879421461853
13.291571065626576
13.426739282990262
13.623073159377507
13.820253947509569
13.895567346642947
14.019323345131376
14.17004011567077
14.149093266476289
14.321658763469399
14.268549703822368
14.529673599261905
14.437136201322115
14.40386371225092
14.343944023354204
14.014256540000446
13.787721789404868
13.295053170364936
12.483233792721458
11.101021449634509
10.003143273294963
8.954184594511931
8.320586227529123
7.8317985723892845
7.139511696022184
6.620353381114692
6.444083998142277
5.849433464680533
5.638940456430523
5.506733222120871
5.058310115421518
4.657435628383869
4.51061733466492
4.751529196928322
5.115411470694515
5.629263063851547
5.916395612757367
6.281795291076709
6.43344146843149
6.309875601647106
6.41898495749785
6.555936706405595
6.362773832450969
6.2299381829611695
6.008670025927229
6.119230419812375
6.100587562826997
5.775994551884572
5.693997962708533
5.907154878106423
5.551993616984768
5.507658185003599
5.341695231674908
5.395320659530363
5.272628395351992
5.415230446794266
5.097053986517141
5.258291086806159
5.285295891013353
4.7735900309434
4.847007117392701
4.665135878173376
4.811389519127631
4.191618732697503
3.1190403721023214
2.5520645036243
2.4894297449139318
4.695385780216821
3.1413449560766997
4.849119442958354
8.032324626823604
9.966528769994184
11.398328832057338
11.829130023535235
11.9315117982537
12.129621628378564
12.6466221437807
12.781548009848494
13.378453939865823
13.3164773663805
13.379972182400937
13.490423879327594
13.379914617590181
13.75019730534431
13.87387924123982
13.970888700616184
13.911668156312636
14.057007383842322
13.971059684731124
14.008955507982323
14.052024333456519
14.12252076952171
14.241375023970793
14.013942327496983
13.89547216243328
13.496646623764773
13.189262240714246
12.624700145994911
11.885942996440141
10.886461306474363
10.071735254908436
9.525930134254883
8.995512270845685
8.364936462102722
7.599131674232465
7.116775302995135
7.033789400201163
6.391117312487804
6.286365204906476
6.285958104174419
5.875224346359355
5.883538237897296
5.901952203251922
6.139238716919497
5.932311622844698
6.035798666444043
6.204528700282287
6.212843581596047
6.392689028277921
6.314827364255883
6.4329656334047
6.3705879062290185
6.384211705865775
6.329716507318752
6.3233804425271645
6.061316362997963
6.161988367996052
6.4323708396212105
6.098079176033871
6.067101116347753
5.90530780841332
6.076164028037384
5.788201842730141
5.599742941233314
5.675406247176766
5.573359245322638
5.356786656748456
5.338767993829335
5.411256300860887
5.421416286249848
4.857063919991402
4.62279728059268
4.639954812653702
4.198218679978113
3.8784498962990632
3.3895730020689867
2.3206983997826414
2.6494667471757385
5.594790967361989
8.25353347855672
9.585591790306541
10.673870882380527
11.477863680160375
12.198212997859079
12.407935699481497
12.576866920065381
12.81424905139018
13.276315190123944
13.335090265092395
13.506401016433458
13.687412588722978
13.890178374168698
13.729368600731028
13.708057757541887
13.858354017043315
13.686775990809346
13.884750633085641
13.965472388997673
13.976250333946174
13.976372857300108
13.89000739005376
13.708436168965774
13.484720304762735
13.410391128192929
13.337958605582129
13.20882597160054
12.631093664017829
12.087152017248151
11.549736562958559
11.063169342657329
10.624320138903798
10.129361137367123
9.613840410741899
8.741592646820026
8.085674858274018
7.492567976872516
7.127022508746102
6.8641499819877705
6.714573593902569
6.94938448437514
6.377850389121143
6.49023878397837
6.635624652400698
6.709697587152926
6.492913681540337
6.218985211215928
6.532970320098238
6.740095919015194
6.2944169167537956
6.555028239249577
6.836160364720656
6.295657008226861
6.226824257502896
6.193002675924401
6.356246843269876
6.181227737763934
6.157634630508836
5.950422625796754
5.837863957980958
6.120352992083633
5.7876287901174965
5.907888088055086
6.04806018451296
5.475377838980365
5.839372806805076
5.764306086428298
5.6745482111426675
5.35093694216794
5.434599681431759
5.262305540864402
5.0905536888439835
4.791608693862521
4.739546073615421
4.559289384221638
3.8950939442118
4.024222843322496
3.3062399901513517
5.502458522796795
8.452758389043419
9.198272513061534
9.935295997485387
10.58430188881973
11.631183394610478
12.263755137776391
12.507258496261219
12.62524780394716
13.022128903931888
13.370877020528226
13.51989383967988
13.713449028435926
13.837092195722622
13.83677874284191
13.997786839538774
13.949427994928854
13.874161319244134
14.051637795672477
13.734804296653943
13.650123459218078
13.654773843939067
13.639184810409294
13.59613913836835
13.365396700524682
13.290811944359023
13.337958605582124
13.153386235386257
12.726341547461484
12.49032085586699
11.947987903000225
11.416680995646121
10.978822174727453
10.691571601859666
10.290209106478072
9.770865074103325
9.183100128203462
8.702265840509192
8.14609573754451
7.585593206255525
7.366789592727802
7.109812046983372
7.3191252039652195
7.046861852459747
7.0630979895360175
7.154370676399295
7.0618571271398265
6.695021109650409
6.758226069575023
6.878111740102232
6.920129523681913
6.932989066872392
6.641171208792964
6.3233804425271645
6.58189371029995
6.626163106973399
6.736656765006952
6.442988117378953
6.62907592204876
6.370706864985716
6.240448057139652
6.08810986841553
6.045951664352432
6.132214151540768
6.120450209669485
5.684293191327353
5.733524745676253
5.799771349429716
5.871372145631048
5.668980623911248
5.499985163381388
5.355104721265655
5.155722173792999
4.941012970688
4.7611516458267165
4.663747404648134
4.362625894405356
3.871141499420628
4.125849815959326
3.65473510183288
