3.406507055840594
3.6922811289388733
3.9160276419483537
3.441293263641808
2.942951585216245
2.3254089421490325
2.056049848769168
3.1060258755648675
4.097268438395811
4.530766474092933
4.452807590918247
4.5264105114475175
4.357056121124735
4.260325400857342
4.408510492389775
4.274337426911121
4.317655274965701
4.771668595002874
4.040527608286706
4.351857349335942
4.39486946782782
4.3434660200888855
4.192343177134792
4.102045285166677
4.8001162185648
4.681297613912735
4.25738764943568
4.019613115532958
4.252188877646885
4.463881865550358
4.571631080343983
3.482145207189588
1.0884462656854412
0.7633212683250543
1.0802545980304958
2.6053311670494823
4.7248638990310505
6.524740391003549
7.279563318226498
7.642927351925031
7.813539034248601
7.873976754463723
8.33319905604559
8.206761817152895
8.291728132023547
8.536506691119817
8.506513282792929
8.096701774699918
8.118258361785763
8.021907844368283
7.734824701884847
7.442352831029767
7.115674257762979
5.696470274447672
4.163123465073104
4.226980304122562
5.1253292263941335
5.8180721124332395
6.809677091244175
7.342118024056141
7.615274678061563
7.601018186904156
8.072431715636622
8.190511099566343
8.016880340911722
8.046668332308666
8.137385842103594
8.060214697143618
7.876646329356727
7.776201101480177
7.763867523083428
7.360092236418415
7.358292074926339
7.115460470093808
6.345596771318215
3.9232764762485215
2.499797926731934
2.9682218222363854
3.888133278598162
5.211681228218035
3.6955371234837284
4.425460269865213
4.868623860793932
4.582654431449998
4.208871029592304
3.573027376636447
2.676963838770129
1.2090691914686214
2.656221299877188
3.8537855206310945
4.032526485514281
3.8753610207355367
4.0525494148494134
4.069499192324854
3.8854560448937665
4.068687060832295
4.0601286126039104
4.018769265497102
3.8921753977729474
3.6917238034829145
3.73885497153831
3.5260790512662123
3.2384059491180164
1.9504340445295443
0.8243756744000394
0.4340956887833783
0.5316914780276842
0.731240336606977
1.0306208932486565
1.0659764546025265
1.050845527426296
0.1252781723274776
0.0
0.2818758877368246
0.7846671604088559
1.0648644647835588
0.5047498493086083
5.1849627583509585
6.912553367417259
7.281760602590816
7.5023293171793
7.559553171796961
7.8923407317045955
7.939702685511351
7.9148117699714104
8.149868282186867
8.148787723472172
8.083619620479357
7.6798334970976745
7.517040110204388
6.882619169108338
5.795820247189516
2.113453441420807
0.0
0.0
0.0
0.0
0.0
0.6671999992626211
1.5579184746275165
3.063401584427021
4.694628827595735
6.040418666801515
7.465904936474262
7.887468543337622
7.9090782217696916
7.67465611317755
7.621408861185042
7.5472489757740435
7.569795734113249
7.154505436039161
7.248180905774831
6.977718749023533
5.586301681269045
2.69869616384286
2.771424573338404
3.5078859066779016
5.346031272637626
5.839826900661023
5.925045629170374
4.461315115620525
4.323911271124081
4.704735750263119
4.781712695635002
4.965951658853454
4.517360009692297
3.727358771888266
2.6947387238821032
1.3620091126071576
1.804639954253856
3.418097387384446
4.03993856428745
3.793064251539848
3.955969818723884
3.8393515695593883
4.02618134427027
2.898042450078668
2.439486373118769
2.978619724970544
3.086292336573481
2.5303445335495267
1.0195259843444267
0.0
0.0
0.0
0.0
0.0
0.0
0.0
0.0
0.0
0.0
0.0
0.0
0.0
0.0
0.1252781723274776
4.98577022758905
6.872718853315902
6.9408692416886355
7.286594217765885
7.7038140023459025
7.818091036081219
7.9798613954711
8.044493545104393
7.998242213656603
7.794924135750305
7.612342120771693
7.113070209527834
6.865033197190745
5.6999458876384965
2.6884488692217086
0.0
0.0
0.0
0.0
0.0
0.0
0.0
0.0
0.0
0.0
0.3517480253537341
4.18717221186251
7.209796808636786
7.101193922504637
7.213479483152644
7.248125088054949
7.316367600985225
7.024474662803773
7.126039252578819
6.69416314640048
4.594264178138558
2.578367700642305
3.438538865439482
4.557397242563927
5.50950612666831
5.901960842994572
6.086271751820901
6.079133742785915
4.606218504609066
4.744916820965334
4.767501643650513
5.0787208653804425
4.990904205537763
4.8054487443551865
4.55297760795737
3.475182005457133
2.9318681954285695
1.1660974140265628
1.5178454393802963
2.911116569891588
3.510634131177323
3.6718045560425168
3.4790832836488486
2.674666458873019
0.4814453805882301
0.0
0.0
0.0
0.0
0.0
0.0
0.0
0.0
0.0
0.0
0.0
0.0
0.0
0.0
0.0
0.0
0.0
0.0
0.0
0.6416802559962749
3.3230263826906206
5.404833533667725
6.221266425377316
6.654438132159627
6.835396108274379
6.938272453798219
6.998974576143821
7.1101405465648835
7.0778145452005585
6.908378049743705
6.801139540754242
6.116106937619806
5.463382593069132
3.685417047315721
1.9335030078993933
0.0
0.0
0.0
0.0
0.0
0.0
0.0
0.0
0.0
0.0
0.0
1.8426418725369298
6.635004606664165
6.629194880805457
6.7902743591715415
6.702597265915063
6.668537766823174
6.613040394316479
5.9637868947867245
3.408473508407623
2.2704316680710743
3.0756783140508626
4.810119165218176
5.8914962429409625
5.930711423763464
6.026543111365887
6.2536177629204595
6.113162474824318
4.388148468512201
4.755581872546095
4.94448856929862
4.961427495336784
5.3638708403630035
4.978368368258382
4.779356142825809
4.56860418383669
3.690609152570996
2.960887878963529
1.387469232598043
0.399138985702811
2.5600746373519674
3.1688694566461604
2.9478277864284794
0.6139978729131033
0.0
0.0
0.0
0.0
0.0
0.0
0.0
0.0
0.0
0.0
0.0
0.0
0.0
0.0
0.5011126893099104
0.0
0.0
0.0
0.0
0.0
0.6263908616373878
3.8648514574044524
5.740315003645148
6.649893749727032
7.054935727460945
7.051603830735957
7.149415789054976
7.425448627730392
7.444317845792432
7.113825534493286
7.23644989803443
6.6614879494914
6.467144091253287
5.351180708527226
3.0725139717500167
1.00222537861982
0.0
0.0
0.0
0.0
0.0
0.0
0.0
0.0
0.0
0.0
0.0
1.6114511751374325
6.196689653995319
6.3104703954305945
6.581655792786556
6.225537452350066
6.154992850671796
4.920349614969901
2.2371054092703684
2.157117723835273
3.666159384028932
4.629823792574588
5.983628164400098
6.16306250758853
6.515303225008723
6.5415486503225635
6.440253368249868
6.430961285485356
4.928078743686012
5.11624042131904
5.317843759722123
5.250843039440947
5.357370542689846
5.242279650916158
5.233188240272491
4.391258195494976
4.095867262903996
3.8661049360448825
3.1854241170786888
1.2359901859155846
0.0626390861637388
1.6620914346095836
2.2258432100832337
0.156597715409347
0.0
0.0
0.0
0.0
0.0
0.0
0.0
0.0
0.0
0.0
0.0
0.0
0.0
0.0
0.0
0.0
0.0
0.0
0.0
0.0
1.3335859751598909
4.132571695955228
5.962203817425951
6.945848610062873
7.04599418680587
7.238979569812595
7.640413393786938
7.45801324088513
7.347761133995974
7.540783438498823
7.479477333638843
7.257777256514674
6.960540684697494
5.728073116819428
3.443075095607327
0.7946408114069237
0.0
0.0
0.0
0.0
0.0
0.0
0.0
0.0
0.0
0.0
0.0
0.860053775484291
6.011948415223044
6.275578185041821
6.438299524236616
5.793799820020144
3.8972349951397462
1.5836238304305992
2.7813779461128636
3.884371466088701
5.04263750078977
5.852162103361763
6.043778412658553
6.429530269622784
6.535738924463857
6.685600720468171
6.471544262976139
6.308253381950902
5.058575847557746
5.0822103225099164
5.2530035915095405
5.416139624281975
5.171464181959186
5.026577338818418
5.256808856705808
4.691675924313635
4.042454390691184
3.319027509695573
3.5123061075452005
2.98257814678792
1.5994523484458445
0.3874867513426219
0.313195430818694
0.0
0.0
0.0
0.0
0.0
0.0
0.0
0.0
0.0
0.0
0.0
0.0
0.0
0.0
0.0
0.156597715409347
0.0
0.5011126893099104
0.5011126893099104
0.1879172584912164
0.313195430818694
1.6251142520761033
5.17331236449151
6.5593347041687755
6.901735896495733
7.443826217708792
7.454875648406575
7.794346886166711
7.912958137980755
7.567151118612283
7.640677090668754
7.8138733779062175
7.550874572421359
7.067489717436731
6.450604388358122
4.2414785175251115
1.8877586304554073
0.0
0.0
0.0
0.0
0.0
0.0
0.0
0.0
0.0
0.0
0.0
0.1252781723274776
5.4949590624012075
5.677918709515445
5.294687892301478
3.1421571703655906
1.1331725565838278
2.9530399266914293
3.941535867652178
4.800952741291922
5.229324086063605
5.822526867835007
6.246330028075293
6.387108896093245
6.426034774829624
6.628719045778667
6.419460792524641
6.197835759220607
5.4288257614107165
5.271635615166176
5.399697627490059
5.443928019813009
5.2805333926455065
4.904377900389512
5.032612878424641
4.418804542478713
3.9802282642133866
3.7825473023636897
3.3760708592240367
3.459649127177342
2.947869054972703
1.831082138743215
1.346740352520383
0.0
0.0
0.0
0.0
0.0
0.0
0.0
0.0
0.0
0.0
0.0
0.0
0.0
0.0
0.0
0.0
0.4071540600643022
0.0626390861637388
0.3758345169824328
0.7938587884986035
1.8838664389077353
2.6314884585572424
6.02251474910815
6.876799984353439
7.022786869484745
7.383425760745543
7.548040066419475
7.750994728484861
7.821529017248539
7.784112728057356
7.7261804347133065
7.892831160581675
7.581823049316391
7.424465371563112
7.244831159830508
5.90602164461195
3.0913140349263113
0.0
0.0
0.0
0.0
0.0
0.0
0.0
0.0
0.0
0.0
0.0
0.0
4.528525356043699
6.2816763323200115
5.680329878722719
4.207547827996187
3.05261535858173
3.7704710909959074
3.942228593546169
4.5434908327812025
4.6736434028756575
5.503386256702121
6.050233436206838
6.377875641074187
6.343697183225601
6.453639250373229
6.432201376958423
6.718983224521617
5.241276037401599
5.658248706061477
5.4206730030508785
5.198899547068299
5.254426932597277
4.846587389819529
4.672055903419707
4.059404168166623
3.1777763322707764
3.763941272224206
3.5338973313534763
3.352229699319813
3.0874895245738476
2.3656700224055003
0.6263908616373878
0.0
0.0
0.0
0.0
0.0
0.0
0.0
0.0
0.0
0.0
0.4384736031461716
0.5244171580302885
0.9191782293703059
1.372920592603252
1.3604657010626293
1.9854666777043188
2.6306256265166335
3.179448308638654
3.8354296570955615
4.090711293929682
4.940422345860385
5.643023505965321
6.644356820439921
6.83382419655952
7.336070921841723
7.362062636585318
7.641731878196003
7.72532168679794
7.876941071777432
8.057193528847916
8.067786382657099
8.109933626327761
8.002507289850577
7.633420462748101
7.394318791601455
6.822414285666919
5.983417651158439
2.6000676983436306
1.8530504895732276
1.1571873683288538
0.4720703235903466
0.1252781723274776
0.0
0.0
0.0
0.0
0.0
0.0
0.6528497098193187
4.8343618949684135
6.106826410032732
6.219677222585271
5.112865388217768
3.36853910371667
3.668460603306762
3.5975880704096808
3.757269872126331
3.6960944489396876
4.89563581552591
5.9227534187197985
6.390165642434223
6.485957571012215
6.6311243284783705
6.54735837618127
6.693636807467599
5.425949665018752
5.252266380528684
5.420164911668965
5.215806301927154
5.074974830787346
4.159254107240026
3.9604601409148548
3.5643335279700317
3.6436608272007627
3.700568776291195
3.553259253337914
3.39933405940019
3.3422907098717265
2.9362374548846266
2.808166048283112
2.090121357580852
0.5280543180289864
0.3758345169824328
0.0
0.469793146228041
1.5010745362932187
1.712995749324683
1.8832981790041647
1.9628113396155429
1.7480349894937008
1.369304066876666
1.0794131047783506
0.7661970396875444
3.1872842815453772
3.7570548003637
3.966892969214138
4.1916187326975045
3.871099608176043
4.801878380910789
5.173201981264496
5.985154678849509
6.3965449101233744
7.033572643057404
7.064557851653214
7.431650468123802
7.497969480868538
7.810094665269076
7.957436683151825
8.185158629770235
8.209797265964022
8.292122576924765
8.304922372027146
8.224323070293153
8.235420717848259
7.991865373133021
7.697356996337688
7.3449616746830895
6.7318871590523255
6.588589303926224
6.251771891373871
5.982282491080854
5.6204488183714965
4.817957666811891
3.542156894842453
2.9450919421780672
1.4208070989428405
0.8567752068438461
2.3510680787854397
5.784082879721843
6.508491325190345
6.245688241167914
5.826229719748032
5.031823236720582
3.130548166557726
3.021719635498646
1.126022042219107
0.0
0.5427244841155765
3.921622793914687
5.47712647161442
6.411434053186242
6.59427741846364
6.646727224081425
6.635624652400698
6.774352179375419
5.438767460529475
5.634824709240873
5.757755637077346
5.243283264430719
4.549232581622937
3.279653471511557
3.0881749831158496
2.5447299471709868
1.547176503466282
2.1763259378277295
3.5278389858249914
3.3522503335919254
2.6945194760437094
3.0642263243976946
2.784820311018509
3.040839318588866
2.9472910952446325
2.2590501588981464
1.5696143140921663
2.946775038332898
1.5870593597215608
0.8215824401259997
0.32484766517888314
0.0
0.0
0.0
0.0
0.0
2.311543099603293
4.1108585394316615
4.207589259699057
4.375709593511352
3.8093403887526787
3.5896843344393186
3.102053236480964
5.252193547889054
6.971567696443833
7.0708931455216755
7.224837307893041
7.567224924993172
7.819811521417814
7.64981686001396
7.927620028372036
8.215908077547518
8.305451937574473
8.278635440317139
8.667478654778623
8.515348499325441
8.425455588326413
8.375553888429902
8.146990936916334
8.11825229842061
7.817099963131854
7.7884821803874145
7.574072518291164
7.491114177923597
7.526185314175603
7.345390702887597
7.148203067022762
6.822480328855784
6.543131407718788
6.385884857942321
6.5740052951637225
6.726549921890075
6.837447639439528
6.499318201182531
6.006845083544962
4.231700351521279
1.423187324314818
0.0
0.0
0.0
0.0
2.937380733063617
5.510143409746399
6.527304804949274
6.761119966857995
6.689737722724583
6.806673624749944
6.764286492503602
5.385378960411603
5.610593817839781
5.506970149858447
5.461362796790741
4.323053072685208
2.8262463973751624
0.3911239113413198
0.0
0.0
0.0
0.5862535870135942
2.105431386211852
2.563696103712379
2.73835581348254
2.702717979313338
2.9862359410587316
3.260312183799231
3.326757831591935
3.281346082151548
3.2561320423791087
0.0
0.0
0.0
0.0
0.0
0.0
0.0
0.0
1.5805577945452916
3.524495033089236
3.712200376379272
0.7974959484973012
0.0
0.2818758877368246
1.0961840078654281
2.5518671571079032
6.662612095708141
7.114808790660568
7.465768679262487
7.3428420123316425
7.702237255681052
8.011205894281938
8.368280048917692
8.410935029640271
8.430492559018168
8.53562242471956
8.702553997769865
8.60592230085113
8.400328741239123
8.530498102598445
8.538280873801193
8.411409805941807
8.405599142696584
8.430674143844078
8.445816827702163
8.546934542955514
8.320193519566235
8.39362812426506
8.062199203809069
7.718984140887134
7.870152128698657
7.521127003881378
7.6044624243175605
7.40022621308156
7.293601123934034
6.558833617188941
5.574664473119741
2.164573298166471
0.0
0.0
0.0
0.0
0.0
2.9146141521187787
5.835113677450245
6.606610622721239
6.752287926063423
7.107357156390147
6.970857068639185
6.922081013882753
5.750682286791541
5.536584708503532
5.2362062095030675
4.953020457041576
4.234675271699257
1.8471649221953406
0.0
0.0
0.0
0.0
0.0
0.0
0.2818758877368246
2.511782789095721
2.9589226953327104
3.259754858343271
3.157299759374419
3.3301017843276903
3.2619841601671093
2.777371648757018
0.0
0.0
0.0
0.0
0.0
0.0
0.0
0.0626390861637388
2.3711533195930183
2.9129948889805863
3.3190275096955735
1.0311575844325032
0.0
0.2818758877368246
0.9540936639066481
2.012717106631733
6.368803586484977
7.329262909855685
7.495159934258691
7.7417499756537485
8.087686439077867
8.061033919743243
8.195268518328902
8.465603774289118
8.697284865846466
8.707952452196881
8.761556898839167
8.78471755368687
8.773202059577319
8.829930171756278
9.160788250440458
9.139824300797066
9.022005695917503
9.037250489740016
8.960870889719992
9.00821121364641
8.875317014162249
8.738773209321556
8.803174908942859
8.600118357737411
8.37070096673673
8.205473092096017
7.962947151858904
7.74046898755988
7.346357781105006
6.742851632589169
5.678895704306241
2.002677045697147
0.0
0.0
0.0
0.4224434544231892
2.336990005605691
5.064877068234723
6.261597509134972
6.71431042443613
6.981032255371504
7.166996197735037
7.18628551252076
7.212614658326685
5.836768994209281
5.641653384230088
5.527525797846095
5.085094217986249
3.4413048584471673
0.47343030622673893
0.0
0.0
0.0
0.0
0.0
0.0
0.0
0.0
0.6846520334383333
2.402555399763338
3.5787517553379056
3.6222050038305182
3.2481232582551947
2.139334803705182
0.0
0.0
0.0
0.0
0.1879172584912164
0.5164020836687975
0.8448869088463783
0.48508254058692796
1.987445888613008
3.779760675083896
3.3755135337680775
1.0757759447796527
0.469793146228041
1.0291670073388963
0.8572798975706624
3.107103779458083
6.693016761731066
7.368563939540517
7.6855834177794655
8.087781988208361
8.011475978975936
8.500336786439803
8.542929150086705
8.677709850872237
8.970453448312744
8.888700636660555
9.033843791622942
9.09556711217558
9.376429599470832
9.297877968213852
9.519471582256118
9.378508379729682
9.439187443256452
9.521266286750315
9.403868037811272
9.432678899203719
9.344246501582738
9.407150123826767
9.293010462778994
8.821099335570564
8.739904129651453
8.797574695367201
8.557545486636844
8.345740552992677
7.8940656911618925
6.9676566030674625
6.178061410777195
1.8258480891159168
0.0
0.0
0.0
2.1580854551926048
3.6299621337018975
5.615220512483703
6.550367911560657
7.038963287266485
7.147215254865676
7.245637272609668
7.616329465588805
7.646289251690535
5.8309330994058834
5.687067104133457
5.4322671628563155
5.200511080757996
2.5072573419978825
0.0
0.0
0.0
0.0
0.0
0.0
0.0
0.0
0.0
0.4384736031461716
2.326273502145804
3.4863710462551714
3.4796406091048078
3.5813150239887683
2.830472451549542
1.018948024616355
0.3758345169824328
1.8938770309966602
2.1134051920291186
2.503685177645779
2.0612097860402816
3.187034190630229
2.976140407920362
3.5931888557858227
4.295264621631443
4.580829519677274
3.560671906458188
2.6381575298092317
3.0326112909196343
3.2343820732488897
5.520781894125534
7.216959486246035
7.695611444473934
7.675875831813677
8.06794737107394
8.47526178529231
8.676448650885764
8.741955675022734
8.975837363699643
9.096779321734779
9.232995183416529
9.196499250958137
9.195907209784242
9.408401208746842
9.623298957804458
9.713543685067961
9.572671172906837
9.743238476634453
9.799308780749742
9.897354804701534
9.863052670408319
9.875577742158065
9.69620430452009
9.655756395549508
9.42699324466898
9.371484627441216
9.24197211189628
9.037950669693966
8.836738511127903
8.060021285708173
7.354774117074714
6.566873773858822
2.509581178357164
0.0
0.0
0.0
2.2960593418886583
4.062414788908204
5.795898496627743
6.819915296163561
7.278425865037912
7.193707471764104
7.379157507834641
7.656381946149064
7.695967758017716
5.87208768995442
5.74064824763985
5.559212544751031
5.093564529387667
2.389956068317929
0.0
0.0
0.0
0.0
0.0
0.0
0.0
0.0
0.0
0.4384736031461716
2.3773222567656904
3.3262005061359767
3.7112211259053844
3.8569940729288197
4.136463755607904
3.5159840271079825
2.874063457263897
3.0065887083224143
3.7138723527471487
3.802466549804086
3.6241635047782914
3.8714597425438213
4.385776438941596
4.861150783719931
5.622631107796405
6.00229771289341
6.06091828814855
6.108505808846231
6.145405598492421
6.514526854496757
7.053188214847386
7.476853875640254
7.9748940856579065
8.132095737734549
8.40874897962774
8.628300574709282
8.732889562957004
9.154368914665625
9.065550962901899
9.170313888442097
9.349300549190016
9.38089003545002
9.688754067210482
9.93752187327404
10.020771354664264
10.05220248038727
10.099680478605672
10.181365146205678
10.19036221933474
10.255957939672795
10.310658377163866
10.075415687935813
10.148885759262022
10.00763676961417
10.006185876889356
9.898784443074106
9.595116453788505
9.401625681723186
9.304422558526614
8.657328743851012
7.881498803974647
7.007005343413469
3.413777545964081
0.0
0.0
0.0
1.8869972418191991
4.6473964125254135
6.230353750687617
6.648866323814316
7.0885980761959715
7.465169754138907
7.549264828704084
8.050725002066825
8.069819791956357
6.035463531344795
6.039814110278105
5.766608239753164
5.0165310407415395
2.7871540945148205
0.0
0.0
0.0
0.0
0.0
0.0
0.0
0.0
0.0
0.9395862924560813
2.9704304897881113
3.404949845638635
3.8403308200332766
4.2636850772969295
4.316676024491815
4.058727437112095
3.7034028458181214
4.1492801351168085
4.350878098862054
4.246076127313326
4.422183452094998
4.760497358092224
5.066862661563297
5.959040396728913
6.245302881606701
6.341718087259302
6.444704043878811
6.4397775332230776
6.826673567340313
6.8460070518714655
7.568699809244102
7.639486988601649
8.156301025796564
8.390491926880332
8.50578873527545
8.852328047422825
9.195879082572826
9.383794250200737
9.387126660353537
9.611881860475886
9.862895615240257
9.945984608390761
10.028888239857874
10.215305927869826
10.347068883966612
10.453838327237156
10.545211683099243
10.432296451619994
10.607217783017134
10.516117331286182
10.473703677063453
10.378872537776886
10.587564994466895
10.273233464648154
10.232324421280879
10.322817449287209
10.216744275235513
9.97555407490113
9.560309981547759
9.1646769396341
8.481028990830126
7.3327089316275
4.546081592640472
0.0
0.0
0.0
1.7984552477540972
4.379468968248803
6.094977787240439
6.758238849131501
7.5376532810610835
7.580173210755597
7.689698260354369
8.047314096430291
8.334285261278643
6.096502509906665
5.9526089061346585
6.110870264373743
5.37269282328286
3.421135444402819
0.34815213389926125
0.0
0.0
0.0
0.0
0.0
0.0
0.0
0.0
0.6577104047192571
3.1567011653742356
3.4303275814727057
4.201713756855734
4.307560250807473
4.393003840187075
4.572957459153186
4.259717151875279
4.663180064554521
4.705515974806299
4.82740095501763
5.454906578577266
5.645844696281832
6.181132311961264
6.390998353731108
6.391474188757899
6.861127667051907
7.109362275232613
6.890423783990194
7.252934709858781
7.672282841241251
7.828639461377292
7.9382120644590515
8.20657489676687
8.406798466515601
8.922263625817623
8.969473670087476
9.321236298446967
9.364860659216426
9.573673342169393
9.590113690653807
9.945801934394634
10.069495790805405
10.270497815223862
10.483565196048637
10.451155043734241
10.601655541145734
10.822081604321857
10.75058069128701
11.1208071516567
11.097472945626418
11.162674688810359
10.980610078554214
10.847573227266405
10.71679345886831
10.777014797874171
10.531974349690437
10.18056455592206
10.312332788670743
9.908572094225358
9.69822671035861
8.99344113256041
7.947811748569503
5.658076838187284
0.0
0.0
0.0
1.3743744785130114
4.326347505389561
6.222513544289885
7.178614878529326
7.555032997458317
7.807733215770989
7.897890316926957
8.21216923494938
8.529847229516172
6.233160322294483
6.296132843253652
6.0817520624530985
6.067625842977482
4.55013492728749
2.7928851558993237
1.037255350701643
0.5069857581266888
0.0626390861637388
0.0
0.0
0.0
0.0
0.0
1.532435347919313
3.4680090090167317
3.7682452704510436
4.361780397933057
4.336866072808277
4.782151166500703
5.0891303477562495
5.111342729045113
5.1135311796784775
5.415997132571246
5.9586963085311915
6.227504713694798
6.28848823213839
6.683188992372646
6.906123595822019
6.957943896807077
7.258268884598317
7.377715548435776
7.386306838715356
7.818898183094364
7.82606865225721
8.253838759012504
8.35629646994255
8.626713589286954
8.7669325993617
8.930000513342542
9.069944396308795
9.411633628700317
9.851710055828368
9.909516262913762
10.047222631401644
10.169771881513487
10.515511161714846
10.5971389630206
10.629084928686808
10.953978977059297
10.972211726261277
10.863027177618138
11.115238980024028
11.230125765917267
11.460326137716336
11.512201057535473
11.57381757347042
11.478780424591553
11.21094820845865
11.279146421092403
11.069036213638352
10.915397392564097
10.694720501838404
10.72109080154732
10.407753088900467
9.690902842167146
8.471956596620792
6.132188083136974
0.2505563446549552
0.0
0.0
1.2705637243611345
4.034805916914168
6.3345330851004285
7.19934006206101
7.957597671568665
8.06227292444415
8.174141090662406
8.395293002633707
8.405986605016485
6.3088049728368265
6.246903080687937
6.185714941079234
6.052093293972313
5.537639463471705
4.655133176313864
4.005465689041148
3.7791332211190265
3.0446252459457206
2.2341676170832585
1.2845277976336105
0.0
0.0
0.1252781723274776
1.7326950585033956
3.8391124872266227
4.211131256009384
4.501523236692332
4.642158378284616
5.058285752380845
5.320794361403978
5.437977987943171
5.629328025082276
6.032446823472374
6.3913552300012
6.595831183309235
6.307683840120457
6.67990350797034
7.074225042246664
6.914464008532949
7.237504685561669
7.4352868710590645
7.674723770447479
7.752313212893912
8.003151243517932
8.226339942939862
8.480523997800791
8.656267689354138
8.804898515218502
9.246789000287125
9.296263145490121
9.72496078239653
9.938145029645192
10.294621538758257
10.141389644350681
10.540971422819498
10.59660645658364
10.755744865450282
10.759298800082787
11.297993783613164
11.359549880914019
11.349668825899881
11.534379198597799
11.664005789732155
11.743379951815562
11.715783567108161
11.709572376065518
11.870661177524378
11.840669131612097
11.582873200817987
11.62670342477101
11.577699739644387
11.211578537585249
10.878475630947976
10.831028846030543
10.212236985869902
8.905492048538726
6.559101400833931
0.2505563446549552
0.0
0.0
1.0195259843444267
4.490218551698099
6.659812850163736
7.535242745872909
8.24941989993605
8.230480482173455
8.34439912594623
8.49058454204006
8.572893810503263
6.2890830259218795
6.403883148874633
6.399144051826205
6.383995529523223
6.126829756802763
5.5365089139440595
5.38828453159969
4.607369730644067
4.358406373090449
3.9768843114776313
3.6685960037447924
2.6362376699706522
2.249429770175789
3.3233726103119543
3.7514658221002737
4.683975674524125
4.685934175471899
4.910294312121284
5.107988465821718
5.335767986614397
5.537989408123888
5.712783311404637
5.934800552229349
6.226229463719405
6.224748223394869
6.3851633759193565
6.687971292318636
6.893536680994174
7.019946600843399
7.461077488799984
7.357143514920982
7.572884691244991
7.857914870954697
8.069899900403632
8.186670708671022
8.61543021896132
8.686101378798245
8.942624173877505
8.954278827908484
9.309895661562786
9.611320173588352
9.79669680916885
10.03706122927101
10.161419072099001
10.393576973895723
10.616195488564554
10.960846416659113
11.105870160556382
11.364804460197695
11.540401120662283
11.852113337389513
11.833663579512061
12.11457092186722
12.264205258207697
12.086571516771771
12.195001126637624
12.154106317561864
12.31995886989341
12.310467795583936
12.080370637511654
12.080126744999392
11.815165047791421
11.744734905770787
11.644612656560744
11.379451260219538
10.839252141528183
9.689158206336499
7.515850861522381
0.7095385968433162
0.0
0.0
0.6873833648960354
4.7111951830945324
7.062282945276036
7.806536725891694
8.320646467372361
8.610817610001055
8.688526434561895
8.922766458713616
8.851305265872984
6.316330625195392
6.45304445658974
6.535738924463857
6.521996166070404
6.316092707681995
6.052057962721729
5.820275855963753
4.991673258891005
5.10010985755459
4.676818401787555
4.360973123020285
3.444188483384619
3.376070859224037
3.9074691937199697
4.074172357200986
4.627360753029819
4.859125914427829
5.215169577353367
5.495976781541253
5.758667900334791
5.99240300689854
5.995986900054867
6.118731051831555
6.342767254342863
6.425746353410139
6.8084116784673085
6.838625414297896
6.998322660385967
7.10020173485653
7.3092182701045125
7.4226552590704165
7.659676188644633
7.94430562629747
8.200557804975778
8.561194229947404
8.871490607751406
8.850896666373547
9.094358092362102
9.222028398828858
9.57443815645534
9.624920162894544
10.005259886891725
10.450355923751816
10.483561683331208
10.690457185585243
11.022865426927652
11.484319051992964
11.521718170177193
11.76831770778735
11.960964033685888
12.225230419513212
12.404316625720957
12.521976116201548
12.81637190870371
12.764379083250702
12.741399406112828
12.709557940148688
12.662720291466199
12.58648999082117
12.478383381159658
12.745342152409142
12.478016871393766
12.385471653337651
12.214704343634748
12.034604806884056
11.374198596506982
10.498256180939329
9.001396907423976
2.052759280613414
0.3437742195364679
0.4384736031461716
1.5109166468318467
6.123359528784949
7.472715816914324
8.047083640289253
8.571680647854409
8.78922736136683
9.10725310379234
9.03681974936407
9.097137969590682
6.282152167346804
6.59692706407256
6.486934493018842
6.246686904345386
6.2043627484017
6.358009483449497
6.171042253803042
5.7192324676241855
5.32203018028722
5.1111773232524715
4.32555455068592
3.4879282564571295
3.760398753099455
4.023781713321762
4.35867067095028
4.7844053823735235
5.2347757397284385
5.399323600808121
5.18530423245185
5.440774687558596
5.9755982665077925
6.047822266999564
6.080270822128563
6.418984957497851
6.412767851462961
6.542431865525537
6.562103308534395
7.096721731763141
7.395038350886931
7.503544378638446
7.4195104842187956
7.778237584638707
8.10242512396351
8.37102294357041
8.386217473368292
8.891918223212674
9.222966712518911
9.368867919581904
9.510590156053837
9.760954483984841
9.998580304181663
10.264325349798202
10.54472147795676
10.738810717653266
11.225853922102363
11.459929261921282
11.85125011022819
12.066195669550996
12.291088677275571
12.642981543980392
12.92005304646723
13.204484333498348
13.317500918660322
13.464321331861582
13.325825028049229
13.237201805923437
13.2966254223897
13.41134002977738
13.19842847462641
13.006428817726396
13.1774744410966
12.935199627086005
12.812111360054942
12.687306728237168
12.631205929549534
12.135592954440346
11.317019903110895
10.574260940858235
9.150697952089025
7.784209700244672
5.3654832902532075
6.597457459498147
7.383917388829184
7.989029438161254
8.321151261118285
8.9583845042632
8.974998023824263
9.253139161009571
9.458862000872854
9.547424814473548
6.560336878128448
6.430604409215264
6.439514363756637
6.574605975454782
6.560455836885145
6.156564001698556
6.118493134318159
5.754890374014124
5.339876876699493
4.8990315160802735
4.211265803961024
3.8819257681938772
3.837361350068318
4.479129622744959
4.587787931309672
5.102550670675738
5.190800916610447
5.41491598857669
5.614750763608753
5.816837540287888
5.955093759973756
6.024823953527957
5.90024168515664
6.031278977076241
6.275697143798518
6.392451110764525
6.647600980388204
6.861879451101616
7.420037877982417
7.521513711443209
7.580632947249287
7.889903323432889
8.233564833618386
8.52115117290509
8.747470535466693
9.047006976085758
9.212569479272528
9.38811654264314
9.939223341453202
10.28009340992335
10.269052961225663
10.58601449773179
10.940335558487881
11.27361431663801
11.530055138129372
11.966393567595919
12.404096220480781
12.550328922134671
13.04043525091114
13.518825342477404
13.550749910916405
13.697773353638786
13.90148476455957
14.014246847848245
13.741088963133183
13.864001497506482
13.80994671167238
13.816286644542602
13.746140741191013
13.493637913877313
13.633226496984367
13.221167104006826
13.212750878076504
13.131588733660118
12.865802114795475
12.64283654407479
12.137559666559588
11.487044329403084
10.518815795977822
9.258692882474586
6.751237971730696
7.417172977962476
8.13343753542791
8.611095929843914
8.708639371539174
9.308223950759615
9.418190594352817
9.680568778240271
9.771867243365879
10.007509058469164
6.30246890804524
6.446351515528059
6.820243795745072
6.526515296549953
6.315735831411902
6.108448350284811
5.989142514183987
5.664866972715518
5.34225745095881
5.410212379221461
4.708308801036438
4.044412891638958
4.011779111741861
4.837695005106571
4.753504234669606
4.77951694719699
5.384222021857571
5.517105482141548
5.2673794722597185
5.5359821810947665
5.730825507277788
6.108567309041508
6.095431881096386
6.3977382879166775
6.527780639976065
6.642436552219076
6.58141787527316
7.151257779395314
7.461868579445414
7.445089348707758
7.682306317893856
8.1509923162285
8.279986530801084
8.57466953381645
8.808371635965113
9.24818340705853
9.601530787982373
9.738503422762717
9.880257833178675
10.280040056346524
10.752765545171641
10.877915252965803
11.504887324613682
11.968352283066526
12.3590735466389
12.756172396749912
13.204389597695128
13.437052932128058
13.806024032128894
14.253413117013334
14.313170190316374
14.881255201261714
15.114560866753049
15.444717332155951
15.200791852785152
15.205922276588622
14.671756032304385
14.53158285612791
14.181074120209528
14.127223164075824
13.917195561820527
13.976721043057497
13.735314923583957
13.635402301211785
13.54426273546696
13.155750821053706
12.632183155328224
12.040862616434426
11.768108251223076
10.766145668645205
7.764793205094092
8.286512473612
8.662582076094635
8.834453884819746
9.3056733593197
9.65781072612859
9.680307575609804
9.769355261984307
9.816891221956784
9.964200833145064
6.642054423995938
6.426629568613112
6.413005768976357
6.499700329405669
6.473955991071665
6.3828024311740466
6.205220711651629
5.515765743751919
5.425336304281241
5.232604354331101
4.468235140866856
4.037929139813573
4.470258913743753
4.623776531066568
4.81497374109088
4.759910784821915
4.909972036710805
5.0355993559276495
4.932491587466866
5.288667570117593
5.404926233774056
5.566337036490446
5.591808469143677
5.910093825801467
6.425414729093091
6.632711837325337
6.528927024645479
6.856235867245411
7.156976923185906
7.371057845638704
7.89221587029717
8.176806773973961
8.658191181755862
8.819842203549788
9.00937156024482
9.515975326331505
9.81764621001655
9.914572980736894
10.41707641443043
10.632228814252734
10.996232887029983
11.72601711847454
12.092904436431123
12.659445800621667
12.97870193933594
13.460145691984044
13.968226629253497
14.374023284228342
15.261915629116936
15.71575036349466
16.23952360189824
16.74461445262619
16.900544691479617
17.109139365818038
16.826505109051162
16.889905273912273
16.440547835508024
16.005412401110632
15.507176739485878
15.161828134459387
14.982095981841628
14.568305984350744
14.144146536300628
13.986970125981468
13.810468179964497
13.54465083904305
13.211390090823736
12.809505768629542
12.189995378071487
11.469458833917322
8.214678847117483
8.713347483430056
9.09394380234354
9.152941357018694
9.502101847421896
9.817650330560166
9.86367582677947
10.051526747253888
10.272859223934525
10.368030608506734
6.395279566697263
6.694520022670574
6.6734390255258615
6.730108034655015
6.457206710799197
6.29470182739108
5.865014339668617
5.519492128618972
5.0292632166227085
4.782834428765346
4.421199316847434
3.8341527977705936
3.949585340019858
4.566817658450032
4.089248110640581
4.328729549597819
4.386732944617366
4.684755899067301
4.396219719793534
4.400879437049767
5.018056284404207
4.998978144148016
4.892149712393471
5.4462594182366155
6.1526933333375915
6.466787214983194
6.595160633666612
7.01471908513645
7.4288570994638246
7.375485339219399
7.855007273056859
8.35726402801564
8.804431728582532
8.95028008861752
9.220738722674886
9.904081835467528
10.192899327503136
10.293562672189855
10.667179690672013
11.39665662349955
11.670045004790829
12.08427148130637
12.843031568077437
13.36192528297054
13.89129133761371
14.507424301861297
15.418483021956492
16.16134590609978
16.91931428335037
17.410963967556608
17.928905682413696
18.420825535970376
18.921554157764994
19.14966749695021
19.08097206665832
18.586575059737726
18.106364523006317
17.47579304531134
16.91306657172021
16.55059795716847
16.259074517423446
15.703904881359978
15.05943701445867
14.449116984155772
14.003512568305869
13.895952563696799
13.579270664488797
13.2618522186074
12.593091623796644
12.129734819557996
8.774965693067212
9.28807306026835
9.21268490344458
9.289836524323297
9.71535645687556
9.931586576789739
9.759080242693619
10.118751136954664
10.555205530704141
10.497621161301673
6.439514363756637
6.479239377997491
6.50825340767695
6.69846026365865
6.273934503618897
6.137317889810402
5.942021271778799
5.5965896089789045
4.956031297585259
4.126639532325736
3.757054800363701
2.2089598675483986
0.2192368015730858
1.7194687208995267
2.4218092097533885
2.0651399718587706
1.3373560274353051
3.2935143734234704
3.417560696200598
2.6462270146070064
1.3147120555314495
2.0297054632692384
2.9856865329089297
2.711716830641778
4.769298143224542
5.982936153030756
6.645962967635149
6.9178306636901805
7.354877540024625
7.472570942351376
8.13084625974625
8.450016132290472
8.88027146760166
9.106355576780421
9.603033333533835
10.051280217685262
10.317464968862232
10.943482934348495
11.221145778555124
11.718860139161041
12.473553156097145
13.205800175828474
13.725823984237946
14.221199218799752
15.259796356933828
16.394989327638996
17.119449908612292
17.8579066701635
18.655506962094805
19.654793124789162
20.366037752267047
21.510125349447172
22.24951808091883
23.043712122939226
22.768043429415243
22.114908572490787
20.75286603051873
19.433133143977727
18.54772159711755
17.986613464332734
17.494388754667433
16.960109281088634
15.95751872667389
15.22112992681116
14.579612720177543
14.030413765270996
13.612901025568691
13.232681549708474
13.200543418860354
12.60795431226675
9.133828891603759
9.392499543658253
9.524278574878435
9.75190699851573
10.063752061038619
10.278970687782442
10.327547914709438
10.498239149456909
10.552961912330993
10.76728085833439
6.546950996005087
6.682161566459929
6.773970051152281
6.464995532624202
6.390616225507969
6.1855959823225355
6.106588492519336
5.7714748625167696
4.682928709586054
3.8913315477370896
3.092415064568102
0.313195430818694
1.6562090977056112
0.8958737606499277
0.0
0.0
0.156597715409347
1.888602556180065
2.9130155232526977
3.214281206086546
3.1904606804544344
0.37947167698113066
0.0
0.737854159787851
3.2326609361444456
4.3959266921974045
6.087263567038905
6.723656024607103
6.9814774711324645
7.602507751533044
8.205861372138088
8.693202880539555
9.018786514492515
9.481479364473875
9.818148161875195
10.364108381369025
11.050419961637903
11.360039601971035
11.967338741812831
12.619125172612891
13.227928431565031
14.068670693703677
14.97758032031725
16.06841791811461
17.03305887920169
17.697616585495826
18.725196737866096
20.153076012876383
21.344942761460803
22.90130837886408
24.356075577617773
25.541100503199914
26.48724223037738
26.99837400908433
26.590577428055113
25.790092098282386
23.909748641300368
20.56582103730502
18.743736468929566
19.65268143551451
19.008700266824135
17.93253578952054
16.815032109367316
15.499404279090822
15.535769771787024
14.382769872516265
13.789801328421397
13.729937941681698
13.516848422616631
12.948924251418404
9.473150225762636
9.897607840902664
9.931839612990874
10.131792908282792
10.227518353569987
10.502363445307807
10.386282702116858
10.679241015601454
10.636677072589096
11.039434636221841
6.526133168326815
6.741175895486503
6.413124727733055
6.357202024105657
6.370706864985716
6.058905193790692
6.095159685747303
5.649883673069924
4.862434667341316
4.104003786114452
1.9355319893274057
0.832432017305756
1.7755795396663283
0.0626390861637388
0.0
0.0
0.0
0.156597715409347
1.6992015094197819
3.134036559198267
2.0094615456005243
0.0
0.0
0.0
0.4340956887833783
1.7099685495110881
5.070638432958217
6.831675637930433
7.295449204927273
7.81205089858958
8.170375516371491
8.736499345840281
9.256228323940821
9.605467526282016
10.3134162753
10.838569052031321
11.440531948614082
12.109505826323472
12.786710748802182
13.434199845123244
14.200855387619576
15.376435455992409
16.616013072112157
17.534655573582945
18.583550251019474
19.821728514020176
21.567516791433075
23.261814527945305
24.833870339519322
26.502005081615568
27.927139770879922
29.085585426616166
30.089639387858277
30.334089480021223
30.37621301303402
28.695713588281055
17.62639395191798
7.5518566029947
5.897016046888072
5.8644494013926804
9.436164621180115
7.6528263620851735
8.963925393020203
13.087160269923283
15.85831830830243
14.694964115463083
13.91245134061507
13.71299366789688
13.49048998708066
13.407138628498927
9.71494787593849
9.93770693335905
10.016720275013146
9.988974207486494
10.124494866721458
10.27934492849608
10.454470844235576
10.62126795803285
10.968358107294497
11.340580254400457
6.460425898238562
6.620234422357995
6.38504441716266
6.26840940895335
6.357439941619054
6.362723607989005
6.260213486396288
5.810713576293299
5.230079938511843
3.81610164446503
1.6197789545806138
1.87247097814574
2.387551915249857
1.4153986894549075
0.0
0.0
0.0
1.6977888920542463
2.4006267254860685
2.6220191783296607
1.1143491735868054
0.0
0.0
0.0
0.0
2.5713683687814384
5.760061547803298
6.951185625630325
7.4448971831859065
7.731787224073171
8.269208116057065
8.975640016641682
9.398429308029725
10.057010934187046
10.506574431440859
11.306676224360574
11.946229207403269
12.79608903949847
13.57129664694771
14.491901295131118
15.900457612012945
16.79613037921841
17.911773575292074
19.12455825882084
20.380774086805907
22.505150896794188
24.53174920671908
26.67209686002942
28.336493153673242
29.999187060459626
31.557258744831497
32.82114648190621
34.15919008627301
34.908409472457144
32.618687614588254
13.343579718423308
4.492188895301768
3.4961889517866647
2.728760883515928
5.726312267390965
6.319838857546194
17.30091494818511
20.050225420246512
17.838887561101743
16.258193182349835
14.275642088425528
10.691987467241939
13.928441016949034
13.788855874466629
12.588572173036795
7.672138419062047
9.984882205455825
10.128182311006691
10.1437054508375
10.275605375354498
10.472839231207335
10.70330432441302
11.052209014635926
11.256918381111612
11.638957105145552
6.534235663524351
6.697696007212375
6.638665773893785
6.644729321557904
6.234587827374856
6.47419390858506
6.134336899328558
5.522079265365294
5.647970882067653
4.9738891561332
4.1935772336452795
3.978369963881375
4.305601749859697
3.9192312836777985
0.6985195423444904
0.0
0.0
0.0
0.1879172584912164
0.32484766517888314
0.3445149739005634
0.3758345169824328
0.0
0.0
1.305243095260198
5.0454162850820605
6.177249001096266
7.036733078050107
7.386167650085461
7.874900170143148
8.461340253748645
9.027996836290258
9.64057448277982
10.433801391408233
10.881061465191925
11.706379342607683
12.610251834656655
13.41877872607309
14.552637366768888
16.042048017323957
17.137314403256195
18.14833137641799
19.65371867544858
21.421011965190818
23.0655537372072
25.21440088217888
27.618502864939522
30.032842770001864
31.90248810961366
34.27755625577718
35.91567360111005
37.11368618971793
38.482071958819894
39.11704310993398
18.11732905798639
10.437099426046577
5.157941849123835
2.413492833277344
5.529436090197731
6.3612882534658555
9.947881994396626
14.85184282850158
22.869567477241787
19.285840329565584
16.34223486913708
8.18199807457719
3.106626238484569
3.957172401779494
3.9186364213068736
5.936745251012449
4.507835734668374
8.786274440946077
10.44155977796754
10.321874547147658
10.506139847872152
10.434175632121871
10.677649385531053
11.038388405986588
11.643131753234384
11.862342143696987
6.701331922488951
6.835778236497518
6.810059150116558
6.453138163393393
6.213795251649628
6.288488232138391
6.150130719321116
6.21367629289293
5.556774756819992
4.9700111434054595
4.624450051977752
3.7204723000277578
4.327750299123935
4.137091209572771
3.2628802888836033
0.48508254058692796
0.0
0.0
0.0
0.0
0.156597715409347
1.0408192416990854
1.2155408542855843
1.4620628470289554
2.7295721303101366
5.150369388458726
6.369250597170099
7.133606477362649
7.6271717223733235
8.0762596553546
8.860975754315183
9.340728747217957
9.936390910045905
10.735692246887417
11.357687038391377
12.617998267554604
13.689379987951847
14.352258571536016
16.077135440504733
16.93928910828403
18.249827692395222
19.88665076786848
21.61082549003631
23.571485438331987
26.08631690771099
27.99515345875691
30.838808989528314
33.27836065554876
35.797194182403615
37.79180540275475
39.322296787465056
40.788344088108765
41.964362076436565
26.951322992718143
32.77098773292191
40.122897073507694
10.925080753042858
3.9295616197850807
6.874451616970062
7.032223575661236
9.765713373447197
23.433891817484454
25.942762287038757
21.184346408869754
7.1606989145905775
2.5385246820879166
4.754871041537356
3.919568785772291
2.703048915089089
7.664067884984486
5.606489521590011
5.013844861953839
10.499552450659884
10.728949198668085
10.606502299929604
10.896162854473472
10.900495193970395
11.476879435378493
11.706667857592949
12.162928943779452
6.384543330182823
6.632975006791777
6.4029999336716585
6.511914574906571
6.356726189078866
6.11595226147253
6.01973121154751
6.162273278633337
5.76081761907464
5.121153219536251
4.287435474420134
3.484719704159406
4.200191529328907
4.686913425945788
2.3228565307029467
0.0
0.0
0.0
0.0
0.0
0.0
0.4501258375063607
2.423087268481789
3.344365240120046
4.12598035981757
5.611739923065071
6.5125598725961495
7.056777717801281
7.548831157064905
8.2670807978083
8.804023129083097
9.530603718642997
10.532074031319109
11.176960588113776
12.073661118126505
13.301399587365946
14.328758033686839
15.853816871611702
16.996712064892513
18.04817565236619
19.54383060660333
21.628958361748538
23.703403559232047
26.23172316346072
28.257614155734707
30.76998722416877
33.83181618223562
36.54851971149925
38.826094532892775
40.56850464867748
42.626885832543245
43.94333096074833
45.348636708114974
46.662694822647055
47.30432257562042
46.95402403814022
31.382546776764293
9.119065684465122
15.281468900920974
12.89922699651325
32.300120256213965
33.74792943242737
22.020775838992733
22.59923490885129
7.624107371883894
2.550225020607013
5.1262975436703995
4.413103702525428
3.353312257638786
6.643334528188722
5.799986770137835
3.9288219446065606
10.783494705678244
10.979200280682644
11.050804613607632
11.072792633220851
11.474471277955349
11.777014080051265
12.171505128622373
12.415986470851424
6.6416722957728
6.668537766823174
6.588586651361631
6.9184820520326635
6.553643937066767
6.508015490163554
6.205912723020972
6.0393776820474505
5.78467217679716
5.2623614046869145
4.197188505978124
3.4286556051048294
3.801622699768232
4.073718713639761
1.2189576442852879
0.0
0.0
0.0
0.0
0.0
0.0
0.0
1.8163018127497446
3.4784380000019874
4.5787883530805535
5.55648977339854
6.6724873554722794
7.179793141046381
7.744951601487361
8.49461466926255
9.182669387827515
10.007413343196673
10.74072032736803
11.821643300658543
12.998883659351666
14.005388174493438
15.635342648682517
17.021070193296293
17.974324522957343
19.546475594290456
21.203996280691598
23.457366733513425
25.96268646076094
28.30652856525947
30.766563393452838
33.52362712186933
36.70171530452298
39.00853031017459
41.294133721323036
43.720966819359276
45.54246215142731
47.397442933504074
48.835706381007334
50.04040463809135
50.36990680634899
49.96924069758228
49.118415652485666
47.97768883523091
45.32320563168923
26.21504410660555
12.545404610441715
8.044231823333359
7.714079926409392
10.671879762654232
12.642563236667312
10.291556634194292
5.9128066113020665
5.651735451099756
12.191764854416835
14.370481437636876
9.521014237875713
7.947335453533787
8.916415952918038
11.710434817831192
11.64839304664395
11.513566323858
11.565623357413102
11.798767120887833
12.448255735174232
12.717842250709054
6.828474708595499
6.653911793226746
6.688209209832031
6.842208008092758
6.437773185303735
6.519490731171225
6.1095944555100985
5.971215201521981
5.782183247412511
5.897373336323683
5.002586729151942
3.197830980149205
3.9618613164066705
4.551562084062535
0.594330564191423
0.0
0.0
0.0
0.0
0.0
0.0
0.0
1.2869770377191343
1.1741032203008592
3.2168635520035527
5.634145496818179
6.74989843642057
7.183536841021583
7.904625932969434
8.707727626762647
9.555747700788087
10.337227946343884
11.162919123386239
12.182111774189947
13.640157041327106
15.173728662404388
16.59407790238783
17.508618229366828
19.05258156059662
20.949378709734887
22.958436547761828
25.476563972414812
27.744450002088815
30.22188981263887
32.99590075178486
35.755653654541824
38.951494381996184
41.55065227816873
43.89356339284427
46.30060269832902
47.77346588114217
49.31712855451003
49.90739423015772
50.6915501014156
51.1230289478731
51.01528866742759
50.77001614347153
46.06159999047037
13.292762944360543
5.065625834007274
4.849937051621465
8.588875040406288
17.687935253364856
17.867492826154916
17.250007893149505
15.789427398442788
13.383818731513069
13.39240113444861
16.989818243785816
14.468853475562447
11.418879438738852
12.24636034255042
12.27704766756231
12.292636927942281
11.859737588665253
11.967405334952424
11.902833234068774
12.02276959917794
12.743061913670472
12.794209705746505
6.535738924463857
6.4122667644831255
6.887063510576624
6.673201108012466
6.57169316037942
6.316305373242345
6.355172703677397
6.039928993489248
5.9595809632890555
5.806295180056904
5.202483440224628
4.025504613215744
3.995284812670174
4.8203062668812615
1.2284953429875591
0.0
0.0
0.0
0.0
0.0
0.0
0.0
0.6183757872758967
1.7945820241181198
3.9768525929343346
5.395136742530712
6.762754131535396
7.387930157348122
8.33153094825151
9.012160001293852
9.685234196199048
10.546920779293883
11.709521537988818
12.741085539104086
14.25800356799654
16.008941962961135
17.188224310165154
18.330326550315412
20.24140611333117
22.30685091754524
24.737002136776965
26.917784638765553
29.319461724601886
31.62759338332554
34.41646495840665
37.35099328376084
40.223256477829345
43.061034740321126
45.31230778495474
47.65248628669718
48.79867396518315
49.470500372081844
50.4461884854477
51.182133032639655
51.09404802844072
51.1620022736881
49.6979021886782
14.49434620058868
4.979847573168623
4.832386842356861
5.905288739755182
15.828144577412656
18.192513651730838
17.46305456920655
17.75368166334201
16.20606428736066
15.411003625192263
13.99538971805033
17.40977236117116
14.442987575574081
12.064643825556189
13.01341151952008
13.163511901420593
12.933383086446927
12.586080483816867
12.390483235384163
12.518069117140683
12.729268258398545
13.033300951705494
13.10483097533849
6.864422610350406
6.716377748658128
6.939036710244495
6.904103454845826
6.5803651974073984
6.533233489564678
6.4850491038561975
5.981281726726175
5.724104957716528
5.542003862182133
5.027448294746598
3.9791136133014695
4.043414436182264
4.467864139375032
2.30858837945111
0.0
0.0
0.0
0.0
0.0
0.0
0.0
0.1252781723274776
1.478552090481161
1.6860654867905247
4.369463539469285
6.507962552682766
7.409573156340032
8.562527231346527
9.504998711377961
10.034874378649675
10.744836903350269
11.860736159824002
12.960147167286477
14.211929945568787
16.304247975229046
17.845529133320056
19.34817233799905
21.53619954639119
23.80868969881008
26.570721109755
28.47560751623943
30.765179398580326
32.84171791957545
35.143514782694524
29.494472284175416
39.273733804231604
43.07245765215578
45.811928397109746
47.50011496144068
48.382632561363884
48.97511436369799
49.53381459171711
49.99643659439061
49.57807018113812
49.480572761015885
28.89439967255994
6.025329442830906
3.406337989850547
4.90255729418826
11.417995852523728
17.52219868001976
17.21253043994115
16.851355254753027
17.21131499483118
15.630208436880592
15.333458810821924
13.438850996255551
17.74826983148518
14.296894485969625
12.658669502485802
13.444390660229608
13.686512709006978
13.378116183268194
12.960368734152231
12.895398740429803
12.817449654308039
12.850526908120743
13.198910735375573
13.298229477824314
6.7854200402069065
6.850789351817455
6.965520053071731
6.627174739829264
6.653648623760306
6.4676199262800775
6.369535228363258
6.0943487156212655
5.756996798180733
5.64806223232477
5.393743993403156
4.3281865725448805
4.361952373494172
4.42113404491831
3.4672819880591628
0.156597715409347
0.0
0.0
0.0
0.0
0.0
0.0
0.0
0.3758345169824328
0.0
1.9081322529127849
6.278454365729045
7.607510164031462
8.947049553834848
9.47427633244085
10.215295425874142
11.013169597645698
10.612803439622981
7.556111339536005
10.79255761612674
16.35688300238136
17.79918217129454
19.786592093844757
22.399691002679617
24.981460241184493
27.43985421003074
29.493044730220085
31.363822977309592
29.62938698297917
19.08425722158817
6.906404742817988
28.09974997256845
41.397031475434105
44.49484401595169
45.65400590363358
46.466317134876974
47.21439906723976
47.454462077846834
47.913699560830416
47.29547672190153
47.0493796149588
9.949511417723645
5.542391128510808
5.476747052166113
5.491910316470646
14.017736290940553
16.53123431275053
16.935541849505338
16.45955980366156
16.909695545866658
15.52225959501874
15.085763737963344
13.620099880049086
18.11553133759592
13.93167079217351
13.44292257429096
13.927833336423047
13.907284822522863
13.718582112840219
13.381713939252753
13.30565108823541
13.299936042992336
13.389858790575751
13.553812108668824
13.590816273647166
6.780791409866852
6.911024854524707
6.92557603910987
6.958708153253353
6.867162838027442
6.289320943435274
6.539450595599567
6.186071817349327
5.951958093344638
5.999446956901577
5.804121928363025
4.700971245661686
4.368130395756855
4.544642058816205
3.6253778766179807
0.19956949285140552
0.0
0.0
0.0
0.0
0.0
0.0
0.0
0.0
0.1879172584912164
1.0568493904220675
2.6784092343778023
5.926912495063743
7.6946924774494905
8.175382242196873
7.812203384939875
6.3727405471951535
6.7427153969171725
4.311225188005471
4.098291464176902
13.01402129065725
18.268090318855705
20.730406477406728
23.10506844677093
20.82096071463231
18.376295384968074
18.586727372687648
14.946093339616754
6.271344795995618
3.3137624293887065
4.215680666733514
5.513760606109871
18.604753878419906
38.51525469513721
44.197730099335985
44.544055982637204
45.033489350044775
45.6600438888547
46.00541409392136
45.10635810429718
39.21843050334195
4.159720402756872
3.9537107294409592
5.9774358256974285
6.570668390402246
13.820285464681483
14.866485438574053
15.763824032451884
16.14368240638969
16.12261034457523
14.725608982038771
14.206234448259641
15.294962158210488
18.49328682949052
13.737424689384179
14.063891689736922
14.470827150372232
14.263242494450894
13.93315793845657
13.831541370178194
13.933515816366159
13.729870684718737
13.87978853279628
13.87940042922019
13.702678477219838
6.656060351855832
6.9555952562493735
6.84182587986962
6.828584208456002
6.753543810593341
6.7850379119837685
6.694638981427271
6.49348322337078
6.094013580522014
6.164349312741362
5.693282418385162
4.518839159079808
4.218845001715522
4.037336172005528
1.4954997102125838
0.0
0.0
0.0
0.0
0.0
0.0
0.409988562882567
0.0313195430818694
0.0
0.0
0.0
2.484432126524488
5.195974211808531
6.877692547217441
6.097998762170256
5.037455274848748
4.138323478595078
1.9278752708070883
2.4820891946468304
3.3925285219989103
5.079598034313618
11.479157829535314
20.44419734530109
23.432653723359618
23.69607319559316
22.875912881288045
9.16239466964364
7.323134049070873
3.1453927319902792
2.541978057129975
5.230621054950573
6.044465225236613
8.184203647811273
26.13976424163401
42.78584250848941
43.53533698942048
44.5240552838819
44.98009742266805
45.19422908931312
43.88709243889422
24.22625294548561
5.224907146772421
4.772815690640511
4.9408003165679695
7.438024428014164
13.158050775312025
14.323898113736028
14.601423777957528
15.021505348602222
14.878297386270479
14.53507383197135
13.033186980769052
18.79208301640668
18.769305462608617
13.977913316407143
15.231395239006721
15.499421791738744
14.370517568921374
14.057137862036113
13.793895511973597
13.987210986978322
14.003446460552802
14.008894906670458
13.884836125143105
14.22424057829205
6.714583052798763
6.878274868604362
6.96415466868131
7.107395762898046
6.847109266795446
6.535382048193764
6.629194880805457
6.500702503365341
6.583184305679107
6.130030154965231
5.44545836617686
2.949486557178121
1.1528398653055076
1.6299874361468818
1.7632624810362505
0.156597715409347
0.0
0.0
0.9404828529098826
1.698853006334747
3.3632415215864837
4.098499284762957
3.1037505123482076
0.04297177744205849
0.0
1.1909336407879105
6.448812408668912
7.030106765441994
7.126419318723478
6.105091329894379
4.49548150609013
1.2155202200134716
1.3780598956022523
2.159566963920795
2.7382113735777533
3.6104639869869244
13.96602485488904
21.372133625656577
23.492105307265824
24.684783372845683
20.46379973797328
14.944821722223164
7.148699070597426
7.091006425781883
5.003468421244111
2.7352884199195517
6.408060136861233
5.597804378458934
13.73118161675631
31.733010619693633
43.26534382692755
44.204180587475406
44.769504239279975
45.45365188441668
24.747892068430783
6.7261329856190795
7.287137320229484
9.197263355784482
3.5875298081366145
7.11870973663075
11.4903554729071
13.411639130848739
13.939364506610763
14.117200353199186
13.997973733333426
13.964947424444265
13.456776001480273
21.65169830839003
18.788508274068988
14.070476054586273
15.780434111372866
16.24802756780131
15.275646749390596
14.737447632164375
14.306083494087114
14.44840201498354
14.1055683208403
14.261664371701746
14.181417409169592
14.26250458124892
6.743086536602193
6.672064182239247
7.032533515671246
6.895434542553384
6.896198798999662
7.066157257898369
6.862894097457853
6.780409281643715
6.507107023007536
6.62907592204876
5.706169922303518
5.2313313130927295
1.3176525913969515
1.8562806201908817
1.875947928912562
1.184221311203715
0.770046011231005
4.221447810333139
4.130823853818375
4.155880082397419
5.342072396885818
6.012421550620091
6.483750070253369
2.1405599065376144
1.2611205409438708
6.169187867295555
7.911450530331491
8.735462265952325
10.737759049655272
9.869072296616483
2.734230342741429
3.4988471182211214
2.789258617588323
2.167582038282288
2.9578905815092393
8.314484255059964
18.682908501973607
20.044724413355777
15.621334707106355
15.20689113954125
12.787786059652298
27.5893658303358
16.772107501259445
7.779421811322944
10.51338562555271
9.034471528789227
3.8035617674842537
26.64169845471526
40.34075236512858
23.227772405997342
37.275425715906465
43.8278837990805
44.130723040175845
35.82788765378064
13.209420025500867
8.313340061441354
8.351680413894764
9.656107649556795
7.250473668509139
5.002234841067805
10.169840392265767
12.35409062986403
12.87164553919667
12.933420251195972
13.47375390460735
11.13377341967512
6.042430290508514
16.49897985286075
18.200215293329716
14.602405713456308
16.38452582464471
16.48167331933068
16.10187752899479
15.448668517218666
14.863875522237029
14.584380806240508
14.410206744384961
14.365967248721697
14.448745558273611
14.49108725973237
6.715074680882405
6.80967702189342
6.898710568059496
6.988398870811344
6.8546854230601
7.089690832223756
6.955595256249372
6.949478962101915
6.845843923369334
6.512585124549194
6.521996166070404
5.558595207789332
3.628574688465107
0.5549340439317249
1.500414039476697
1.541121263274579
4.982567990827083
5.561032995720369
5.640038301082564
6.336609398652579
6.8143592808751015
7.146083892329992
4.591618102709701
1.4284804365564245
7.566709864947684
8.923213007663737
9.758762736005297
10.619803313236565
11.7890610435517
8.304515312813942
8.0203377369955
8.358408811215321
10.515762237795547
5.167276005556921
3.2387467692790333
8.37513695087948
9.965462319665244
6.466544591373011
12.048198904368355
14.36730908761186
7.428060344321979
17.243750165516413
26.035914589369312
17.58051735128946
30.98730699363368
33.157351505604616
27.8864897357708
39.366967914575284
40.31535951556026
40.50684183125014
29.06264060693745
43.286533122134344
33.93215447829
23.334779644681372
15.334822287162046
13.529163632133558
7.370632919505248
9.857646681295842
11.544515129509081
14.46255165694593
14.345714989549155
16.947017192342848
14.716895825775705
11.518347547156885
9.301312863770395
7.132283570140695
6.31944228157001
11.419864228988505
10.978809816779851
11.602019681057413
16.347223729163613
16.80464677757575
16.62620116321262
16.12899034649403
15.407663033598146
15.067513352456842
14.820239664642488
14.606317649356916
14.660882989189274
14.415774620160995
6.787712809545734
6.834249723604966
6.769569879429429
6.743468664825331
7.0030059266153835
6.964427297043944
6.7707162640988425
6.947890682331827
6.86754496625058
6.821008052191348
6.478262455990864
6.397475118450237
5.027775937088185
5.068380834371111
2.1474155888379167
4.629487562230758
5.796885334971467
6.0087672435130814
6.520756074597337
6.652527491043937
6.954721499942593
5.8303730046378295
3.0204317617835863
7.276841538536541
8.826071237158594
9.396926762478262
10.117480204151512
11.0213854562164
12.289119484306816
11.634197748672685
13.966161366780032
13.6798975833346
7.69110872835078
4.241354537833926
3.9551259686880296
3.9481501633358045
2.698151263671276
2.153308145064852
3.9467248722929074
4.888533310196646
5.99444251332021
7.0288552975204945
10.633655287066672
19.78307725799535
29.492394289450594
35.34006482349644
37.45292472130577
38.94682853062589
40.192931301204844
41.374999337592094
39.853587503974914
24.4645174078032
33.56769586054912
34.432837872880555
24.15209609303681
22.282586296622878
36.020164321559065
9.261076060133163
39.956793398389905
39.50073474049796
44.19280760530373
46.713129857477036
39.42823227346889
15.03983128147996
15.148099877261743
7.293000976382984
13.877302116692194
13.831817372174244
9.457931113933725
8.301183967634698
14.427459781782883
17.00342224544874
16.794108638827044
16.53093402811972
15.980114723325164
15.773154875019735
15.172435711672966
14.840757594427984
14.688364762093642
14.480688538006063
6.323499401283862
6.523170816193235
6.637917421739526
6.714692552659267
6.713108168547838
6.749134179974295
6.752955462205675
6.873210481399544
6.767039192577205
6.843736520985309
6.568439373325982
6.384687540892566
5.592450625225571
5.069873511161248
5.15028248712027
5.837171946611617
6.1261160042625775
6.453758209129926
6.559597873635217
6.772723625518557
7.140527877041529
6.08848991052534
7.871105931037577
8.411468571296522
9.178750026448585
9.76278698290268
10.388644110827519
11.401680966455979
12.514373307081845
13.342698987839844
14.02717878500464
9.025321113840224
5.387144124585384
4.068129735376336
3.492429391783655
1.7550683052199902
2.059466638768873
3.75425244938007
4.927159061676484
5.145207422061595
5.943171452549641
6.3654414290044095
6.947959380690187
8.254350659549637
11.326582059457483
30.56284740129695
36.63793137575454
38.62290670539455
40.22791858868014
41.52846868580585
40.33788700906836
29.143238410648454
27.793125079285915
35.29551907953782
32.38682628341521
43.904941179737605
49.43501027993554
29.4236236310511
24.577226004193797
51.03044154548745
50.03680923981799
46.62616913059268
42.44578486327045
24.38722942413438
23.75148761249918
16.413436076490225
13.638336255762722
11.302585532729545
6.1432131351407575
14.609236894648353
16.82971528040702
17.232363260078067
16.919601897247116
16.721725303482774
16.237106304193155
16.00323080401906
15.324875698924975
14.954298336219917
14.71567674474758
14.344780889894698
6.72417935003961
6.641290167549663
6.778279640807018
6.780409281643715
6.844324869372977
7.0618571271398265
6.8116843833131355
6.508491325190346
6.399500928096298
6.549362724100613
6.614806824722426
6.31633062519539
5.566010624792292
4.00011579311049
4.97721445489446
5.5909984887934545
6.187252200410301
6.11616843781508
6.316092707681995
6.9706600002109385
7.116778143823055
7.7395105206854184
8.124851463854839
8.65824778697723
9.344637960332095
10.033270811993555
10.600776390772092
11.757875278791662
12.908603789553617
13.539405552753141
13.215106551960956
7.06183644748401
5.589042403217944
4.178348709627375
3.2400572912137813
1.270967523268265
3.5482949244492357
4.492208437077277
4.810819491705097
5.10467702557931
5.516389937818175
6.457372662679783
7.264525509449495
7.804892321956918
8.435528248989806
16.284546203485583
36.24783347177312
38.54845200683251
40.376429422831144
42.55626741984023
43.698801153729256
39.918075273363186
21.940133789161145
28.32714485737999
36.160490017042356
49.04631617486705
50.13645391511542
50.76034469025075
27.877816386965133
35.93547056461691
49.854266563754315
46.00108377269413
38.9054542768247
23.28951885107434
20.042272272616376
25.03889055082992
13.671198857098089
9.741318661097022
11.942346198851764
15.692434211911783
16.498114840558582
16.99929581251014
16.835832887225553
16.67266189167142
16.36144325398863
16.060063859723716
15.07255793849201
14.715507959115692
14.606662195751875
14.297112677569777
6.397810253549485
6.220250275197914
6.799043839843662
6.74798779530488
6.554170275999648
6.541285480856123
6.879803381496914
6.689355594501445
6.527924850685808
6.42627269234302
6.1561533901843015
5.626451249238572
4.232581370313449
3.022584195495418
3.557762357780066
5.286845159855509
5.712783311404636
6.329597548562054
6.668299849309778
6.8868342810362995
7.053718449438925
7.682743477151565
8.118714206698009
8.922761401851089
9.572943017398162
10.233130390621247
10.979043498951487
11.744633559987552
12.935642967328342
13.890621156033303
13.095261165841745
7.140765673159813
6.5679576517916205
2.6714067039549225
0.37447453434604056
1.9331703798957949
3.133479233742307
4.13526810906303
4.899478960691158
5.187650609546146
5.409419304418092
6.243464485567946
6.697887205243175
7.187209277580475
8.09881529244645
9.743458251836861
30.617935789019572
38.80002921680577
41.15615109585279
42.897187791001805
44.345763420086534
45.124923214793334
42.122141279262095
32.78183784790565
43.65911674563438
50.172185192198015
51.598575031106776
52.614241293821365
52.795512227264766
40.7436589523778
50.005565105175556
45.274942272099885
32.670306176157574
27.869765694446716
28.814162638371076
24.42309438890809
19.290693894384646
12.50247253683905
10.629842206431974
13.700035124574859
15.249890542601456
15.696076514608857
16.497296356131912
16.32356090237348
16.124899222227363
15.912173713176582
15.343754345250492
14.84199472748022
14.234925076343227
14.062505001807304
6.148818662215242
6.391975275737734
6.531203889692291
6.336239985717645
6.659195180152572
6.560837965108282
6.688099709971528
6.8902070268464355
6.5758460669278485
6.199576658229384
5.618571379613289
4.390914244372745
2.7957914142900657
1.946806152618041
3.789056350000746
3.762118171714464
4.560615273146676
5.3110350123664505
5.9625248878583825
6.09755388355107
7.158204966268934
7.649260802867494
8.177315699394965
8.903675990905064
9.738873542932739
10.13016823428324
10.980305542534435
11.861560165275321
13.067879129885934
13.852889244663794
13.759177067805854
7.870853551686587
7.189317882918633
1.302450627864477
0.0
1.3226951294359095
3.1200518516536793
3.8590879743146242
5.338708425364976
5.4579322286738865
5.948102390979221
6.639652154796607
7.089581332363251
6.918491510928858
7.191815021623506
8.545385965525607
15.012727525716693
37.481863373191885
41.95000006744392
43.83823323408576
44.655050340853855
45.74672998247607
47.80558662011906
45.87291072757776
50.45915475183391
51.675933632028766
52.78635501331783
53.90775472183145
53.428952590316506
51.314606119810136
48.33648849651774
43.52768736227989
34.91101049268222
29.379526519793572
23.098637022721366
17.313191938008682
13.03870843593932
9.695882187254197
7.949303403725369
10.148962736522032
12.616461672918934
14.722000226386344
15.129443880732822
15.579561868781324
15.688179209604703
15.304790124368795
14.841003752907215
14.573695375969965
14.1544998859426
13.977294912759767
6.010962236377805
6.40447794265812
6.4653271569412505
6.371182700012507
6.4666682562264945
6.4590668480087965
6.453282374103135
6.562009601730742
6.406469016401011
5.5703268374428285
4.230131583994287
2.4702578588318738
2.017934948579145
3.8763559949132564
4.832946365257576
5.364042806869855
5.5164812880752905
5.819845295061835
5.616762447749591
5.304035672333698
6.193170302571237
6.616110583658987
7.21399888017148
7.9182591469034955
9.17299670824514
10.187102900201287
10.544322977509253
11.44248185317211
11.858608171857059
11.424137947199611
9.960805079466605
7.712463704143454
5.946251901566316
0.649695330357766
0.1879172584912164
0.7625598796888463
3.5183231845294607
4.2300403283826515
4.706931498701132
5.387101204019271
6.378946269884468
6.917890382984712
7.31452172281255
7.268406590488776
7.0030059266153835
8.01479263779647
8.632594859317958
33.285119974194735
42.2300926998625
43.769854923476416
45.007304153119655
46.35851262344644
48.08388023540862
49.55204657927628
50.93656884523071
51.829183314754204
52.3733516936981
51.01236536692833
46.82012964103088
41.800903677839926
36.83807843519805
31.280102162460867
26.64656160398813
25.179146748271464
23.92986137477154
22.439700309918866
19.616069179890502
16.3566476165102
11.582592803599038
8.549830394926161
8.951063790486751
11.478471228369717
13.642180512690164
13.962992636403365
14.367174069891558
14.67266659072456
14.541855332860733
14.387817124113445
13.928014012690186
13.670874653608756
5.764544003941693
6.156607484040247
6.349676371747093
6.43965857446638
6.204863835381536
6.405718034131187
6.417719614071739
5.921942448593759
4.794828385406994
3.519980700328131
1.851604739374471
2.73481409568956
4.589383002868216
5.264018297677301
5.417573798698453
5.455782509934035
5.803209665105579
6.177064924666224
6.2881530970391415
6.473955991071665
6.686571197078976
6.911952239473114
7.326878503618
7.456359292111475
8.087060670847228
8.377012600702486
7.819747223694768
7.458475668097409
8.87115928206906
9.903388449644552
10.678819337299274
7.557847893200885
2.792110617244181
1.4131105019561885
0.5324322323917797
0.2505563446549552
2.998492944676043
4.32008445520664
5.582480130762429
5.844589385095141
6.704366709821384
6.79478455817027
6.998568494306132
7.110345531399895
7.077924045061061
7.520061329990258
7.25737982312417
21.193557477440905
39.78603821377051
39.85486215659625
39.31636379829786
39.063494677329466
38.86582638675526
38.8604261595876
38.81680459648547
38.857502910414944
39.06033286931493
40.297669802149095
41.675323206082695
42.66066719212269
41.71849646495364
38.94202882065927
35.40870838092607
30.831541229735073
27.146744134709497
23.998986783797086
20.925470382390927
18.69318534303688
16.32313945673788
12.8892285985209
8.80813444483708
7.674321642373163
9.93800450718229
12.193590636147174
13.347226935617574
13.577610430440082
13.66683740555119
13.681814451627437
13.37426975704597
13.35395952478022
5.376623674643
5.617524676414858
6.090553523675306
6.33700424216392
6.284240738119671
6.2432268474986765
5.425529937445576
4.519520223899697
3.1568671165717124
1.3415597809771573
3.473023006177815
4.686916113274707
4.981319640337707
5.543916653184402
5.476954505107569
5.704848839315001
5.6603984248013255
6.1552234613015635
6.226586339989501
6.556055665162293
6.855831807729514
6.889223770679153
7.218061173754643
7.736339225905776
8.349000801934936
8.958467793502125
8.819811344079813
8.193421122170799
8.236332717262774
9.155747805781301
9.875000293972532
3.0636787129325493
2.687332020588131
5.142391481385153
3.674484951970669
2.1089438467991832
3.0263798226767693
3.992549108916481
5.26002888611147
5.7870557375048515
6.436006754897787
7.200702605623509
7.389381784133757
6.926317748638791
6.124536904708193
8.060749034836425
14.85032324330229
14.242815874894765
28.69507969171832
33.777584641155315
35.9142325309444
38.28143041066585
39.93397481827975
41.99294672156877
43.69045499173047
44.67030444559668
45.925679102301004
45.59845605044665
45.04581730305211
43.58495907536712
41.365575004246445
38.45677535868606
35.08238286286312
31.449075721434
28.38082148558754
25.593873228766945
22.663879844586933
20.23356445494124
18.16562947775242
16.38760116958433
13.41500864444184
9.428519501836234
6.466600292703052
8.695660088980294
10.753323774399878
12.328582871832577
12.848952830709392
12.754927984596806
12.96683072004126
12.814146756901854
4.9698608435561
5.161683616018532
5.842214536914269
5.694479665064062
5.639815267635459
4.900572241809324
3.9697064044689503
2.4960022995505824
1.8343567683790087
3.837708340990006
4.739136850564067
5.30315039556426
5.417926829120373
5.481020100619426
5.573216753611911
5.7928404908546405
5.7460947801206546
5.921567906698374
6.077383817894496
6.480529973376648
6.816488921711798
6.820243795745072
7.032924575375206
7.440661855127065
8.199269897641068
8.605921031317068
9.385691489868126
9.722857428191777
8.573652210666335
7.584596849041001
8.365939730240969
8.306461372111066
3.066749107930356
7.737056670664956
8.03409369882812
11.068603284080366
13.609127906333908
13.312779108700356
14.339222019492743
15.363842173507456
15.105564918786733
17.218367943492122
11.399384529124584
9.034913337090808
8.769509992077547
19.127016664771986
21.854730026318116
20.359170859045477
15.630548500880161
38.07050882498496
39.0180187325182
39.62474920948426
40.572199674341135
41.67853854294448
42.22251603732988
42.883994253868664
43.23610050656175
43.372996019866186
43.343139818460784
42.05086031683116
40.3617663442732
38.209238148591105
35.44059475884304
32.16582843702119
29.395962263637983
26.951938428463272
23.799823810492256
21.350010906367977
18.83712882788497
17.479144295030878
16.073807598768777
13.286084655953884
9.653528735641874
5.743116055082923
7.211925606096953
9.298676390569158
11.050696560280192
12.020768976443566
12.03045286444763
11.966604481093928
4.76608611975568
5.041421002825642
5.134011323171838
4.865997213592813
4.285239725982121
3.0381850746056474
1.7246479836848723
1.7779326471228407
3.734605265950362
4.6912206625098545
5.239268810372475
5.156351090228148
5.6743514922085945
5.58500628250221
5.796278806530504
5.951622958245389
5.83036004679324
5.99932799814488
6.229746979127538
6.547001499911176
6.573459590785368
6.598915507699887
7.068754045788786
7.384796188784449
7.693986565305172
8.161975575663574
8.588833342778587
9.287873168236507
9.884376888945917
9.663607679415703
8.089753504950455
7.226235862049086
5.629217784134983
3.800172977644294
4.3154392564897694
12.041548840264586
14.449326864277774
15.94372131754492
16.88372355822176
17.58476527667776
19.021829661121174
20.16542330766216
12.287016838341081
10.711404572610055
9.304496695735105
15.765995375954605
9.5653645141376
10.397885183828523
28.799953081459673
37.15660816273085
38.060270157161945
38.73998971932362
39.56975677742251
40.2239387305159
41.16242512355917
41.77685511311722
42.31373849785596
42.65473094865466
41.85709872839235
40.98747445786014
39.760644251300036
38.007290481774334
35.83831711532032
32.96437424878566
30.353138031482338
27.63160253042854
24.805366339117654
22.174730230708636
19.92170806181462
17.834863060206736
16.686718063587573
15.310508066807847
13.364211452588368
10.145559576816927
6.415278254364123
5.974711932453638
8.125721413894103
9.96653534674304
11.15149808060256
11.258721089209843
3.9730709914768196
4.107952506553298
3.9674820132133934
3.4907148837369255
2.477706339650211
0.7669584283237524
2.3408518630567494
3.7960940828656504
4.9189764997135965
4.913049583460006
5.179293384693227
5.4618708881726565
5.562844493591236
5.657522328409362
5.749299253828675
5.868452655344482
5.545113899863303
5.765791402298387
6.205912723020972
6.018585106322222
6.450895897960655
6.690501979170858
6.898055811473723
7.139052992790604
7.448973270574958
7.83178508227996
8.290650115739478
8.627502352756593
9.042613542678863
9.409348131878192
9.76818520106421
10.260380873948668
8.509661242645135
10.33335426302165
7.449655546726833
12.971274595406815
14.654406528017496
16.02326771487412
17.031696551744123
17.811724394897695
19.03927449452003
19.937567924786087
11.597093802096916
13.989035806757983
10.143110871498727
14.53182219682984
21.510462446844816
31.524607892406596
34.500038093250325
36.55036083479953
37.70377333431013
38.48619759031385
39.01541104116135
39.81760498771946
40.419750095813946
41.1963497153516
41.32210289100101
41.48874450827776
41.163930408416235
40.29175911460569
39.19341006602511
37.897321354559345
35.91225377395495
33.367916290489546
30.997350819564325
28.243512386171684
25.816546245565796
22.88205866284271
20.45136010628532
18.326752240532556
17.12778141411056
15.943662054632776
14.449005927877735
13.137657946831332
10.85158176628232
6.88266227976949
4.861291976362219
7.287304734733737
8.661569022147786
9.927190498174314
3.6788194657831084
3.37045633612022
2.994436723869235
2.3710041204975587
1.0837703848690314
3.234179819254832
3.7113565263434154
4.93126727230984
5.168873068988678
5.457531142568091
5.455943643112141
5.33786964967037
5.478582312688386
5.907172543731716
5.498357355800572
5.83671785275567
5.688643770260662
5.984558093282836
6.260094527639591
6.148865655339131
6.446351515528059
6.701357174441997
6.985887101751511
7.240946082147164
7.50578926823279
7.5753613231671055
8.018296099159729
8.390988730960686
8.989560366478672
9.14239388756823
9.415424588541532
9.840093150695058
10.343468788686197
10.640721230067314
11.47032637975862
13.244049485100108
14.28980720775331
15.408376537979493
16.406956423387566
17.331392771025737
18.877458744580508
20.38238308135087
20.83953251835563
23.172021794674478
23.275735159080266
26.560507404572235
29.385820515547277
31.825164176738554
34.14228659829212
35.73492061297787
37.284506384820396
37.93287489266187
38.98803236524398
39.45937779520254
39.871777270096004
40.293068273990116
40.824483695314484
40.875763091696754
40.50438415424338
39.92369903909535
38.99754201982657
37.766662863691984
35.75521806387989
33.66437542317086
31.241303230950884
28.815124892218787
26.16095496935607
23.466099704644275
21.253252348693394
18.698698239221407
17.264669735192772
16.373483401391244
15.07261243299389
14.058734811621353
13.038401189236348
11.100701565198374
7.576180659269249
4.575792001102234
5.439922630763249
7.361751704185722
2.8196944770106245
2.6391730646086056
1.6824994976953591
2.1187485582083685
3.1789984819966257
3.726244120976348
4.6736434028756575
4.5939277320128244
4.79175899371188
5.015311846394225
5.134853803508295
5.56685894764948
5.435734953328303
5.656814531645
5.500469852185291
5.866160444893905
6.02355888954597
6.117465987849569
6.162727372489283
5.930711423763464
6.330668177372332
6.655703475585739
6.735510380337539
6.876145227767665
7.19347954056227
7.559388959679054
7.750332020181373
7.97462101145803
8.329071951403963
8.692698465728402
8.954390177062905
9.34545802074924
10.032626548278984
10.70352609436016
11.392485605231894
12.322430056345304
13.415341044632687
14.13928156922775
15.407929153433424
16.85874277226913
17.98588460535706
19.79215296458437
21.462235589236883
22.69845845242731
24.313604247523156
26.700342681919864
28.850500063424256
31.132891208904383
33.32373081926841
35.18105301637555
36.31424066377077
37.512344714596104
38.199744990051514
38.81694569052225
39.242183220001536
39.53280824694406
39.8695535643606
39.83612321087075
39.667267572582716
39.03980351316006
38.50222713856167
37.5171264696268
35.885762858130235
34.03263068710596
31.50621258286094
28.851245850852667
26.30547581725038
23.89510500606541
21.399273064203307
18.990454647605414
17.51010314333868
16.457862793092747
15.27550973363504
14.284868901507835
13.643277256649148
12.990561475557538
11.155615083958008
7.940983794054671
4.670307734991869
4.009776939556937
1.2556781289093777
0.3445149739005634
1.4500051474012194
3.0305743081314267
3.4541481071048175
4.333370995930656
4.518737312027603
4.6449458298569155
4.704127501281055
4.947079682269132
5.307479307840081
5.409419304418091
5.295332026158967
5.6009401879122125
5.707377977503157
5.915873701598334
5.925045629170374
6.02944086048161
6.16953927230766
6.2344688686181575
6.534260915477394
6.211935393884153
6.547069954761785
6.819861667521934
6.983826111690168
7.30180240151407
7.26693170623785
7.403490452536615
7.720535604652539
8.199226240650251
8.50022764396276
9.052459237302514
9.730512945445808
10.475892913773675
11.030458780053847
11.717151024712315
12.960020171740911
13.767511208002436
15.17454184937894
16.667236320998143
17.902577459480096
19.501727864899404
20.888303600378073
22.28624420471242
24.053594294302528
26.03994907668895
27.697300291279884
30.29193886740065
32.399336098010544
33.70896833666046
35.31775799867478
36.22627624499948
37.48502226639512
38.100421189036496
38.394818027065
38.70771657127768
38.97016088847599
39.12711239084731
38.685272331312724
38.43263734633233
37.72925759798009
36.301048704909626
34.793717573661944
32.96729289434495
31.166856555524582
28.62302307897239
26.266274842255974
23.648910147624562
21.262960151586455
18.990815624573017
17.6023595804474
16.664195719587443
15.488329962740877
14.357742184239529
13.841846868703035
13.537033250397323
12.543793141095897
11.092507957481855
8.822294011729245
4.732746165492343
0.1252781723274776
1.2476630545478864
2.6201662527034437
3.4419591815607817
3.5100768057213645
3.7752863477323864
4.6222272531701485
4.797552155963887
5.08448697726285
5.153889609653911
5.5276466228993355
5.58507124373294
5.535655769396612
5.753886760499564
5.662117582639259
5.882677116093464
6.037063730426027
5.971842481357972
6.281460155977461
6.127262109487864
6.4235078782037265
6.5076333619404165
6.743850793048469
6.7077616940841915
6.740446349889465
7.094536219707566
7.174418156978383
7.49222737696882
7.909474243685495
8.174473216336438
8.733159002535006
9.308834344828414
9.801191188470305
10.364108381369025
10.965663144343637
12.036502831396716
12.83424072462059
13.778322976225985
14.757058280964618
16.210030343145633
17.129880337104915
18.323256060790793
19.72861604221169
21.667916972361777
23.400103832674958
25.219509812549187
27.331251571650423
28.830636231853653
30.693496701458983
32.762734711841
34.17734017907798
35.41984463718528
35.83239273056665
36.662730627190975
37.564938871851425
38.01571960987544
37.82221184664006
38.198886902520776
38.05864594130937
37.28709606911661
36.38207145741494
35.276848625355065
33.66152706519888
31.830673345663524
30.23660714654524
27.97143598235892
25.555005926624887
23.177438593192555
20.87832079319103
19.203902718978757
17.492516256786207
16.633330444076957
15.436706254658432
14.595943135467977
13.548167248124619
13.332445960544055
13.014491992400787
12.217881077447336
10.997748376822122
8.881757827719925
1.56085848536658
2.5752864352562295
3.3079119665192307
3.5267243349130735
3.5639116029521043
4.188680981275843
4.596123480450835
4.933509059500278
4.58937543076562
5.199039013588915
5.229907972004993
5.580002034706523
5.623594413186099
5.975280797033836
6.001858126108853
5.9105931937822875
6.267587163093998
6.215575378831182
6.1215963148947745
6.093202610395976
6.50639327046735
6.486051277815869
6.572313206115954
6.695403237873547
7.177741122222548
7.351433302611215
7.490349607206193
7.8450048071775
8.230936373285576
8.525676467883727
8.998580626610446
9.338078538072505
9.742421367456906
10.515194301335407
11.086280632111945
11.95112453769333
13.014128888003123
13.783666374461474
14.373106219767315
15.296243287795862
16.530916665414594
17.332583577339886
18.770489987234534
20.2313414245346
22.21294974776225
24.166297415567932
25.84561062786331
27.543181913276953
29.263331344169366
30.656737100285056
32.302736465726795
33.27022863258352
34.10419964833252
35.18794373800703
35.508759382112196
35.907817772885274
36.458243971480165
36.165699018704736
35.82895543713905
35.081393052673945
34.54963401836058
33.305009150377636
32.214358034502446
30.655487021636052
28.553919036360725
26.521349332657135
24.52333851018824
22.168143002625243
20.26647368268174
18.65375067562222
17.380691762993795
16.678359477239802
15.527852908097337
14.51338834419623
13.649747346213978
13.702622061618973
13.058536166524773
12.27163670710304
11.523779917207788
10.548610113294485
