6.404146318341072
6.405097988394654
6.4733455724402855
6.15700841091285
5.044687892614467
2.5707888548591384
2.7248665285775737
4.57345393576342
5.753698704598774
6.191953788284967
6.274864432501636
6.130268072478627
6.219774440171122
6.302252731702689
5.975161838277138
6.147196721963163
6.337717994704107
6.134884979432282
5.974707744421193
6.0152892823570845
6.25233095776763
5.938096376194487
6.01756870473529
5.980022530072927
6.05667367323961
6.138712657430744
6.3283322051359425
6.353550763425318
6.450946401866745
6.519597855306359
6.277718247083285
4.501762814091999
2.33639901615175
2.741180369465297
3.317038926439266
4.86696150990016
8.183015393292692
12.188166785404432
13.578413347420398
13.9871314179442
14.74850458073288
15.536275349288946
15.998553298686916
16.39546064106072
16.752403530892938
16.904981238585496
16.880546136578463
16.878097279098593
16.474286154656525
15.91193379075091
15.169803140886327
14.527063812382401
12.999225929101861
9.955642279756493
7.029895741500689
7.498744145233029
8.5356103847966
10.1999277735458
11.867679082433261
13.02532653424873
14.019128007483316
13.826113629095143
14.074651601745357
14.085005561031206
13.954694444049172
13.997746333617629
13.669825472502009
13.565216959378752
13.459642458786439
13.16796312622777
12.887082322817884
12.22739839678297
12.174014630043843
11.602842482837392
10.05389825320075
7.808330102119256
5.937089441503123
6.525631266409362
7.8028765428895275
9.049698900670721
6.370180526052836
6.649511621503894
6.956741640918787
6.774361638271613
6.302964307176374
5.246047524039904
3.3559242259189994
2.0327247457766773
3.464460185653441
5.231691778666713
6.029224684139061
6.125980819435477
5.700604750469074
5.88260830901456
5.55591363501616
5.420154078340218
5.311173231462639
5.501094046251545
5.510306281948451
5.103089526123365
5.110949891778047
4.773704796562148
3.841912481426542
2.35977253450903
1.684106401173808
2.304108646062825
1.4381847444798406
2.157245856921315
2.2476334791950965
2.070911944184961
1.3853868503287912
0.5244171580302885
1.360439662019172
2.383700603797694
2.4366167200982396
2.913895915602303
2.7446900726031216
9.915423779650697
12.423251693554509
13.35407735889006
13.746851984287469
14.33187313510943
14.759302696325037
14.953004267975228
15.406070488999296
15.7333364812877
15.848736788481347
15.882508365991699
15.499074852348963
14.6232166757976
13.386554211982052
11.162416653900783
4.529969877934576
0.22285332729967117
0.0
0.0
0.0
0.577061958923847
1.1064815570968791
2.6298098891251027
5.1177977762721145
7.809057849012397
10.420000062440328
12.72292115472133
13.372638269375862
13.302266894659951
13.014937743145794
13.00096398426021
12.89004442115366
12.54816967343065
11.947537381362396
11.666653989055078
11.305600736149747
9.38261251003072
7.305824822169942
6.397839202895664
7.599708391926349
8.995137536851503
9.779233838019593
9.577198978836535
6.764827901153216
6.79997122479207
7.378965342312792
7.220673511194157
7.0579828145174925
6.631660987795249
5.632528522566107
3.5599204577737695
2.275408176434053
2.986498965602668
4.548351089229749
5.347678340557933
5.696028722691685
5.24275826750195
4.896303961779258
4.792219630173506
4.4775816590252075
3.990056941308037
4.096003980465145
3.8107652814275936
3.100892747822803
1.7463058695001599
0.9745429955366486
0.1252781723274776
0.0
0.0
0.0
0.3874867513426219
0.7239866508816938
0.4384736031461716
0.923556143733099
0.3445149739005634
1.0255298473401984
0.9315712180945901
0.0313195430818694
0.6300280216360857
2.428528166499402
9.185048809709405
11.73710740106441
12.714883576074405
13.276068939295218
13.884804140527663
14.429263722126251
15.038760593898212
15.2660040012071
15.561255541478005
15.459886594515316
14.929708616354919
14.318313277207483
13.18585052794603
10.99584552748868
6.029806809775858
0.0626390861637388
0.0
0.0
0.0
0.0
0.0
0.0
0.0
0.0
0.0
0.9520026037699282
6.485650260140161
11.574888350306441
12.134254423630477
12.03325180532336
11.911234609646014
12.120838181621409
11.429229215112699
11.31577156055501
10.728409981300754
8.373169983125246
6.310872002584882
6.888953975611047
8.127938936627825
9.576534716076791
10.196705612040363
10.451851159240134
10.466353526645777
7.113561837611479
7.2400304695075
7.2968145893176946
7.155845560650219
7.05939898672162
7.014609585275945
6.7797797770109876
5.772304424404837
4.008431285507939
1.9997722153302795
2.5731349585074565
3.6768836510971155
4.438241416621589
4.7889718154237775
3.912023141403617
3.4695247016457467
0.9111218864645895
0.1879172584912164
0.1252781723274776
0.2818758877368246
0.0
0.0
0.0
0.5011126893099104
0.0
0.0
0.0626390861637388
1.3831303072385979
0.4384736031461716
0.6067235529157076
0.9995260476191485
0.5593738611108559
0.0626390861637388
0.5754040098338382
0.0
0.0
2.4636106150361226
8.581160802904115
10.710238692122905
11.852025925288762
12.710410282977763
12.918060072732997
13.509868570490786
13.944239488010213
14.23664763228098
14.275856202533875
14.185441366581133
13.792165632448532
12.92899554198594
10.696529581671685
5.8155708600787746
3.223027404424883
0.0
0.0
0.0
0.0
0.0
0.0
0.0
0.0
0.0
0.0
0.0
2.511494459709354
9.823137567154102
10.612396585026772
10.631088934483994
10.628485532288728
10.56996857881065
10.497866667503708
9.446815327775514
6.479010114819484
5.453703535598465
6.960281600107081
8.865886593151505
10.01884828836675
10.58674493759846
10.737709374116038
10.787540542326864
10.834222134996972
7.436270127226349
7.4765901787584435
7.57205633734768
7.565327103190648
7.501062312090309
7.1724985308828755
7.076176532447502
6.659696267132408
5.997492454931922
4.152363921551321
2.338193520240601
1.0364206930641795
2.6777050248715315
4.084792988271879
3.701126101747155
1.4898624287505577
0.0
0.0
0.0
0.0
0.0
0.0
0.5011126893099104
1.0881689335039368
0.0
0.0
0.5011126893099104
0.8769472062923426
0.4384736031461716
1.115110562223013
1.1996941344707381
0.45012583750636076
0.879203749382536
1.9918097756979318
1.489381033388805
0.313195430818694
2.958866182090559
10.090073316321016
12.772712017193648
13.691736639966702
14.455123113482138
15.31769862647826
15.970183371944433
16.444433174013955
16.69068681344085
16.746690972742662
16.762362395986234
16.435876296069587
15.46912059154386
11.637242602204568
5.485774255328388
2.1198605480273374
0.0
0.0
0.0
0.0
0.0
0.0
0.0
0.0
0.0
0.0
0.0
3.3674906423381823
9.293992108121065
9.720538499754818
9.61712125229514
9.586450441957586
9.28802037913231
7.579164136984476
4.56005501381849
4.960415289204809
7.406417431104317
9.049323658578748
10.333348993416227
10.87806410335268
10.979231755648199
11.316295778178835
11.431544077161496
11.041328802564465
7.501299489044092
7.854839896827829
7.64014969690513
7.548040066419472
7.61150833224837
7.450876464039409
7.075246904921847
6.80776638077773
6.527304804949274
5.796680893286391
3.8128193435584805
2.053068244953166
0.27747733910191874
2.4924937043752315
2.726724213394462
0.5011126893099104
0.0
0.0
0.0
0.0
0.5011126893099104
0.0
0.0
0.0
0.0
0.0
0.0
0.0
0.0
1.1770088940226564
1.707773909237232
1.4195088957718953
2.3177786987829774
2.6479242574944073
2.7875524886506065
0.6846313991662207
4.915981818438808
11.583015662359912
13.808340215797132
14.844074387116631
16.012457156063057
16.56712925195083
17.118081072590538
17.3883674765713
17.651815238985687
17.792974092813495
18.015408279708513
17.76700858410769
17.15591006178122
13.893342258376403
6.474116162408237
3.263774717581761
0.0
0.0
0.0
0.0
0.0
0.0
0.0
0.0
0.0
0.0
0.0
1.412725349402163
8.406553093950276
9.019985456767994
8.88803049600309
8.722488548359443
6.065312953699454
3.355396548272633
5.155739097955125
7.261955302738505
9.139704876358747
10.170577711880757
10.37034404364453
11.216315149319827
11.34089077508997
11.57753879974679
11.67564859442072
11.608161884392452
7.69161179579698
7.9716551336083254
7.712991097907079
7.482528322270038
7.4525023764702825
7.383653691947375
7.0810308514121365
7.007415557234429
6.405361157861095
5.939815534032419
4.879487938305406
3.797753140119814
2.493255093011438
1.2797233519938507
1.7895436129388047
0.469793146228041
0.0
0.0
0.0
0.0
0.5011126893099104
0.0
0.0
0.0
0.5011126893099104
0.0
0.5637517754736491
0.6263908616373878
0.5324322323917797
0.9548756868149684
0.8243756744000397
1.9192409681733005
2.5623586503289535
3.470378594513144
3.6556554724615453
3.656923398083177
6.306296920126762
13.167919306423128
15.025724894496399
16.303520595911973
17.046460711465873
17.556080974631485
18.4367319195293
18.684296458222327
19.407022315158777
19.890441768399725
20.066624982558793
19.810503087918647
19.276375092557313
17.490725182830847
9.24180292751484
4.189900945539212
0.5244171580302885
0.2112217272115946
0.0
0.0
0.0
0.0
0.0
0.0
0.0
0.0
0.0
0.4481672608697842
8.794638281785803
8.886481182968275
8.099082723963745
5.909136115008391
3.3421289331602546
5.704543569584413
7.126274963716612
8.642077116246485
9.398103559434055
10.25882005552162
10.91593233332346
11.35537778660245
11.742794109693852
12.009085722537826
11.795990292916098
11.723475291500852
7.856461072005783
7.777182797111466
7.854382605454285
7.738320418618318
7.413059236344017
7.103915759804656
7.194954424813201
6.8481183499141505
6.523797196090424
5.927608243186849
5.401915393230373
4.662932312542464
3.7965910469607658
2.9594181179723313
2.456211680208255
0.0
0.0
0.0
0.0
0.0
0.5324322323917797
0.0
0.0626390861637388
0.0626390861637388
0.5637517754736491
0.2505563446549552
0.0
0.4384736031461716
0.5950713185555184
1.7823105614856336
1.9001183568981603
2.819539941294472
4.2730327964845465
5.4990661778372845
6.531017382607283
8.224658490987723
10.219879112110965
14.919952074489949
16.459329231229418
17.29546069182243
18.135928068180164
18.914638386656403
20.02905200352979
20.666589002452454
21.59709086460183
22.128551059834905
22.83183995409692
22.68832104439249
22.137173764258826
21.59822192425005
19.674299238013322
9.708607519018736
0.8885994406525317
0.4501258375063607
1.5086901411444587
1.800188894240698
1.4179904459528467
0.48508254058692796
0.0
0.0
0.0
0.0
0.0
0.0
7.863284174078784
9.97232183888228
9.117232901474894
8.30725404169185
6.241505034491249
7.237888989120749
8.156402248254306
8.832726511225278
9.152761694546095
9.851323378825995
10.905924390790204
11.729108039436534
11.866805744527499
11.947747068847951
11.977730079281567
12.272002887608108
7.922180615241211
7.953341972692753
7.841579913245791
7.651498590164712
7.619955062236117
7.283691349245404
7.219693095854795
6.60309366620136
6.3851633759193565
5.883544105226035
5.062528036768447
4.237568602611045
3.802180025224192
3.215457759814803
2.4838387674693307
0.1879172584912164
0.0
0.0
0.0
0.0
0.0
0.0
0.0
0.399138985702811
0.653332490356464
1.1090447964109038
2.545884677142963
3.6935346889640503
5.346949836886136
6.608316732844454
7.590633897782014
8.3716723021208
9.37315904023266
10.50001687496576
11.693633924727107
13.128353596589019
15.226593914789712
16.658546365087627
17.683922144996284
18.54301805377056
19.817937363884948
20.902302134202994
21.87927010281094
23.03701356440955
24.267962996102508
24.800055633758127
25.778843821816398
26.08810698786047
26.008537300525024
25.58643245937424
24.747561823669177
22.490159022245557
14.059244774612251
10.182830862549139
7.790063745088064
5.320821086065849
2.9719436596152
0.5552594802721361
0.0
0.0
0.0
0.0
0.0
2.100706652557111
8.46703407585916
10.444385044393606
9.851818247075874
8.646673118803493
5.989971256631186
7.0107263411727825
7.393573881946417
7.459272012575694
7.801840505448848
8.831209054883454
10.820587903014662
11.716487502183876
12.030030856373676
12.235477169902913
12.452826559311731
12.540747944434194
8.162572929034122
8.155211821740163
7.939821281734782
7.858281276301478
7.508343649227846
6.897827352856522
6.681563452016157
6.369751684149935
5.979369925499722
5.619487619094922
5.406744588749474
4.749840123704363
3.9364724963014144
4.098209278904086
3.875899141208689
3.057326626591091
0.6874659019844857
0.5943305641914232
1.2531669860075163
2.20689811955126
2.5174282962503187
3.396312168260856
3.326422262135684
3.0745223945947195
3.555867002636978
2.9408553397854633
2.8701203139215345
2.4817887098032667
7.48939960294915
8.572323443417979
9.447849685930201
10.272326972103482
11.388054161478417
12.719154089573566
13.635149058982032
15.311224209553043
16.791153042227354
17.773577927657072
19.042188488883447
20.248542586449005
21.787667870818563
23.150424919670762
24.570202522980587
25.753271033456045
26.94047222156404
27.84217234000573
28.52908781546057
29.072945157983735
29.54207236320396
29.522548518913784
29.171503737591443
28.662739182172842
27.646770188852024
26.65215687602781
25.10159522789367
23.44135862522922
20.797647329581665
17.80194584909598
13.947390985947694
10.073371656415267
6.568284388175904
4.230990184380963
6.211832163771389
11.26493949134332
11.359624644489411
10.654011003377095
10.073422013306292
8.58393078065137
5.508396371826546
5.739207183487157
2.583794949254799
0.47702619768121174
1.7485222615278913
7.21366558516493
10.590110504044787
12.018747634960446
12.51819259398959
12.5971187423935
12.867894373222818
12.793300535424185
8.174355884910412
8.191401007095306
7.995276335806902
7.775500352475768
7.224663987761427
6.2231982487756
5.6564453266533254
4.568048082819489
3.0127568287726487
3.6596325067460036
5.472681456654258
5.062709429490443
4.337302346229223
4.682388175068176
4.376465944898019
4.369687519040062
4.521642883215691
4.606694040482017
4.629782577768135
4.519748281044786
2.7028602181855175
1.5471153695815063
0.5979058213737832
0.0
0.0
0.0
0.0
0.0313195430818694
6.75512108090153
9.44573203356921
10.08248691323569
10.213482593799196
9.760398094017633
10.053172254402275
10.610263176274868
14.371509888752088
17.637057353199452
19.144609109046886
20.485430810676537
22.175919088221658
23.89575195688661
25.40466258968925
26.84006701258097
28.37628811570514
29.45146050588859
30.517735959482085
31.877146474551772
32.313601390321466
32.80950527739915
33.255043297832586
33.18583073084821
32.88134383849499
32.70170947037437
31.994664922101876
31.174541160694456
29.992238913521874
28.381686335866252
25.876092220905726
22.648099449058755
19.594776600882604
17.319556575174108
15.229143840605827
14.163570209045577
13.250972775866261
12.600565846800027
11.369777790848453
10.410170047317152
8.12843401070342
3.0007259537155857
0.31183544818230174
0.0
0.0
0.0
5.735870209469607
10.689808242797836
12.189975019156666
12.961039399892465
13.057757283105333
13.148257996939897
13.126028277050144
8.215815517922897
8.096046530023003
7.997105917420665
7.756403203211906
6.982012065787866
4.815474946911865
0.9778036735833749
0.0
0.0
0.0
1.3038321427010469
3.3492406548119034
3.900343639526698
4.976046683011686
4.908857112514693
5.162837529382455
5.153131060822487
5.50930266843389
4.908136785242799
4.458289399487903
0.0
0.0
0.0
0.0
0.0
0.0
0.0
0.39471980279579255
5.33926636954942
7.9788811903288615
6.389733010304996
3.494029954929529
3.234342052957339
5.26533650332657
6.460640922082969
10.376030326389726
18.825019809855707
20.7547371837569
22.47204095863634
24.16576842681722
26.098845261327998
27.56654829605123
29.174500380211523
30.623726688152274
32.228242166366925
33.42184777896765
34.72144620267493
35.663714930403714
36.54899783785722
37.11337247277774
37.06345628711139
37.147033003801695
37.03351905643266
36.91577180392139
36.390756694297394
35.39887368386835
33.81406407144138
31.554677920598955
28.69440532212672
25.256817681669876
21.788308704019222
18.89062127392178
17.05821280842285
15.153571990815124
13.62317637346855
12.283337354074694
10.217792975714728
4.948802269824752
0.0
0.0
0.0
0.0
0.0313195430818694
6.408729061901473
11.601567872693964
12.46551967509196
13.177519386019242
13.406462833443038
13.474521392917104
13.412276311473716
8.440232638360007
8.183163585618935
7.970805763011029
7.447307718374079
6.279624708775567
2.533001858405393
0.0
0.0
0.0
0.0
0.3874867513426219
0.156597715409347
1.5115131229026586
4.070414622265837
4.368130395756854
5.509926862500147
5.743069359721415
5.739553283868174
5.3597030612652885
3.6596558280516263
0.0
0.0
0.0
0.0
0.0
0.0
0.0
0.865245279921097
7.973418371797723
7.913888014953694
5.5852137354436655
3.588247567847166
3.7221532828825508
5.668560451490228
6.839494519748371
10.833613936399853
20.151847368988445
22.34246112279979
24.33370106420939
26.469360356974345
27.987942563735746
29.680696781756602
31.548511722460034
32.967721415647055
34.361345770975426
36.09405017739446
37.5583840760211
38.35188465426647
39.20801814713308
39.6541028333817
40.0616608659862
40.2669139774596
40.71553871406259
40.65970934472257
40.4671720118347
39.77031407465004
38.570133167202634
36.84677767821738
34.37038361129569
30.8227613513548
27.153412689511306
22.83845367403721
19.544697625888517
17.05567269136828
15.148446872683964
13.117344725652895
10.546055738220824
5.237728530984912
0.0
0.0
0.0
1.4869551217720067
6.05050286659207
10.540508818907588
12.569322964496626
13.298073480225952
13.515594611093777
13.52668600892299
13.721285131529923
13.740129459794916
8.371784228663785
8.156333495015048
7.975544427137452
7.600925570242189
5.204587735732674
0.7685957431416485
0.0
0.0
0.0
0.1252781723274776
1.3022664320780213
0.9199189837344011
0.0
0.1252781723274776
1.8152922281792438
4.999351302634312
5.8228118512564615
5.954270991551162
5.365878067392125
3.282331315840476
0.0
0.0
0.0
0.0626390861637388
0.6695847511276589
1.7439115411108794
1.799490670960921
2.3427578526262707
7.809383381214767
8.488674332903363
5.631030507070731
3.919813824660825
4.963965976531877
5.62997407521552
7.014128484251978
11.973031517987977
21.64555966940377
24.235446627898806
26.183506765249298
28.05531476638018
29.99525220787252
31.8139239187517
33.55444785813808
35.72033223442541
37.00877749906358
38.15938107762507
39.09053294552166
40.073549372824466
41.1118371294039
41.77303250273896
42.59893663024431
43.024904121306236
43.604045768898324
44.136492477323195
44.21677030913307
43.75201515366736
42.72149842037281
41.563791764675045
39.407776203523
36.29760255029897
32.42431659874777
27.746897536808255
23.124170954872774
19.33936420557088
16.931817842634686
14.331145879785838
11.293646252398444
4.400799385796239
0.0
0.0
0.2505563446549552
4.10086694356607
8.90231135450957
11.56299780433862
13.112621341078347
13.666315267386429
13.842566660254345
13.992575068706973
14.095215510764344
13.992794097000768
8.54629984848779
8.465403142438111
8.0545432400197
7.1754391453216
4.1531737247840415
0.3364998995390722
0.0
0.0
0.0
0.0
0.0
0.0
0.0
0.0
0.762580513960959
4.023767649566509
5.4990190019193355
5.856818417111556
5.693053224272861
4.557542829756634
1.543203255867196
1.079873865867991
3.507603061333311
4.720562404876365
5.687435715061025
6.39434991725865
7.4171002873838745
7.993019689957524
9.102113607114234
11.369457661679325
10.827518189767979
9.675325422206498
10.247899491782471
12.556985225795922
14.447286588657684
18.22317952165496
23.191242445932158
25.863516181395312
27.414645215821082
29.521660513476004
31.768170678495167
33.89093838405982
35.64387737489245
37.331412490395465
38.57859808852225
39.20976079669361
40.39988255770564
41.42394834293912
42.409400290050456
43.37360460793786
43.927406302615395
44.686583019130616
45.55787562295513
46.24658230784512
47.16972763998678
47.61165240447118
46.94029835294936
45.96314261869324
43.83832591686293
41.207366994939356
37.739121986908195
33.07543282471284
27.536757584110198
22.765721645672972
18.648659263909334
15.691263665386181
12.545221536703677
5.401764285457987
0.0
0.0
0.0
4.544122875539918
9.291707134775598
11.9961263563797
13.41760433086327
14.251725284936084
13.956509895094033
14.416201290252186
14.507721936184971
14.317959445485398
8.731598923744329
8.385969170969819
8.01576428392674
7.340313482627303
3.9325433205531137
0.1252781723274776
0.0
0.0
0.0
0.0
0.0
0.0
0.0
0.0
1.811426196206454
3.819623173349587
5.535074739527581
6.247259956958028
6.562629647467276
6.754179649386725
6.752150049514337
5.624900445068532
6.113899138428017
6.68307304711632
7.217204601175223
7.909344349133873
8.806489744429287
10.111987391081254
11.418380899198919
13.055395319258777
13.947961211603765
15.406936845085646
16.606997442264966
17.690392665764943
19.688712616293678
22.23179666219596
24.819628294282555
26.9669441554357
29.125978372112936
30.995898554256428
33.28969706589787
35.43213763491643
37.3834667181966
38.650730904422964
39.55916869222055
40.51788419152863
41.40907919894233
41.95708243320649
42.90337953832117
43.62150082140841
44.15467250655023
45.0890068440807
46.10271889206078
47.57964466955653
48.830673466383466
49.76366638466321
49.91637229972038
49.84009806950969
48.798478186169106
45.90183381966901
42.42101124041902
38.05500325679664
32.293452482848686
26.583511331465495
21.563776535835338
17.616785704568034
14.247670120681502
7.313627109355705
0.6300280216360856
0.0
0.0
3.554857886404961
9.264835735321777
12.35085236025016
13.885744719321712
14.34452483030444
14.568400071526092
14.893052625732215
14.917873479698027
14.884066348519882
8.66293280083864
8.45031775511727
8.181371226983915
7.501842433657225
3.8130742568853346
0.4384736031461716
0.0
0.0
0.0
0.6890299478011265
0.469793146228041
0.0
0.0
0.0
2.0881307804872455
4.304848085801951
5.6220707548090445
6.663636508120486
6.703361522361339
6.995539270211234
6.96834529957935
7.24265173842784
7.341635868611006
7.6727106664759255
8.30574237627536
9.276279527662867
9.978807468785945
11.101032371679937
12.717282618114513
13.934816283249702
15.436755510827737
16.669199284347002
17.64694005710059
18.97737243626352
21.306292655925287
23.395868679059813
25.80960439931309
28.137321663245594
30.62426394281939
32.88459246441721
35.06868476990267
36.89744410242108
38.44422465144537
39.59400427919784
40.31328428250869
41.35883642324217
41.84358125723686
42.54333943830305
43.15188801239015
43.971339796875185
44.570658523788275
45.33131365833342
46.34850592776979
47.53537420894006
49.33383192487145
51.12272124563177
51.72445648767075
52.66104576645307
52.36982174841661
50.823163672023924
47.57775300078282
42.70309800134913
37.274403418607584
30.776315177902703
24.79840775675729
19.77682807653536
15.661877976928906
9.601332091890916
0.0
0.0
0.0
3.2084536142796827
9.323487912789995
12.666222841016191
13.880457736687095
14.907161124569106
15.309167652234123
15.38803284617703
15.593028844428394
15.393551011404476
8.786963022922272
8.731341162862813
8.490199823742742
7.617517616142387
4.4839329679895865
0.78948087413581
0.0
0.0
0.0
0.2192368015730858
0.5011126893099104
0.0
0.0
0.0
2.1374157535636114
4.2470553777872135
6.007346170524798
6.565717762084253
7.020657228648049
7.320075535280448
7.398866919344043
7.693788965157304
7.904584499888949
8.308034650762037
9.367957699331305
10.277498827634508
11.038535663811686
12.244866396550613
13.319308261640517
14.434362097444705
16.07945711094863
17.35393128580751
18.33298392167329
20.26211991970708
22.003055804864946
24.531204121718652
26.904430166435983
29.163347986273184
31.694899930615925
33.63466424781664
36.00556659614628
38.07292162923043
39.15364276860662
40.269841517679026
40.93874638700196
42.12859521511307
42.5011021362887
43.29553220861402
43.74510635753749
44.44399375176941
44.94685324860869
46.1004427816736
46.99080144713176
48.14803974603433
49.93151727277061
51.61761291496719
53.28404883746721
55.27027367951574
55.980027999917525
54.56043893054079
51.69747250754838
47.226484789067236
41.4241176508691
35.43031036862952
28.254640400925297
22.087606088489547
17.43274964472034
11.634772746701595
0.4188062944244913
0.508345740763081
0.0
2.605294960636442
8.962399157143278
12.746282806780071
14.417436537994545
15.36178120321047
15.770606830979156
15.96557614386612
16.082193789248343
15.719857834808886
8.867061128084494
8.848553852928859
8.603685440782835
8.203381727291932
6.623500875530262
3.8947401826853776
1.5931687335347906
0.8065151578153255
0.5324322323917797
0.6263908616373878
0.0
0.0
0.0
0.0
2.45109682995459
5.460724782947369
6.159865340764136
6.732224895935234
7.116283674911496
7.2572080064181685
7.8145977644678855
8.209267738744295
8.65009853263406
9.137242087070856
9.983981220055426
10.833861995106641
11.559655395287463
12.751413969331802
13.821773249625178
15.259366912992633
16.62795425203625
17.688342064460386
19.302347353741766
21.502177335644717
23.4858904160561
25.656880956196936
27.76880033272182
30.278126548973376
32.688007860238045
35.034842790171986
36.94886880021037
38.52233770761041
39.759759431453816
40.96987776955078
41.87623579454227
42.54100094131065
43.373385214490284
43.89122968382306
44.693360414196526
45.53528742865289
46.39408426686444
47.25033703128223
47.97038401474437
49.87398091926379
50.64374440054708
52.52614791528037
54.57776478058446
57.15319598652242
58.37321493136057
58.13726514248596
56.16191366711788
51.62163566812491
45.72264160728878
39.3260455865506
32.13931742534672
25.1257008734533
19.048398581803216
13.424785530418708
0.8490530019714102
0.0
0.0
1.9538648660807711
8.69703229751703
13.06116847862273
14.70441423358074
15.857341554437337
16.224626408596052
16.213048473365543
16.208016008223957
16.03285075548102
8.933137127109761
9.005379472689237
8.830105377937729
8.66824685928692
7.959372291081371
6.895478712298818
6.36120591276228
5.6223668679743035
4.807863793891676
2.738939497849395
1.2965135061717927
0.0
0.0
0.5083870093073062
3.0563555113651173
6.313681538474722
6.580891536340279
7.274116802798544
7.344775599814147
7.730474174290125
8.311109801351838
8.435965104262884
9.281843786159484
9.629731359311736
10.37520507420654
11.106020227650747
12.117318127675178
13.211221336058886
14.24395625419606
15.721669353104947
17.02200532636799
17.972843619166603
19.99682332427226
21.921420718044985
24.13544348949938
26.339104603764515
28.245064957690857
31.055589165429254
33.35172794450028
35.854616771742904
37.81880888618303
39.23828290544724
40.4119100743928
41.37694008691548
41.93892619729886
43.09297940027235
43.84421079113265
44.566604831154415
45.60557715080095
46.67042180925955
47.87935636748724
48.622641610557885
49.60971462911522
50.65305736611299
51.908639894156444
54.018510614594746
56.27006553823212
58.36024425556663
59.895962666712585
60.17327689104069
59.35365467094434
55.85232354758615
50.142304650069
42.4375527243268
35.722307748359114
27.968607592957635
21.0348908425266
14.318868986720476
1.4803438172277983
0.0
0.0
1.5597293721091159
8.424819407264984
13.036678270460289
15.176750622219961
16.147562275475615
16.485459459119042
16.4635742399596
16.37228279955599
16.203559528825032
9.102472261661509
8.996323166297447
9.026632522642377
8.871126934776848
8.395979138803355
7.757354567789238
7.369408007077909
6.89244693846676
6.8170024810882
5.7086911080432925
5.192498446110421
3.6428711036491146
3.2337197822541297
4.496703311782148
5.700177790525631
6.561356698534579
6.787221181462093
7.296850354997675
7.447690551845883
7.967824834516007
8.380772443947565
8.771510732242877
9.287381117261932
9.841664521640322
10.664382449042769
11.37358336535626
12.462362916609216
13.525923746768932
14.584422739397146
15.921633532587332
17.10539945094069
18.52259502313011
20.245567959978125
22.473286285395417
24.666966051954354
27.11061992137749
29.015451792904717
31.486694061015424
34.114281993864566
36.29507694272589
38.25791945898312
39.58874108758647
41.065948479382264
41.96682986610917
43.00531864394132
43.4575692348513
44.47712079081205
45.21538580254376
46.50988828990755
47.865325553441366
48.70332050724381
49.94106004672171
51.04368294857033
51.74550936943491
53.532001623724284
55.3951076001891
57.699886801848194
59.60130192331816
61.01991757994898
61.86862687475386
61.77980926993492
59.03277415654982
53.06377640934547
45.888877892658584
38.44504879384144
30.76667579234455
23.23636937248321
16.127474539314573
2.4218242574059343
0.0
0.0
1.116440378956305
8.807462201054449
13.711256111513881
15.592043258319126
16.424303572630144
16.670102185467893
16.698048086368292
16.85073812013601
16.694809340773183
9.192589719945072
9.074125911873734
9.150844247402627
8.88118388184197
8.491618901333318
8.289506613969179
7.776587746077909
7.5474450153859225
7.17218510693409
6.932606938649255
6.20246141261278
4.500743012149152
5.3898011885624415
6.034583464074662
6.667034505883667
6.742475949761854
6.865797453637021
7.308427179459079
7.540028113533372
7.940735320096142
8.51580963608055
8.704430024578588
9.521776405038299
9.952290025045079
10.581827852723293
11.5145691451198
12.760585824221518
13.703851502410707
14.995741962184741
16.29109819867016
17.37203852341624
18.6953608012279
20.69488252215949
22.841270660802486
25.15042658184328
27.142172901780953
29.40752979107402
31.779207311468078
34.41699779225037
36.768199513651055
38.46410583793675
40.16013888601976
41.42638201113452
42.70490572132083
43.64381963514016
44.210315952797224
45.47209133848242
46.58931260096706
47.75313322543559
49.13223052063833
49.79422075195378
51.16884971266223
52.72557272311332
54.17707865499231
56.11009095672386
57.35162812484623
59.33333516500024
60.83013190880964
62.09602827931935
63.46745022877975
63.832112308129574
61.30909338648211
56.814832883681326
48.87113488915783
40.664541226984056
33.04634939770174
25.45556651636389
18.81007592654466
4.365690941911789
0.8790023949573262
0.9685184982687643
2.4890579017360674
10.923843483202912
14.567569626809938
16.16492211872495
16.830530248569843
16.901631857105567
17.018397674492068
16.881525679570412
16.80033588420068
9.202776946666765
9.107924522878264
9.235384189931517
8.983290906263052
8.723694741415631
8.187672701983018
8.052597098502202
7.783912031268495
7.5963416768196215
7.296622423795843
6.678854620330905
5.44662117205963
6.248272316911107
6.620879720047572
6.759262954383933
7.178614878529327
7.453628695357481
7.7177391393515675
7.860115332035943
8.20224216330296
8.698263365643275
9.149580787142806
9.393674770159837
9.91512404044831
10.718154585105223
11.635566186224448
12.762175788980331
13.615071214589715
14.937913498484619
16.34366327080986
17.48608608479516
19.079455705519088
20.928747066484785
22.942785136842883
25.13403917276789
27.43702640247675
29.77256430400834
32.00679960857908
34.9585000331462
37.114593869500055
38.81401530301318
40.43187776267165
41.744262405528154
43.392804360594596
44.30008286303211
45.207457040725274
46.45607311060979
47.65427483780522
48.757813866393946
50.08343768360672
51.52914704693931
52.90037709642089
54.96324848687347
57.223779472836775
58.19798044472776
59.46817280491406
60.581642738682895
62.12729492916164
63.844174440507054
65.84848430908319
65.74912171213101
63.34783658288344
58.725966171043154
51.058780039074314
42.66075119919512
35.13194542200493
27.49850604592921
21.220434522188327
16.551566090544075
12.972125384640945
8.251434775162094
10.786010547511456
13.486558430545124
15.35214593654688
16.580246937300338
16.947332207796805
16.992339319283186
16.954398102720766
16.887240335242865
16.809135406050437
9.194168496408787
8.959322489625801
9.178114653622675
9.034719177758342
8.742668190179261
8.395849642319428
8.25617236284991
7.861428381818978
7.580173210755592
7.394475191443332
6.758107110818324
5.765174065336685
6.664018636343624
6.942027327831493
7.129143218101974
7.221656767361441
7.536427476278089
7.737007368835284
7.832019162592758
8.12928527821166
8.490415563957644
8.929152293202296
9.294104703192266
9.817956595157682
10.668683381110384
11.540286697729396
12.650770500735916
13.546062494898957
14.98378360145437
16.33123951570765
17.383121845276694
18.893134469611265
20.85375306384722
23.08459323289665
25.25691488943522
27.821273401898065
29.827361679523857
32.10491570091523
34.949106567842065
37.15156056828205
39.03621611831219
40.667895590558025
42.637067589697686
44.24341384982281
45.00471498802567
45.93114983306466
47.44689309786608
48.638031473099225
50.11391742541572
51.14044994227038
53.709946128100846
55.51085491874071
57.228364586551294
59.43233936950357
60.06456201864106
61.217271707710914
62.7263256947501
64.58320027637589
65.94522452929655
67.324384720488
67.9684838979923
65.3355948895474
60.305378284293084
52.358862491576296
43.65796918456915
36.36768054787212
28.823464179102267
22.669067261161878
18.368174551997857
15.214221978235239
10.049110731793085
12.707220749177466
14.444881031977781
15.796222503418244
16.486972862039405
17.02280136421409
17.078717856988924
17.068659080505
17.11792200592634
17.036562797140125
9.086125308377117
8.979313357747584
9.15094007567204
9.06436942552799
8.655150029635896
8.531477871929319
8.319479867572591
7.998515287856483
7.496178956105953
7.368863402102309
6.953778038029718
6.062217350522097
6.7200106504343315
6.702359348401667
7.007415557234432
7.134098105446291
7.20236745257572
7.446407833116808
7.6290022149193595
8.070376477841954
8.531140581777274
8.692182372220756
9.216147942210032
9.614523302141938
10.42119624606506
11.387290834996426
12.506529663759656
13.623840823587374
14.643906881886586
16.393763668552182
17.409267704651146
18.78793994046092
20.895685597666613
23.09168099190222
25.280147098769067
27.655980018531707
29.967531983015267
32.083873947518
34.95488714572516
37.01982324310144
38.8483386858659
40.802490703092936
43.04276070675643
44.676451625768905
45.88182433348758
47.3121962756063
48.668340024626005
49.681909659379976
51.28727975181627
53.02424503316474
55.75645299968801
58.344822375275
59.97672359890988
61.312602631135384
62.73236975689226
64.10357048633719
65.4869831141204
66.7989023839923
68.424880454813
69.14997413166309
69.31174363690694
66.77985341691563
61.02650540538544
53.16302249073114
44.251709013407556
36.947916870035
29.510139988136615
23.407683243824042
19.131088406577245
16.355351390432663
11.369853065738893
13.561617307917498
14.930038537213992
16.40848608949077
16.68390680609908
17.06619128542548
16.850739849674262
17.07066950466896
17.029545325992185
16.873414689463957
9.013021482045747
8.786229294493065
8.832914364990415
8.798211575238582
8.5974134414991
8.605828067454576
8.301038324141004
7.831250756318422
7.500271221444878
7.3574787431627495
6.6385942778270195
5.882352725875872
6.439539615709681
6.882302371000271
6.975320327899856
6.964086017905953
6.923938026356814
7.326996934959327
7.447954248727695
7.895577770062678
8.05962263561594
8.306117719737237
8.806563289585752
9.440043834060589
10.244251564546516
11.085436609065821
12.000027947575957
13.42802163585269
14.595675387224091
16.094153950328362
17.336534819124005
18.673828767231576
20.722528219071222
22.957129129204645
24.96724148779895
27.428972839806868
29.659955349715084
32.18274049656649
34.476186915856005
37.18539536119266
38.95061960991405
41.29953830789058
43.3949770729616
45.30941450014183
47.15110045031495
48.413384711895986
49.76767119052944
50.974555277104905
52.63256780336038
54.93342747220018
58.347182586994855
60.596812008597006
62.46744482358176
64.54637615409595
66.45813264890265
68.27461733010121
69.26899176141227
69.93027836580326
71.26413740147284
71.49213563552276
70.49794595465951
67.50978673378336
61.24868478783737
52.948328247829814
44.09205529625456
37.18344672720449
29.504508293235126
23.65963780755458
19.36217656037362
16.84583325051634
11.67822531596598
13.695358073658106
15.099245840873477
16.10435816445144
16.508874316105945
16.77642960993414
16.813024310834237
16.888212319888428
16.863062953528836
16.75771207800362
8.803174908942859
8.84925403288281
8.91269625103684
8.520588883338513
8.45101355472442
8.22601796610618
8.148251770112651
7.737001934209262
7.318070416437981
7.076279941655102
6.521667834697853
5.639060483425877
6.311573424703402
6.667773510376898
6.453401332859833
6.63715316529325
6.709791293956579
6.620497591824435
6.743208508859263
6.356246133722193
7.429155541677556
8.00088611467263
8.4132415131394
9.019813371059993
9.684532600536189
10.693710389386874
11.736743110785003
13.155574759290257
14.094941975702332
15.562980726672638
17.073327664819345
18.217940528567993
19.942209531620357
22.380107941139237
24.654078736488312
27.171196787274162
29.386450563561983
31.535088463014844
34.44091173258726
37.06286811609219
38.99276080907942
41.15740708869157
43.73833397765451
45.54616007611338
48.225052410089816
49.60694376472511
51.112963378742535
52.117910326225626
54.69394439345624
57.340965974477434
60.11683963873586
62.552222500983476
65.96512368014564
68.8846538640801
70.05707602743199
71.84314180130777
72.13703447870603
73.34267892390253
73.70697440000458
73.3888615821162
71.85233433828739
67.54314644816697
60.72270925644995
52.13561978614595
43.38798039736114
36.485118269789645
29.311856830332268
23.520960092960266
19.449931187578002
16.94105383355078
11.865717574930343
13.624280298647939
14.97530240472114
15.852349751542274
16.393606797764416
16.670999512552303
16.643253321973106
16.488463819929883
16.479440355721447
16.557422565735145
8.62256211708179
8.641929947580246
8.717193157416085
8.341329683581789
8.054147542550936
7.804892321956922
7.6948749297895604
7.440925552008876
7.341894521844333
6.29353370155082
5.84901463843609
3.3958746948374237
1.0546867506052426
2.92402838103084
4.232021940574292
3.2367956544587018
2.6279885953656335
4.980824517434309
5.393521631199583
4.823794108216822
2.961020164898989
5.088708064614951
5.863583266167091
5.729009424058332
8.652431926914664
9.874239533088515
10.975180744633201
12.543816927320895
13.794971444122154
15.152093939264631
16.730207867674096
18.053080746008526
19.64199702233193
21.71055931680497
24.193391192429537
27.02174563061264
29.164082255562032
31.60895800251709
34.07916738455329
36.64586375218149
38.84769388134828
41.30201119890075
43.6259098363124
45.72833362437268
48.2330854850238
50.41869282808469
52.006574678643645
53.95371759921553
56.843290132303416
59.22093892175244
61.09536580189639
64.3224002272955
68.15250238219838
72.00861283099555
73.6643323193832
74.20762993711396
74.75946958540774
75.00333263474066
74.86997189179988
74.2048898308214
71.70216350084667
66.26157041144509
59.020002236510976
50.626736392285025
41.742060845790824
35.08223097861372
28.30052368294124
22.75166690583119
19.084369076458845
17.058904371367184
11.70030886617897
13.549695837461325
14.699910422079387
15.53571152157722
15.794860919064007
16.395580445835392
16.256562174256576
16.375163580171137
16.26233797025858
16.077665050704873
8.501432617662632
8.40635223884098
8.461662230582325
8.374710534997876
7.903564763556746
7.556795887594128
7.255547047298294
7.038252659461836
6.411935140166078
5.955593127954576
4.386916462201516
0.45735888895953136
2.5897568656159393
1.520081348198377
0.0
0.09395862924560819
0.5477009924785542
3.0170090931322555
3.5798664062498227
4.317771470420929
4.201487593636681
1.3634836327890303
0.3248476651788831
1.547979108693337
6.500261919051894
8.648430637805102
10.572365001596385
12.176664148357956
13.510892644598258
14.755433664312966
16.4542010655167
17.544286511103813
19.12960429504554
21.265175232711226
23.757637683458764
26.117828745843696
28.56702364166215
31.300021888032497
33.27167870078483
36.0478063373414
38.59425429888333
40.46315818939692
43.22336141148429
45.787094040180094
48.260344932950645
50.5189019091193
52.80534096050638
55.50446266652441
57.5122681782373
59.97397111920872
61.860730204237186
65.23842661512931
68.4199180932606
71.27218969166867
73.22882627800057
74.81476816164201
74.83098574865669
74.65129045285562
69.1163323809088
74.20072993726147
70.00504885173935
64.02366796225667
56.77613730727599
45.83965743365973
40.127270605618925
33.315649157242376
26.918202933546304
21.83204647749521
18.657568456609322
16.54945488304907
11.451086057097323
12.983861017755887
14.134591098505839
15.054203163150039
15.190204077741543
15.918032981220266
15.688270618653501
15.767145947863757
15.810921040896702
15.991789196497745
8.50063693477807
8.465490456419744
8.451270046071874
8.0810295252945
7.724634019102424
7.429840355631109
7.2174600458104985
6.8507546409682165
6.398953983049404
5.814348610903237
2.6184504590796456
1.8421677795602514
3.0656173667736706
0.3794716769811307
0.0
0.0
0.1252781723274776
0.4997527066735181
2.323665794877623
3.804695851627924
3.104052762670279
0.36781944262094163
0.0626390861637388
0.6336651816347837
1.995169737860454
4.343347572998702
8.88511334555134
11.382152548760983
13.085248318926208
14.204410865521746
15.936211658540687
17.186175134764923
18.56229961210257
20.285384092567252
22.55157923451436
25.034206075353936
27.429046176516366
30.275758444042562
32.69582315832066
35.294992783324155
38.101471330069906
39.96204766072746
42.388341648452
45.05082347823978
47.8862056224163
49.98765169983995
52.53580265994902
55.56181875559214
57.98826919354802
60.07078566395713
61.848572927585415
64.5172663979929
66.99523357718238
69.38637414819856
71.13406074754748
72.58581798986786
55.58150817687983
20.32792554601724
15.692239674899024
19.368142166050404
30.169191367892058
24.220441347904273
24.569047872070914
33.34613520894745
37.42384542486833
31.15549931931561
25.028931255729976
20.45876952032654
17.727682340959582
16.146077673089508
11.203804407020039
12.467724299698405
13.669866366045941
14.128250653365667
14.569009531373583
15.107784769102397
15.030352477100447
15.323029698784644
15.37511355610573
15.544720827300665
8.561427623265388
8.320755609849403
8.44011530693398
8.02419172784972
7.499060034075759
7.158306541896345
7.074755276838204
6.636388908846974
6.37796934787784
4.800664895807361
2.4294220861572313
2.657151197753597
3.590485111528381
1.9641764741649792
0.0
0.0
0.156597715409347
2.2927706849749967
3.3295238245996193
3.3550369608717214
1.648173389072008
0.0
0.2505563446549552
0.156597715409347
0.9628907611764596
5.675691893988733
9.545709912423776
11.029437967876216
12.418910307634025
13.719527914215398
15.195720178661817
16.593926472818225
17.710115544690947
19.40983624808397
21.76706347750629
23.748973559780005
26.39791185909215
28.973664368280414
31.670743949339865
34.217910547396606
36.91591312652542
39.29331848645954
41.29272849389026
44.10187042456124
46.653133515926996
49.49480266630319
51.89064225047455
54.23547867781469
57.394774035475265
59.614058566418024
61.609721319037384
63.284720354428586
65.81439194704805
68.08659543372885
68.4446958651175
31.591676763663834
6.618694915829158
5.9881681279749985
5.660586723741298
11.727442855075052
14.150762128753442
40.39433011987845
46.847099895630606
40.35006114542737
34.31519223071757
27.903137507638036
17.70665324247663
18.842660495638018
17.02811705609023
14.830839694010857
9.058108473476633
11.964930750196766
12.856333714806896
13.568104791864318
13.745915078787561
13.970879008463985
14.046549868924805
14.410664009070391
14.799417236514847
14.732323830373403
8.585223976277797
8.465468627924334
8.092979857399824
7.926526246957708
7.769005198631538
7.355245693118458
7.035868253224152
6.704507907030753
6.5799830691842605
6.45947422818498
5.772291699971547
5.338830714756397
5.9376422823385395
5.298466948385031
1.1931080370215965
0.0
0.1879172584912164
0.0
0.4537629975050586
0.6059827985516121
0.5950713185555184
0.3758345169824328
0.0
0.0
2.5452092877732864
7.453625378429493
9.090076359974768
10.513731464744565
11.825927352412254
13.206212948837363
14.563486253871499
16.051387732610287
17.043392034540098
18.578604154843028
20.352480199202933
22.8062148125027
24.89679056721594
27.50469905359691
29.842301654342595
32.488852993108516
35.19080334623806
38.03356901601012
40.141330115013915
42.624944528437304
45.10114169004095
48.04700853970198
50.23298611508365
52.775592297922465
55.926884300944714
58.75919072689569
60.34115104582094
62.202146154499005
63.64991483670142
66.0697151303562
33.14869461240894
10.036794953161051
5.785303882130534
4.5390452654741535
10.074851196179614
11.315583688593438
17.007659919556165
26.76029673450328
42.47986056897469
36.46772362895225
29.84379208580505
13.913845031800326
5.9035581646015745
6.7187908736329724
5.109122027578585
6.801725456394169
4.137326411463409
9.90387631582213
12.042343916590745
12.539350864991045
13.092949018547742
13.426739282990262
13.485811114005514
13.633482385054332
14.111733132421005
14.073263562451398
8.185388046979297
7.987971336681102
8.150470985830026
7.937441077600569
7.421408306021321
7.0622242332292355
6.891134411794842
6.95042136918405
6.829730593125416
6.703743650584477
5.818155416234344
4.8654390887514305
5.862030117848698
5.6919395942258
4.769688612005183
0.35980436825945034
0.0
0.0
0.0
0.0
0.38748675134262195
2.228630917500471
2.0211294735989993
2.490864515822452
5.0535726662170415
7.529936053483848
8.97344585234795
10.308241932787135
11.57090296199023
12.648799670200562
13.784402663794944
15.05672306827806
16.486523827988712
17.584179842816486
19.041146931342247
20.964919104277016
23.629483664466942
25.766976087602348
28.17083272505763
30.866052515966793
33.64991090084584
36.52097991719828
39.075314889055534
41.089118613539085
43.54007210638958
46.03465488229227
48.58382659860992
50.8276283017832
53.5767506138695
56.52852070246111
58.770780508026995
60.53080389390405
61.880743793555396
39.483663839258654
38.68797331711194
57.130465374653014
11.475710895848202
4.286463365789306
8.967400915517366
9.902255120542227
13.011101825416924
33.55907082651855
38.25975967575434
31.426732766295345
10.933937296128903
4.658678429236
6.590697843971981
5.046546685492417
3.3019485429685793
7.882342219276919
5.1392817925723415
4.2851525589483845
11.22370932322553
11.566487504131917
12.10185342475257
12.525217102840001
12.80214841975473
13.231159975904857
13.44498116401069
13.688349499735438
8.137042036774506
7.895615810763586
8.073135862947337
7.893226553758351
7.471980220481369
7.230583285882789
6.953628743914807
6.554646111026439
6.666389208194088
6.306681666160788
5.8964198744869165
4.763663712065868
5.798625244204428
5.837904266105825
3.24339522385955
0.0
0.0
0.0
0.0
0.0
0.0
0.8675721492944592
3.638624263825017
4.83861771230621
6.516365529979638
7.407503221055552
8.58649007596798
9.73823591120483
10.883140438062542
12.013532023526958
13.192240590630307
14.253051406874246
15.710250053689315
16.885272965592055
17.856652711561225
19.591313506425603
21.826175446066372
23.963536742800834
26.544435520488108
28.853895551198747
31.60983844066373
34.28161248918119
37.005104046553654
39.06377198919244
41.25736225786752
43.644693707247484
46.05329847334728
48.48157859769051
50.2850550370874
52.541455471733016
55.05392513318874
57.11377108973624
58.80075884533774
58.42744494509962
60.070198527387895
59.43595291505803
36.767178535676486
8.272513455993467
15.97846292429297
14.314329629369567
35.83017154194294
38.01106996578244
25.81662369757673
25.398011910987726
7.583591579028779
2.3954134630625186
5.370519978436543
4.0249616361628044
2.726961151665073
5.798179065671608
5.436394470287951
2.5758101529038497
10.401758797912558
10.913683111745751
11.250210113307409
11.754844799210323
11.84795446647814
12.24448281134466
12.928528081662213
13.093884412903508
8.054581605167654
8.043789397793677
7.8140694175181
7.644038990434262
7.517490600946117
7.05939898672162
7.023317104076287
6.76657926184243
6.588323481895191
6.587584477401959
5.851331675827248
4.527392449250325
5.639917451221319
5.798314543387938
1.799918812857769
0.2505563446549552
0.0
0.0
0.0
0.0
0.0
0.2192368015730858
2.7730618124675006
4.6439283578235
6.245875934219347
7.369971794922284
8.26639687713961
9.481042401592406
10.453019411737131
11.4677250499585
12.762276478144118
13.687659822463914
14.871922744823511
16.272364806723623
17.157466940949462
18.42584347963647
20.16025129073331
22.284686582471465
24.37192762896772
26.81951197462128
29.182697248218872
31.90380787440494
34.51141117834593
37.096543570382195
38.85798931543426
40.668218661232274
43.275926449768946
45.466585227705764
47.491293237110256
49.14367371276673
50.90269645015504
52.49080202971145
53.897498110162424
54.84422868065198
54.681352496288106
53.48736678948009
50.927788751308526
47.468667009766726
44.55648252705659
28.964082943003444
15.896360305389422
10.56335094066803
8.576333497788028
9.963295888609913
10.911034447099988
8.376532466116519
4.625690677389463
4.287788047325328
10.390801957528343
12.5830843469329
7.735035478968004
6.281666377358723
7.870651558934568
10.3431167966844
10.7572347261988
10.993017244878274
11.378943235780698
11.760601513247119
12.37616545432168
12.821088276254438
8.196024557779293
7.985808916300767
7.934909262367579
7.603858127532055
7.379758635778787
7.146065975869346
6.895174693747229
6.647337810921765
6.618248992231039
6.349770078550748
5.874243276023007
4.723289573042283
5.618172403435143
6.095368661902094
1.7137020411784902
0.3445149739005634
0.0
0.0
0.0
0.0
0.0
0.3758345169824328
2.5425450067216313
2.5396608891351455
4.435587460788277
6.836038085303673
7.779658010062414
9.042952278187729
10.119125377668308
10.927498827995471
11.835496985608886
12.933311919579733
13.870687516108898
14.911945633577497
16.476263552968202
17.490958261967936
18.917462786066704
20.36978295637658
22.677790974087824
24.865644496003462
27.068311691185823
29.258272013898612
31.438418351938086
33.989876504787965
36.027956863160234
38.03510788611118
39.78057581095213
41.39804279997961
43.6944832756151
45.35882710936738
46.263610921812585
47.73672115060354
48.528560184985295
48.66065880559513
48.45819946837663
47.48183387792506
44.883637122878184
39.85867336454191
14.893682825067247
4.8699234770430095
4.1333096081152565
7.209898364222001
13.95585311928203
13.21566853787762
11.92731925702459
10.360128668552912
8.376753535238468
10.059141243359518
13.5718199703107
11.953609711749264
9.029261862667711
9.653682421111439
10.035501655564442
10.087328230490531
10.223843900721386
10.538636361535923
10.69177751222307
11.320965953818991
11.908075353134821
12.50306818020283
8.032986652933857
7.915772404731686
7.941603445329569
7.551309349523019
7.359409489817338
7.354754065034811
6.835709585722162
6.528162768199203
6.316092707681996
6.329954424832146
5.865729883991987
4.423410783387866
5.3996376183256025
5.9526777132135615
1.9251099409766157
0.0
0.0
0.0
0.0
0.5011126893099104
0.2192368015730858
0.469793146228041
0.4071540600643022
2.2904539054288824
4.762896527350454
6.63790151744751
7.271958894286774
8.46769030781439
9.623737143433232
10.377034063087857
11.239667569664338
12.121269267785863
12.937590031627467
13.91649691146303
15.040063711500549
16.402848590213857
17.41518167754275
18.63240445054251
20.107076410901392
22.135167028362133
24.376681607625287
26.330062024527784
28.288308871846713
30.402540789662662
32.12566255507181
34.33804514000814
36.575203926075055
38.13733421793092
39.661024903028306
41.0099240951531
41.9524258154371
42.72302446629727
43.03743074751964
43.141996312048676
42.57459462630457
41.206708084458526
38.48650841727423
14.046756532490452
4.260854073387921
3.6505472990612677
4.643615974313371
11.243740588982048
11.923481639771298
10.548259164531569
9.8949062860861
8.658991015049851
7.6888676482911
8.483041829268592
13.314556469791219
11.175458996780108
8.612141858713834
9.432845891975317
9.892677099769806
10.087702471204173
10.08720290543441
10.18256061664048
10.491057329389466
10.874800916314832
11.62252024285916
12.034835688829087
7.924419117023373
8.141327027772396
7.853790543926608
7.675840780618637
7.243862925796951
7.016679506818114
6.855067551283238
6.519822355488273
6.766011766664489
6.437272377768024
6.134549844333034
5.0146470541379164
5.580685178365021
5.844556899042638
3.3102838310461045
0.0
0.0
0.0
0.0
0.0
0.2192368015730858
0.3758345169824328
0.1879172584912164
2.2234146042698213
1.9906538562417875
4.791659314430077
6.90828716631851
8.050814353276268
9.224963569891838
9.732702344055927
10.559598086076045
10.979696745263135
11.476655597027179
12.501217233325661
13.33363505805584
14.689434464846052
16.031452233550056
17.22817364527681
18.40692447469018
19.83839566707892
21.542121604455396
23.37681373805169
25.352303480403485
26.575594772911156
27.9990238270993
23.938738860931057
30.998066760295988
33.38604652656488
35.34812955930553
36.78918492320611
37.58834108425756
38.194897218170574
38.37198271082372
38.06223700570538
37.02644010911219
35.49502653523935
22.23315335611126
5.093065325553274
2.235412909242534
3.8908503613342997
7.970149272257189
10.578615570781341
9.518377500545581
8.476332061339178
7.979752891050672
6.748265507072684
6.341663335059402
6.694897699155334
12.805366944860362
10.30089204119837
8.530040736997796
9.281321665025521
9.492376317388418
9.587554171873665
9.63365003029797
10.093503549910952
10.20824391388144
10.568758768274032
11.149180050495
11.541830638559006
7.870936831531898
7.934803564396734
8.060056698232655
7.693095211314909
7.277883790896316
6.959472409699629
6.788367566131506
6.631105521921148
6.615188952945564
6.396069075096583
6.1895208779068485
5.136410201037345
5.560524604844685
6.013427632808426
4.925949841484555
0.3891447004326307
0.0
0.0
0.0
0.0
0.3758345169824328
0.0
0.09395862924560819
0.4384736031461716
0.0
1.663810530323103
5.882382057904331
7.461423460365608
8.47766987926876
9.233002468808522
9.444443331934913
9.971445646310007
9.623043582107934
7.136700990307612
8.512214231516316
12.6876173266176
14.082451274462699
15.420321537031842
16.922974173133067
17.848492003406935
19.063317284138336
20.576303530774844
21.692067468741552
20.845554956502763
14.292623170991337
4.983402018270349
19.898560102296205
28.454113798939463
30.779746103595777
32.09268595006487
32.860308002273534
33.31806866813319
33.48971921978345
32.82913317775841
31.6120863926628
29.550843670473483
8.2903127897
3.986169038985831
3.5549312297057925
3.378718604786829
7.794429670960049
8.303850563772746
7.9472577881724105
7.0216129576395705
6.560355684685671
5.608637732264272
5.0941622738479095
5.915237509864824
12.25808510565292
9.430100908482155
8.68528924620138
9.05814489183725
9.260182803561918
9.306496248837703
9.571714791903382
9.842405488272416
10.154112137816284
10.450006303099038
10.993516885766633
11.226207034225268
7.919227635644099
7.758251356405515
7.975377050908417
7.77444627943347
7.370038823791439
7.069527761131257
6.8443784980146045
6.562222267291092
6.747605667081743
6.487197662485283
6.183282030701114
5.329494070311835
5.848517324520259
5.806702208004791
5.045035505540053
0.4567809292314597
0.0
0.0
0.0
0.0
0.0
0.0
0.0
0.0
0.1252781723274776
0.9395862924560813
2.299076574946069
6.302650453711821
7.702976145449224
7.922770378455926
7.699047019766116
7.109495924819096
5.565374698195284
3.556433210186071
2.9110485950195657
8.471910265054053
11.960029643391808
13.31438901811424
14.547108466864808
14.871545909934639
14.247390704284149
13.338836171100324
11.472629746648973
5.802160076815786
2.1598362710034524
2.4527217461122173
4.008200617969383
12.074245118220075
24.489522866155472
28.178781563889302
28.898567266578247
28.943308443678102
28.77477914295108
27.807738258810755
26.41692824194515
21.860534022410235
2.9222617840839447
2.3835463083173045
3.311782278768102
3.402585143376766
6.80532912190115
6.785724058758495
6.399539317936699
5.770504724830528
5.0122481672181465
4.7607535939652985
4.25286239855807
7.07212864287223
11.675473653237333
8.783712819113756
8.549618862784765
9.054662890825774
8.875614601580297
8.911470452538541
9.274358337182797
9.641200025239852
10.047158775829134
10.53061969869183
10.780093672801394
10.769486594359188
7.839930789169942
7.771772047363492
7.822417381732926
7.655890318065426
7.278016902615617
7.259974540878992
7.157850679492682
6.805736780905343
6.760083082049085
6.33781170150776
6.383303518153881
5.3560030654246225
5.105337104935107
4.919228752747961
1.827730737051956
0.0
0.0
0.0
0.0
0.0
0.0
0.32848482517758093
0.0313195430818694
0.0
0.0
0.0
1.9404276941860734
4.568850844250353
6.584696914279642
6.465233450137597
6.084768770325518
4.872593821352455
0.7846877946809686
1.4174677820468684
2.1201704436610984
2.9155121211575854
6.6045346656343975
11.349655224783538
12.631331655403073
11.571265889973336
10.75780826898383
7.253321303395267
5.893387490064304
1.525993253086869
1.2359901859155846
2.413526503034892
2.9408303668752835
4.239474126576039
14.22367628471347
24.034580074354054
24.652351994018776
24.692015831431412
24.422782808353844
23.327702679774568
21.351941084275175
12.25663823173084
1.9678265311185967
1.687508006515369
2.128474216389012
3.0558161345473267
5.622036098461084
5.435030242333677
4.862875062367577
4.461923364602588
4.186587079890037
3.3273151570478943
3.2924203567836656
9.717445602244258
11.198612653377035
8.046054799829976
8.425938553576927
8.740430060576905
8.824666377332628
8.86076952699236
8.940223141552398
9.29430205025023
9.641946772212394
10.034746667504674
10.170711929658268
10.640749002518612
7.801665736731273
7.926687235374543
7.885917709250982
7.634143896123598
7.3552657451583565
7.358239439790131
7.03836215932234
6.606848540234634
6.465258702090642
6.485647687866011
5.760057790402211
3.543345953816453
1.0355767673395213
2.2742677976845593
2.6877927816777727
0.39471980279579255
0.0
0.0
1.421049646223473
2.374692282530625
3.0692353564101857
3.939195168775207
2.639727297234305
0.2658457390138421
0.0
1.0785974158188065
5.3715396493506695
6.183282030701115
6.226561088036456
6.479956920764003
4.725387573478067
0.7947774140678542
0.09395862924560819
0.156597715409347
1.5659771540934684
1.7916649842114045
6.478149843076008
9.747076283481546
10.675797357929937
10.895588909855707
9.652485430317506
7.350368625644626
4.712635025983337
3.968937824169555
2.0621866040416577
2.069986249037981
2.9104767073471782
2.4138601076163435
6.216191080547422
15.017083612843024
20.97640777866456
20.793468252474717
20.401458795649475
19.797963835485444
11.087886350847818
2.5975195564392592
3.1412095556386683
3.1150887858996263
0.5950713185555184
1.7829091554858174
3.9370820624065956
4.351180618281415
3.7337758764837132
3.1567424339184598
2.6917881445860083
3.163812258998302
4.048070121840131
11.189285888997384
10.859851422223976
7.6064048909443605
8.55951866100938
8.772129326383958
8.57496968215472
8.75709578500291
8.850093372758188
9.122031110978881
9.456311409432944
9.758828940947222
10.129666282424598
10.362933550371775
7.485305977289941
7.7090988148720765
7.695103575476332
7.656711739764817
7.463627212618048
7.090792519732367
7.034772656368446
6.912989124282024
6.871735597148619
6.856596064175789
5.901728597024231
5.4046669599272485
1.6220245851050854
2.062890111451623
2.7624827726200136
2.2408914472393784
1.1462158753081477
4.478116833548793
5.303915414454977
5.089616443673751
5.5088544448944585
5.9625476031421245
6.029660981706372
2.1059382258745036
1.5575330318398255
5.559828329039394
6.69949631389228
7.084347639858934
7.538274625136105
7.1746073343455325
1.3083118194629557
2.3531698233387064
0.8095537238138393
0.2505563446549552
0.469793146228041
2.5704701931056686
7.6488225381450246
8.131739189947393
6.8946333320233695
6.3227076814976435
5.246531747139415
9.348108692890635
6.492135791244737
4.630933803803138
4.536035636743283
2.5887194267579137
1.2967986125185258
10.666874445084497
16.883240927273135
9.901306473126281
15.87837185119096
17.752199557176098
17.457435018013083
14.762500989398854
6.422633646988287
3.2265276000083447
2.807361111561804
2.7615158422981327
1.462501307486066
1.3534919013481104
2.8205634674331646
3.0058619812361904
2.910579878707739
2.2724521475239903
2.99439545532501
1.7567908182192877
0.29714464782359906
8.11864372924919
9.91719522432405
7.523556476410704
8.211167195437504
8.68078858988403
8.645218981880552
8.556823165806378
8.703985066438031
9.076010174175467
9.12857824626552
9.754406658305507
10.012801678684808
9.978065568649072
7.4744129464340245
7.458568902323821
7.645229092501367
7.554247278474807
7.2995772359461775
7.134820505559685
7.045628914296646
6.962407156067751
6.662515375404116
6.94573911020237
6.446239863654989
5.8597515967992235
3.662935207496293
0.7104765787729782
1.7583041744728731
2.6833297912209697
5.421712730128934
6.3826831929732215
6.252093040254235
6.551783799857167
6.654531838963281
6.759591453965443
4.296679229130102
1.3145493618736825
6.497071668065588
7.329976378488254
7.453065535913879
7.9448626366301
7.845434155579883
4.860765752464434
4.787823397237735
6.454268174820866
5.9371834536397445
2.0835693116319414
1.6604242174323809
5.261065469758209
5.300504522137755
3.8206611245726325
4.212260274374925
4.50756343601722
2.861764557637366
6.063172881994418
8.75992108655477
6.334729271666818
10.378525489794516
11.767039592046746
10.21800643323368
14.835008946265022
15.731776547160829
15.69579224474454
11.392549418733704
16.246173940759203
13.977550707370927
9.809623147261767
7.159976418754729
5.702605263537397
2.3654836499914715
2.3889125883095437
3.2405649194620945
6.196970500944309
6.4437198268534255
3.9844901890955966
3.048663525491713
1.928474408131135
1.00222537861982
0.3758345169824328
1.344482000391939
5.1085806035341665
5.573741397335121
5.405921901422505
8.159948708414452
8.494452448759372
8.31710328150931
8.466924642374215
8.751571431266116
8.937800000094661
9.31139251514058
9.373971363308614
9.795128907133043
9.94917899353874
7.391981285345141
7.360392745984623
7.438923273994328
7.478737017064808
7.236858860456719
7.121238562255812
7.051985958959097
7.03885378740598
6.846617638711804
6.634741437197724
6.694137894447436
6.2752213087717275
5.331439201611167
5.372328932943718
2.415430139318247
5.150654832041245
6.300681015912573
6.388017363249263
6.743086536602192
6.760847338495361
6.690884107393997
5.86559577453874
2.887642788076872
6.280904922791803
7.206003855510985
7.328776325420528
7.561696071917314
7.808254221722424
7.793573759751301
7.108412911061818
7.802624918090677
7.764618842392749
6.5493550028953695
4.587620840522231
4.111582983868949
3.941535867652177
1.8491348650168353
0.313195430818694
0.9709058355379506
0.735638885241883
1.3190579694372115
2.2257813072668964
3.274670070149024
5.625023691325379
9.191190062754119
11.209870916506937
12.671448643482304
13.399901147444929
13.752780837181195
14.122729465385287
14.191561051747453
11.490973312914537
11.750216625689852
11.65547633936742
8.975932959522755
8.52740233009105
9.10162000149594
1.9882916613694397
9.299147277063541
9.987009416892299
10.226961822008368
10.492396361581397
9.754093869921862
7.309262787552831
5.575201749173267
1.3738730514138333
5.3106739869147574
6.634528800762334
4.5048423515590885
3.1036394835435783
6.80501308826107
8.279654890529901
8.37155775476072
8.253882416003323
8.570307766322776
8.773619539341611
9.007217858365081
9.273532902690924
9.396799051333254
9.744496068187017
7.228581007868244
7.244162388358743
7.4450574571178
7.489713418830734
7.273520718502882
7.067303642567783
7.2837181834445595
6.927323551723429
6.649511621503893
6.535738924463857
6.64358293688849
6.320471417678128
5.541493377132537
5.403724321990644
5.901065298489637
6.220012357684518
6.42627269234302
6.742704408379055
6.595517509936706
6.681923648946534
6.948892856291499
5.87164512714136
6.994481648996847
7.158342307576323
7.371250011160558
7.4851395542470796
7.549395814080407
7.7736248577340845
7.740369268600783
7.6969308820691635
7.788863044522785
6.835530184329626
5.638160841330876
4.646124106261511
3.799528798382426
1.7683784886701888
0.0
0.4501258375063607
0.6263908616373878
0.2505563446549552
0.6577104047192571
0.2505563446549552
0.6577104047192571
1.9956742942419403
3.57004141545377
8.801665142147591
11.020435322383404
12.031560525849203
12.686382766696358
13.086741684561487
12.797679217652645
10.32761839269405
10.594589494531395
11.393302446383752
10.654502648085032
11.645847534748517
12.271962429042011
6.804712277260629
5.456895360059526
11.766090459009437
11.498321883727638
11.110756839385326
10.63245778058956
9.06122488458557
9.246307991823256
6.627160594820584
5.706442321903482
4.747296732081705
1.2561606886957029
6.738551989661663
7.858729190356956
8.012666081043045
8.265116921142873
8.321399563516758
8.450757063376969
8.485464233475595
8.798956681717412
9.051568963938719
9.290069917641283
9.421817708422225
7.180957428434127
7.272111683956075
7.4514833546230195
7.64608784041673
7.431495565853829
7.203350708743004
7.165263707255204
6.840460495479198
6.548598467654338
6.548097380674501
6.471616508053073
6.295419090713467
5.764085933861557
4.693319721953526
5.868791865989284
5.984503866059487
6.456968793285802
6.6336455564343995
6.661606908248097
6.83539610827438
6.850764870787531
7.171921410052278
7.347533202794142
7.447163158082263
7.519404136388728
7.4280660088183925
7.470616269566865
7.725389344067879
7.848341753477721
7.718837577942883
7.385661013610406
6.25833188745997
5.442924406298446
3.987536661091821
2.729246109300782
0.3911239113413198
0.1252781723274776
0.4384736031461716
0.0
0.2818758877368246
0.0
0.0
2.0044507572396393
2.0044507572396393
1.2403887345504903
3.996536296499272
9.788321636184683
10.91124918360852
11.84939449315062
12.401448584730526
12.626402737196093
11.43628329407891
9.184884586237274
10.366250679640764
11.082538274075972
12.015006083964785
11.973106949939083
11.71481889481197
6.325850665717605
8.077879586458456
11.476062520132876
11.288148448581635
10.647702991893397
9.223291162828477
8.81463558186424
9.698067042732353
5.358398446523026
3.8911521765636836
5.875150249803201
7.523004773644008
7.844681105635363
8.009854803797989
8.23938368581259
8.30581757139897
8.295342049015808
8.580260642573528
8.48050089977132
8.866491227787112
9.070863398796739
9.05814489183725
7.051494330875454
7.170710222683163
7.092258472502467
7.268634521690607
7.158561307297334
7.185044650124569
7.135081361613575
6.827600952288719
6.605370531248172
6.746077154189191
6.259524706365022
5.659445952740376
4.891691763260766
3.545333715795896
4.237012730725565
5.88812265879845
5.993860714269048
6.508491325190346
6.303063701828728
6.549124806587217
6.758238849131501
7.032864856080676
7.019182344397124
7.094118325804448
7.632002429479162
7.571528943584059
7.4409970833688295
7.600925570242183
7.779894355397427
7.765042813206459
7.240743410724697
6.06087129502466
5.3576850009074235
2.3524804460033715
0.156597715409347
0.0
0.0
0.09395862924560819
0.6890299478011265
0.5011126893099104
0.5011126893099104
0.156597715409347
0.0313195430818694
0.156597715409347
0.2818758877368246
1.528205918501731
7.267845508671357
10.010928014369851
10.850614446684721
11.488207699868328
11.716091069779338
11.931771843419384
11.078996927619196
10.103031616509602
11.107079732619779
11.774302524328839
11.719576803548772
11.65002483983356
11.527743289043343
8.896674480605482
11.086641661115896
10.8744890247588
10.197505959643115
9.424429798693568
10.019691964443284
9.616332073532368
8.812813410250977
5.988125620253935
5.658833269337599
6.625135681060683
7.309937829389984
7.730322227858766
8.004344335090916
8.235098741014578
8.19600272928389
8.330570595712782
8.686810439017053
8.721787048693686
8.87018448124006
8.916600112159403
6.903884455124818
7.02131198523382
7.113443406270147
7.220181883110514
7.291667536451526
7.250701659814484
7.019182344397123
6.749898436420571
6.493721140884175
6.554934532445923
6.012238045241449
4.150918586292748
2.9587988897000352
2.4458761095045953
4.345713858254284
5.27763450944422
5.036264716156646
5.874262038119984
6.075688193010594
5.783602549790993
6.4784638458179025
6.904977211152605
6.957505897365062
7.16624696342249
7.341894521844334
7.416453418677009
7.5281160608302
7.476518647398484
7.732523024272602
7.4123253876581
7.059703005273208
6.143329564384397
5.032003612129649
0.3437742195364679
0.0
0.0
0.0
0.0
0.4384736031461716
0.7829885770467345
0.2818758877368246
0.5637517754736491
0.4071540600643022
0.0626390861637388
0.2505563446549552
0.2192368015730858
2.5631890149232204
9.190715595411206
10.686564818592048
11.152757938358155
11.292415668870236
11.599141586312001
11.593879913524068
11.398695463080234
11.582718964317053
11.579195145595149
11.631724198506966
11.383943122273235
11.255171145111824
11.062472799131566
10.965595780773219
10.554467032513095
9.614943684867756
8.778911383704056
7.731942598617893
6.67280403374464
5.756922222247709
3.8428807366087976
3.4466038308517226
5.099966526702948
6.605433507550828
7.403789915098404
7.802248420940891
8.139010006787416
8.004341345585042
8.151002853714346
8.480597672235994
8.590142383457193
8.64540744867366
8.752132451298637
6.667664010516394
6.865033197190745
6.840460495479198
7.051002702791813
6.940277572640685
6.872718853315902
6.839968867395558
6.6833079511293425
6.437153139567202
5.761318878160009
4.127117153477253
2.5787997896222543
2.7118446874452906
4.630150261390353
5.613756863271103
6.097149247151133
6.300728009036462
6.111585808697113
5.888072238550804
5.440830180089585
5.56877370426965
5.818420073743829
6.138162907174541
6.5702261493928855
6.7124032968367615
7.059730327131048
7.031425737509727
6.992097873625741
7.104839296677407
6.988032055812691
6.420914684614889
5.6993521551564035
3.7766179164228832
0.0
0.0
0.0
0.0
0.0
0.0
0.0
0.0
0.0
0.0
0.0
0.2505563446549552
0.313195430818694
0.7203494908829958
7.5638164355380635
10.159730542526951
10.697896953004687
11.019642949529917
10.981044234103061
11.11170094186123
11.183148924067526
11.183261688340602
10.864815081444906
10.917960970293374
10.383771617454649
9.249825551819159
8.395330747120829
7.903691105594423
7.140686953014417
6.6724114013030205
7.661190111651354
8.443280158684331
8.897654871322965
8.972161870776416
7.959189378152655
5.51346042147145
3.538492598573809
4.133692479373355
6.022361726525515
6.824519144116612
7.569025728769825
7.787605285185745
8.093677616898347
8.398229800253763
8.307288295645927
8.50625114156462
8.541052545059799
6.385758169702845
6.50573217972092
6.833867595381828
6.8758853789615095
6.72116649399994
6.688209209832031
6.5686520388863325
6.368057498820922
4.627179803723523
3.6207542729281785
2.33282542251034
3.2728480499555888
5.278804284324712
6.044668934745154
6.162489454975886
6.364608717707525
6.419817668794734
6.45325712215009
6.472885362261384
6.286602842975744
6.635624652400698
6.486696575505447
6.540139096186709
6.395451370243669
6.2408791399620815
6.076362538754642
5.947699865318534
5.498279466742293
5.748199945941596
5.8322238856224144
5.703137808759976
4.349880523184378
1.0336662948618518
0.0
0.0
0.0
0.0
0.0626390861637388
0.313195430818694
0.5637517754736491
0.5011126893099104
0.6263908616373878
0.1879172584912164
0.1252781723274776
0.0
0.0
0.0
4.203026506995993
9.273392453904366
9.25256723984735
8.971748692796076
8.693772793104149
8.399985110503618
8.086454284890893
7.776029719703984
7.80684902270806
7.842540765057388
8.096232268345076
8.71935703050572
9.12501513587033
9.641223429000846
9.633850011672441
9.686044798744089
9.697646956157671
9.442635277581298
9.589054172451247
9.434442647385643
9.210149516445274
8.302163323767386
6.2262579871743045
3.5835368260013656
3.6167183362024553
5.389476634106561
6.658765837826865
7.66878562693588
8.105337195982045
8.316628088825277
8.261090770029305
8.261712895201251
8.252277777477918
6.33490646688505
6.329810214122404
6.692728340311582
6.704103540354943
6.406074910401281
6.24678412193124
5.884770752187702
4.5626390460235715
3.4530396298958057
2.4904090710766185
4.174987758361502
5.694989945195627
6.2409238921664425
6.336885283407222
6.220726110224705
6.357677859132449
6.5201107769077575
6.6196143766214615
6.735391421580841
6.562103308534395
6.735128252114401
6.64810206736804
6.721504452477645
6.980440586323552
7.159325563743608
6.926218016139165
6.67750123877101
6.460306939481865
6.1553352926546685
6.078865058219033
5.416674960058318
1.1406096712172469
0.8412497488476802
0.8681501090225312
0.44211076314486947
0.7705955883224502
0.9315712180945902
0.1879172584912164
0.1252781723274776
0.0
0.6263908616373878
0.2505563446549552
0.4071540600643022
0.6999207935251078
0.1879172584912164
0.485082540586928
1.7571292416633584
2.274257394479318
6.545436250112213
8.244374282525817
8.784982223892081
9.330802531657815
9.63505226459296
9.955598115763966
10.04176844975645
10.288962442974615
10.30656807674096
10.427887860990017
10.402281775312007
10.19941140132015
10.1886720804884
10.22252961186297
10.092563501766172
9.82476388901275
9.773060979345948
9.800247094439797
9.83580031365308
9.616238717090889
9.317742303369254
8.70808568809139
7.076059629466914
4.350116407024285
2.8631154964257695
4.669287733891849
6.258092980778894
7.439364114264262
7.73054183156007
7.8137131039743215
8.081056599432893
8.012395996349042
6.328094567066672
6.336265237670689
6.302587866801937
6.309280807863617
6.303505080396472
5.1924845880137696
4.2387447708889185
2.394464395307641
2.324939834835395
4.591794071813231
6.285251379073733
6.624872511594243
6.192191705798362
6.486314447282309
6.385044417162659
6.646116637241086
6.647983108611342
6.6416722957728
6.492574756214761
6.635004606664165
7.070620517159043
6.69327359703685
6.775880692267971
7.057541974247557
7.10489901597194
7.02774175682906
7.3569513493991305
7.3126982731979036
7.005170325884327
6.451660154406931
6.042320705288047
4.850528442584167
0.4304585287846804
1.6299692343472816
1.6030688741724304
2.8754070558387115
3.7533206411533135
4.036112100840548
3.3358506878709178
3.0704518340464517
3.0319679677010143
3.4463365463744675
3.0073220424028833
2.8036024254713046
1.60242850059464
3.1391046857072222
4.6640123742342015
4.604350359189319
4.062636392534554
9.970398451799866
10.446746453104263
10.436162800118895
10.733851250092938
10.768141137909174
10.909400562404475
10.983544663215985
11.01576614418551
10.951782133211244
10.721994586177034
10.741786272868957
10.759345835558369
10.491195871462939
10.30953565502296
10.392399148983396
10.507554841725833
10.246684476830595
10.042123963992392
9.967540063246666
9.921003722447336
9.525491222334066
9.232741552412707
7.8402899826579535
5.0385207577920585
3.014211531404846
4.007751097189991
5.846116800873282
7.014631887076239
7.567669981108891
7.8988137326063805
7.678680721246538
5.799771349429716
5.8875260732317765
6.049025830786275
5.863660781501873
4.93032733075642
3.4963690727557455
2.458743457382228
2.657611308223776
5.092005848216206
6.167814426621027
6.747894088501227
6.898929567780503
6.683445716443263
6.824406049954529
6.779798694803375
6.720630696170866
6.649248452037454
6.6768781795341035
6.787712809545734
6.742967577845495
6.981017233237775
6.982297598797616
6.905140339654737
7.234137023156702
7.43059568059656
7.419054621815132
7.245900969491474
7.402750841211245
7.2399628259798785
6.76401687764134
6.026891347893331
5.395427664806479
3.200337906506178
0.9975468367104595
0.8332346744861887
3.8513605756830502
4.801611640515896
5.325699061417364
5.020486264196615
5.103153198084506
5.374864208680199
5.360717508108593
4.420392041934665
3.6585009795865626
1.3524506267011385
2.301991093153721
1.4708509518881587
1.9260865016902566
7.766416657850616
10.033658349741563
10.389598502618187
10.675856895311343
11.083067251739148
11.192744854920011
11.148643738869119
11.33097108708297
11.28742898787083
11.177505038315958
10.96618022511169
10.855988390558013
11.035068774906206
10.916124923407564
10.732681212244742
10.458853416371257
10.525978850271363
10.473669352702673
10.134730626420271
10.14757147040361
10.188042417484745
9.943633337121966
9.715796939250584
9.266289368106737
8.626888016838432
6.303450673138018
3.716748374665524
3.285167515678744
5.356028385824533
6.3927136600571
7.422459205716231
7.417508206204249
5.6213935529926395
5.411751822993535
4.80591105988706
3.8874855268368407
3.3400614080478896
2.7847790424742813
3.5289859126154153
5.358864853543371
6.314333584159675
6.582156879766391
6.733217610998711
6.646955682698626
6.755181823346397
6.695403237873547
6.771066694973114
6.85277478194441
6.976632083648651
6.917126126538437
6.879421253273776
7.018800216173986
7.016570006957608
7.225628398538475
7.358654164851888
7.273289946473135
7.216701880017127
7.36951143002782
7.418527228051512
7.513202295995317
7.238973479159692
6.846116551731969
6.672064182239246
6.3071577806317025
5.369926757357126
5.051319688382084
2.2517604692070803
5.384665878527312
6.288185655875813
6.467619926280078
6.25023318248876
5.97660527580413
6.246960539249357
6.150496621473852
5.45266953856373
4.962389808221553
2.2536554815694005
3.280074531231577
5.055892827455247
8.441030745005156
9.709299955878755
10.634555898602617
11.027417425511821
11.33528900459066
11.540584848361227
11.72065389525892
11.560168804402155
11.579216910385826
11.484483685723893
11.451496882534348
11.073253664395256
10.995512277147927
10.991402257794679
10.821275742560386
10.661312226611225
10.789412620722707
10.582146390472467
10.608729373718026
10.300381010604378
10.26060006843476
10.192861841186087
10.368929049790845
10.17133269994053
10.201269248897871
9.74866292853872
8.917993179193795
7.104152604367413
4.859821039626197
3.5055989970908836
4.750046315570119
6.123236027468015
6.80290566980311
4.703993747279471
4.050033588445679
3.755231699853957
2.796575716739259
2.5636961037123767
4.1414618832234344
5.7008090448566255
6.475492970958607
6.567768823683359
6.739920010956586
6.640908039326524
6.721504452477645
6.876035727907163
7.17910650661297
6.930311926733178
7.1471855798386015
7.001367913862329
7.000547786197177
6.993735886378796
7.053078714986881
7.291931233333339
7.3957936758523815
7.2339889167883005
7.312168038606361
7.535672151312635
7.5863750511490045
7.504470783823741
7.335692681450921
7.354262436951175
7.144226879855929
6.672828438685523
6.740292680283529
6.130181599774432
5.767667872274257
5.675494597051777
6.256755221332764
6.230987070600605
6.500201416385505
6.364727676464223
6.302230990531844
6.371539576282601
6.6286031005223425
6.753271182230707
6.662700133841927
6.424336021672405
6.825035554587257
7.495769602706123
8.825019887322908
10.016807498837524
10.741145778936843
11.43503027517199
11.630476108409884
11.7906100499687
11.81046224752176
11.727352181114133
11.797224376812542
11.840343061559805
11.560101639459486
11.460109412832283
11.259310338433147
11.149246486589421
11.037684921997407
10.986356943758985
10.960937874903522
10.98252024637379
10.95252935780506
10.879846691726858
10.853499275421852
10.714520494396814
10.451368976308322
10.302185504605282
10.468340694642803
9.943505625976957
9.994077647073517
9.251052471249661
7.804591866737695
5.56803820357234
4.20930730301325
4.156487565623315
5.436929343934846
3.6756178760433302
2.9007853291644374
2.5163051433633012
2.67838139676949
4.2712986809236435
5.794918416067213
6.5529049325735365
6.5593094522157305
6.595016422956871
6.932497438788751
6.6995938687715855
7.009266479055591
6.920402152044547
7.095027847791208
7.104407387888299
7.083151560768011
7.115409918604715
7.218816498720097
6.995702398713365
7.071766901828456
7.548303763301283
7.321286722649561
7.307740545025672
7.374957945455776
7.629328197409181
7.793156784099603
7.688839512439009
7.609863928313586
7.2465876039248895
7.237723685282676
7.286940580309044
6.947358252746045
6.703875081737742
6.781330221196301
6.631089617629132
6.744608604098922
6.820397465351008
6.848637779687998
6.842098508232254
6.681190782689214
6.982620007726223
7.329718772259348
7.30767185449363
7.19170519374956
7.325741050429414
7.656112768820927
8.301216795177288
9.330508993729806
10.364908971652644
11.115345971599544
11.582631089777072
11.756845675822657
12.11099070371132
12.035448823031967
12.053857381777823
11.83450759565997
11.808780445384949
11.870089935854171
11.666774859113852
11.488947522980778
11.296523004454615
11.312329841250227
11.240651010913835
11.37902797525695
11.406953522776359
11.278891506606008
11.12050657407744
11.153196052347514
11.115576598034375
10.803099945672736
10.810763665016184
10.458853416371257
10.47782797291435
10.004867467487324
9.628556416937124
9.0206343845668
7.9400953927563025
5.9363434553967664
4.152891407449654
3.5329180808795893
2.321893155310499
1.6905145720568506
2.788291812171363
4.1229786535899065
5.326829901010198
5.975382090165242
6.553142850086932
6.5540260652899045
6.544480271955147
6.535738924463857
6.753819452456348
6.768041366536877
7.028233384912703
7.0228813472115235
7.227594910873043
7.231566542050073
7.303052195391085
7.380368695203756
7.4224273278685855
7.263223771942633
7.581000067081007
7.451925879904727
7.411306365810842
7.658828247017217
7.555540803491823
7.512147508468074
7.730664779275981
7.805855446008364
7.632658988671684
7.5243178234270385
7.673269971498558
7.587693535558056
7.29504024250498
7.341226906188713
7.112637293490991
7.152744435954983
7.04381760623112
7.362326333467128
7.252330741086718
7.538453617458465
7.654430370005539
8.002798916920549
8.323282830534707
8.546714498148003
8.845474481673339
9.030517754289534
9.59309247749578
10.092319233105993
10.800539471639663
11.602254849383327
11.771034348941576
11.942572485204348
12.263001800541069
12.29979263209418
12.10947954693327
12.052981308259094
11.975175808628864
12.073988230939412
11.730028509883745
11.720805799677843
11.697387631392207
11.555675201218756
11.412646586312576
11.46974242481081
11.6642453469958
11.43120923562982
11.331544217444671
11.211257852090217
11.244400222958392
11.038710067899258
10.771101614085147
10.55561105186699
10.412921635868972
10.063128904667474
9.765127850969039
9.392748743442738
8.837136802417985
8.095586385999994
6.44139774396348
3.919231888674602
1.5215032336511067
2.28183857070679
3.467363725369871
4.965684918458562
6.040147453594167
6.089039797298268
6.206626475561158
6.37080057178937
6.794142581140975
6.80324725029818
6.84286276467853
6.905795096240508
7.0208203571501775
7.195446052896839
7.077322917116919
7.353735043187549
7.396285303936021
7.38044022656371
7.434759477295444
7.532579320090865
7.40912913348642
7.667068131105151
7.665614332156232
7.798635191117509
7.923711980206775
7.963433106615295
7.7761334442102426
8.151072424675773
7.979648514914588
7.839496012068284
7.798040140083961
7.8969150091078575
7.738259693546298
7.744883944217422
7.733572377173815
7.948105758508288
8.056476437084731
7.84857039916449
7.935810849551592
8.199602347762134
8.501791493907898
8.787043038554218
9.177847759018547
9.342938758115372
9.936826620243158
10.29549940586724
10.560348069198701
10.701936727657314
11.407889708371215
11.864982244056975
12.004574848080258
12.301010789595168
12.439001148675445
12.384037149516177
12.476094327247198
12.476037039494717
12.293854363730272
12.271128019813592
12.103522050687832
11.948812708134723
11.948276994341171
11.892509933055111
11.857529331541066
11.886378551404464
11.811076698062324
11.78740484926701
11.626210239143393
11.488703342190833
11.383830579695427
11.130209980590912
11.200783770770775
10.942897534216346
10.508474909155723
10.302293821033224
10.164217332375328
9.670830961233836
9.165973617053085
9.046970929825736
8.228232304344868
6.355030032939512
2.41858554848632
3.2449147059574712
4.35251166526432
5.061750846469644
5.928107611167669
5.869534101820587
6.206507516804461
6.5140631335356565
6.779338456908689
6.936728918771938
6.784340063735598
6.969491684248761
7.005084779638373
7.145482764385847
7.139544620874247
7.15932556374361
7.273053083790478
7.588024889709798
7.7257937901155715
7.638535624024318
7.666540737341538
7.7319225386130315
7.914743291081415
7.974796947282959
7.8755332618776155
8.032832052329208
7.919735743342939
8.084353831434338
8.341168695164951
8.272669034298062
8.280042352849806
8.363669979025543
8.470801770845439
8.566448452790317
8.502450394103466
8.450488164569427
8.653702245418357
8.77527543344401
8.80895479687415
9.059670506283078
9.286542705404397
9.483744108819216
9.851515020201397
10.187790843436924
10.39248411189933
10.625186343520346
11.067328865589682
11.402578128950383
11.926198291045576
12.208774924756716
12.430387392824208
12.46399732728546
12.48445711376224
12.51418780360105
12.566900530774063
12.692389305372023
12.675883851516963
12.344362984755655
12.271691691103586
12.221469946018965
12.021987262931782
12.037828284418993
12.16731268980434
11.946942051082543
11.775783807033557
11.782560096785666
11.722937078251386
11.713383960527548
11.631667705522807
11.278370245702174
11.16282554927604
10.975730755261518
10.6254508379784
10.24965490910736
10.130631433275987
9.67607439893882
9.437146970104521
9.12789699681372
8.50131655577067
7.729645042943782
