6.177911612182841
6.169549737745193
6.188709907780808
5.902395161297576
4.332779499835671
3.074572778294502
3.81414896125208
5.460587623035567
6.681159392500258
7.206567014954584
7.387325860562618
7.2641025718978955
7.367121980141653
7.3981831257385515
7.311220548119056
7.372081911134451
7.336343550204358
7.2418277229303465
7.1073957628980455
7.455175110968364
7.175137716263857
7.011724619473796
6.919255767375134
7.106741006312274
7.0334072719780245
6.795433370399141
6.81600733456803
6.919421909377636
6.739325217173096
6.870961881806148
6.619593496938423
5.1656159678729034
2.556826813012301
2.228340067021239
1.9653366899514089
2.9669316609443483
4.886666334814384
7.547661514619037
8.180792758802784
8.662721236016063
9.001461706183171
9.039557256924692
9.123395424626766
9.170313888442097
9.081659782450181
9.032695755535176
8.936583694889187
8.465168479586067
8.06460979603459
7.998499847173259
7.472819958855215
7.229600029715504
6.472477739193566
5.009230949951289
4.03320126620774
3.7662826442511514
3.7211246754916285
4.474444063532563
5.417966610472455
6.1234138613036
6.204550441453133
6.473837032314966
6.233016111584742
6.275340267528425
6.157277754238745
6.093418786738526
5.972631710313166
6.157061577896194
5.870171813182413
6.083073145441616
6.120709868353727
6.080962833497903
5.979346392545692
5.586676264504435
4.700454555809981
3.1822271595863216
2.7254651225777566
3.5218231719753588
3.9617516769025998
5.2794130575744935
6.258140404182211
6.232897152828043
6.552234382930913
6.6401223211535285
6.241948509340236
5.216682991844987
3.922415557265793
3.3204554931624055
4.858240489515424
6.28391434945894
7.194427031049575
7.282021458644708
7.2018758244920775
7.142260367521359
7.113786927985387
7.119233443413345
6.5758460669278485
6.730969011405316
6.57977040362391
6.523415067867287
6.512848294015634
6.047446907433894
5.292780503469093
3.4118066195295924
1.558444998441779
1.8446807402001324
1.4446796269730642
2.000416837065362
1.7998608263880806
1.587898420501193
1.9636430558003535
1.0444564016977833
1.1616782311195442
1.815022087660926
1.9179428883532457
1.7860484603723823
1.1151105622230133
5.323850711737948
7.350304767161137
7.762567002904407
8.23146060079016
8.470417052548115
8.576585415487374
8.580602973414086
8.551899146193845
8.550627342578233
8.339199608701506
8.081044148255554
7.901081850957559
7.554065919240909
6.934066800766452
6.114015814514719
2.713886022091902
0.1879172584912164
0.0
0.0
0.0
0.0
0.27386081337533336
1.1219810833132786
2.1806992920395416
3.4380808089179764
4.472499187125417
5.264655353773618
6.193002675924403
5.941469960337001
5.727739992326466
5.841498992590897
5.635828322755434
5.714257793945983
5.855933762353693
5.667708702824709
5.434147453872352
4.296001768035305
2.7666890692465347
2.8983703188915886
3.70782588998775
4.7985097307260185
5.819010791981768
5.903662335207211
6.547834211208061
6.691140831464615
6.826454567619305
7.126154843092226
6.832483293199019
6.6170811458349075
5.699961539669722
4.079680863004523
3.020354969360382
4.201050220525382
5.873914327680264
6.45899839315819
6.536759904980752
6.558977827898683
6.492650512073896
6.306707197557958
5.550911352541135
4.543736474036675
5.0160320089645465
4.653547046557311
4.1624235010131265
1.5410440756471613
0.8769472062923426
0.4384736031461716
0.1879172584912164
0.156597715409347
0.0
0.8099302057658108
0.5011126893099104
0.5637517754736491
0.5987084785542165
0.3445149739005634
0.9082667493742119
0.9861952298968377
0.9585128468136664
0.9781801555353464
1.043674378789463
4.830486838856702
6.866398581581166
7.435514802260895
7.857149454186243
7.98133324930657
8.322648347290977
8.36519569747276
8.03116345913228
8.064498481773839
8.007313611246934
7.7777778481450195
7.403810672386971
6.818987911215154
6.313108485862078
3.6939143141575235
0.0
0.0
0.0
0.0
0.0
0.0
0.0
0.0
0.0
0.0
0.16824994976953608
2.260313424236584
4.6775731349316665
5.277847514841217
5.0527785637004285
5.175957252603223
5.495451784612485
5.220666261511966
5.314648830073262
4.531651233017235
3.2284208562462307
2.430237782846509
3.326202781599677
4.255748460697463
5.393759099346438
5.966965915720076
6.121142221038829
6.412173057679472
6.865797453637021
6.993081129793026
7.14898571384605
6.983443983467029
7.1048745349420175
6.982188098937113
6.840300380477441
5.809265372380291
4.298518715065026
2.4671847069721786
3.1812939607824697
5.016818896462481
5.960324116112011
6.297887718482162
6.073458922310185
4.031732032410147
1.3218924722554763
0.8179452801273019
1.5659771540934684
1.1588230940291668
0.8572798975706624
0.0
0.5011126893099104
0.0
0.0
0.5637517754736491
0.7006821821613156
1.6550944467936923
0.2505563446549552
0.3758345169824328
1.0408192416990856
0.313195430818694
0.0
0.5637517754736491
0.2192368015730858
0.0
1.4391555702214625
4.206200996219023
6.146566596929089
6.69027653405403
7.233558841579376
7.2729843932584375
7.519930752703311
7.605077846168179
7.386269639559454
7.447621798349746
7.108730451271343
6.762907801141333
6.553995334788909
6.1055863185596655
4.760114695526297
2.049743078685953
0.0
0.0
0.0
0.0
0.0
0.0
0.0
0.0
0.0
0.0
0.0
0.8099302057658107
4.147321634169035
4.5010869632713835
4.967539158309404
4.765106869281793
4.7300592984392535
4.733643520402505
3.995084028136835
2.8387049544573753
2.137097152837881
3.5821565172409136
4.74426522055976
5.928016260910552
6.063258931277905
6.322190854960187
6.141599661664807
6.19852777058995
7.164016754206114
7.097977616293058
7.25626660658377
7.187836971780125
7.036742009530932
7.25380846616556
7.006481554217749
6.691751418304955
5.641416456492509
4.2584172466327574
2.604357937223005
1.9594789816851437
3.5902972248923715
5.031709830419423
4.701361725420511
1.9881519814271216
1.1588230940291668
0.2818758877368246
0.0
0.0
0.09395862924560819
0.5324322323917797
1.0335449217016894
0.7633212683250543
0.0
0.156597715409347
0.9395862924560813
1.1456893509407873
0.48508254058692796
0.8019151314043196
0.8172045257632068
0.0
0.2738608133753334
0.8295975144874909
0.7436539596033741
0.7516690339648652
1.6132373202635524
4.923120718172112
6.993275648484111
7.602010751787477
7.880934634307525
8.356648464220617
8.707310146998362
8.631514665040326
8.546979469480393
8.263544602398847
7.929345312276373
7.566853931071424
7.09448259106594
6.464995532624201
4.877119206047612
2.0641012510410577
0.0
0.0
0.0
0.0
0.0
0.0
0.0
0.0
0.0
0.0
0.0
0.926390646551364
3.8480136996825065
3.6685960037447933
4.037422737883717
3.97600874289848
4.221903805172197
3.664999018641239
1.8984978446114136
2.547383682174064
3.6251695632271974
4.690404724550294
5.7896871586002305
6.176827007152831
6.201713661681031
6.123694090173646
6.426629568613112
6.206864393074554
7.391158303109755
7.440961317688854
7.522776842442176
7.32075932888594
7.189016281301602
6.93756182599357
6.814891758043893
6.589469866564605
6.30517896410953
5.713772115366264
4.403251634923613
2.6150587470446065
1.1923991802012293
3.044307802600268
4.201880875837065
0.9067852406460215
0.0
0.0
0.0
0.4384736031461716
0.5011126893099104
0.156597715409347
0.5011126893099104
0.6067235529157076
0.0
0.0
0.0
0.1252781723274776
0.0
0.8572798975706624
0.930830463730495
0.3758345169824328
1.5985671541769624
1.9027542328824092
2.1392711588396245
1.1223642479482965
2.1983349878210037
5.803701709081084
7.3199563986904534
8.149714946379637
8.592152498524673
8.616502952154685
8.906827472039847
8.772968666259338
8.667033696638061
8.477986989394232
8.37064072689349
8.025475161063731
7.566650959261632
6.774129858994128
5.410997706465821
2.583795657165107
0.0
0.0
0.0
0.0
0.0
0.0
0.0
0.0
0.0
0.0
0.0
0.4421107631448695
3.24525409388695
3.5793090807938635
3.8464771237526603
3.6986102753434213
3.0623267863676396
1.337984523794796
2.6281400585207106
3.763492427065073
5.2101484845904515
5.706713574633396
5.69729378667367
6.094824550648055
6.080270822128561
6.317758130275764
6.268052532683257
6.316806460222182
7.4953363861404645
7.597164659055005
7.36973936122965
7.4471631580822635
7.247488194430827
7.071275273744815
6.863025835771029
6.656060351855832
6.42740724239087
6.161581267263995
5.420411552583453
4.378068343765299
3.1802206317224737
1.7213500586840171
1.8207665916543552
0.5244171580302887
0.0
0.0
0.5324322323917797
0.5127649236700995
0.313195430818694
0.0
0.3758345169824328
0.8769472062923426
0.4384736031461716
0.2505563446549552
0.5011126893099104
1.4443361417646892
1.1660974140265625
1.005121784254423
0.9191782293703056
0.9432234524547793
1.823942990563413
2.4030066124060823
2.3838523882973037
1.7545456413140126
2.596977396323381
6.461495448828311
7.666258651584896
8.611841036322744
9.131439413491199
9.071857419478558
9.209126734895433
9.118193672485866
9.0550575849417
8.982406639862791
8.803466489397376
8.339959707908429
7.867977341494383
7.292054708323153
5.912613595023773
3.268009117980139
0.0
0.0
0.0
0.0
0.0
0.0
0.0
0.0
0.0
0.0
0.0
0.0
3.266610562815829
3.9239970461774827
3.6817641797627156
2.6662743951334473
1.4893397648445799
2.577173840989273
3.5682348061617466
4.958080622688918
5.1370143555768895
5.66240565183045
6.115617126373282
6.130624948748722
6.314160604839587
6.2405670158963495
6.411145631766757
6.884704640199602
7.643180242518895
7.774342856483558
7.628273409881932
7.459023731465375
7.185044650124567
6.950311869323546
6.7907698353308374
6.564771760700539
6.3973091665696495
5.977174932634997
5.456786123448599
4.752035872142374
3.8958375936318945
4.008674241338873
2.2734378992377695
0.1252781723274776
0.0
0.4384736031461716
0.5011126893099104
0.45012583750636076
0.5127649236700995
0.156597715409347
0.9395862924560813
1.295012746352738
0.6890299478011265
0.9942103042583289
0.7946408114069237
0.7516690339648652
0.1879172584912164
0.2505563446549552
1.2468603973674541
1.5558395538985672
2.5370609841874647
2.662304816090112
3.007096733224254
3.8210213670898696
4.977789577214037
7.482961028867746
8.504924822882076
8.956957503560723
9.473814635752637
9.49489340754218
9.600094642977295
9.507913642647434
9.40645494545378
9.222771910434819
9.09957533180168
8.75984751032814
8.112659263363113
7.542561659401565
6.583459947542114
4.6777767976400595
0.1879172584912164
0.0
0.0
0.0
0.0
0.0
0.0
0.0
0.0
0.0
0.0
0.0
2.9401129106957153
4.086751489219655
4.19816775645201
3.6900518271150373
3.5429251468469176
3.5661409047759407
3.9834842587582413
4.532179310658846
4.60264545383575
5.619294975706401
5.760960110785366
6.150703771933761
6.3965701620764195
6.545948822045417
6.68720703587236
6.50448262935166
7.775465301280734
7.813002263166912
7.714567844571917
7.678349367094798
7.277066571300393
6.85293791044654
6.603857922647636
6.488055625735212
6.177616236108024
5.851440764493825
5.474804786367721
4.815172767021592
4.234379255296125
4.3568188736345
2.6325148800532463
0.156597715409347
0.3758345169824328
1.0335449217016894
1.4093794386841216
1.1901426371110362
0.1879172584912164
0.2818758877368246
1.1275035509472975
0.8326154462138922
1.2002101913824725
1.802791893572666
2.559877409786399
3.054052338408308
4.431868291189612
5.165640397174224
5.776658348364685
6.18702817470884
6.769411563805089
6.620853534658171
7.019637771074246
7.395095152537589
8.34319746728645
8.95290945739808
9.284653125077307
9.636670643740416
9.715050192278046
9.692784191140934
9.920664924687312
9.771369412050852
9.574681291772404
9.56661960808833
9.397511234133189
8.92828578733176
8.66418866332536
8.317151467724917
7.343989152603385
6.3693874568081945
3.4446944945564564
1.9346358529711551
1.0279878682064918
0.6641614332641076
0.1252781723274776
0.0
0.0
0.0
0.0
0.0
0.0
0.6958064126863881
3.1297390418030417
4.582654431449999
3.865552521157203
3.6020149555140586
3.7936215769958075
3.6817641797627165
3.7033554035709906
3.271452688701056
3.777515649556224
5.055519976520297
5.5931225646516225
6.32254773123028
6.2955380494701645
6.606873792187679
6.701833009468787
6.562222267291093
8.114691045090316
7.95345106896992
7.918700241880478
7.571001549820436
7.090072960446894
6.451847568014236
6.330668177372333
6.282152167346805
5.988212585301251
6.01796200872765
5.396897325657568
5.062807298616605
4.821893766337213
5.03794439595636
5.271441982001836
4.226824482797765
2.173400087559499
2.267057812976012
1.9714419795272062
2.944925855491108
3.8784026978538275
3.6567948579786784
3.955618402879293
4.352761614721134
3.966232771906494
3.018859885226486
2.293585860089417
2.005249637323501
6.187852107562663
7.153390261059933
7.330690188876575
7.496448024649688
7.846199572348341
7.9802924685819425
8.050311237130815
8.81622585491605
9.272779560719087
9.339182870014481
9.83448125261689
10.029828288002655
10.120008076873082
10.02459301672701
10.185227045228173
10.130040523138225
9.913327787534637
9.927234656353033
9.585211644010469
9.21457645113831
8.86224583456651
8.574926025163903
8.21775342429154
7.81509082152141
7.031767197146492
6.440240563639456
5.76707589234687
5.558821904033125
5.117798254222119
4.076080020250405
3.097864513400187
1.9086012935019103
1.2655665817260446
1.0311575844325032
1.5442933875089706
4.097002435921841
4.731625122183449
4.895300348264697
4.294963748648529
3.936472496301413
3.3815718792965628
3.074440366486411
1.159433054214269
0.0
0.628647404727581
3.8895352552023654
5.498083205707861
6.2473789157147275
6.336766324650524
6.460570108948304
6.5419307785457015
6.683690079352481
8.184981058500975
8.010337769048506
7.9520781499905615
7.681091256434716
6.780299781783211
5.897162037534052
5.538690077943009
3.956641022679779
2.4630236769201934
3.492349287782048
5.380196734470581
5.54535082760088
4.48214046328864
5.374354828028697
5.858083481093542
5.696630960035263
5.661268270006255
5.349940007585914
5.61184580821407
5.573242548574188
3.402239019830862
1.6158040829321227
0.8085744733399518
0.0
0.0
0.0
0.0
0.0313195430818694
5.579020211557969
7.535108991869035
7.932795744621049
7.8849409569809135
7.252192256791856
6.349105104659561
5.549331843849515
7.72886465383682
9.636552674594487
10.024080437692255
10.318757009008815
10.382738557342995
10.341521982829358
10.477943937343202
10.564212587069422
10.481746101336809
10.148758048117015
10.168398977166225
9.925481619574322
9.581687667140171
9.253892130487639
9.157886930193248
8.804898827599603
8.448504053389689
8.104387030611267
7.799377043796549
7.475122540976564
6.973468398830964
6.728316352296024
6.439420656952984
6.33357819722384
5.727389903364536
5.2692693073349135
5.098166302486613
5.0583903422847
5.311074034325154
5.456118634809101
5.060593907915614
4.4238727704092655
3.6868615523057158
1.534010759920872
0.1879172584912164
0.0
0.0
0.0
2.9840382079546197
5.483346218169832
6.322165603007142
6.5460677808021135
6.693874724980995
6.549005847830519
6.850808269609844
8.28729269009467
8.16433096179651
7.834190960291151
7.168589513327291
6.432489798377908
5.174470809868324
0.7737142589369013
0.0
0.0
0.0
1.449038184975447
4.020632355537881
4.285411701543237
5.375649535924561
5.446300846513318
6.1886126901949545
6.361245599002542
6.838615427986333
6.973719268573291
5.587221661883
0.0313195430818694
0.0
0.0
0.0
0.0
0.0
0.0
0.6139772386409909
4.697740589345402
7.802957939913534
8.060459766752558
3.977757754419884
2.5767652828914707
3.0933390416009945
2.6791958493490053
4.557438959369981
9.4785651235971
10.136279698131162
10.668596690828222
10.70969001841312
10.763878696483681
10.746998966499982
10.864553842639236
10.770034594908697
10.378008091920764
10.349812181391817
10.467592213215536
10.109775171169035
9.722912958449946
9.566621178542533
9.357726856830633
9.12778885803366
8.811284349707188
8.648434070647909
8.129385613300968
7.910230283135887
7.536768076181782
7.213345338171235
7.093771963261293
6.917320343872442
6.447244078392061
6.325830560463087
6.087774733316282
5.89759259843597
5.646587849104788
5.129437346212883
4.205087781698343
1.7914929214881872
0.0
0.0
0.0
0.0
0.0
3.0102341291335195
5.978200287320405
6.267313528190025
6.499556118695927
6.772833125379061
6.897946311613221
7.013626329108663
8.406308581850165
8.24517419433434
8.041903449919541
7.527065147392979
6.066008517780421
2.800055795556016
0.0
0.0
0.0
0.0
0.9038888350114189
0.4071540600643022
1.6941408004274026
4.612654505201854
5.718032234496913
6.654629335993259
7.000384657695046
7.134098105446291
7.411377897170798
4.910966095842255
0.0
0.0
0.0
0.0
0.0
0.0
0.0
0.8680189587950333
7.188264999591223
8.25857799306926
8.214336893799981
4.025823417432604
3.5693953578653024
3.676412775665462
3.6421534750697107
4.628441435060354
9.673577010638306
10.59639048159333
11.003728357413884
11.235980835273677
11.306874212195368
11.008331810383078
11.017665418139918
10.95140143968204
10.849255678099027
10.726094622294058
10.465489080789656
10.177380308215948
9.9322866019984
9.978503664935213
9.731700174793373
9.567246721002569
9.289047136091446
8.953439488033103
8.572073555100706
8.355805515026464
8.067947371073938
7.738490784353213
7.24094608214716
6.91749879586538
6.887598537482575
6.396902065837592
6.438130061573828
6.128667873397393
5.960860568254125
5.159970179753897
4.087827730165959
1.683749320424872
0.0
0.0
0.0
0.62562947300118
2.4739410465654683
4.966945610116827
6.225440234764212
6.514182092292353
6.688209209832031
6.89536589177803
6.864235000818352
6.951295125490829
8.666616216873775
8.555764109607164
7.984683481997719
7.011519634638782
5.442399467832296
1.6454990197968156
0.0
0.0
0.1879172584912164
0.1252781723274776
1.6299898686193939
0.997847464257027
0.0
0.0626390861637388
2.52026432694698
6.406648569235612
7.140604452049974
7.547248975774039
7.557680709600274
4.633756573445221
0.0
0.0
0.0
0.35420863162417593
1.5485372672493853
2.4192442153357954
3.6609583606241136
3.5787571169691765
7.4815505797368935
9.569068758845436
9.394665907946262
4.539673913168052
4.827957050569714
5.089860618676926
5.362810647331176
6.219655222653128
10.527117905746728
11.522394968124672
11.64957061759322
11.821395095187059
11.757524141511064
11.540509483104307
11.59274772276378
11.345782299140481
11.07313117870719
11.07773162489818
10.91374379576656
10.519751421994592
10.192027255474478
10.197338129038782
10.131354811996648
9.771860736733379
9.38763677864152
9.32807123498625
8.875242048340883
8.780333000544836
8.409188287887442
8.147167690463428
7.9045844998889505
7.628733146375622
7.355245693118461
6.933693076608768
6.651763234597661
6.416598481355369
5.874237408694269
5.276537580054639
4.307388275246356
1.4339543644061243
0.0
0.0
0.0
2.6173111156130675
3.5427216698896444
5.46358161899984
6.302944743072031
6.6143057377425905
6.681278351256956
7.0539524712936625
7.059398986721619
7.047726677285701
8.919431853116578
8.703091919772918
8.062449631791369
7.234924225969795
4.871499608014721
0.6949236508900176
0.0
0.0
0.0
0.0
0.0313195430818694
0.47343030622673893
0.0
0.0
1.6160688816291642
6.138905545733677
7.192415821554207
7.994182878839611
8.15056763092985
6.10782733179118
3.1893042750943734
2.8613620910381568
6.488946137512155
7.768955445181333
8.261702435356904
8.869114048332875
9.358009901737855
9.876230236468869
10.059962462480659
11.775898689636094
12.005085355505585
10.24675102313682
8.978564791296067
9.243671953157229
9.699999934766575
10.887068513795661
12.526622011734725
12.826689832938122
12.970509928937632
12.67893879352243
12.471042298053531
12.307895885766671
12.154146009345435
11.827751793809911
11.521610029430427
11.40202609829359
11.269829081672501
11.013117284797316
10.943688316938092
10.77849702831818
10.222721178580482
10.145819085259058
9.851010030619715
9.487595475257582
9.069032298512886
9.007416800295909
8.733832973646752
8.477008489597422
8.029577335149373
7.688839512439009
7.420398529926015
7.057396708707072
7.1332243491395095
6.853570428579641
6.197597841707213
5.593527626981609
4.431531588495903
1.8132122783825049
0.0
0.0
0.0
2.8060193307250105
4.163524552081037
5.765269491139355
6.635267776130605
6.640525911103386
6.84634501034917
7.074482648475571
6.859640310404414
7.042443290359875
9.235976231105406
9.110910279241386
8.495649028555805
7.113024885064886
4.795249737855227
0.3087968821837881
0.0
0.0
0.0
0.0
0.0
0.0
0.0
0.0
3.151656174454483
6.5058582216484435
7.496183608776902
8.518111331602547
9.230405106691077
9.79754007743125
10.079999224115644
9.028466342791754
9.708538945092727
10.335545059982389
10.664737722436577
11.42803779386962
12.110746012102735
12.841458934293968
13.747421749078924
14.325899015084397
14.617033994100526
14.788895593307215
14.404336089806346
14.401268055282396
14.438758287651822
14.632447838112487
14.50957358951364
14.195278704866094
14.04829316620938
13.574932916377165
13.341562650963077
13.362439879154934
12.850959094659913
12.547819706785985
12.346082597089104
11.794775420033071
11.6783959013473
11.483117025467347
11.083365528320943
10.8779305253831
10.568381014842968
10.393838762897937
10.141332295410683
9.765942499399806
9.416839519233436
9.368039338090242
9.12974521285543
8.728334828752168
8.545189108184463
7.954799169947992
7.782262192707699
7.4432473446251075
7.1499460236465175
6.770497264377835
6.548360550140941
6.078302750488047
4.474999736399849
2.2684225548030805
0.0
0.0
0.0
2.605505173260897
4.852258736868165
6.108839504390591
6.680395136053983
6.918491510928858
6.7900055788845615
6.966870415328423
7.097977616293058
7.092039472781459
9.571190816188242
9.256247919843458
8.809162906759008
7.484196865358687
5.182721928566024
0.7312403366069771
0.0
0.0
0.1252781723274776
1.563754891001182
1.3423944386146207
0.1879172584912164
0.0
0.3445149739005634
4.507324860005791
6.971081922688484
8.134734714656432
9.464266302804933
10.204870360366261
10.787418630858188
11.441035347191043
11.847007336173263
12.020533253374678
12.727688571956627
13.454388483425426
14.232323510081908
15.049234208881579
15.977466764921155
16.702426902069234
17.266660607899652
17.469419170536376
17.53747804889004
17.519006910635067
17.47287812191799
17.300828151657857
17.159642172348246
16.51910572947447
16.324632611019993
16.01333528721933
15.369798461360084
14.644443326230112
14.10853566272743
13.719158847523302
13.25591906260053
12.951430831183542
12.324870845466364
12.033320890786976
11.779047393412787
11.451031227833637
11.383943122273239
10.891812974918242
10.741786272868959
10.646356940944752
10.340300283059419
9.972383308365897
9.697457775529042
9.43366878149332
9.046074036470436
8.54072929869206
8.206988291055955
8.265643543384208
7.788172387321385
7.4188786342431525
7.226120026622115
6.841211972368996
6.259452740732213
5.107403900428588
2.8875512315595495
0.0
0.0
0.0
2.180091230912469
4.601969490389504
6.086509669334296
6.390590973554925
7.046157315308
7.054766508305911
7.176120972431142
7.25380562533764
7.220181883110516
9.81871562910318
9.887007778093741
9.37698874138449
8.503833611052816
6.540539159789703
1.4211832281947736
0.0
0.0
0.0
0.9521350872700715
2.0243034400355446
0.5637517754736491
0.2505563446549552
0.2935281220970137
5.037888660135636
7.662528099780559
9.223267121214686
10.496584696703534
11.353184425013797
12.172467191708865
12.945405161668868
13.391309337194324
14.298891085074924
15.186207567549715
16.023775904584532
16.798706327339964
17.77678462919153
18.48617623005504
19.30041920667194
19.73910271605682
20.085162688611064
20.59351984038748
20.55230065277638
20.551759537515156
20.367394869112193
19.78299520939535
19.287911481229045
18.34279640242464
17.707467572986463
17.236486115345546
16.618731540953473
15.661369126882656
14.903351439915525
14.133529243036845
13.634164904627134
13.104055805765007
12.767017920745499
12.443948027450162
11.919447919671358
11.624412302909723
11.19271660842793
10.81186975772773
10.712889525552818
10.544054965530341
10.209685913884863
9.92604569255074
9.483637522644756
9.129278426219464
8.68549543224085
8.326596290539015
8.355863676859894
7.954690073670834
7.708439096074462
7.341070506346844
6.733252321847949
6.452925497833043
5.265747669971863
2.774850987473807
0.0
0.0
0.0
1.5226498850200563
4.404555268934699
6.079040035982262
6.49322005390434
6.86754496625058
7.2114861366189205
7.320339232162256
7.2681786592869475
7.472953775823181
10.167349471225092
10.16216345481102
10.120247506722885
9.870623461477944
8.83370842615884
6.395925408554271
3.215328498459291
2.188032273766463
1.9425538616259441
1.8989489043225225
1.0267384015254848
0.1879172584912164
0.4384736031461716
0.7268211536999587
6.3251185106114285
8.890039397651924
10.396602619857225
11.670346334588743
12.644943596848208
13.647507559168625
14.695168935059002
15.742475841336203
16.644973082800803
17.508651910636246
18.60746169354271
19.23024947843566
20.225620973724777
21.79086477459627
22.563835443984388
23.363306189430205
24.244813882136498
24.56861607361677
24.66573992025675
24.697590931934585
24.48132977253351
23.804676897147345
22.960477761629534
21.531999236973256
20.506676932406084
19.395762235136402
18.240778406107864
17.375114399475258
16.455628042657295
15.464950161651705
14.597523483065975
13.81191393938096
13.28424281802373
12.78174649968889
12.391766660338142
12.073677034434889
11.674918579802936
11.24089553889945
10.945058046976419
10.786752722125994
10.488322008897953
10.11851111401854
9.58318923817195
9.430325654821766
9.041877316464896
8.891986247767019
8.48053091721571
8.03238861239443
7.824606373531461
7.4903853728861725
7.236461182684486
6.804371396514922
5.716171633574508
3.621808345332115
0.0
0.0
0.0
1.3576631987013947
4.332832075906034
6.155565903284438
6.890915412073836
7.1692353384322365
7.454875648406574
7.4481464142495435
7.6438164308943515
7.4272430265830085
10.358471863230005
10.764723897018746
10.68989331730838
10.78189755838856
10.37946484634808
9.678253753916223
9.443306884372914
8.817010102293635
8.228172196166847
5.848377533362762
3.576003132688186
0.9054915639681363
1.8159823449421286
2.765819624524814
6.548084253480365
10.655983692328137
12.081641730072144
13.347700308969861
14.423356408996087
15.507065002930638
16.61110244508554
17.365199016867546
18.504870205628364
19.800878836638955
21.03233655526284
22.54585223163232
23.99713242050652
25.685625750708386
26.618179269405537
27.46433812026987
28.266959851389142
28.82417956780137
28.91492176195162
29.031741235990626
29.022437010282804
28.27242573475166
27.41400358980009
26.233611427983078
24.761397466335048
23.035264986372148
21.0376925540309
19.504233331718957
18.132201489753456
17.18723493290261
16.055396369235027
14.956743959763807
13.868220679328735
13.418667673397369
12.83525657278495
12.331922154562895
12.103114038857077
11.621393350832287
11.278254346365367
10.991308018598696
10.620445813471209
10.228970855569091
9.741489560399353
9.3820741177978
9.219636563213017
8.952972701397139
8.813940916226784
8.325635605680967
8.046288075523124
7.658724824067308
7.2840265774871735
6.823322752822936
5.971610431173313
3.7911642771103895
0.5011126893099104
0.0
0.0
1.0311575844325032
4.1552818762468995
6.178580442826449
6.830494849571692
7.014991713499085
7.3606922085464115
7.543156710435117
7.3885728136117095
7.490240812594357
10.718494501458075
10.816688463821762
11.195857753168237
11.329941919336356
10.974800095006238
10.727835437572237
10.705857039232082
10.523994026942459
10.2259260724283
9.91820810252437
9.293582494121107
7.626303485195415
8.050667984364889
9.363722083894968
11.140507581195033
12.33842957165463
13.508805757563504
14.846910752834544
16.116440687024053
17.032292273449336
17.994523486144804
19.22657292743029
20.65948456377278
22.111114034528992
24.05743782420072
25.89480790629786
27.400053987488874
29.120978980440167
30.008524028573234
31.279711865151164
32.27232807172571
33.032325314619435
33.49220519639493
33.884404827405554
33.636418318203205
33.33634384180968
32.66592931716826
30.993466322184304
29.32323923720295
27.490511689295833
25.06134901973747
22.77243025286024
20.818351655545317
18.782344799588166
17.416596262488056
16.419768430940575
15.13869846989231
14.074066740702117
13.5811729336542
13.046385727128703
12.4337840961435
12.076901799178174
11.644628173740816
11.255153063425263
10.68954692571722
10.547100928228021
10.056825874102039
9.690090454583283
9.476224166188116
9.264089471702174
8.92235785921418
8.475869001383765
8.097023751533595
7.861900485136606
7.355245693118454
6.954010872137943
6.2153929214360675
4.042493954621269
0.2505563446549552
0.0
0.0
0.6802534848034274
4.457048204993411
6.333419259267686
6.983757460914814
7.160308819910893
7.274045271438584
7.558334172151805
7.506508827518266
7.639094909377888
10.855203104858152
11.125413360822161
11.140594879908102
11.577426965166689
11.688426364773226
11.414251591843826
11.364656134233028
11.488905153242651
11.449265570666055
11.333346492083786
10.877971956741915
9.486017662396437
10.565753177239477
11.464174067746368
12.637056881375523
13.707420767956048
14.936456406017925
16.43842143581727
17.176544876931427
18.201380412332433
19.681093384262557
21.39640344070518
23.24852235527315
25.13113653262807
26.856971558726784
28.83021099871868
30.627309036053315
32.44609066955102
33.92908349279639
35.19677484902984
36.618722104396106
37.6021794589922
38.1158597469852
38.26768445091028
38.38039922615234
38.112321733563995
37.41397644904185
36.482950960781345
34.66679984278665
32.290077513794564
29.784962814645596
27.124581629963423
24.713863551200255
21.73498103762693
19.511771402472732
17.781120592831975
16.52067389882299
15.233281127916817
14.101067124066208
13.432392686476778
12.703176200073901
12.504233643174244
11.985077101568569
11.422357751416085
10.812338584266532
10.478950695055259
10.281020466631492
9.827573355748438
9.488139094831714
9.514181507990193
8.977035992139486
8.54987285251182
8.186187743420502
7.853096897219341
7.450080001732052
7.062197399030081
6.481441733477164
5.292660134146127
0.7525243258744413
0.0
0.0
1.29357639827756
5.582863847633277
6.561126386527768
7.014500085415444
7.113935034353789
7.333819955336784
7.536536270889926
7.710746208312724
7.631211338833735
11.225891890009445
11.522429746797556
11.805799508094323
11.89977459614067
12.08454948940678
12.149741782550386
12.302839133934064
12.285984921142928
12.484137009778088
12.476809624125563
12.192777547583635
10.72887545222973
12.086992042904056
13.040690527018072
14.012643444296423
15.439307584385803
16.57442941910286
17.38810448363307
18.349772404806696
20.144586282100683
21.822842692063688
23.869160269074182
25.700419098120268
27.84915203728109
29.73091535209061
31.696926974700016
33.78558741051198
35.873483233696
37.61156034308167
38.68282362801369
39.734398792631644
40.90568933139112
41.75285404645534
42.19221150961643
42.46001973341189
42.65625209198484
42.01212243729504
40.94532089647683
39.618252343728756
37.70641998579821
35.38471664939349
32.11456187767099
28.480588106512485
25.57365772585062
22.340829281960374
19.818448128844544
18.096713240217962
16.48819510065435
14.885440465566885
13.933981212098002
13.493334023853473
12.578030685948434
11.915768332049685
11.860620026839985
11.258859472064257
10.955265781878413
10.390514985462906
10.221972697153213
9.64057448277982
9.514955089755546
8.97204987685015
8.669444847018209
8.375780362332964
8.076160020748908
7.748625330638591
7.535438785484784
6.664930117000013
6.363916706338182
4.842336735438105
3.785499946011443
3.7321017739913995
5.513171928331734
6.305701512816085
6.960058515510047
6.995320270490225
7.3876253231244045
7.278016902615617
7.303389626453418
7.608413940490605
7.679208115010165
11.306883711915104
11.579215633497196
11.832028777706174
12.213541499395127
12.39774005609177
12.485739842703124
12.854827545154196
13.189982790310806
13.403770195698103
13.506912792573369
13.078657002829194
11.92599201017714
13.391583945175768
14.2813669602713
15.466125233514942
16.38869057646286
17.4050894583212
18.397716554847385
19.76480978957044
21.778728373696705
24.060452271840923
26.144358240435217
28.002950210344107
30.173232522400582
32.386372421602
34.47138224749679
36.37300648772999
38.30654337157218
39.973878261204135
41.530647480751924
43.324843924412804
44.71835566336159
45.63050617847943
46.60621469631747
46.99393151513146
47.29715322375713
46.68404044801531
45.91545277882537
44.285172024130475
42.39353713331573
40.27512414219807
37.55620503906478
33.82337858381386
29.604516799918773
25.692505780379772
22.562597689006836
19.762317175848466
17.692960316764506
16.17159126077277
14.598567601789316
13.77311582922877
13.276014357131341
12.494604318885363
11.999332930731564
11.47354202590743
11.034722312538822
10.445391802105659
10.093311983193443
9.818648379279107
9.415391087255397
9.269567664686097
8.936866426822721
8.625062387912454
8.156527602936855
7.769006151817707
7.568161609192534
7.2906842802842435
6.69996653809853
6.305535560935499
5.367655495370563
4.971162351331932
6.373867224679628
6.5554103674727155
6.707818336226191
7.148381745073987
7.269653543537869
7.3331987753527414
7.40116865992038
7.582086746198199
7.690360968657855
11.521868680662088
11.730339706388268
12.109265739285098
12.209118754987738
12.516513492080298
12.884246429660347
12.964082025874985
13.564818014440574
13.75670837230833
14.05725069323784
13.950466283031687
13.081260196425436
14.323642097220675
15.171035132941647
16.183922396276216
17.16603696785118
18.497254992756723
19.810797297659075
21.4538630990204
23.69852711344211
26.13962694898739
28.085571071521787
30.135457573275335
32.08789739468498
34.38415841050083
36.73630049259198
38.58577247050793
40.33381735495662
42.27065875043294
43.80836904543363
45.469693974164834
47.19063800670375
48.86592748916586
49.61504699690611
50.8293324575343
51.4325624197499
51.43863578512814
51.068489291428776
49.64038562500779
47.4901698387913
45.603454455436044
42.14927077896896
38.882539582053894
34.970269880361904
30.320953624064803
26.289858841960854
22.35777359293566
19.170304658265678
17.197516424922288
15.783129666602768
14.090731675746303
13.343772083612803
13.000052378268421
12.177197364931901
11.799366609050129
11.254635539266685
10.553744898512905
10.208952033168522
9.869719314511268
9.454040087936912
9.177183625324618
8.630024452082667
8.311240772324291
8.127773199310875
7.882481764403353
7.657436733676308
7.3914896572614985
7.136704352232901
6.754189108282919
6.313205703447931
5.273846318912563
6.839032023550956
6.7957119431186745
7.000766785918183
7.159325563743606
7.342386149927973
7.470879966448676
7.463095944764406
7.608684632534425
7.6483272953850605
11.446393478821353
11.688360851610355
12.104065003616398
12.460599125365862
12.646205118254251
12.869337732751502
13.385484827439015
13.868754699777826
14.240894013063395
14.776109823502885
14.736225694485212
13.793756824288021
15.276005594435993
16.187011532521062
17.014201115093346
17.519995804932787
18.920301365976457
21.055556513478685
22.85046935106806
25.03281678950439
27.387871782609423
29.530556301687984
31.822966697065134
34.0433439601655
35.96078214023064
38.162106978455284
39.700823618682996
41.308670701239805
43.626085336035885
44.92033652774306
46.64362230658214
48.885891545822986
50.18251583299491
51.40605773311482
53.04548851752444
53.8636877493846
55.497225576974394
55.49255337587396
54.54057949149016
52.61775796377254
50.75869939943607
47.860780868548396
44.110823559567095
39.707897753769615
34.94939416873491
29.904052324700345
25.70396192238157
21.393731658430386
18.28333911958331
16.689015471566048
15.119646570936164
13.885024756250107
13.111182878250563
12.286531866249383
11.743255017000086
11.43219776686366
10.841415850312677
10.416473757576524
9.924477715857039
9.48497053045074
9.106194275982475
8.840884645833313
8.688475858156156
8.420515352651606
7.817044672685862
7.833264555105854
7.351433302611214
7.198771858968922
6.8109201268668595
6.4596616417922865
5.456321942408616
6.844851208305857
6.869073479143131
6.9446463541745835
7.137423911518372
7.231794473251904
7.4346030774535725
7.425184930848583
7.609967351263499
7.7974450890504
11.488947522980771
11.72265793911768
11.977659716929315
12.401855588052456
12.631724680882426
13.208014249808606
13.698113584556317
14.111447996374146
14.43736716774046
15.303340841849277
14.774502007739706
13.291474521810342
15.287228212393215
16.61751455618284
17.158730470465933
17.972312109506376
19.756662043687292
19.267662920346897
21.658260189876255
22.770893894070948
27.86711902092747
30.48546885462984
32.425729017730134
34.66954499803995
36.84100594765026
38.51710941155145
39.88665871542337
41.58291243330704
43.281061184183756
44.574607903423605
46.65248820905662
48.435217595698894
50.075033820414745
51.75172631723615
53.84013689507378
56.11319070252415
57.85471424670717
58.74937861700466
58.90452103296512
58.697737773976435
56.613494157043824
53.21086171358821
49.37883510112449
45.346016534951495
40.234901703538576
34.90406927192276
28.6592713735691
24.10396094120487
19.989550146010338
17.532434743311875
15.82815509967148
14.400160580211569
13.35266145700658
12.715670098832504
11.842622620850525
11.230929301018543
10.649532188350575
10.327611770281939
9.87546304427806
9.305704688125743
8.900296490527031
8.621093732619544
8.571031044306194
8.218487635246522
7.804101231311486
7.705004104413007
7.436797520989967
7.330018234821138
7.105920878647121
6.657845588819002
5.604435512370425
6.85920455353965
6.668537766823174
6.8785474969669975
7.0944976131996675
7.2938977456679055
7.2436707602751005
7.471407360212297
7.513465992877127
7.707573352997089
11.501140151744526
11.692105470702232
12.017509203278648
12.141859803903445
12.377336687582103
12.90119951641918
13.47643890123243
13.939131600453761
14.236649770487588
15.185315554829172
12.207653237640855
6.571568759460471
4.63299621705172
9.438289465334396
13.529594959428762
13.139980955211442
14.799624523504
19.953793954759973
15.314898303983572
8.182274313116112
11.531517786813842
22.007578990603726
26.08820706340582
23.75291472057155
36.34751334439565
38.24056252654143
39.60855230383581
41.04278320123653
42.69166978531331
43.77499199866202
45.3120410642035
47.41170740307157
49.230019297272946
51.237867168009345
53.50379643553632
56.34535389876532
58.79906706711971
59.95540637785053
60.58510826917304
60.94282504271482
60.55490158935956
59.06035341988567
55.12154920949137
50.12999917915604
44.5157844565971
38.55143423909696
32.2267822218184
26.493822184088433
21.918579845725606
18.428823052788598
16.57398608404524
14.697778858369192
13.576184684644147
12.905010683303397
11.7575796761165
11.364112580893192
10.843589308829849
10.206941371739184
9.618565563729554
9.027209676587875
8.645501682070208
8.316145539957253
8.234937752597737
8.106193966007455
7.7763240491960985
7.57239306316135
7.204564736940037
7.083379491969842
7.201384196408439
6.642436552219076
5.495241475598671
6.832993839075049
6.666025997763338
6.869605956311922
6.86754496625058
7.07868830150734
7.135572989697216
7.348780155843235
7.510601092857188
7.5632175281361596
11.278933876344135
11.431351196938484
11.78189077285803
11.911469829056696
12.030911679503905
12.450320508702422
13.253722853821763
13.752248875900458
14.377751999195002
14.24667700858405
8.460313619069014
3.8887844959538835
8.802052099501285
5.425644975587955
3.17771442945444
6.016954925138211
10.285849513620708
20.130440038539206
24.31240162468692
19.62913583990818
8.856914138597833
7.777719323391547
8.336216465526661
14.005347743355143
32.145019600776635
36.76859122472634
38.5591123941267
39.82452544764576
41.29167806630751
42.47797065431572
44.30088894464342
45.83648821000537
47.643189085487094
50.04942813337601
52.1022267026846
55.38921388273212
58.362921447757444
60.25892628430077
61.25745559050422
62.545377491927376
62.535043466812034
61.24246423334094
58.053980163705845
53.145758764783864
47.087020134338914
40.79719341569728
34.852336863037024
28.472701036558476
23.376281637324837
19.209891006530103
16.89540348002434
15.103944741672697
13.853891675326876
12.966563181781952
11.766382476683248
11.087102470595042
10.505371570927279
9.670554418055538
8.229374663441385
8.369282728611084
8.44541970194475
7.716912571025747
7.656382047275954
7.5945867771059685
7.867138594128745
7.187505631370696
7.019182344397124
7.183042372110022
6.722650837147059
6.423244708737287
5.78673792494769
6.750280564643709
6.641171208792963
6.5938700382874575
6.534736750504185
6.933753323318669
7.047632199558926
7.34658571230684
7.66271216888442
7.70864050734827
11.159757386644683
11.469963551525904
11.845623945361142
12.090015358008536
11.98961279426194
12.591625101574646
13.04176212255846
13.745251702837118
14.404455360291385
13.060110265811613
6.336969476333133
7.143650862454806
8.484287101649771
3.8525597032739505
3.3360982270398374
4.005591074841524
7.633580407133261
9.956415698012018
21.867063379384586
26.77173221395002
11.55645483049861
4.229294900975153
6.645055151883728
8.037004536187487
14.125809470094046
20.306030063284748
33.960342825873035
38.89644666310751
40.21859826808018
41.62288041076054
43.124540157125615
44.35712240260919
46.36743036242715
48.33612467288596
50.64373054621104
53.35480004482072
57.216665368730744
59.652144811404774
60.94667902489257
62.33360816992064
63.10302578914571
62.06281829681862
59.6650651832456
54.84871951916457
48.86098118360059
42.28892003195668
36.13369250681154
29.935659773665975
24.686664465029846
20.09578779509485
17.25925831169245
15.44516422880422
13.896183732541452
12.931076788205251
11.78721310020147
11.007470435617455
9.84836197402026
8.385983467919171
4.183922263710583
1.760362233016104
2.6250680256944467
1.356545541921613
2.714933481532852
5.521583683492516
7.2630008843892835
6.984202149260399
6.84182587986962
6.754799695123259
6.85277478194441
6.079794987101771
5.131322748984367
6.453163415346437
6.3919261863326
6.522115124827101
6.406074910401281
6.858168439653862
7.024356231462447
7.2768057152465
7.499024268395782
7.815382467301128
11.27310287334403
11.364413601862974
11.796282395452604
11.993951753604
12.469265583014307
12.604837786700712
13.345914563928819
13.729997565303972
14.46522122356044
11.62522997355979
8.824816474141837
10.795209701192956
12.255829718120742
6.1897271288113505
2.935060901156371
4.319613775913476
6.224976326731784
20.24427253842164
24.373574729879387
23.982710328598706
7.75155546839096
6.494845625247214
6.8191759802711225
8.273042207188753
10.71063279481935
26.86903662395217
37.19981313714378
38.40221172395775
39.66159432975658
40.327265243629626
42.09814867131677
43.53229218581719
45.18604271660731
47.195884535057495
49.75045508408313
52.014620209731376
55.24939072753779
58.36001183805194
60.269803686158816
62.06463994295958
62.66032127672896
62.1139486466539
60.14246877846545
55.257411643338834
48.659501380765576
42.9577421697387
37.278523749446954
30.732135497343876
25.434508153208483
20.680742662283464
17.547991871867705
15.700551740308176
14.096907276513543
13.038986937704403
11.511236370962669
10.641673439881112
7.748714984554886
4.179875632329812
0.3911239113413198
0.0
0.5244171580302885
3.7067463830303637
7.250050015200131
6.9851914960805885
6.679656131560751
6.086995481343919
4.700868509932884
6.010883585745973
6.319132948508445
5.360243354425392
3.6084966534930145
5.560353068216692
5.911931942396096
6.134549844333035
6.370825823742414
6.43344146843149
6.896361927501792
7.18602181563895
7.494394972563752
7.50185340273574
11.432362400594593
11.66248804782557
11.97514386830344
12.247501138779038
12.434563009048242
12.51944328221423
13.408623609940204
14.122942987237877
15.617707804650282
16.77929781339118
17.873839292113654
17.51017090670215
18.86800067218919
16.84008626938293
5.644283653677184
2.564989242898605
4.241501128995428
6.670852821194995
8.596496069055274
9.942969578239424
13.220076185526372
8.143587043825457
7.490474115458112
9.367116761816007
16.817463592823945
34.90934900966024
36.88522763971984
38.33632370379551
39.11668166716141
40.154104002670415
41.450562565510225
43.00261555750751
44.61583604092732
46.16482633767336
48.36456633510894
50.74912248712027
53.33958344508681
56.33539223158672
59.26048129929839
60.701014727717116
61.651943149068686
61.87181317040312
59.98425473383196
55.7197709435094
49.29052327054302
43.14748923183116
37.82459942856143
31.315153557641445
25.98892648749213
21.114413217599857
17.86953928030648
15.925051590559908
14.076383653358967
13.066813391593536
11.6738819070765
10.550101614587987
6.936164756287696
0.3299455467020232
0.0
0.0
0.5637517754736491
2.9104853300258506
6.9137406011718205
6.646980934651671
5.604198415515093
3.0380495171588056
0.6846520334383333
0.4517285664630779
0.8094736191979014
1.2110185000180027
0.8251989658525851
3.9381479130065173
5.720236081138747
6.155257459693125
6.314268008418846
6.494510649283496
6.783087192706053
7.158833935659967
7.245829438131519
7.50290819026298
11.439016054761268
11.813907231150168
11.802819008560101
11.925842123592462
12.262593215180198
12.684039244200223
13.490176534199945
14.541186323204741
15.780262655819797
17.214801992848024
18.676271386422822
18.1378087713331
19.740339862985042
19.768502529070656
11.247876070267548
6.16901726581344
5.743591270880448
6.550214241954721
7.39761996629495
7.1584131234212975
10.78372156861983
22.430338786622396
16.73738211688982
20.791653878654845
27.395322571969235
35.11595760840889
36.695034025783315
38.100566105590886
39.01878031948057
40.047990033586395
41.00858368217418
42.1117118005776
44.02702607430351
45.23168789507164
47.15236810694668
49.56411837373627
51.69371850750492
54.78083612381522
58.09178176883235
59.590369975032516
60.745949884396964
61.09612559284444
59.62812934512883
55.18940371713049
49.094855632561575
43.1465440597011
37.73953852879132
31.705708332753343
26.226894207749282
21.58219973032743
18.022952728766658
16.035576314107164
14.064566109203902
13.073195240876135
11.603773379540527
10.433056139042584
9.05219447626199
3.249171724424058
0.0
0.0
0.46619185000222346
4.720186805522354
6.619758587331204
5.540388863847073
1.7048690044469963
0.5557367011121579
0.34011642526565755
0.0
0.0
2.110511373064098
1.258471363183418
1.2054873749541055
5.1915811320993575
5.82881414771952
6.226586339989499
6.651425276119956
6.766894981867463
7.034867134095222
7.137687608400188
7.286940580309044
11.47423450855977
11.558880518965845
11.75848545092981
11.996569904907549
12.33748395896929
12.815389142256782
13.542901948214196
14.516071776059965
15.85498595047166
17.283102946980737
19.279141109583364
18.566556654336846
20.35774628172988
17.12043096773373
8.644780986667156
6.410763503543618
6.392451110764525
6.370274232856489
7.279730824885134
7.803978283595552
8.299152217512283
13.690432104934327
29.173711394027332
30.93309071378133
32.89251844128143
34.93540302583281
36.546376851180774
37.8349484556646
38.51751438620816
39.33862269230565
41.139783354659755
42.2945680599157
43.61730433925647
44.64869322543257
46.66147098234061
48.954704382557544
50.80801206077709
53.463725879322325
56.84007283575808
59.245092954763955
60.22025989875574
60.18943791708475
58.70628386309859
54.58957439751513
48.95657531362182
42.88740298811867
37.81838034706281
31.658748162690877
26.445565502726296
21.589753742360216
18.024419599206322
16.02925278138579
14.010275452567129
12.865750279081327
11.38061377034147
10.387060750467004
9.289196117599003
6.876544064974121
1.1930172539127157
1.046969737952084
5.012864779757472
5.939058869592566
4.4194011409563
4.005204783021243
2.7235727762108866
0.2818758877368246
0.0
0.0
0.16824994976953608
1.5747053600006249
1.4414327475837685
0.7822478226826393
5.341067323912538
5.990701514685901
6.210648588731322
6.478500373504259
6.768423494760015
6.803397599243833
7.101457619386448
7.187014003287054
11.636549857020292
11.910982546397866
11.85687285397084
12.204089422111412
12.327253838566206
12.833670357199003
13.587708611078327
14.58448842844993
16.00147568104401
17.370363587603794
19.147931973873785
18.674090801678744
20.256030078047704
14.706946821763179
7.539370499717344
6.5313013867222685
6.43232033571512
6.481243725916833
7.259887987385305
7.660467279290069
8.445130648413734
10.245169697978389
24.54297485393734
30.476676726692165
32.3690945635692
34.185741408378085
36.033005993433456
37.551149564316816
38.621103746181426
39.45758263333339
41.38256309950917
42.49269054136826
43.54785602083155
44.55101116568899
46.25243144564182
48.45115956781856
50.02914372853062
52.45973281318129
55.62565039700012
58.24662275668932
59.25323988225304
58.9646966234331
57.65755603889164
53.21868788074367
47.55661641354559
42.11201027786214
37.102631046455045
31.047033706829318
26.011153241300807
21.54840840663894
17.846276196258458
15.96972758580862
14.075192371532165
12.911588892948913
11.30025534829699
10.358178911823293
9.285293499484169
8.307778737632763
7.179866861484594
6.486815534262145
5.924472576557731
4.116531022447051
0.44572728887145485
0.0
0.1252781723274776
0.0
0.0
0.38140421457424994
4.5635045911203065
5.303277853728057
3.5400908081449933
3.156310224949609
3.907435506052476
5.819363592706307
6.009578213639122
6.472308519422415
6.626783152709932
6.984249088998454
7.1078873909816895
7.274432443310207
11.794534585880792
11.949032304083225
11.965915715084963
12.154327183267114
12.451270524931054
12.934056156232195
13.534719915261707
14.660843242385448
15.943583724019582
17.402853668333886
19.01442605016691
19.09997890574263
20.417112808793267
14.371067147007786
7.417615377300888
6.647491480527701
6.376037245035432
6.908466145726819
7.259364481454021
7.965166367576275
8.511344338542967
9.9705840814935
19.785824125325945
19.840033541004388
25.873833337879997
33.42748709939076
35.17007535984633
37.0535062625433
38.381471629256616
39.450544260301825
40.904040206637994
42.014644078187736
43.152993359501004
44.17299325654449
45.678813157642075
48.133526919024405
49.97955059757195
52.04327372111854
55.20570431964022
57.59589490132035
58.60145028499956
58.24211900172422
56.030148822477
51.729258804966385
46.398592004944646
41.05286895046137
36.000071020388
30.420411092750207
25.494461769653775
20.944383447084974
18.025669479102504
15.646460923032116
13.850691616348486
12.485412088906923
11.156654620010071
10.409952812866498
9.271790312967068
8.234183838731177
7.1775450688683575
6.2401469204319655
3.174783519752051
0.6693626390794463
1.2841012663566442
1.440698981765991
1.8791725849121619
0.1252781723274776
0.5637517754736491
3.6842813656790883
6.465547123510127
5.5138877751119395
4.995387521159727
5.569775352166309
5.381222014642633
5.96183197516031
6.058667276277294
6.737803149676366
6.761646305790876
6.767058110369594
6.955485756388868
7.203350708743007
11.804592053428435
11.858678314034487
12.03516736610377
12.227324965640685
12.433989054305801
13.015862539164146
13.58023665195786
14.42226798388355
15.839829328064258
17.047366586229145
18.894835297693916
19.398713885547245
20.252999299269945
15.386739909986888
7.6936337659761955
6.198668470517491
6.45299395268365
6.595135381713568
6.942735713058894
7.594620306898866
8.669663710190475
9.536625903694818
11.666183656797028
22.08485271732269
30.693001679499076
32.36757671062765
34.85037357370653
36.78757450573011
38.41884266784867
39.29467945187777
40.26792277217154
41.51162709211742
42.220755668607744
43.75162030324298
45.38021558548374
47.45845885185219
49.40874231908381
51.12034794951177
53.44426608040707
55.30068774349292
56.822204250291456
56.14096448956441
53.38393017344277
49.553360780023255
44.54970136017769
39.62314427223342
34.62752383528225
29.506928341200805
24.72418913722313
20.432098539350207
17.3236599091553
15.303618784110938
13.455336073454685
12.219493605069534
10.980197667740253
9.845081892402073
8.909689726771877
7.847030268128571
6.336898700738704
4.043843131161883
1.28693576917491
1.8390972131047059
1.6715880176992655
0.6263908616373878
1.2527817232747749
0.0
0.5011126893099104
2.4681307177048306
6.356819895882521
5.3104927747452395
4.67279304982357
5.287733678944394
5.788683545085669
6.122547984948357
6.2865311567870625
6.3362652376706885
6.533734576544513
7.015702341303733
7.015373841722222
7.213752111515277
12.03300189344285
12.199569288847675
12.131194864058944
12.29849473157943
12.72133738093428
13.135407376412823
13.72134434390292
14.592575606570977
16.065529916550044
17.225283394334397
18.812824500409018
19.540414999293674
20.237010801455604
17.904220816306413
8.860355260480155
5.91317934075279
6.015719843259003
6.58514749735339
6.851628397274996
7.580768261789149
8.607886911175548
9.170227574094147
10.20547719462633
27.98041490423472
20.12009775922362
29.322957313819927
33.4800880853725
35.85098232909632
37.90673803636383
38.838625617146576
39.60711463656184
40.32118940421291
41.2892158414961
43.00285453869126
44.457091935578156
46.26150488827842
48.485903589011954
50.02723865415456
52.314147624862876
53.525627514669125
54.72864045283232
53.12999837267121
51.257822821106004
47.06091438862112
42.05700595501139
32.90108184432213
31.007074297841076
27.82649635305064
23.456267930489197
19.58361942930277
17.00880486147343
14.812548260145139
13.358129157122
11.894895871147364
10.57027344375639
9.391571946486954
8.301205115522228
6.921297703956552
1.9841932168289733
0.8165646632187972
3.180464420437422
2.4006267254860694
2.0044507572396393
1.3897121299624413
1.8478530418302925
0.7516690339648652
1.1901426371110362
1.7551873250939856
6.3068009043616104
5.449017229257135
5.006646213703951
5.424332690766678
5.658055072897139
5.986039333607372
6.040523787272737
6.288726149651786
6.425032600869952
6.57081940407264
6.9121372992680055
6.983224983746022
12.084770355112033
12.308121453918998
12.4208760100156
12.416791881069011
12.797660055579515
13.120197903516832
13.612297512848796
14.530656259915245
16.036636590708675
17.16350195470141
18.943705939381843
19.59072373576853
20.060414310654572
20.382249234592194
12.181877975509595
6.163351287136625
6.040437314568542
6.459542683035588
6.86949645645142
7.588878202999143
8.45702214324579
8.67612681628852
7.737586377638594
9.861441509627612
9.736954112031786
18.234534492189663
32.27138218689845
34.957985999127175
36.870162893180456
38.201618478662574
39.06310726515518
39.61643101961995
40.15218556078395
32.841127783862724
31.874755890174107
44.87034578202775
47.275798857874314
48.667759262765756
50.592887967587146
51.908423348232944
52.180424597798165
51.16110857125435
48.68386739058684
44.486411628032414
37.112358110234965
12.296727276943097
20.52348773383928
25.04441096743387
22.175461031651277
18.665216933105654
16.515231661528606
13.965755888063416
12.86870370159712
11.54526307767545
10.368454586727697
8.848770811334694
7.715312414739604
6.74288509268292
4.358092816335577
0.0626390861637388
2.2141909757230427
2.0044507572396393
1.00222537861982
0.1252781723274776
0.9395862924560813
0.6577104047192571
1.00222537861982
1.1810629262392662
6.1591483568858765
4.808501664864874
5.170051345393272
5.231181013243369
5.734841852440581
5.930711423763464
6.300609050279765
6.413124727733054
6.433084592161397
6.562986523737369
6.7756175228015305
7.018471716592475
12.362684335094768
12.285876839513843
12.475938728994942
12.672822707836469
12.906596816101047
13.179041016828302
13.911992772054617
14.833627840333156
16.101477950625334
17.285801130539706
18.650894210760804
19.83870747978277
19.390208422116096
20.13741616590928
14.953839628076105
4.360497406279879
5.966797820530936
6.864159440883964
7.28913786467336
7.603729745190115
8.230409751044244
7.779635080639391
6.060718220859465
6.9306455097198585
9.236353056466163
18.414415637700984
19.30888269661548
32.44019148688744
36.398346450898366
37.430601883511855
38.04706520947807
35.31359870382768
22.897674157153787
12.047563598950063
15.351275094678806
34.23211502289613
45.23236295898237
47.15242932414986
49.11671678628461
49.8412949684232
49.58368109694847
48.39312649196833
45.93999828172381
38.6647457862886
12.114953165419694
5.649089743015605
6.4919718853928465
11.592980291858861
18.3796332030265
17.68250098011727
15.63856940310636
13.646406475062296
12.24091631338594
11.007649629501849
9.883412515082851
8.264004007037515
4.576797857182654
4.17080783639782
2.923491190114459
0.7946408114069237
1.7655466469448735
1.5033380679297297
0.4384736031461716
0.0
1.1275035509472975
0.5011126893099104
0.8769472062923426
2.7337487645883125
6.123099296390156
4.258873871987357
5.349177476205143
5.526556381496556
5.738329418465508
6.001739167352154
6.278670369329251
6.367183463070016
6.419936627551432
6.515303225008723
6.861879451101616
7.043435478007981
12.111919955759243
12.54630089935471
12.45226938189761
12.654575423291439
12.85506315772507
13.273656335097538
13.955185858195083
15.012667020365415
16.077515447693468
17.1567892612463
18.132580100207722
18.85199958536541
17.23457617713452
15.653705659669374
7.4639767650500835
2.107798089208926
3.11933504892081
5.307309883978086
6.556238047874734
7.2748005964040345
7.172567362157005
8.35117535105156
7.74339225310404
7.385479982389945
7.13447770710452
6.9621095246445766
19.415788785307907
31.221399402527425
36.43628028041203
32.147454642684046
14.65250306590712
9.471400006250326
7.922195921581663
10.615533772694459
13.836788830630095
17.697560113913926
27.068520526285237
45.06389461395043
47.44877437020222
47.57464165176794
46.65328489879821
45.13770352949758
42.43500095856092
12.313831583261859
7.744747403777734
7.280864981762602
4.324891464918805
5.841910962903561
12.568650618579289
17.032669364429427
14.880220405282683
13.219877065837526
11.820563681838303
10.574162298032162
9.004033933355402
6.210559429187757
1.7292292972628969
0.4917169980399144
1.016712115798274
1.36202974687927
2.0044507572396393
1.00222537861982
1.9104921279940312
2.0044507572396393
0.156597715409347
0.2818758877368246
0.2505563446549552
4.744647897099682
6.168609343424924
4.2936067203823916
5.146406365919281
5.361384996748091
5.764686495652421
5.979108475032295
6.254190815533106
6.514589472468537
6.591984649124812
6.910041598357425
6.791020225240801
7.038862718886805
12.22374547994759
12.406494701784139
12.682618564206415
12.63149588733472
13.082532312699152
13.44377637435629
14.30055679966554
15.192197701984028
16.201653266825126
17.03748851536983
16.365070159302658
10.676721317550317
6.912011221457047
10.014591784816854
9.177947893073076
3.58482398279392
3.151180774164226
5.39901025312953
13.722370780748877
16.579890106376716
21.251134258116807
27.132129111963685
13.542590189498299
6.597403612149243
3.9568083052710836
12.77258228255178
33.447822628428206
35.43202870351261
27.730753809605883
12.585754436369516
11.761431006024864
8.890052381768099
9.767462140821456
10.192571948473697
11.043907489112978
11.272278189212274
30.502116853941015
44.05125465863369
44.70734833339149
44.37349991487368
35.88083887502353
41.20538762338065
37.831292038950146
11.63178553239681
8.364105456708575
8.107828123965476
7.203059763504133
3.7920470876137493
6.092346251900657
12.089193449214978
14.151304698363068
12.780308924192434
11.398271323776937
10.391932919918977
5.925684425985685
1.994355433593511
1.4903578513901792
0.0
0.0
1.00222537861982
0.1252781723274776
1.00222537861982
0.0
0.2505563446549552
0.8143081201286039
0.4071540600643022
1.2083400591934799
6.092629557783332
5.961905659792134
4.703126575095415
5.180286164879044
5.382787847441093
5.685439296552642
6.063997935771136
6.288607190895089
6.4736928216052245
6.702979394138201
6.797067868612902
7.052696586763744
7.206339083752753
12.145389400495246
12.294159014500854
12.555169067704362
12.91241605278295
13.079703978198406
13.67547887598852
14.133398124565042
15.214769707923331
16.208724068232037
17.139244421598725
17.58250482969803
14.385963141647082
5.844518200907809
10.089257851181353
11.97155661092622
8.719283611925139
7.652654708718146
19.199820930015875
24.648854579967505
26.38902058015186
27.80359504356508
28.80045122864515
13.902311748031048
5.451090145873689
13.154020313061523
31.619818060234014
34.665036571620696
34.974897145422425
12.868181582847747
17.386835396051946
10.63215464625765
16.470427395209526
10.055926289915785
10.43316536169239
10.316443523349852
19.905534199920314
40.62953317264855
41.59681199403069
42.158272698780536
36.71526203363235
10.318324830842485
36.13458410885992
34.684950672187576
29.162125137379213
11.2320972601583
7.252031351197444
6.86975442194722
10.612779265595186
12.63105492363843
9.314767958115908
11.706349889844992
12.163037827181013
11.087665657846483
10.09624034070366
7.935442157079994
1.8480491404198216
0.0
0.0
0.0
0.6175937643675762
0.8645335832959459
0.1252781723274776
0.0626390861637388
0.156597715409347
0.4384736031461716
0.0
0.0
4.2227406837298815
5.739138278663899
4.736499698841128
5.687782648456828
5.6896985252288355
5.91632779545428
6.119423063200897
6.458879434401491
6.723797221816472
6.665888121214253
6.793531994300635
6.801108150565289
7.012151444857739
12.13138651937912
12.253672313452777
12.488470351165327
12.705073680804903
13.03316871084665
13.521041148378783
14.463599210081648
15.175269383030276
16.122615260992273
17.047388553115677
17.51621228704546
17.581900785968372
10.373076370208253
5.181133559665023
8.704405544475259
11.61572638240192
19.495071130374747
23.006700248483384
24.585060850175367
26.198062356215328
26.300056480370458
19.29735368566296
17.896797893955725
9.421856053229721
31.14531477218631
33.96784871058267
34.602607900888756
24.257501999356307
24.866068612801943
24.565708535546943
26.839357439188948
39.028796023025485
24.916944820236058
12.37056049051831
18.581421421571207
38.582640322944
34.47857254624691
25.761964206529896
21.98611629401862
13.075691088776283
10.577853845663183
24.811005831597342
26.687219260845264
27.50163557867358
23.703357987886516
15.346574721321378
15.073765099741003
17.199497885448135
11.842447928845926
13.559840139284008
9.308077111843923
11.652271518984572
10.819040737427688
10.194281592477678
9.117036604325547
5.148368660994635
0.3001832138221126
0.0
1.6816761547480426
5.913183694400926
4.673034492604391
1.7012510143980195
0.7850933356373174
0.8493601573258768
0.0
0.0
0.40883264342642356
2.3207760719260664
2.062022654844823
3.046020947808014
5.234037849295838
5.705658819665223
5.868672907232585
6.035106655074701
6.534617791747488
6.553881854580163
6.481243725916834
6.876517897094609
6.834563201052748
7.094755219428574
11.818057201079855
12.254033347200526
12.467757065256798
12.821427161308364
13.09830477864688
13.671566517913352
14.431918681110712
15.282598298910468
16.140599819147543
16.917176979319024
17.374105839250625
17.941525604057365
16.039103447628328
14.648284550570168
9.431160829145586
16.840651449847442
20.44568835761988
22.030519474401185
23.77154028086759
23.616189894273887
18.781072833053788
21.928188590129594
15.081458205650657
28.25428278890107
32.73403647280688
33.82768803990438
34.912915763242744
34.77634213285346
37.116520485297116
33.21064146859979
38.36070162608761
39.38959569425489
39.487447928037405
38.192080357385535
36.587791954631975
19.134718276342035
6.939987798155429
8.147245691007502
9.761323199665052
10.552889584656695
10.862242769579616
15.557077936426511
12.332390511213909
13.018948284634664
19.317120425709454
19.528246283410784
17.455415748242856
16.045360966198547
14.21535602009953
13.235963639177573
12.253244055985773
11.24337326279951
10.66114685878187
10.11850460738604
9.496731929541172
7.002423388572922
4.7584795694527955
0.49959134288083185
6.678691960445805
7.573882627790244
7.216358358301888
7.096502732042134
6.752150049514338
6.214969513382562
3.573155631125287
0.4355564103078205
2.256844586996145
2.878640874655958
1.436598399584702
1.866297150682015
4.603873783137899
5.581293717412274
5.720860275205
5.967776885846117
6.490884361112075
6.556174623918991
6.681826621482596
6.819861667521934
6.751905797840286
7.001750042085465
11.626995345362428
11.81040737413469
12.48613621567153
12.64576560787397
13.103133650071367
13.703067730005818
14.121706161806449
14.887555492938477
15.944130748726176
16.710451913250015
17.31023819370347
17.702741603313555
17.0819736895714
16.62332213068969
17.08375473821221
18.521251139941803
19.998137014230384
21.152122185845585
22.648653720755025
23.482022956613253
26.206750437552937
23.16150584742304
28.608631677897872
30.644885748807486
32.12642274672752
33.22795443271756
34.24752746752843
35.34233565258779
36.06537061374709
36.918764694327926
37.74128204678146
38.55979778698717
38.65444673271881
37.502142346534704
17.888820655341757
6.186186150529984
7.657746906909277
9.202589771605544
9.54732393022258
9.687720978510841
9.114112693864582
8.102065877951205
7.5529856450477455
7.698538567137789
7.5931478730238675
15.31217649106978
15.835830914406712
14.228290480622038
13.163333465403065
12.34912434462385
11.42713673288879
10.801168399249484
10.391735630472054
10.087081700921905
9.656477718322606
8.480868595677093
6.561220093331421
3.7386756348346877
3.1232950001424973
7.5809578242766245
7.634676661549152
7.1969209371477625
6.814578280596108
6.871334551133092
6.612827728756129
4.090847664110051
2.4770318912446214
1.540849280554107
0.6183910167766646
4.427424488176898
5.656620898480662
5.903561042075806
5.971485605087878
6.012681394215736
6.239017041277078
6.30294474307203
6.351103876827467
6.540045389383056
6.656956039455371
6.761993723164775
11.35997316587661
11.787417578579017
12.289403541955483
12.663338274314652
13.12027804012327
13.581697329682223
14.030293690315727
14.464642792572912
15.488723990988902
16.334649806536827
16.82991011990191
17.112572038270077
17.168358435688788
15.623403769693631
16.86301059133015
17.551107669744926
19.082825578640975
20.414271728473906
21.810812526930476
23.8607321862128
25.294162719430492
27.26808956461296
28.297347450359272
29.78971074309875
31.306020261638793
32.37676900788468
33.51571231742033
34.107401340803285
35.30815205523231
35.88789431244534
36.77925446125107
36.71277567586608
36.1016422172588
31.670052346256828
6.901945096152469
6.431146787552242
9.097983328312642
8.417257406046337
7.89381521697971
7.966495583364936
7.960633003141244
7.393914872827646
7.027945734416338
6.090775215118301
5.719480328011872
7.335679809472276
13.554855768586625
12.770375670253747
12.183802281296485
11.729280431757497
11.101410281740025
10.559039232211997
10.121313473010108
9.995772683278071
9.513110393207366
9.120712004493113
7.59687448484712
6.85779577032692
3.8121900833461364
5.085093455860103
7.416717115558815
7.153215306750058
7.116378152638272
6.778652310133962
6.671478847351952
5.5889735961390405
2.5794247116871545
1.8997624943965354
3.525321293248242
5.077881410234098
5.354531668653011
5.807275260617436
5.932549540358094
6.233636157321273
6.206864393074553
6.315447409992417
6.439658574466379
6.535738924463857
6.590234123010881
6.679630879607706
11.262640168097512
11.494610598895214
11.92517928136623
12.400549420372249
12.896779207681265
13.292837117076115
13.67028822677347
14.15488020619913
14.772677648257911
15.760712618536287
16.27817006273497
16.259953646399286
15.414875093045948
12.041204371491713
14.764184487760893
17.318433167132618
18.236626114185444
19.85728819317678
21.3545233273717
22.713435209883286
24.63746491222032
26.23900065154599
27.478262471202246
28.889453476184922
30.3981791848876
31.064949320444327
31.995461655110446
32.720380518744
33.656602089740716
34.08980598738041
34.78808451585609
35.115757673722875
34.33854622256559
19.490287261493798
4.026334456985212
6.25977044706166
7.904678784222031
8.022554787541509
7.755220810791752
7.3216652635691775
6.615571081168702
6.022077649221436
5.632895242389128
4.5723221598015265
4.557580832730677
3.976310161797095
9.981686547786945
11.533253637100703
11.205222392500106
11.068859778282807
10.463725864716643
10.259322007380268
10.154842505815205
9.869355700973752
9.557603113854999
9.205402175600591
8.94438318164131
8.046505630090191
7.973056165658055
6.089040698942857
7.604980572329232
7.244238963367185
6.835013980051241
6.623028278676658
6.431224454951797
5.871832106815731
5.201680041826862
3.015301018739851
3.3590536836950395
4.348640918721172
5.277649488114908
5.665701475795586
6.046557203017578
6.170804336289646
6.206388558047762
6.470210464699418
6.63713754044536
6.706352139948337
6.7141914656794315
6.568031993149799
10.86148126727598
11.168360638918145
11.757126432217891
12.154563853512476
12.478133525105974
12.760834650101813
13.215779540497833
13.563302070325243
13.97103856311438
14.363161367816065
14.473167020692738
13.236824184615163
10.472203527823748
8.651083594530656
13.629877719734166
16.47369592104765
17.171431259823112
18.34531334927719
19.75184202266944
20.212107408904046
23.326067454959773
25.05625900604275
26.592389307545165
28.022125744986198
29.305890385302277
30.25131007385984
30.66043456424216
31.46374688420066
32.04445796002086
32.05595668728333
32.13602344777223
32.156412067660476
26.10570596935248
7.312716900412215
3.9004520883315874
4.409679211061039
5.9246845217526465
6.842139055960321
7.046980283801072
6.913850101032325
6.3042455244445925
5.440869123585449
4.785250878845826
3.523937707633277
3.369571217540141
2.9261049806554027
4.143672338842262
9.816227617458127
10.672720986679119
10.67224706433681
10.275254628073178
10.285328681198992
9.656911694065132
9.782097111346886
9.376972934917978
8.974196008637366
8.597013409883415
8.315815374174598
7.857753882537862
7.5655908000724565
7.322341510176802
6.959676387286908
6.623400585381724
5.619815588599885
4.6468107411603246
3.603958000479531
3.078167668119799
1.8599452500763742
1.6539938231596423
3.4597359917191626
4.1517401814146515
5.587429701580408
6.031300718247087
6.053098699270059
6.2473789157147275
6.732453354552435
6.458565761028962
6.675612836107992
6.640908039326524
6.654149710740142
10.530967591978381
10.729405079449792
11.39790358426979
11.872470331421367
12.095572603838812
12.585600494674999
12.846128408438103
12.998705497590446
13.278583415288182
12.720966591110612
11.491573068323373
8.891987236122173
9.515251913034287
13.836217455250669
16.23261030962081
17.121639811669546
17.72202049574465
18.6069465737944
19.109533198660955
18.75393433312103
20.254611072210306
22.05835082492783
23.395322616973843
25.2155019577612
27.03368814210746
28.61852686191585
29.546976959564986
30.238427661426506
30.630140049029805
30.268296594482525
29.78496092522975
26.258816206318656
12.459873298018715
5.269371962483603
4.422460235321432
3.3896114048493624
5.262931432109446
5.860669628064044
5.461468066146338
5.50611211382435
5.330365738482651
5.089983661421449
4.512701004813099
3.3777428355919152
2.7383145449383135
2.1093208664813416
2.0969278777570577
8.092259468327443
10.221717274863204
10.178630741501863
10.001644124189866
9.675769142503986
9.625488356414571
9.301912753764842
9.100472575187723
8.59587392166976
8.13486340418867
7.41893625885805
6.592301242373005
5.384099216075362
4.536499364863114
4.386030197430733
4.286209976933562
4.83749099952458
5.121968974726784
5.445143228507547
4.734274786305387
4.120122227114527
2.9629376475952904
1.6620914346095834
2.6478735975120995
4.188002603784871
5.299580032119864
6.158694263029929
6.302230990531844
6.44608834606162
6.716102106795121
6.6328560480350784
6.419078664301503
6.41016870976013
10.090938827766626
10.586014497731792
10.864375529052788
11.307579549660133
11.573831696716457
11.664956327029731
12.036256616047377
11.84527793541587
11.115844647702708
9.905191254907868
8.002793834314554
9.922134551763952
13.088725255002336
15.061266595490386
16.139473257584022
16.778414365008075
17.220949695175772
17.938734749591173
19.04356849716652
19.98922267997864
21.73842735518141
22.985408470529507
23.91858516258334
24.558517894896454
24.568239607748094
24.922596301671025
25.362379787839746
25.925707264743647
26.557826642918897
25.50922361016254
19.29559304338719
16.352430820061745
8.395242477296163
5.780154017347362
4.149582654536168
3.1737209900385754
4.679505972547939
5.2483788624835235
5.5048204311186
5.301832323832125
4.776380169844617
3.945468864387188
3.306838584151537
2.551940697991627
1.627114097256904
1.3780598956022523
1.0371820817003874
4.558941449829794
9.003189973022486
8.640167843682566
8.212897036493166
7.503818121700262
6.8471972327947785
6.485078106034114
6.224772171251211
5.729537900199871
5.1163092659153016
5.465828087336044
5.879145901986089
6.0841469179356125
6.682888736331596
6.640958543232613
6.384330664622471
6.3298354660754494
5.974015733051851
5.761675655108738
5.439434949168971
5.4941631876764685
4.606155920008863
3.630118168412042
1.922797870624424
2.485485350374424
3.9785960149342396
5.3697138638532955
6.133046862837653
6.295062214443373
6.330430259858938
6.226824257502895
6.459567934988633
6.343935100738996
9.640325567122307
10.049158831910729
10.609701807069301
10.799110729486816
10.88340445781979
10.84641370085292
10.420014893732779
9.754452812196753
8.148183131561593
6.986966478791687
9.84218480677659
12.42019414471836
14.025532533204522
14.525213960516808
15.182072406951558
16.04044456070215
17.01948812457463
17.565928821196614
18.231558245044994
19.199168370218427
20.41674240751687
21.37884167289201
22.590545386651442
23.958645628255475
25.230534703326025
26.23519866867516
26.40846697815904
26.650874605196183
26.497407391145426
20.88651415451408
16.111762630909475
8.255127153933183
10.063674034628086
8.736543570314199
6.6380128728048655
7.69170749768983
7.613599587748992
4.983248447347717
4.570401880413284
4.363804170809951
3.866245247051194
3.456377408928655
3.382321237782833
3.3206240764192105
0.729084532404834
0.1879172584912164
1.3331821762527611
2.8994074745880036
6.423086673216963
7.457261084829024
7.888108717804094
7.896372953293718
8.000828787802476
8.053453998909138
8.032322016838192
7.971060082574772
7.563226773888115
7.382370973218304
7.217193508100769
6.976795212150782
7.070128889075401
6.688591338055169
6.247854750741518
6.281438414806616
6.1691823960375665
5.956834658982533
5.840501246405072
5.88626100924979
5.6375474805933665
4.971503878027637
4.255742723437396
2.60425763007226
1.5901781832676476
3.77657657397748
4.483286559459661
5.721145258626456
6.164111395227967
6.38952062418877
6.2946081205874265
6.337242159677316
9.120431492695753
9.6903458768733
9.885995056312964
9.879698532380031
9.70024342008377
9.257661957938227
8.304325533034378
6.747553516872263
6.241536495939616
9.580660719472732
11.807632693986363
12.947207609751866
13.4805543570374
14.197801617573795
14.742208909424765
15.472012588099206
16.26753126108583
16.89352551094143
17.668727600142283
18.077314888082277
19.185010674864497
20.301260890856874
21.345801204383726
22.538362241913415
23.636425261646817
24.572445030597805
24.95051420428295
25.344783895639946
25.66426179070792
25.095840281680957
21.219614332354052
13.194542661665578
5.478016639825436
10.330561601397612
8.99939909893461
12.06360303817221
14.605982269319073
13.097630902383829
10.814579502978647
8.739054634930326
7.927669047259267
7.710002330291803
8.511036129470284
7.377691673579606
3.633314545959629
3.657500679817905
3.6829369717425693
3.377260194556909
3.66668120507713
8.748844961465773
9.054092990528394
9.022903222929417
8.829454504855452
8.723439519602243
8.338221155104584
8.234138056156532
7.658588795042498
7.507000455601907
7.268898218572417
7.125701821516484
7.0898092635650825
6.720884406741112
6.4602132326782105
6.5212824135302165
6.303102650557379
6.2473789157147275
6.309169155990546
6.177994853548962
5.850704395991256
5.798479666723964
5.503961715632761
4.724198176632763
3.271479496676073
1.9985913341486552
3.1664750806454256
4.114450606781701
5.633288647628881
6.130205132728462
6.092901753132414
6.1290030084966425
8.648451885586669
8.855909306949497
9.086569954136575
8.846039286045675
8.182438190621726
7.248963940179133
5.403065553523769
6.3559091901148035
9.30440510288137
10.93138322882608
12.052204760313268
12.67177580446326
13.276805803433447
13.666187237591302
14.126996180942179
14.705954485229853
15.507870618645246
16.260315869079655
16.823793247192114
17.157006350089066
17.837685325946808
19.058672475570543
19.724484583274673
20.579328036692136
21.77678355686155
22.336856275153348
23.042306346950635
23.56253665644661
23.54020545833421
22.99661896225686
22.044758020236266
18.977186987686856
12.032241546169196
5.0576347430199915
4.757739878310048
12.362856594763906
13.263558783775421
12.737820155254477
12.185445627086759
11.153979551180878
10.096621088049798
9.629233527996703
9.072881795901253
7.2294904048664925
2.9775729510357376
2.6895829543963656
1.0136983585936044
1.86248548418737
6.927362104477987
8.705621824169087
9.041949408984934
9.093495333181751
9.070391587042122
9.085694568001173
8.6705707622391
8.577696155790699
8.169393820740199
7.830093260326207
7.506245130636453
7.432441558769236
7.199909312157514
7.12717670576741
6.627556868052403
6.553643937066767
6.515184266252025
6.519371772414527
6.197503855459433
6.100803739169548
6.3366473658938265
5.9193151030439335
6.03525322233098
5.716828155521466
4.9369866104653495
3.3884732539014797
2.5751007268072166
2.781868609561814
3.8664280897363548
4.9449316516538
5.678129018529259
5.806885007840385
8.02524791563838
8.217174623791086
7.892589443758823
7.362791660573433
5.967341407363039
4.618583453688269
6.57729045066109
9.122648664804293
10.452538910894567
11.091490150342503
11.610394904538484
12.267612776927214
12.954380848331107
13.351144672155442
13.692545673127274
13.766957455232312
14.633986168434067
15.212010815615967
16.07082785489685
16.658995251066237
17.271325114776577
17.586814620899347
18.123007596206165
18.92487740483575
19.80302241790346
20.380634962320766
20.725884580784026
21.16482019251704
21.498221854360416
20.87539886226427
20.167947948773154
18.95640879837494
17.500252548254252
15.172771445105505
7.273391547061747
13.334779898120114
13.29646796710735
12.735522703830092
12.094467054593899
10.94899969585347
10.253970771675764
9.651863868963385
9.37913137721584
7.328617696000431
2.754705412874403
3.31285257890903
5.24996720624844
7.640709802909018
8.232560491769519
9.138765472987204
8.981289624916402
9.187765546162238
9.283522782354648
9.231079964802527
9.135050744058233
8.777604373249074
8.270701110485026
8.2369440877586
7.87601622712813
7.640946159212487
7.537218566923518
7.182094881622718
6.774634266634248
6.714692552659267
6.808170440293629
6.493508475323824
6.513918922825914
6.503743624858428
6.168872233447238
6.2615975091349725
6.239615345842768
6.218033541162344
5.935516096552719
5.407534188608372
4.348822663829636
3.194104015710068
2.2948714219754835
3.5281863195721423
3.942576084483708
5.179230791038756
7.06409810141721
6.860913736993754
6.321513058183734
4.889185210146998
4.2449904572061445
6.693667083904237
8.998277300409493
9.858253034672035
10.497396952312627
10.912901631234805
11.515738882458024
12.090839584570329
12.553323484858787
12.927213640010624
13.302059339786588
13.505633352223589
13.875054714829346
14.437771484134572
14.937953783717404
15.700681979238809
16.364864385178052
16.894804312040126
17.221499510442673
17.79858455833636
18.29994382735142
18.63695049043643
19.029607628564378
19.322649313263945
19.25799094889873
19.27822478559995
18.61870347376492
18.00662732451737
17.08097967689241
15.630067487826752
13.749513210235868
13.359536606736771
12.96797753925784
12.138183118534624
11.016872639802614
10.191510695816412
9.543733844831635
9.01854583578254
8.753434197463186
7.939512896137317
7.2775927847835336
7.273050175721247
7.420389284174058
8.008615799097084
8.540906627559135
9.20222095175289
9.414288927793523
9.345458020749241
9.366309091194456
9.272348820343142
9.022580621333526
8.881591836569552
8.667688950067138
8.450230441135634
8.270771841614241
7.929067439508759
7.754957113909938
7.335464750249096
7.152022035841591
6.8819330223336115
6.894341786525597
6.673235818861706
6.474431826098456
6.460043770015424
6.580509408117141
6.385282334676054
6.356369312808774
6.185477023565839
6.163419383858626
6.167463238199636
5.551081453048684
4.1802644950380605
3.0048917702290554
2.342303650868785
2.5636342008960415
3.618861051094763
5.927738936601022
5.249756393916574
3.68657889298518
3.886157653438778
6.733706196263569
8.624352765777939
9.539492412388682
10.02151983609154
10.555447442798062
10.759661492177354
11.335763526715935
11.766875786923736
11.861653725801334
12.226825537157403
12.803869972894848
13.050394207203743
13.66625334534437
13.949511749673972
14.170658848525495
14.579419094190104
15.359094664698944
15.942140526453118
16.583077583620216
16.937007325817504
17.415562840618474
17.5052630863906
17.751025062953296
17.83262564269823
17.910289892057804
17.559198171433408
17.399838382341105
17.087179607001644
16.10009853925305
14.31867563734868
13.305446956109165
12.63127201564311
12.141165597707463
11.280386056878683
10.574015521959954
9.713852335754359
9.339380217072451
8.757890198353413
8.6484122421525
8.391764051086211
7.896111551638485
7.9303556712905126
8.202564140136639
8.31922170245321
8.854917546541033
9.176358190832742
9.30367650194677
9.592729708120416
9.210226349383433
9.556206250476519
9.206150777154313
9.025807088150502
8.768422812319354
8.561561133305961
8.222708282927394
7.727011948215701
7.963433106615291
7.586706405300744
7.18950790938524
6.987907242727704
7.043976886657596
6.890861783432208
6.53449883299079
6.433084592161397
6.43243929447182
6.328808319606859
6.226561088036457
6.060721569214475
6.068712060310644
5.855737043419618
5.644701447128901
5.503350770267513
4.215791054838634
3.578909053182674
2.5402265608150993
2.5746053041675974
3.677366042456836
3.0110764767288174
4.0874873811750145
6.4349065300190595
8.114414403756035
9.023159714276872
9.796786973141993
9.958964910235263
10.353678200957935
10.685641788641279
10.931241811840444
11.336305338926065
11.468674494079732
12.188148284044535
12.407200522396284
13.074175903628424
13.219185784244265
13.447973177064243
13.708180280895819
14.00339310299448
14.383094196316897
15.02474820283104
15.579864020149225
15.919374536652663
16.288877534036924
16.612497308542505
16.684962438380644
16.787487475874546
16.883640791816298
16.69723116178322
16.482427323502325
16.012967890375773
15.037969465248175
14.15402061234755
13.418008442601408
12.941930741805269
12.229431315364941
11.535284490605603
10.84067976991623
10.277455435825198
9.927058831714852
9.524068940847517
9.299593010669046
9.033124584593864
8.818115463611935
8.908697511745874
9.062420958010952
8.960475879159661
9.290820714639242
9.514755481850674
9.696517075750107
9.82869730771872
9.475285852498063
9.753596055760463
9.435068189845675
9.067581955217587
8.687053669752855
8.813150883223079
8.464581617501494
8.221904501010982
8.078540224883122
7.936846026567014
7.511764674996269
7.3560060617323915
7.121223540122081
6.991988373765241
6.747605667081743
6.63524252417756
6.772996253881191
6.36437080019413
6.199338740715989
6.39221319325113
6.291720836909235
6.225274282883624
5.982092696852215
5.979925312487072
5.650405584228958
4.184938642270331
3.4552627580167363
2.4920579050110723
2.5053936633672067
4.017715131246463
6.5108260010268735
7.478850000037804
8.346108930839753
8.964906308927588
9.52990037384067
9.868668689030104
10.140018006552266
10.665039225775066
10.68439512513782
11.11578012714838
11.382866494804151
11.926938560813019
12.15509395256443
12.322045635520139
12.749319716414924
13.027608254236673
13.273389284823466
13.564845941687283
13.900964273957056
14.300806001450264
14.573873015464127
14.75435559895508
15.008381222718622
15.501866535974159
15.80946532062628
16.064619023528063
16.2047409129847
16.105350274995853
15.532713786223884
14.945192433068758
14.481001601571503
13.848572778249844
13.521800269646342
13.133204008304311
12.519579718613475
12.145620837117894
11.372122960661178
11.115342234854278
10.862916227602101
10.454879080377204
10.378404581346237
10.05047304611125
9.890790496847739
9.626635577843498
9.691660817365873
9.687435155490075
9.80068757681482
9.85164207971225
9.926230101001593
9.967335483264154
9.972766441800923
9.93808768070519
9.494298267324856
9.387752202813571
9.02274192213147
8.788329834354922
8.540475346412727
8.314437209552258
8.050009992823218
7.798066767147107
7.656246631609201
7.536691173159898
7.194690727931388
7.281038202477429
6.957123769141924
6.750662692866847
6.8169677702389615
6.87690948421394
6.539493798497131
6.592748905571087
6.281914249833408
6.267479480070612
5.930399821618245
5.717326533726468
5.161218857951595
5.062873587858659
4.385984438617485
3.453773624334021
3.9859496286718836
5.760409700672297
7.042518850294264
7.5245511892548915
8.15841056130512
8.784713173340071
9.267191635536763
9.656854345125128
10.01280818531731
10.527101572412274
10.669335107628584
10.89133408375253
11.35067869938443
11.744211238651463
11.89697602082985
12.16020580826854
12.539695104542353
12.90141442879217
13.183873268239992
13.45839703814195
13.7463219785656
13.976415395037767
14.04151632596148
14.246549834314434
14.567663726407106
14.711194471107188
15.054034796663117
14.798419591086022
14.955978078527114
14.858827261606926
14.76512541983437
14.683331906897639
14.360976041069732
14.003358520096674
13.772414272771968
13.522559390913903
13.131540922088217
12.679143751684729
12.166822339049295
11.687676244593446
11.349648906888767
11.286159525955542
11.201710719036107
10.752587231585188
10.630430398991264
10.61059227141972
10.527876072333836
10.27411365258361
10.371200255501918
10.347270952679803
10.250905342393272
10.203203063318076
10.105169562897043
10.049961808283232
9.689784189985769
9.515006942482069
9.322681901324144
9.169847101806125
9.015997439786872
8.506095803028638
8.1405220856882
7.99580372957052
7.952538515223383
7.71183132689393
7.554505603694697
7.351205371409382
7.036176647266769
7.16595931292613
6.858822425316512
6.65835312119466
6.640050076076595
6.578887188420937
6.309161849106919
6.232659235314646
6.047487131900316
5.556008071043012
5.261043332954775
5.327096303543901
4.799098746531388
3.7104040838445473
