5.758186197979262
5.595585995464341
5.994405356374743
5.10360743352109
4.072488256901332
2.224923354264368
2.441353326022853
3.381527669299687
4.865948487511462
5.560358649976321
5.1083167825581475
5.314983219027803
5.170296410076411
5.401390396301605
5.019318492313836
5.112331236616392
5.016577079493966
4.799696490991627
5.379298390311617
5.268850869031329
5.513310290195588
5.667067832908978
5.509937695828892
5.514659267199757
5.748918844604554
5.766025343587594
5.998237911926123
6.298150887948602
6.290693969884773
6.170885327805098
5.836280681458912
4.713911923558277
2.0837833559721672
2.897266387841792
3.566814784485376
5.032665266667055
8.46538241730719
12.458014705495005
13.794494250880048
14.943495085955039
16.329776258864374
17.06064261628376
17.899394219439134
19.10046483801611
20.741717229888305
21.849924590945772
23.029756930248404
23.86385917044499
24.18317137282152
24.469711726752106
23.926963409311526
22.764585336524597
20.17219559766737
16.454529333771426
13.119773234156332
12.639196896447277
13.979087970906544
15.760869825903653
17.038027122945653
17.921291144956044
18.719046904582015
18.42862818752092
18.10184902713661
18.070965180632392
17.8063249655583
17.38412870360858
17.372236712420005
16.917913918710713
16.50095440278679
16.12863026759266
15.628251679084654
14.922199651705224
14.198044215882996
13.56153628280959
11.711775688453253
9.74038919106339
7.715105624445077
8.805318479273737
10.063488300583666
11.32579991422276
6.1051072521947995
6.0637600182577405
6.5083723664336475
6.167917332055581
5.812077373724681
4.651994752525048
2.8829512051485437
1.988420608516657
3.0633266711136393
4.217378554294584
5.087273420576486
5.037186855383601
4.849573867322539
4.963794131974972
4.684954924998014
4.7466163987111125
4.584375684907533
4.499763761675265
4.316676024491817
4.301869425491843
4.135268109063029
4.312427283556448
3.828855142489154
2.91785829346089
1.5908750079945677
1.8700748600957828
1.0910282451160458
2.242735609681364
1.4959535880254533
1.7500298940406747
2.0424639994978824
0.6810148734396354
1.504567256387129
2.0077471461276106
2.639333729732299
2.678943322018146
3.0298515781796316
10.132510565804278
13.079538496386164
14.15412497103719
15.33216151258143
16.422746787319632
17.552642548401558
18.600229482853877
19.89728353532586
21.57698955222904
23.092693124564747
24.001865406830376
24.95341655247328
25.226439050710738
24.644559730054002
21.890853821036817
11.410354671232394
1.6256381482995115
1.1252006689275316
0.9570347121598558
0.34371231672013036
1.5188130663979043
3.4196803302061687
5.481351299852694
8.736993684973703
12.140143328448596
14.798896294243448
17.125053682519876
17.612814093487565
17.416547432601025
17.187783986876052
16.775199904995567
16.328886747323743
15.93167192433113
14.818825953317623
14.552647162649647
13.643895663451534
11.711921494321004
9.690313587306084
8.290186900812628
9.971873437566124
11.648355981359567
12.502655120869886
12.29932624665769
6.274626514988239
6.203670737032358
6.486170236572566
6.424938894066298
6.37532377193937
6.0645315815876435
5.211851407279002
3.667186541386675
2.0691835918575485
2.9053163383387584
3.8731317189117
4.47441316312954
4.366171894809077
4.405270221548754
4.347940347440392
4.150259385590696
3.5260103900780284
3.495031573749068
3.2716839931476596
3.098976684757139
3.0840011319333076
1.5735954682793802
0.3758345169824328
0.0
0.0
0.0
0.09395862924560819
0.6183757872758966
0.5950713185555184
0.3758345169824328
0.3758345169824328
0.4384736031461716
0.5324322323917797
0.7829885770467345
0.5754040098338382
0.9002516750127207
2.7960501186010362
9.226376698029823
12.254460185903243
13.54417043120425
14.855941448630746
16.431519593468295
17.570327018089216
19.08815643120594
20.706794048260427
22.40031531253684
24.22292562383008
25.417798450286714
26.409984840377057
26.57776112407405
25.68619052961506
17.59066766968489
0.7278296358824092
0.0
0.0
0.0
0.0
0.0
0.0
0.0
0.0
0.2891089391899953
2.1814157411444626
10.685462676204804
17.054038224031142
17.443883644784435
17.023456059656116
16.53756410659362
16.220146123096082
15.17214699976665
14.404480453463293
13.472192998890081
11.256935557170548
9.166956218375688
9.245173115802668
10.996633063019601
12.430984045511615
13.193520362222795
13.101441479472628
12.9887966240088
6.307085535554768
6.378445182904631
6.451728609257539
6.520110776907758
6.601947281531946
6.49831602722286
6.120136815741083
5.134409384087524
3.765468298153124
2.099883906667121
2.061674797340456
3.217945175614297
3.8578379229646753
3.790834949716011
3.6036869318819345
3.1260258122901443
0.852901983207869
0.313195430818694
0.0626390861637388
0.5011126893099104
0.0
0.0
0.0
0.3445149739005634
0.0
0.0
0.2505563446549552
0.9934282813500085
0.156597715409347
0.6263908616373878
1.2592533860917383
0.5906934041927252
0.0
0.6416596217241624
0.8528813489357567
0.7356388852418829
2.5874885686583373
8.523789990131391
11.192133516000435
12.813740553664044
14.302322891165424
15.822450039897392
17.44881088798767
19.10856481333256
20.6705722695275
22.305361859850546
24.136560450529014
25.329029791988795
26.47342507162574
27.121713327420327
26.342295424092015
12.03006659917779
0.48508254058692796
0.0
0.0
0.0
0.0
0.0
0.0
0.0
0.0
0.0
0.0
5.384836113989641
16.69616521783084
16.997358648202706
16.70018963104098
16.22688424597664
15.196228219857153
14.351662359151682
13.168701487569416
10.359317607110048
8.758950466019504
10.38591054477083
12.207670075924186
13.641716999815088
13.70405136446694
13.607106863633742
13.709279633080904
13.54073429525687
6.471832684395624
6.653802293366242
6.631105521921148
6.562629647467275
6.357202024105659
6.398048171062881
6.4397775332230776
5.862484211704645
4.865490538378762
3.950938165916418
1.3793716211481015
0.7035166849795805
2.7326866264028586
3.8456489974206383
3.433671534208461
0.9729789497200079
0.0
0.0
0.0
0.0
0.1252781723274776
0.0
0.0
0.5324322323917797
0.0
0.0
0.0
1.0998211678641259
0.3758345169824328
1.3263322894346072
1.0757759447796524
0.1252781723274776
0.33649989953907217
2.2267191362649204
2.298508581974183
1.2234940258307376
3.5576885504426867
10.156237285599884
13.19945411732166
15.02226145385444
16.565985546074618
18.199640919506074
19.76385803720822
21.815073394730813
24.074082839408245
25.86304059343424
27.69278404208729
29.402983313802373
30.616447321087573
30.862495523857714
29.950217142751157
11.138082058488804
0.594330564191423
0.0
0.0
0.0
0.0
0.0
0.0
0.0
0.0
0.0
0.0
7.2326258529181855
17.385039158186892
17.216962197097878
16.60386100414664
15.602164395843298
14.337392289149854
12.33976904466492
9.034573259289886
8.936861309766911
10.753009237203331
12.837117991994553
13.826583039017686
14.013905296200521
14.020672444296224
13.955108737559623
14.085299068500065
13.938780528174137
6.715838937328681
6.662753292917512
6.80967702189342
6.6844543357987565
6.596281766382982
6.507514403183718
6.184211959583852
5.976524119844978
5.448694350095299
4.6085862286081944
3.788876448768236
1.9844485911587177
0.3445149739005634
2.09817770048657
2.7056393466734208
0.0
0.0
0.0
0.0
0.0
0.0
0.0
0.0
0.0
0.0
0.0
0.0
0.0
0.0
0.9002516750127207
0.8412497488476799
0.5047498493086083
1.0597045275124455
2.528190141806372
2.451110781543658
1.3069216786223192
4.5514245863194835
11.02256331020873
13.930336262961621
15.873796179112814
17.58616495119084
19.339659625235786
21.398972358885775
23.887304699319333
26.088559916505982
27.879120859906287
29.987269014407627
31.278214296706146
32.48194029159714
32.80584870976182
31.719375479438337
14.570415929998596
1.047249635971823
0.0
0.0
0.0
0.0
0.0
0.0
0.0
0.0
0.0
0.0
3.6193193410846023
18.20020531696453
17.55228463861875
16.99422492755876
15.527959632072156
11.974986570157313
8.27979023541168
9.818914059840122
12.046160861257384
13.576105434432645
14.084515274553754
14.40383662743666
14.769390829969339
14.78159287873808
14.667075001967483
14.58442999238018
14.198101728518187
6.751633169477652
6.9186954885161365
6.923327439516476
6.77561752280153
6.506631187980744
6.358272652915938
6.419936627551432
5.996527466615008
5.498893186058084
5.262455840713765
3.9992018145657227
3.4663163983767413
2.13038243783732
0.9432234524547793
0.9898323898955358
0.09395862924560819
0.0
0.0
0.0
0.0
0.5011126893099104
0.0
0.0
0.0
0.3758345169824328
0.0
0.9082667493742119
0.5011126893099104
0.469793146228041
1.00222537861982
0.8520786917553237
1.1849826998399229
1.5872609904292974
2.6964055057147287
2.765049598238652
3.035818592033948
5.00165076988726
12.29915153256184
14.798289969001614
16.777537002422857
18.565267534257817
20.790268988673958
23.286467845063427
25.848570592652898
27.979167028817766
30.527972092310602
32.48047817749978
34.41454310703008
35.62302819072024
35.939429382741764
34.87698666112342
21.587547900037862
2.817902384047078
1.0077363727461321
0.0
0.0
0.0
0.0
0.0
0.0
0.0
0.0
0.0
1.151751543317829
20.39002812902349
18.629364218287193
16.33825102210499
11.792357640162212
8.525718926508379
11.526179486344464
13.14029926702039
14.331487097531346
14.372601387415251
14.683369832802116
15.092117816959355
15.394533988657216
15.28179278221435
15.175203919959642
14.952809840361448
14.709267725658114
7.013898957471295
6.96834529957935
6.947154275158762
6.914886985841236
6.960487056055867
6.382394771553738
6.316211666438693
6.12415892891125
5.546496932826168
5.068086985774589
4.132194957203339
3.3516930081359653
3.1085234229261647
2.9228926098844497
2.168212632739502
0.0
0.0
0.0
0.0
0.0
0.0
0.0
0.0
0.3758345169824328
0.5637517754736491
0.0
0.0
0.0
0.837612588848982
1.0335449217016894
1.1179244307691663
1.7347196018658833
2.6896074770544005
4.110837105610058
4.828261616293759
6.119106343709696
8.263100728370448
13.590718519809368
16.048815721462603
17.805399186609083
19.981729218575072
22.526444672551484
25.42403431678898
28.10981321470787
30.539946354788004
33.0869714586464
35.58838254034904
37.47416596358511
38.6596313876128
39.355396994953495
38.67925458328956
36.76548047613831
5.558575186408492
2.2113028418890703
2.2904011934569057
0.8492648232091713
0.0
0.0
0.0
0.0
0.0
0.0
0.0
0.0
17.872771228918584
20.323248469223394
17.87225206725509
15.577760743568344
13.33019806262526
14.892247937937379
15.329375837972096
14.82016339368856
14.355142834654542
14.47028866734174
15.292203610250759
15.661466798691228
15.761482912555554
15.542611720355195
15.49290326299479
15.151193996841606
7.082659932684371
6.961423899900466
6.974173943230443
6.729080608742299
6.648127319321084
6.5015604666152695
6.122191108678264
5.891807845086182
5.396710549597783
4.855853463353235
4.21278803148785
3.496351304247483
3.376628184679997
3.313454255135981
1.7497317746554228
0.1252781723274776
0.0
0.0
0.0
0.0
0.0
0.0
0.0
0.0
0.7195674679746755
1.0677608704181614
1.859378656533221
3.1706270160517804
3.9906874575338867
5.049738978315881
5.657815844000804
6.412948591569801
7.174177687626482
7.827580592378693
9.161410720594745
10.281237880330991
12.455223239927642
14.892390159137978
17.11371735834445
18.61493315148439
21.34671468319247
24.3508463250857
27.338438873497537
30.096990173501922
33.05627193133725
36.05102208831254
38.45199654141299
40.216693762316545
42.14188336669264
42.96183859760841
42.81774864690937
41.710361713435155
27.271551186086732
19.596517083567097
14.656010578686333
10.628978350748822
5.686984668975633
2.0945116968795467
1.2500823922741033
0.8878586862884363
0.5818344041065758
0.0
0.2505563446549552
6.045045088170574
20.17451510833064
22.32971295639089
19.297592275772715
17.2263759076696
15.078215103314236
16.212838610725484
15.249209969081686
13.719503635737176
13.195709021729987
13.144841808598976
14.835484925324097
15.92291660030467
16.006018120628358
16.10829753763397
15.893752452386282
15.43978391493486
7.187769328252508
6.923609526775304
7.137414980037549
6.787330681322596
6.525259412020036
6.336052572110338
6.096219318268396
5.497459011641608
4.94874707978134
4.819331901181052
4.443691817233901
3.8932900486848627
3.145668159286343
3.5410703277938786
3.474583411456949
2.841397958823504
0.9870505218064138
0.5943305641914232
1.0037205330738057
2.1429130780289976
2.284207371801588
2.744718932567806
3.379890863461929
3.661926375761685
3.229421869761146
2.521239108089818
2.098930620813323
2.1527831187295496
6.3257583760318905
7.1420972390192325
7.436942081281785
7.960106398799129
8.67217943087209
9.395909070876177
10.613465782636002
11.815973072484562
13.811052390719773
15.790210097621147
17.836173729959945
19.98406248080936
23.03559014263956
26.33453860266413
29.51817725600118
32.58148051703088
35.729443616006
38.83302311462026
41.45804896921858
43.89901030613043
45.26489913415566
46.290206521325956
46.059764932282356
45.25531421809116
44.71792833616487
42.85913290534494
41.53028975859487
40.43966973100672
39.07725032150594
36.18701855968083
30.841571663493863
24.8200689243198
18.048700254925393
13.254428126772023
16.52632691557632
29.363885883435405
27.227459938123637
24.180823812673978
20.810920735666365
18.228396799906864
15.869457473454723
13.093175038387823
5.420639666209073
0.8552061194235872
3.2266424424844953
10.275248134707953
14.235203964420586
15.985314583561703
16.509897768015826
16.41610668984641
16.379252259624767
16.09504185638786
6.953042638104389
7.07136975147159
7.03400839992217
6.667162923536559
6.363988671970992
5.501607835844442
5.050202840025412
3.6770227032573533
2.3458225460957784
2.931975839974491
4.138271132413814
4.129763607711533
3.779760675083894
4.037255618902388
3.359980655488287
3.8131188994182774
3.8128323748383814
4.119111258097343
3.8292565454011585
4.093889556973418
2.4108740767896957
1.4943453322119349
0.61311267864422
0.0
0.0
0.0
0.0
0.0
5.544923477106745
7.471567634144193
7.961921027714505
8.449811180794944
8.043968328158149
7.521731303467643
7.973825651590147
10.878735551897345
14.6288402225734
16.842936318183213
18.755302566473137
21.354204906775617
24.6341530890387
28.31028535065975
31.69393017874282
35.09201000615071
38.52995503640376
41.53616349743399
44.68415550786423
47.12697352229672
48.483493212599036
49.093879243797815
48.87770018744481
47.67081780789217
46.437960717275274
45.08831915380156
44.06300480807291
43.166600593452635
42.35660805025848
41.282561263778895
40.17595176741854
39.338939299966526
38.02238980729718
36.4960942032192
35.29178791988242
32.91274365629856
29.870934441799537
26.40472734185058
22.17995738580985
18.16614786647647
7.867343676094305
1.100280155544834
0.0
0.0
0.1682499497695361
8.46485640599824
14.448929709781773
16.520452721828423
16.78160024152649
16.77691938143012
16.788281736726304
16.37187382834493
7.288190374186059
7.0933898350381535
6.662634334160814
6.569560506042351
6.071664109433883
3.9607763779458267
1.0915054659560672
0.0
0.0
0.0
1.264224367597914
3.395543436583858
3.8359601745765035
4.164573931063834
3.9572198700738355
4.319070798860536
4.673880650365895
5.188672864528084
5.008803740582434
3.8647944359635966
0.0
0.0
0.0
0.0
0.0
0.0
0.0
0.1252781723274776
3.864912309708231
7.196997512156209
7.393461199502239
3.1456201942061592
2.3334306235047677
3.2757001006374336
4.29570753166145
7.534883220961704
15.197220999334702
17.20519107326865
19.493007596151873
22.49753560933346
26.542607090727678
30.1456829303468
33.91054685372153
37.71286554438973
40.8506380574255
44.654655924097824
48.04216806446355
50.380176295109194
51.442571384983516
51.48312724967217
50.70146225402554
49.49863519771966
48.19660791613965
46.7678572560559
45.500031678251254
44.283816331278125
43.413016152741825
42.53970621356784
41.64422230217978
40.9386049003599
40.397635193982936
39.166737568234794
38.173436619767635
35.96123758236261
32.726008239286614
28.299854987455227
23.334042983575156
11.952442832465357
0.0
0.0
0.0
0.156597715409347
0.40423686722595104
9.274159944679745
16.046465633167912
17.03317876923926
17.248567759297167
17.101767307442238
16.794675481112357
16.808495757628407
7.15634002956178
7.001750042085466
6.830112721348554
6.457945715292428
5.342481739051096
2.0703368502207415
0.0
0.0
0.0
0.0
0.2192368015730858
0.1252781723274776
1.3034058917837836
3.3092160686645884
3.892732723228905
4.524280034938628
5.262630832410725
5.434941878524933
5.7260208344885335
3.142734097618307
0.0
0.0
0.0
0.0
0.0
0.0
0.0
0.5236145008498555
6.205075973078009
7.307781354354132
6.748021753216536
2.4521544184804336
2.898523412149082
3.736191836858339
4.486023824156299
7.824988183728886
15.391195069716385
17.801272312348132
20.468460617196136
24.05354681524376
27.951585552732634
31.909018236269162
36.13955399211034
39.62635386087019
43.56284409066265
47.815136351758596
50.54580089409657
52.43333414293743
54.40753582875394
53.91929612950913
52.52681424263682
50.93560979427426
49.60091079235603
48.09397531162645
46.857535903301894
45.64046466034478
44.39293796771627
43.860517666094644
42.83594501388662
42.25591863014893
42.03316491243435
40.654015969292516
39.27529590511109
37.68881495629056
34.92595000028956
30.24541396697821
24.728108145847887
14.636805726378547
0.0
0.0
0.1252781723274776
3.687373853975399
10.706078381444225
16.26189020015359
17.357654509283716
17.59680650766866
17.64783279625911
17.47825275416991
17.27885853899222
17.075045123378594
7.364891770925277
7.147934814151151
6.940759741828132
6.371777493795997
4.3977728439704356
0.9030861778309858
0.0
0.0
0.0
0.0
1.4283059930417066
0.1252781723274776
0.0
0.0
1.815652250380834
4.052364625155535
5.2270024008169065
5.630043569405647
5.2798906176915
2.2352379823094966
0.0
0.0
0.0
0.0
0.21122172721159457
0.8390252062145173
1.366028593885944
1.3761952222390448
5.505095908166114
7.116588167379457
6.653666672174586
2.3934823563127376
3.044950682286131
3.4141575274710223
3.9233660665740264
8.049798199673456
15.80048187569344
18.370212495397602
21.2791830745311
25.13297547477682
29.423026248770817
33.370918473051965
37.756465989345195
41.778237247336165
46.204040214015926
50.1175113225894
53.55595065478754
56.49121271800722
57.713073053089346
56.79492917247417
55.164356333640285
52.87031402289381
51.403127213041394
50.320284012339734
48.70052036169499
47.286935967318385
45.802468201351246
44.84471162129946
44.11299187501858
43.461406438637624
43.16171330359932
42.440878354822935
41.500390361243674
39.734292330627845
36.79854887366729
32.459531367159755
27.195603455265307
13.317323124477182
1.509708751427722
0.0
1.4068364986614807
9.895718696792262
14.906628555764424
17.47443329818317
17.84453472792441
18.00215645170079
17.970478829866614
17.475781195069395
17.287027645756474
17.26610342777134
7.255706287968086
7.079781057535125
6.875885378961509
6.5832658984170696
3.4295406423649
0.38748675134262195
0.0
0.0
0.0
0.0
0.0
0.0
0.0
0.0
0.4071540600643022
3.4610892144296725
4.774743944307322
5.709097135341089
5.627934158790665
3.9752761237316685
1.8836531519032818
0.4654152318652477
2.7228818680549156
3.444315447132777
3.566833630669932
4.134333279099015
4.94620199650899
5.373944631601512
6.282701388484243
7.694818793292506
8.114569400451321
6.570099366386109
5.3527515191509325
6.596776404571489
8.36169634193313
11.84299570462604
16.589838451449033
18.81628240840953
22.182793942830575
26.140099798427965
30.600102554003303
35.104240309410045
39.43848373961046
44.00428147996046
48.81747340057985
52.87954078618276
56.84027818747451
59.352547716882455
59.69394746872688
59.182645286306496
57.48036539326135
55.798851829230735
53.4832727583393
51.975808538798134
50.693468408463325
49.25600371431754
47.45695510845507
46.58081517666229
45.6449573983738
44.78805871047003
44.203192464539846
43.904493912417074
43.00020028530348
41.21562617748346
38.570280276342444
34.74876696161914
28.94804852178749
15.05599554025338
0.611737441436987
0.0
0.3481314996271488
9.547194094331573
15.463296842883762
17.803017015388363
18.83656237135072
18.66942817028604
18.292987246193302
17.814006353972676
17.848034419182802
17.455005114712833
7.462101882309174
7.120483237290357
6.887761665984707
6.3955770139993895
3.2398109415290266
0.0
0.0
0.0
0.0
0.0
0.0
0.0
0.0
0.0
0.9942103042583289
3.530403517610483
4.515510899705436
5.3962376451567025
5.708002171569412
6.217698406063097
5.858766550238685
4.314786586803188
4.649359063272393
4.931218546228491
5.45315591052892
5.92300908551693
6.4016156314888475
6.916223513710712
7.861821358583959
8.504819656513957
9.132334395529242
9.52915290057608
9.92242672900697
10.634153229377983
12.20684463450477
14.615059809725617
17.246984139441118
19.433748447029288
22.961587360886575
27.10453399631667
31.730205310126834
36.56914676944309
41.0865278500648
45.942733888787096
50.79480405590066
55.766781392953924
59.432712219281555
61.75891018896644
61.58865542287692
61.00100444450556
59.777907517971705
58.357344318292
56.01371183461072
54.538405831242315
52.27302297060512
50.867102670517184
49.639384878586185
48.47926135865423
46.830105509320745
46.236270269222
45.57323325119716
45.10287301724704
44.34476877986241
42.852356238458626
40.43343299568693
36.148926235698966
30.632048589476817
18.88947573551011
2.2192345277801575
0.0
0.0
8.74097972439257
15.443018672849984
18.42590811287785
19.10453808028572
19.20486688685468
18.829694214438366
18.33191711133388
17.79704301775493
17.54729712995362
7.316859229068865
7.1016855505882805
7.068544504963976
6.483189246090723
2.8215202398787538
0.0
0.0
0.0
0.0
0.4071540600643022
0.0
0.0
0.0
0.0
1.5555334739185662
3.5571605315296297
4.860255464751078
5.626919711947358
6.06161029951789
6.172605925197919
6.309255555910572
5.867879602731837
6.1995766582293825
6.186968729327905
6.544733982525393
6.963882040318675
7.164193897594238
7.853871230128407
8.734254833757841
9.324214801161967
9.658475550215213
10.152754507642468
11.013873328085445
11.838103754675057
13.285423701453388
15.234009832419758
17.385068927425316
19.67560440955675
23.48206578264608
27.88638476951367
32.567359536297
37.62315534433709
42.14790414359834
47.659487430196236
52.50479253253808
58.15590253340146
61.789065818243124
63.61005475732502
63.56418627719472
62.47364407433176
61.23305230357023
59.55547779255429
58.34878477717211
56.190768619531426
54.00058656809697
52.707550843312525
51.696799264360955
50.149043249838414
49.20101844289699
48.08689677111921
47.169476597953526
46.43020385372412
45.97069641442087
44.42850962788827
41.94387271450471
38.204055105094206
32.45273020292473
22.89297376322388
0.0
0.0
0.0
7.589694802351078
15.084451620385224
18.496017800256617
19.335482028405302
19.398329315653505
18.9547605202768
18.436586658000014
18.082446174832665
17.726772723895948
7.47408159228228
7.300028054701355
7.2679149624051345
6.7322596067844716
3.8267808339358207
0.313195430818694
0.0
0.0
0.0
0.1879172584912164
0.156597715409347
0.0
0.0
0.0
1.99776804269611
4.016675364111297
5.006411653542633
5.979443610131544
6.399025093069508
6.274983391258332
6.317282295248973
6.566249769687001
6.83374863662513
6.843833241289335
7.148924160971338
7.456897978461018
7.9894315234422075
8.837973814653276
9.20979815398136
9.772684352543425
10.27773200121269
10.705056272098682
11.669580617881763
12.793355922523693
13.711491970252439
15.65770717618818
17.54251493075847
19.854623000733845
23.58353856791626
28.203070225490166
33.03758814603195
38.41436930900417
43.2343116985531
49.18521351978946
55.16639604997675
60.31023722292827
63.52111115729964
65.85477343435488
66.0277758422376
65.42964929949216
62.87550418022646
61.40763291488919
59.73660251786099
58.410008587026724
57.59835450548635
55.69934089099104
53.81587885811704
51.936369451194686
50.81729998091142
49.80116103310081
48.762587493007274
47.928512571027795
47.35854398577545
45.77704018141681
43.47193499831697
39.29776781331656
33.689042670227565
26.12310833139624
1.9008994426097743
0.7682767039340225
0.0
6.18472823012929
14.823789324811667
18.433066703503957
19.739617108684072
19.755216856316757
19.52038570860384
18.91164504223051
18.22122386329905
17.743605940208674
7.535568728362724
7.448410111131354
7.355632864990078
6.8587665540976355
5.209167268110842
2.770810873188343
1.1520165738529626
0.6009443873722969
0.3758345169824328
0.5637517754736491
0.0
0.0
0.0
0.0
2.2549702109889695
4.673299451753427
5.2541233077084435
6.128905790910788
6.315137526846214
6.521732996603963
6.871462968785984
7.196920937147765
7.44096131768885
7.558861565915429
7.7609599251855945
8.210430682145528
8.486955715967309
9.391029254930677
9.772812063688432
10.29007089333738
10.60191707308291
11.212238717232427
12.054965258885016
13.175181002890248
14.25396751262429
16.056363294866177
17.620831449800278
20.00720313437787
23.82865123583035
28.224747951115194
33.52620215841653
38.704549744669656
43.94670338372311
50.07983270321254
56.39185545893255
61.3563422786703
66.15960897335053
68.51990588105531
68.70867035222442
67.47640628143122
64.98760659551014
62.76906066047979
60.9351694948553
59.96202732899543
59.42046940629197
58.15506472463201
55.918728004365384
53.99797560440306
52.824631047796345
51.50908097847883
50.51538082224961
49.42395013383991
48.709654875683704
47.680668577558066
44.72120078127578
40.441015264449234
34.82790480723832
28.235141659139504
2.166099267262447
0.0
0.0
5.310275649317972
14.215774888010666
18.246380012318227
19.78566754141559
20.037671950631903
19.662468019138018
19.358359665943496
18.462561734313354
18.10014375908909
7.474573220365923
7.544145338264328
7.436533824108155
7.319429710175499
6.407472909359697
5.362601563746472
4.548266033115626
4.230040328382651
2.909515582984086
2.2234922007244435
1.0705541046922016
0.0
0.0
0.399138985702811
2.270499487458363
5.246233866112572
5.883927673004061
6.465759789070477
6.336885283407223
6.993453799119969
6.900239080952048
7.3433364812432
7.712855783367212
7.908615495770132
8.074104782954246
8.69747333263957
8.88073035581766
9.391125683771477
9.908890720453725
10.298734087893001
10.790747679771071
11.477081485677568
12.13415391238161
13.150217070190669
14.102575238315435
15.929672685036806
17.630722056480387
19.919104869397888
23.440252434577953
27.807447849819784
33.3078279512258
38.61505647586918
44.259565836542166
50.66392661508559
57.00353732518055
62.36972274329609
67.14887962482213
70.23263977469881
71.08085242694033
70.09336488411115
67.51329479749906
65.2735358259198
63.23736605351121
61.345487985479984
60.714266378379655
59.83471131301195
58.25244821130066
56.72861131791473
55.16477758305542
53.882507401824206
52.04451100469611
50.76975362552116
50.19165601014384
48.65100927536091
45.59389236331914
41.24850602471366
35.52496122924507
28.142791265613923
5.205450858257474
0.7661557711433192
0.0
4.05901949492868
14.053780253448231
18.34030902189252
20.076722063897215
20.075772467780084
19.598600356994275
19.381302076549787
18.72850667644111
17.93454020525547
7.571931766131667
7.54883115706491
7.70302834632648
7.397164103891288
7.007797685457569
6.356863098780083
6.214382280482004
5.707480260410379
5.104391610926149
4.629957240658171
3.856718415472969
2.8845075691761073
2.6293275466965786
3.9230119576409117
5.197830643516084
5.865468433524563
6.224463312757586
6.4255336878497875
6.921535757157484
6.957561768583939
7.226575889025778
7.299064836831661
7.811824527923743
7.980301845900008
8.276746436582298
8.763737798457946
9.179652293878611
9.663778797606986
9.92686865672663
10.436162800118893
10.868936414774922
11.63126630239629
12.404105069966656
13.333536748515316
14.129241365689046
15.753866013831985
17.472805984731675
19.656673363684988
23.34527702529857
27.70563974326221
32.52795709910987
38.41789374910488
44.31301008013973
50.824367794117606
57.28962248938548
63.05969395747173
68.20876677777802
71.42870677536627
72.80883029322843
71.75189186744997
70.26660459220855
68.37019168466713
65.87744024114441
63.26530269592934
62.023961436695764
61.05619307586265
59.80252694129929
58.58806435634932
57.534131210035824
56.02459953755841
54.001352107083704
52.67043754752485
51.63986406332194
49.764212239455176
46.6739417100356
42.20753561431041
36.44053390593632
28.45199914256016
7.135535413133176
0.9097412695560848
0.0
3.0868352388933
13.70986940217276
18.649581819354825
19.840313398506723
20.1290835049264
19.82508805595731
19.28886998804887
18.44429293054554
18.04165392929562
7.661062330323626
7.507527849365524
7.622762333825039
7.3040197379182885
6.8974546835295785
6.733108111138208
6.506724894784398
6.34343401375916
5.917859187456611
5.734528359190815
5.160106949891329
3.5818310809005043
4.751863896581259
5.199071513575148
5.879591601142138
6.2880123971116
6.193002675924402
6.539493798497131
6.70171405071209
6.967853671495709
7.223626120523928
7.574694803737686
7.710781973992712
8.183919625069327
8.386444146554762
8.844335625703412
9.03285705633312
9.575816952520418
10.182113627632951
10.678391648785059
10.86141758737782
11.502440819297183
12.344061968700732
13.230437446999638
14.237118843270428
15.76671312464537
17.31688043290126
19.02221744282866
22.55276267473707
26.870525825088855
31.83549640457533
37.91058919036339
43.54832758890894
50.096802011370784
57.76831874719948
63.33568580949005
68.65496001198409
72.35802559213978
74.22431786091535
74.67834321186191
73.0078228951198
71.06942033888858
69.0148322796635
65.96338443914026
64.38065043456164
62.77827998926774
61.23913885787781
60.2047130544266
59.204683408115784
57.72477343045176
55.73763971542463
54.07000036452524
52.78498620745289
50.370966361922704
47.10728899144381
42.20405316397954
37.10995957521968
30.41697741115428
8.176893528246135
3.1270118146156856
2.6891157459924138
5.114933904486189
15.693091102761269
19.150239276710558
20.288427141233072
20.00550373116613
19.779829615437734
19.381323667572488
18.430905228003816
17.99671689962487
7.66030157073215
7.658755218085358
7.515575567931612
7.394510957123307
7.176648366194763
6.9521688817976095
6.950630910008863
6.66096161055852
6.391117312487806
5.9352958446646165
5.88816516050941
4.773210055706395
5.442918320146605
5.825368597944199
6.099322498845011
6.413592238920481
6.498672903492953
6.63333188306187
6.897345183669076
6.998051039271068
7.658491521203547
7.52376009860946
7.773654474303097
8.017600253352697
8.38855397431181
8.88489039590657
9.090788181362017
9.574158886511464
10.104669997127285
10.37846045998505
10.847646087858719
11.620087756138844
12.163188459753886
12.901957724993451
13.907724984468516
15.370168831255286
16.977405984186795
18.994182942352026
21.968432049650698
26.026269467792517
30.70057940105401
36.642583580737366
42.403020235837744
49.435753433384455
56.8313974330103
62.615794032257504
68.56471252582679
72.80162955530496
74.86453714670262
76.14384894865559
75.47930479699343
73.81587101418768
72.02342446942383
69.85251586166545
67.14099675436896
65.3576730941568
63.389536663464376
61.82820785674425
59.921607744210704
59.19345616204855
58.329028676181444
56.84996533870793
54.05801258147388
50.87506566066881
47.10032809924748
41.68044016887971
36.6095937694252
30.64914515010812
24.551135902225692
20.135941122659624
16.89449415606573
17.807511387717287
18.65642954246229
19.90332629727387
20.29542699966327
20.106967498202586
19.443895386284836
18.912762040397237
18.27670696995526
17.89795332537413
7.634143896123604
7.640935352924542
7.459495307509117
7.332232730397434
7.256038675381938
7.272606152867639
6.79734995587173
6.695021109650409
6.5325881918751
6.398048171062881
5.9698695321645365
5.020353597555965
5.8891262723130104
6.226859974893473
6.143772913358684
6.302944743072032
6.41845861856497
6.723032965370196
7.094864719289079
7.122597855993328
7.610722676228951
7.615470717673437
7.839270355887386
8.044707521630237
8.364895549134491
8.666566910002096
9.227391451767701
9.702886347976934
10.116707864738116
10.457356453516715
10.913542125166916
11.503814940684627
12.016592680542734
12.839236532306497
13.628605188719986
15.089376789848716
16.578955047662852
18.269533348417852
20.963725511132157
25.087217471547017
29.529361568845086
35.07186862206139
40.84686437743044
47.67126164511055
55.620648897150815
62.0558612555806
68.11170973487313
73.15785642692215
75.53821674736757
77.35263318919583
77.4345428462452
76.48612717030623
74.35187835279532
72.3062303119083
70.0529306874275
68.03730911607589
65.94135598299877
64.00215682144078
62.090009494346944
60.75304937060173
59.71938546737416
57.67235761546035
54.36130351819545
50.41367978115517
46.14625474259614
41.13201304556097
36.00450499798106
30.642719457622764
25.689332657833184
21.337043923808622
17.594796209461634
19.45288617604954
19.85014153409707
19.629238244634735
20.036607932654952
19.75355730331343
19.267279915877673
18.949534903773333
18.151341423499467
17.8516494356308
7.663896836325505
7.634339935735483
7.703623397360043
7.460022701272743
7.182396547005074
7.051603830735958
6.978761724485349
6.884704640199604
6.714692552659267
6.540164348139754
6.031594654767012
5.407110188420661
6.258353628630813
6.231560123213248
6.178189288720669
6.295894925740257
6.609141309573462
6.587559225448914
6.841443751646482
6.932606938649255
7.205583758787301
7.399465844467621
7.688048421793581
8.10355204288138
8.284792852197443
8.46996955533944
9.165542876677138
9.544552524463386
10.152459989761114
10.54082113402987
10.736139122649327
11.416128256991616
11.871067219427694
12.848375295438027
13.620567361845618
14.750178354799967
16.399894806076407
17.762232545311218
20.025171816015156
23.682926032756104
28.343668255224255
33.06904911456962
39.041564300430416
45.654268277089926
53.53923146792252
60.78825731064409
66.99796678302809
72.13846775526439
75.57191717468956
77.69114130776205
77.92596717455721
77.26119295828771
76.83814008104301
74.91388365740487
72.82065906929935
70.97577112946107
68.49827880016915
65.92119460378382
63.79529802541795
61.907011416245325
60.27485399943146
57.43086936610905
53.3435182221219
49.45742319062546
44.63457132015869
39.45460962356753
34.66302916000564
29.722426140398476
25.718376980398396
21.621926372225893
17.512259924903812
19.500288531672645
19.997995456673593
19.707452893025163
19.856001504389297
19.646030309350373
19.061756766653136
18.469990868149736
18.176859146629443
17.736497108649274
7.546653924740488
7.402223447447621
7.471898988295939
7.377223920352135
7.054935727460944
7.091056216614176
6.931733182342475
6.766785482006959
6.425984270923535
6.750662692866846
6.114096479252608
5.246653593685745
6.024131942158615
6.2049827941382345
6.1561316490134566
6.267933573926558
6.206150640534368
6.8225365650839
6.479145671193838
6.948783356430995
7.09502784779121
7.176156738111124
7.604257138953732
7.830630031407898
8.112357441252907
8.477185656628807
8.81023878250898
9.547752417650392
9.8803323159273
10.248151579540629
10.81278315107147
11.194996797606803
12.021586666620333
12.630935703953309
13.247218650295705
14.379088528253495
15.92696182919411
17.187122718096237
19.248405722092187
21.996035243214017
26.20668234885987
31.14176823477302
36.820012185360014
43.25820531977232
50.50627921608309
58.75098280771245
64.67855391574874
70.45439333744068
74.4942352674254
76.49693394702813
77.29498640016523
77.37635332223309
76.38144836987894
75.65797125315885
73.68968589895108
71.99438102636525
70.39824933814415
67.96915449907537
64.95127143738736
61.70165061934421
59.57943155322043
56.05008240943295
51.51705217276984
47.19328426204537
42.21841752242911
37.46212765460624
32.59353928209198
28.366596945090322
24.798796280564147
21.21206244717429
17.225458719904424
19.023548852109077
19.585264952035203
19.22330923555815
19.243430636116354
18.718732379300853
18.560950340943467
17.93254365323459
17.575160717624787
17.29334573398463
7.409428596048213
7.4422082707379476
7.143477645543381
7.165864835199354
7.164772079171567
7.0064323010671465
6.844159498293595
6.596663894606119
6.525538374543327
6.533352448321376
5.700039200525737
4.697112147685521
5.9317972454784655
6.320352738365557
5.937761241095238
5.942951200661537
5.982092696852214
6.306155886116158
6.257960224674364
5.585057462639395
6.560387661478663
6.629577009028596
7.041187405829955
7.461165198109817
7.638959594838028
7.937837099516373
8.483805462653656
9.198101446726822
9.703377672659458
10.068923476741764
10.658619207414189
11.211578537585247
11.555460439159665
12.349238971986875
13.151803342782062
13.929145232771134
15.152883603710066
16.557070267836828
18.147894927937436
20.7691490240405
24.187033600130498
28.867718627528763
34.45910902449756
40.44343533069928
47.35168887439647
55.13721241445125
61.31760267484066
67.42969312760002
70.89801536445854
73.50904676008481
75.17743880469725
75.29809274978255
74.915757441495
74.13602508256562
73.12506618493966
71.15765447899263
69.62871441160449
66.68924311307033
63.35786001941527
60.92215347813817
57.79368993828266
53.08945927430276
48.91846033950433
44.02568058944235
39.48799042798714
34.82364127202138
30.317171868704488
26.629747987796417
23.01912205528446
19.876009793291306
16.236697360731135
17.78979377208585
18.320958848718877
18.51163868617017
18.415755676357687
18.149990046806995
17.735271190574
17.56674718948451
17.367691640704837
17.24546948508039
7.199118221512081
7.397427800773096
7.407447075322231
7.047522699698421
6.772986794984997
6.58189371029995
6.505459551358286
6.385758169702846
6.0959706558733435
5.873664356081624
4.862269829521359
2.644493135422792
0.7932808287705315
2.4810008303437323
3.7636905996990144
3.291485728777252
2.8408249833141737
4.769460144598287
4.362017645423294
3.4336572887480505
2.491525763500399
3.746698648239589
5.198049757108034
4.168248933886656
6.8787131025471036
7.590098636120217
8.277470110051432
8.86944886805406
9.477557173994095
9.903530124121964
10.489170171953898
11.015277088214285
11.345218668498527
12.068128123550325
12.620164079452897
13.555741087662367
14.681477951289255
16.19993352579697
17.38455880207561
19.360689161923936
22.546915287963714
26.710427274143967
31.206153889152645
36.93238254972196
42.71866554036955
49.14768732090161
55.934139561016664
60.658129447698805
65.10341548106636
68.25745489621985
69.92084820923026
71.22739512482492
71.34674892199507
70.81265975189122
69.78544702324959
68.47399513752168
66.77431284803092
64.26988849095498
61.59306551681117
58.01132299979194
53.300841420562826
49.4046369987889
45.08203533313798
40.417414570828385
36.39652790430705
32.09567534557391
28.018398080441273
24.252686966155515
21.12727280464128
18.464685785095664
15.127852273799698
17.033168808970505
17.280784275258597
17.60941000130989
17.746398820534562
17.757309366192644
17.38589334238129
17.38659349962426
17.089323886331304
16.848877813779065
7.208041899205511
7.182322812824549
7.098469244376701
7.070292017577531
6.7630430803702515
6.535738924463858
6.567675116879706
6.275221308771728
6.169204137208413
5.689216822873306
3.415657630494914
0.3678194426209416
1.7923574814849572
1.3022251635337962
0.0
0.09395862924560819
1.1450494883963775
3.6156039629008276
4.321061018351608
4.620230530662844
3.8911865972981303
1.499815445476513
0.0
1.0076418608686895
4.965895026902582
6.550299904363135
7.641426186447313
8.53911487617682
9.319980123579136
9.850627548818844
10.43163791612728
10.716976769164352
11.158120920778806
11.837157071871523
12.654994649652627
13.270139926015961
14.220721011333028
15.519768354919979
16.708341545832297
18.101000132774
20.49783450620346
24.0730795735153
28.02579568002091
32.37999314014667
37.42725132879267
42.33764580383494
48.009862589690385
52.82942183415959
57.55185642742708
61.0320159149081
62.92815498417223
64.56129735221039
65.32865314527504
65.3176140197798
64.3906062451414
63.7023598997462
62.50257980555107
60.44379120478333
53.62959534245353
52.59080460089476
48.504877595124675
44.07265218330727
40.48212645455394
35.589312935650305
32.867053069498226
28.938980454799687
25.184630915831523
21.911260967376876
19.416247891551983
17.251669640728107
13.989058590871052
16.15614715429573
16.743846821218277
16.840501545033234
17.039859580749145
17.040905188413344
16.903337866738774
16.93476485045057
16.590443426437865
16.266805475797224
7.04703107161478
7.121730190339452
6.9851914960805885
6.957724897086069
6.786948553099458
6.4736675696521795
6.6079012181003955
5.990656240561027
5.7362475170287475
5.098057600031702
1.8830291958661225
1.1763690314782473
2.363138245231527
0.4814453805882301
0.0
0.0
0.0
0.47704683195332426
2.8211727399769226
4.458006362707039
3.075228996388975
0.2738608133753334
0.0
0.0
0.8363533451006399
2.5231304766529155
6.609296751605671
8.37317388357909
8.957469216721565
9.451818764586227
10.11401543144878
10.596606456583643
10.967166032239938
11.426434877683416
12.240159037832559
12.812061560664173
13.707746603080963
14.6941357940951
15.884144743200784
17.199441864513254
18.78055619223533
21.217468543244976
24.66373037100424
28.452159338761927
32.560331567478094
36.46004811289454
40.589321439121576
44.73009314796365
48.77880827360667
52.5229454554593
55.494673781100964
57.42455540802636
58.67416041070335
58.82591246485263
58.65985824456718
57.98036604775905
55.984129835948345
51.89859648615676
24.912989735564953
17.222208785225593
17.694530825514107
12.75916188860592
17.568178518281456
24.53107432587715
28.972496057575984
25.738387207988374
22.454095553518272
19.772922861477632
17.597704563791876
16.042003275953814
12.828120239399917
14.54172124013717
15.427170065842743
15.801923570195449
16.025399631321235
16.242670665371005
16.076176118462925
15.92322861686683
15.685336679694986
15.474261234653552
6.966979915188927
7.038252659461835
6.823122670894317
6.513443087799123
6.405718034131189
6.2743633455218
6.225202317250817
5.779121265415217
5.309238773802883
3.700375102101032
1.6085904984515205
2.2004261378295595
3.166402172830996
1.3214400602092993
0.0
0.0
0.156597715409347
2.013839459963317
3.2458320536150214
3.1805629595505724
1.7812213040365021
0.0
0.0
0.0
0.2818758877368246
3.8259543915312886
7.030837795679127
7.9498271970310626
8.703136846297792
8.988192863085061
9.626288331783503
10.381113883343447
10.591104499350136
11.187857732700543
11.67201498880636
12.346517679762826
13.223222051870028
13.97148080541297
15.020794213825063
16.48647253185095
17.57227576757009
18.972501402974032
21.49463197639216
24.477347184405826
27.294984420200603
30.935780212753674
34.80908116960027
38.1954467094081
41.36302053238315
44.37873785208392
46.730520963251045
48.789036439287706
49.95817580056023
50.67450300127645
50.42179077208367
50.28597416180976
40.34342724416759
23.259203432758643
7.554386639067551
5.971479782002438
8.742171671757662
21.2929820614571
31.31341307864713
28.434236535849767
24.968932610184698
21.83749953240425
15.811920588759424
17.36016728075077
16.229663206247864
13.505409299462452
10.00769617867728
12.991715585380602
13.695808590266804
14.281484666736878
14.606833445588418
15.222644827897062
15.143163223987875
15.087406108223716
14.967965136148786
14.90758580787703
6.987797742867199
7.057269345884923
6.753653310453845
6.627666367912906
6.4119098882130325
6.294680086220234
6.034317426119506
5.458220297865075
5.331425215819722
5.111421379676945
4.589138183275381
4.197206483514486
5.549249178974786
5.1258232905781
0.933350540344762
0.0
0.0
0.0
0.4734303062267389
0.7572967710571701
0.739276045240581
0.3874867513426219
0.0
0.0
1.143517086988263
5.893215868628285
6.992044244984115
7.810832904661912
8.708580227249682
8.863959947549313
9.476425723132328
10.30117109889232
10.315093058155894
10.582586317386783
11.398420886733103
11.958704575816359
12.649237145890103
13.215510510915069
14.031981721209341
15.267072792468511
16.303304861630952
17.58124118606503
19.09556382926679
20.92372735698717
23.916980313898037
26.873673920679533
29.24512463486043
32.15413622716072
35.20405582124828
37.759497321885
39.96173470466515
41.41244658553403
42.76627772174489
43.127087240668196
42.65088911303171
42.24350598707757
28.169556027116332
6.516961082381595
5.758089302541601
6.398949775153571
9.535385861718568
15.387079737121786
27.19272691518375
23.66600735277109
20.28326880891077
13.560689221133307
6.231339430701109
4.978343665741641
3.9523694654008357
4.857845051679164
2.9492931973869085
9.958814671243934
12.781304467735962
13.27487317429663
13.827610188906068
13.960297649462339
13.906282952967242
14.073366701500928
14.292621596507251
14.116918986281181
6.758936697379671
7.003224926336391
6.885851024869016
6.859968809985926
6.51303570762294
6.377983044653447
6.261024456522328
5.56594977016177
5.419409059220726
5.190103334302715
4.381228443265867
4.291604651411136
5.210990964926906
5.345279124831238
4.1081058551664045
0.4654152318652477
0.0
0.0
0.0
0.0
0.4653945975931352
2.302207644789217
1.3399957351605165
2.0210122749605683
3.2171009050258332
6.146495511962921
6.819041539856781
7.587035484431556
8.345216674773923
9.005379472689238
9.36458895879152
9.897533358154046
10.192050748906798
10.402884432165918
10.893980133871462
11.340448490687914
11.902592399916498
12.608289551578508
13.401079015637148
14.046920497029129
15.015281225146568
16.299979382767777
17.587095335927742
18.60253713170203
20.2004094563259
22.448254621496996
25.055883858602193
27.35537608847569
29.487116438177743
31.69277374419132
33.75965831049442
35.397098980025426
36.47732988350508
36.89674550465035
36.716832245139564
35.88281259919234
33.875006550691346
12.105951333848001
3.06959311624864
5.544292652688027
6.1814601993566045
18.31884679154419
22.08236119546507
19.019039509006237
10.036943178186512
6.449642667751063
4.149855000763119
2.015362237235733
1.274741438859529
5.018500172407056
3.9123536318483456
3.647062332543511
11.494662461352277
12.129350130789497
12.72044607581334
13.116490313439833
13.062180027512714
13.24520838548582
13.396964328844309
13.569970483149273
6.607994924904048
6.608759181350324
6.839150982307654
6.458446802272264
6.316806460222183
6.239564841936678
6.184785012196496
5.789114105987587
5.597447645013002
5.418262953995438
4.446869503474721
4.427612666879718
5.473445286358882
5.274894216776183
2.55989927712759
0.0
0.0
0.0
0.0
0.0
0.0
0.8878586862884363
3.2092015263630067
3.395432781208476
4.83908347863181
6.05372597910605
6.836038085303674
7.4474672778210405
8.14387869361084
8.854589919826497
9.240011016656393
9.595945123646956
10.030769945421733
10.432876602697037
10.589986746032633
10.962672510088224
11.52299717758903
11.987323599641645
12.920370196323079
13.37845393986582
14.143917815854634
15.071284829094642
16.135727332417147
17.16730923564798
18.125986694061385
19.27131422810569
20.950713706176582
23.151045042985867
24.881886100607552
26.605199126755263
28.053589878141068
29.28342268961291
29.879739816966193
30.364292546090176
29.944863569861873
29.684745079794435
28.312375394507967
22.015229875639026
5.545541862594292
6.612697913789036
17.628658589447358
19.79489155484466
15.132827158099301
14.823411432940397
11.558708677690687
3.367794183350942
2.202518107090742
1.6519207089775851
0.9253540238904736
3.395482537502878
4.091988758118796
2.607091492574514
10.410488195296944
11.160168044516759
11.901759369306214
12.317175535611733
12.39683036722498
12.797248096053982
13.028844880940367
13.23760942426396
6.810200040166016
6.601828322775249
6.609022350816764
6.61244560053299
6.532597650771295
6.375132288661614
6.108050275435396
5.859802638931473
5.881741319881988
5.083746061640143
4.37309192005541
4.060513962498756
5.601214338004923
4.987324868348185
1.2952434052186728
0.0
0.0
0.0
0.0
0.0
0.0
0.0
1.8492266701924795
3.4935646769676865
4.562464383133538
6.011119548515742
6.51972864868462
7.258765556330442
7.97403234823667
8.591890357296363
9.156527356963485
9.354986203724755
9.611256318015853
10.016661191618416
10.391529463043621
10.786000129006592
11.023913422478305
11.568526260256379
12.213522452591533
12.764540383167784
13.162721855797013
13.794442192510486
14.637470095519317
15.837781057587573
16.60854714865024
17.31946642374848
18.23248562749193
19.48850585413887
20.75480960834961
22.31655647000995
23.32428908348992
24.278071213190273
24.785288380650176
25.11237059546417
24.93233505617442
24.083939857146632
22.81907813746263
21.640472482572243
19.37992432463241
18.45115109153044
17.288236746485442
13.050119755954974
5.730668158291806
5.0511599713718445
4.707690047532556
3.5695028566792315
1.4435747531284817
1.7235457525708031
9.071108157886734
9.550282177130523
6.473820331707895
5.542726941982861
7.636474708747973
10.285867153547615
10.86806155766271
11.166633176792983
11.463691243972795
11.882324470114982
12.406822727475049
12.630823673237288
6.631465411691613
6.62238298098708
6.533709324591469
6.3847812476962185
6.16884726093832
6.171734265172383
6.004150336559427
5.6490658458393295
5.515335182850002
5.239279314894294
4.554669368510253
4.248521825208149
4.8777014129187455
4.755991095597449
0.7806012397775483
0.0
0.0
0.0
0.0
0.0
0.0
0.156597715409347
0.8143081201286039
1.734291104777066
3.301976623771939
5.638692695364201
6.607230668457772
7.185002793791687
7.830234009492096
8.383818384044663
8.613952995517574
9.025412394034577
9.360508012487669
9.607714273832135
10.119944221300582
10.345440368316856
10.74750425068219
11.153978696492956
11.718281360596052
12.172745000819143
12.400831826663575
13.007070157968258
13.582265521422993
14.06438619255952
14.632345457818344
15.537474037461195
16.27752122414533
17.11240756608963
17.771233503345876
18.676035634320435
19.60282263961016
20.060657511308154
20.38019933036846
20.455180079496948
20.050521567545918
19.643439501985515
18.81927933984888
17.961961119952367
16.544558731089396
15.112151872059592
9.215131502379226
3.9917832759413683
5.066155036257977
5.171950606683611
4.875742911970973
4.425404489759324
3.5753113139246326
7.558153894549327
11.15334634113715
9.698659394811331
8.41947391221196
9.42766089785646
9.571089249443343
10.07422260358991
10.371814659071992
10.407824577734015
10.711418910125365
11.182654760484516
11.66327500209838
12.056923654118677
6.5629865237373695
6.343077137489066
6.474312867341758
6.38413595000664
6.536165390641389
6.316211666438693
6.244300707647031
5.885257395735229
5.352944169197063
5.255535815467434
4.6261978659207195
4.182010905486323
4.988662418347323
4.947349109992941
1.395001712194347
0.0
0.0
0.0
0.0
0.0
0.0
0.5011126893099104
0.7203494908829958
1.6411970355282288
3.6404862760952743
5.169362190096286
6.300046183660527
6.8845951403390995
7.4988017088558765
8.179757257340325
8.195819912371636
8.784529086893766
8.721553655375699
9.03093674777137
9.47786994522411
10.047541909264162
10.236754981729293
10.681201836171395
10.875256450467356
11.196988008852314
11.711103448357745
12.16171302003312
12.445105247599278
12.742691168229541
13.188220035657837
13.836961067386671
14.298119094051174
15.02928841188088
16.150812977405685
16.65528961660068
17.181498670321183
17.630074619285732
17.753115766573544
17.765732905830426
17.37002098745933
16.78785201434317
15.870718736638167
14.896542299560025
13.05427512391727
9.25642917556837
4.659019511151739
5.366520584962882
5.091407002509183
4.09127352995392
3.9831660156350472
3.4918295346488435
3.5305533786177206
5.668840659494828
10.795916366844866
9.45870254973085
8.347342025259039
8.969329453303516
9.083426075605992
9.69103527490584
9.915815172935572
10.097990339759335
10.393515643385204
10.830895268060967
11.359346328732498
11.693224815105108
6.552898598412879
6.525021494506641
6.43884760434034
6.453877167886624
6.406074910401281
6.301420020405804
6.014097903006921
5.619674395154707
5.427343531310362
5.3433663338289685
4.618446692605105
4.135299827606328
5.095092460379258
5.501311043252158
2.6178570777035746
0.0
0.0
0.0
0.0
0.0
0.0
0.0
0.0
2.099803649119547
1.9874318613351372
3.9640023230418318
5.831044408195746
6.555391919246368
7.193215843680461
7.5647320521570975
7.945670263928077
8.267486930236853
8.007911651786362
8.470834532312406
8.614814163888362
9.126419171078851
9.45805908120579
10.062745771232452
10.364418766510163
10.387985575334802
10.97460005618692
11.20022224361735
11.392683679538454
11.471288126422314
11.49400178089961
10.294218344205012
11.865644723967483
13.308491330892972
14.178833977959743
14.731230889496564
15.237184904726995
15.487190376280015
15.452002575365857
15.496258961968882
14.7680510819332
13.838278623648163
13.146907080807495
11.52716476867326
4.727485099149224
3.3838241640512803
5.53047444023913
4.88795757025508
3.853259913718432
2.9595625578771174
3.4286349708327157
2.912871083347914
3.2730171662550007
4.002273827593372
10.378108796916033
8.941154087722095
8.433383160579286
9.047043022345777
8.762525905343146
9.033841246649068
9.307665410871863
9.69663828026261
10.194409303622686
10.455137356661991
10.776632926856035
11.000378508411561
6.192645799654309
6.425223804703585
6.289558860948669
6.521350868380825
6.534974668017581
6.710555550402855
6.2913642400832686
5.704756499282069
5.5548619658177225
5.416923215605813
5.071542245739042
3.8101157639013064
4.780787056016137
5.5126496338526385
3.952756042324568
0.27386081337533336
0.0
0.0
0.0
0.0
0.0
0.0
0.0
0.3758345169824328
0.0
1.274643519338675
4.571786264967019
6.390914832920861
6.996576155020144
7.417508206204252
7.662452283128542
7.697555310970506
7.1251236399391535
5.691190282555134
4.938822755896073
7.968772678158813
8.684661746081959
9.069426992628818
9.52510073810438
10.054645404932774
10.394587244325207
10.48281671462137
10.247985752424011
10.012403204443727
9.145524296910285
2.8282245720704635
7.430861491518093
11.233024805790917
12.752056848023905
13.394049585747942
13.735313774374072
13.91746723658634
14.01530721335769
13.676771474182212
12.78604664150812
11.77887539452045
10.590859747562053
9.529837740369073
6.335622279645985
2.026273717231827
3.57871048679368
3.489042907369047
3.4175813304727094
2.7842217170183257
2.703234036225073
2.645137938601027
2.842978311458891
4.0498489518589755
10.125362166572351
8.290739733505026
8.350402422624736
8.63406466296079
8.521800776453304
8.846503232966652
9.07122933204464
9.341885020253262
9.873453502388758
10.305219792454556
10.383371074341417
10.62986268426077
6.402592553495476
6.4391322355335
6.58593700575271
6.5132988770893805
6.272503208312199
6.349625867841004
6.05210403885397
5.751397831114913
5.50888294086072
5.321858213780372
5.0458585384540955
4.219945304224421
4.378424445845791
5.265316381408087
4.346789009239204
0.19956949285140552
0.0
0.0
0.0
0.0
0.0
0.0
0.0
0.0
0.0
0.856539143206567
1.6551220400313773
5.564261797589066
6.959472409699629
7.212277227264353
7.352523855818434
6.7954215390660115
4.456453831241601
1.5883456935333444
1.0524867055600426
5.077486554682903
7.63586676361626
8.178790509117123
8.850220509858147
9.083755297193392
9.219275370383226
9.297165412920158
9.17418552670698
7.757226631639707
1.9515124588580346
0.5950713185555184
0.9300071722779493
4.9245703316382325
10.308405314517417
12.414036075053426
12.868220046431318
12.996147162380428
12.79608044582243
12.344519558951008
11.352735077960746
10.332442127223622
6.2789005631096195
6.26813378275217
4.634680781880246
1.5367513594657685
2.9128091805315752
2.9130361575248105
2.912767911987351
2.1093208664813408
2.319040450692633
2.354017788045314
2.400606091213957
5.193293160285299
9.739525319135518
7.867004401240192
8.23045340803506
8.341146866669543
8.445634010789917
8.64787178108133
8.913068159504403
9.285799193798436
9.745336298726375
9.915011077023035
10.091379310141651
10.223780045148889
6.368464599552978
6.607230668457772
6.262311261675158
6.30294474307203
6.341811794062956
6.074399596074579
6.2680525326832575
5.978796872887077
5.618528289929419
5.426329084467057
4.947840918429474
4.31491654947475
3.9481358149327876
4.08159286344045
1.7509276974828234
0.0
0.0
0.0
0.0
0.0
0.0
0.45376299750505855
0.1879172584912164
0.0
0.0
0.0
2.171721694272781
5.5108388227570195
6.953356115552171
6.609305053937641
5.603252260561954
4.065983389336791
0.3284641909054684
0.0
0.1995694928514055
1.3175145578926835
3.3661809653539407
7.216268280282499
7.520447867452875
7.830492271747885
8.321399563516756
8.445751342215937
8.189558740437368
2.0498685043348153
0.5011126893099104
0.0
0.313195430818694
0.9890503669872152
6.372691222562084
11.646622981637089
12.012229596365943
11.90174826672319
11.85386550187856
11.182138344802247
9.997056361162086
7.216041073831059
2.74328834062936
1.4628840067556472
2.1426351058176065
1.0597457960566703
2.272452147523989
2.621730298520088
2.2141703414509304
2.144277569561908
1.9534639054360898
2.1282474208389273
1.9746470028838679
7.9479467713208845
9.292284352512398
7.302438853834321
7.9771103118694064
8.26028582794511
8.365665228131313
8.465468627924336
8.574691362311857
8.936399640186758
9.258170139722477
9.563710457159312
9.920748300157321
9.984113176924488
6.3641328826807335
6.206864393074553
6.289320943435275
6.206864393074554
6.464544949550455
6.3423381329958355
6.418008035491224
6.01054062857436
5.606243238906472
5.35711194829478
4.7092636884696475
2.6036396348690447
1.0713567618726343
2.4945457525478703
1.9234148193558456
0.1879172584912164
0.0
0.0
1.4479087378540993
2.061669270483655
2.9156428968294623
4.329918910273601
3.118494408754105
0.156597715409347
0.0
0.9795615393221709
5.369325250391014
6.130923835605738
6.2780973167166065
5.59829209096736
4.257175355778158
0.6372817073613689
0.0
0.0
0.0
0.1879172584912164
3.520395550290735
6.7085259505304675
6.692991509778022
7.040109671935897
5.965144411807148
7.139746163631729
7.175731211065671
3.2841590800551668
0.735638885241883
0.9082667493742119
1.1901426371110362
0.40275551142939636
2.5762620251521433
7.922087642743622
11.29765963995787
11.305264612231966
11.13708179635905
10.773089386951835
6.3343896627625425
2.8555326669490824
2.32958872331934
0.156597715409347
0.3758345169824328
1.2906141977178327
1.3620297468792701
2.120973100841531
2.1282474208389273
2.1129580264800403
2.155929803922097
2.0044507572396393
2.7601617420421656
9.229286436759153
8.848979140069423
7.282480161876291
7.824559562862307
7.974936924926554
7.978246608105344
8.23509874101458
8.42510567928625
8.726651768654607
8.967803870601573
9.34710634475912
9.520640744290278
9.426285779323033
6.41336378030328
6.193002675924403
6.28286591988699
6.4265106098564155
6.456633658186552
6.390735184264667
6.391164305611694
5.954758624874507
5.613604658383465
5.537704424702432
5.081042550627143
4.090778183554195
1.2079246381973958
2.3188933496948954
2.8377007438120407
1.560097096730372
0.8245397469477649
3.411533587489076
4.566793295409359
4.79108034293672
5.4038840480551515
5.356433626326539
4.351244243774093
1.2097933331506994
1.6706428995179141
5.5044536024761115
6.192440440977585
6.5856990882393145
5.872643076941771
5.687538051623079
0.866076330875456
2.670407050981978
1.0716561591695886
0.0
0.0
1.742569749865497
5.385126998480604
5.7690370745857305
6.425032600869952
5.386663957954903
1.806355784570107
5.834530872800687
6.573365883981714
6.482524712610532
3.3921620656675486
1.1142666364983551
0.925509315598331
4.721713200671073
9.308151744776415
5.3353696268046535
9.301037380134396
10.988607068057382
10.58671061323768
10.193733913214757
7.627735155820096
1.6298677897685148
1.0335449217016894
0.6263908616373878
0.09395862924560819
0.8983386171309031
0.6597849497446516
1.00222537861982
1.8478530418302925
1.6599357833390764
1.8791725849121619
0.2738608133753334
0.04297177744205849
6.47562939026723
8.45875833413018
7.260149104211328
7.813474366484543
7.768582181003998
7.8051950127258145
7.888751262066695
7.990132272446604
8.395773223861637
8.735057170220248
9.001147340080289
9.219869956530998
9.292389660737081
6.301874114261751
6.253689728553271
6.303182660585426
6.192764758411007
6.260548621495538
6.213676292892931
6.234587827374856
5.944335223400221
6.078886799389878
5.576943138478964
5.298866513782206
4.876882966816041
2.917245904880448
0.3714566026196395
1.6284854460782139
1.737304353001595
4.369711422720601
5.2458354763899635
5.375725330484034
5.643463892325136
5.747941849813757
5.448136107035588
3.864541706003656
1.0440870007968412
5.871228792381882
6.331144012399124
6.507489151230674
6.199731054932533
6.561373931146317
4.449734068066935
4.218154693544335
6.90638676528846
5.3569967777712275
1.605049827130339
1.7005797911814726
5.344414321810004
4.9841727162256
4.048665545188035
2.9928819461139624
1.479530186394237
0.1252781723274776
3.8797479305170812
5.699769046010839
6.732550851582414
6.7191426685963025
5.955914064550242
6.430656164042273
8.82229518431174
9.12781870488698
9.915569553570304
7.313624238336864
10.631045749256751
10.417338203432642
10.058012377157555
9.043198711567278
4.860289705940968
0.5507395584770678
0.9082667493742119
2.4674586574662283
7.357170609584425
5.756324156072153
2.490902677881434
2.235941074206532
2.0338700886596937
0.1369304066876667
0.0
0.6562169037913914
3.494315921396777
4.676623812436861
5.163780509974648
7.287090889498014
7.539297747959953
7.6841972761004795
7.9102589465187405
8.017311414022567
8.260886124621647
8.450230441135634
8.706937593758946
9.127555464715675
9.290705290467189
6.212486705325954
6.0959706558733435
6.295657008226861
6.1992415231301345
6.399500928096298
6.199695616986082
6.492412594560499
6.003723473920832
5.765910361055085
5.55304837195294
5.236782966757564
4.953873770706775
3.495793978791522
3.8773669639304407
1.4740751792795368
4.028308272584476
5.125530857893419
5.406408463874409
5.660387591472582
5.663212645732299
5.836507543741857
4.633401519959907
2.2953251186687686
5.6520787658982625
6.700949794265813
6.82896633667914
6.538263165920259
7.125438124634672
7.140527877041528
6.173977201663733
7.140036248957889
7.040695777746317
6.465020784577246
6.104988293438102
5.263749032358266
3.7806176970687835
1.2420260493683868
0.0
0.0
1.1741124883880538
0.0
1.3978211075973006
2.0378547806884835
3.013250040604341
6.072946258593387
7.533231222106407
8.304422823924204
9.240920602563648
9.75707032454805
10.24441963783172
10.47577720640986
10.316021359584516
10.256706421100064
10.083951171346431
9.229589713120586
6.815542139138639
4.915327113763992
1.3638841250816378
7.937985712259386
9.291528179985187
8.93536716345554
8.38403029887544
8.196770324255331
8.091797115181937
4.5310384168286815
0.7987695969433208
4.282709980533848
5.142533466166848
2.937343667363992
2.7074883429777135
6.406150086679872
7.576344642298482
7.485357456609999
7.803910626325628
7.938631179667678
8.299938479361524
8.296002585535588
8.485303245058756
8.917367359514747
9.017361753434754
6.164446530327215
6.34874265263803
6.399500928096299
6.29577596698356
6.425796857316228
6.363393878187503
6.329716507318752
5.895484078275442
6.001047155982811
5.845367869168678
5.532828848840356
4.987445920383198
3.982403161232148
3.9920109884433286
4.628617003330112
5.171054958907834
5.334239376171065
5.736111882422574
5.904927399189197
6.115651404208968
6.157872548022231
5.082297807235058
6.437918017898081
6.473955991071665
6.7247834914841285
6.6696841514925875
6.8864521528131615
6.888253294068348
6.949820241239906
6.912334367696252
7.043281280986674
7.014336956913311
6.323975236310654
5.958837909787465
3.4425396088812006
1.2933455291755345
0.0
0.0
0.0
0.469793146228041
0.0
0.0
0.313195430818694
0.8769472062923426
1.679665761755414
6.313984094374889
7.907990828167562
8.916318024997716
9.50229438865908
9.971069019507482
10.279419286064266
10.135786638993903
9.926485523291607
9.886129274090473
9.778108078155647
8.235031464965928
7.452686576532103
4.585608987617593
4.281284518891947
9.207590183414743
9.369764495038273
9.084323602617909
8.805181215408155
8.564854547953066
8.373004660013397
5.812791336534101
4.24856362192076
2.927981125421178
0.9422364537766619
5.97297111531943
7.122221818423093
7.354454602473024
7.640149696905131
7.840460457954493
7.85418111372497
7.961006989353147
8.231187572790166
8.545718598836354
8.768244151200182
8.717613747993116
6.114903373833094
6.245756975462648
6.534974668017582
6.378589393614374
6.212746364010194
6.261359591621576
6.210313453632074
5.8664955799931535
5.84708702700661
5.778548212802571
5.512897394918964
4.943778746548544
3.970809971109684
4.1098792889577735
4.264242402752891
4.521885260569908
5.374872016818833
5.683720138714708
5.9987784784862646
6.110654088031191
6.032879176157476
6.1221911086782645
6.4397775332230776
6.630826448162692
6.940183094913909
6.834140223744463
6.847654523520714
7.035521890680993
7.021803613317461
6.770092897702025
6.884867768701733
6.824052298419974
6.250705506733352
4.820939730228899
1.7613039043996743
0.1252781723274776
0.0
0.0
0.0
0.0
0.4071540600643022
0.0
0.4071540600643022
0.2818758877368246
0.1879172584912164
2.25016817995885
7.496969655773852
8.522075935891085
9.098004190760697
9.737819805070636
10.108342063886994
10.173331614653712
10.280093409923348
10.039178494501932
9.794822642535529
9.552407288065835
7.710649868950201
8.178833684269318
5.0121082999321045
6.762846866413903
9.52138171092237
9.369064664613962
8.991893686630535
8.875475441658867
8.550118410887702
7.584825255054712
3.4044776573223894
3.0453245640728692
5.14248214448719
7.057378845745425
7.009927326294266
7.158833935659967
7.440697620807042
7.683200831489203
7.697022545544953
7.9417708215586025
8.158683635504994
7.987160006784712
8.400863552429433
8.567230296845043
6.0222938255639855
6.266430592431177
6.426510609856415
6.37106374125581
6.315973748925297
6.2942512443173335
6.350152206773884
6.0188573016713045
5.815925277030443
5.575939524964404
5.144203808547031
4.4134847186549075
3.6701325796746396
2.5366214012734356
3.426457947689518
4.570363658853755
4.785040681725181
5.483885363682645
5.435420495110726
6.1011823566104875
6.234111992348063
6.157634630508836
6.347574806241899
6.589350907807907
6.86024143834856
6.798333212039013
6.891711058709065
6.923555898133675
7.087614820028689
6.940183094913909
6.692991509778022
6.740446349889465
6.2180285751623385
2.6830599192928566
0.0313195430818694
0.0
0.0
0.0
0.0
0.0
0.0
0.2505563446549552
0.0
0.4384736031461716
0.2818758877368246
0.29656668809552733
5.692578007845106
8.23221780700169
9.036638536219083
9.754585211758014
10.047669620409172
9.880460027072308
9.896480383303452
10.05108865096775
9.875529285939448
9.771739532220872
9.394383805959986
8.628416674836282
9.336365668097425
7.450273834248053
9.55419613161095
9.027835535492315
8.834548118216293
8.804059175343113
8.424964434126915
7.605807365690548
7.043119441519133
5.12825575093496
5.15496135037343
6.4491859195747905
6.840391844703842
7.1560763326799695
7.2856578615799705
7.383126298183753
7.652025983928329
7.723149889099547
7.959550200898356
7.917033562375044
8.249401014746635
8.385595348196345
5.8516067163744125
5.991434724634564
6.211913652713311
6.275459226285124
5.990288619409275
6.0957327383599464
6.264927331491671
5.745718446442084
5.493969554512131
5.07614361092879
4.204345778714692
4.103868385676421
2.160796152378196
1.3255502665262875
3.3756198632441223
3.868923281867976
4.131722108659306
4.61803478222483
4.513134013555044
4.739676537941288
5.659435119411633
6.041515602490744
6.389758541702166
6.757856720908363
6.719211683138817
6.475631728174331
6.541022311389683
6.772231997434915
6.780781950970659
6.795552135276829
6.733490239361345
6.546356202221599
5.47932485780946
0.3598043682594504
0.0
0.0
0.0
0.0
0.0
0.0
0.0
0.0
0.5637517754736491
0.0
0.0
0.469793146228041
1.9472109544492522
7.610293737632965
9.03591716548963
9.489098020809047
9.570463706983306
9.720908619924828
9.72652463854661
9.915828186200583
9.8403503074398
9.73750125350016
9.599537165976011
9.273797252321174
9.346480802299082
9.242215335580138
9.225233009469843
8.799329234956828
8.197880114047093
7.2148793866260865
6.316225089507273
5.445073914565073
4.917871487874268
3.5045209168356517
3.0660259248714743
4.1686761033176865
5.811916690300935
6.944242758421894
7.0262668725781365
7.347761133995973
7.328999212973877
7.546721582010418
7.5888782029991475
7.931737967587933
7.890967488278196
8.103454237613775
5.885568997880449
5.900003767643244
6.009816131152516
5.895745528742867
6.2296247890327665
6.022174866807287
5.937523323581843
5.6297585859841925
4.8681198729088
4.466220859813191
3.60761010748039
1.9178809855369077
2.224290174403005
3.8882550195793733
4.515510899705435
4.995113989939133
5.1803914342346395
5.402157082078586
5.0562396243404555
4.247348435976512
4.70453941166133
4.844534124037977
5.265768056788346
5.751318648606795
5.89550137780482
6.317393209610432
6.426034774829624
6.412173057679473
6.526922676726136
6.55378814777651
6.40288097491496
6.0842468591664876
3.3001516665390285
0.0
0.0
0.0
0.0
0.0
0.0
0.0
0.0
0.0
0.0
0.0
0.0
0.0
0.0
6.324276307594142
8.780907455169316
9.24107741398522
9.295716980942121
9.482523076209926
9.464143219292584
9.495273181344482
9.456939496866855
9.305530409962142
9.206635259490888
8.559836928364195
7.7156964756960065
7.104847162580484
6.002334113464857
5.800925628298126
5.685890571092184
6.375822765498012
7.2477313042873135
7.551323157131508
7.425831839569306
6.741311080015056
4.420834814987514
3.0944974468373507
3.825852006972184
5.570992292276222
6.4296277666527635
7.130238814957681
7.309674132508173
7.388344882409877
7.505418274311045
7.659676188644643
7.916320037746265
7.854139147823438
5.525182445941908
5.7612038956275
6.024823953527957
5.945838204895601
5.935469030644661
5.826348678504731
5.662163087720102
4.9801305306043675
4.001361538888962
3.245212825342726
2.3765792228607188
2.88755656064209
4.446350889462453
5.361594185610071
5.104152028650542
5.299135941506018
5.549727795560577
5.51643799350205
5.251790789133
5.435278003399998
6.086174534235046
5.810191665134267
5.733860870551318
5.741810909212873
5.852945564309583
5.923774634220572
5.688472001884542
5.49332604097245
5.61412996537753
5.023183277191001
4.800982797946572
4.249538574577253
1.266690500725157
0.2192368015730858
0.0
0.0
0.0
0.0
0.0
0.0
0.0
0.0
0.0
0.0
0.0
0.0
0.0
3.3876446905160043
8.056948276084926
7.97168829047776
7.776266112690253
7.495214971342587
7.07049808257415
6.9823920196918685
6.681203066195825
6.191237865953433
6.051371355323094
6.596410648258795
7.152394416590196
7.695044148810123
8.154389676844797
8.311006308755658
8.214991049680284
8.324626018189111
8.289340379909355
8.078305515831202
7.939120532730383
7.9825763520633775
7.073312917023747
5.690311265928837
3.2333810562364276
3.7580895556186427
4.930561553056545
6.22772357609557
6.714200924575625
7.135081361613572
7.348747230991176
7.459830535750889
7.593435639457775
7.6966600828902205
5.323771004782638
5.5424824787679245
5.444931633327568
5.875437741142905
5.851969459973242
5.557442245459488
4.764196674481154
3.9744212434425297
2.613235495157259
1.5447664338272602
3.1442495076378973
4.255793646963499
5.191070344334257
5.726214467652871
5.640609462590661
6.21272462283935
5.709442213314625
6.03040327541685
5.829745795601274
5.7603870581727215
6.302825784315332
5.972855120755176
6.0973184303697945
6.190904900645531
6.309518725377013
6.43741630903364
6.336027320157294
6.315710579458857
6.252233740181778
5.839785702081701
4.686643761766921
1.0147535391616977
1.3343473637960985
2.17117792973676
0.4384736031461716
1.2628286432740985
1.3000212551727466
0.8681501090225313
0.5011126893099104
0.0
0.0
0.0
0.0626390861637388
0.5557367011121579
0.1879172584912164
0.156597715409347
0.8422745180763258
1.7503028638454583
5.748441147651638
7.295440808175154
7.783386727323211
8.267160819728105
8.565474979491496
8.794191517508787
9.0280800040183
8.96058656291359
8.847015258508605
8.758421554606006
8.831214157391113
8.893049143542571
8.736492963360194
8.6496535744935
8.520010415157381
8.385982810516248
8.621003879569786
8.570058194390244
8.319934084912783
8.03509079336232
8.21510313546332
7.683618347960219
6.296076797213685
3.8260410367510915
2.767299182363272
4.199274069505169
5.643334125047701
6.654557090916325
7.358689930531867
7.214471670800749
7.2812661336792575
7.342314618568014
4.899615402021663
5.009073168306246
4.894296734750135
5.2140018054705894
5.014720152314201
4.022596933900934
3.8382369186474694
2.450964446658015
1.8026565688234366
4.069036171244276
5.398243752033994
5.728262002806861
5.627178306342428
5.971174002942659
6.066982157591054
5.822283082992875
5.886142050493094
6.232834213077876
6.2890830259218795
6.453520291616531
6.202643590563767
6.175055168342307
6.44608834606162
6.520110776907758
6.463135395414602
6.432031914295637
6.444058746189232
6.329498234694956
6.350628041800675
6.499173990472789
5.798018147737409
3.8056786189998295
0.3168325908173919
1.321954375071814
1.1311407109459954
2.4610569626549306
3.5845235762864935
3.84578439785867
2.6281606927928234
2.0295943746025213
2.2315801123498846
2.518446967464861
3.751960660070952
3.395432781208475
1.0291670073388963
1.603027605628206
3.077719427775889
3.1300496879100943
3.0566869571845823
8.594443587540464
9.070952607074645
9.220882907714962
9.301171787132748
9.416724095061378
9.373327753535174
9.551176492688176
9.087342892011051
9.168543203824258
9.003739396055417
9.176373682962513
9.121475116065007
8.962725088033311
8.72225383532965
8.83615470544702
8.605175924838242
8.445655839285326
8.57622777132845
8.306161376728054
8.241212495904067
8.266653130876056
8.036649797006955
6.974387967814433
4.495761890509947
2.5861816084335776
3.857302548903947
5.418990090208621
6.327841863037763
7.134847339758838
7.241058422835587
7.350403146462565
4.385080173232293
4.6455540788389795
5.057351532400721
4.387368243969018
3.885320644455735
3.3135862051412204
1.4455653302220877
1.814547299293417
4.295770446758385
5.600304870452025
6.047487131900316
5.973323721682509
5.999782092000825
6.08283522792822
6.00807523214374
6.085795916794108
6.2042655308158485
6.288369273381694
6.458446802272264
6.31537895514181
6.465997706583872
6.506750146737443
6.280793117117039
6.431080244242054
6.580797829536626
6.595279592423311
6.586319133975848
6.607638048633955
6.5743428059883415
6.398787175556112
5.879743045951339
4.909094360004931
3.1472578136745684
0.9631128732246723
0.4384736031461716
2.9124716118941505
4.022264342374723
4.270117905596213
4.374442172021123
4.055909091289003
3.986103767056709
4.435012316970506
4.282171430702216
3.6429681013067716
1.6700239718826249
1.4114525528661785
0.8778231324740311
1.5984091694726779
6.645046522336327
8.63507691327636
9.145707302389766
9.290541444695373
9.655482905946087
9.851326922393348
9.839852476124774
9.582563695711917
9.640510627207314
9.393128889738817
9.384929910948753
9.29613571847209
9.42284048997206
9.333579138365668
9.044372550442672
9.127196816859767
9.066662287329159
8.832551305043832
8.962315531380918
8.622072232416354
8.696494832842761
8.47029153217312
8.591588939424032
8.238243497995207
7.4509433175121895
5.802153740359246
3.6014431694888924
3.4552627580167363
4.535101089833516
6.01903700119055
6.825944021743275
6.847491395018584
4.378596421406909
4.094888012430109
3.8933217672281595
3.6335658030425315
2.680074007409482
2.1908865070026646
3.1400027435026026
4.600976164796791
5.4855639233305205
5.889539167589636
6.187826692577835
6.233419980978723
6.3363122307945785
6.289083025921879
6.301513727209458
6.15751567175214
6.355864715046739
6.357083065348961
6.323499401283862
6.234349909861461
6.444152452992886
6.511795616149873
6.753863901645906
6.673082149255769
6.667773510376898
6.893536680994173
6.722650837147059
6.82514505444776
6.403306306035662
6.301109857815474
6.082540400953839
5.355849740385151
4.9570349110998215
4.031802041076993
2.7193783664450306
4.34021296036254
4.798266863487635
5.3017565292726525
4.995953445085481
5.083645686112487
5.132143562663335
5.384945374319575
5.3317613406947855
4.353771154449008
1.098582558387897
2.3222511491255156
4.131253387302956
7.098231382229077
8.107938582176455
8.78142787461471
9.301423849790043
9.426285779323033
9.90328359455333
10.053151421253439
10.15586452296084
9.972136778797273
9.811593829563364
9.938343102995205
9.483212474242473
9.381325581646736
9.348905855074085
9.339854289100419
9.564037085816484
9.107755936688324
8.969276323029508
9.131634215575293
9.021808348859539
8.860114273563289
9.10438528483127
8.940371181738685
8.83230903146099
8.904187704065912
8.310004260955925
8.009887659791158
6.61134140840296
4.666202826268332
3.552885168935101
4.216117143348614
5.356060735175858
6.533412299888496
3.6573863286746446
3.6718045560425168
3.8262870754361997
2.5720481335308367
1.6395070859811882
3.1461351713217223
4.717106420915621
5.719363161038357
5.829356433278678
5.829094982811253
6.103366353186022
6.005869494397358
6.293797150461388
6.2263701636469495
6.047454645847813
6.233636157321273
6.239802759450073
6.597046022829258
6.412529933949566
6.506678181104634
6.657970992971522
6.619003789781122
6.695021109650409
6.646980934651671
6.879039125050638
6.685569023119305
6.720248567947728
6.820243795745072
6.508491325190345
6.404979029637957
6.108091474014718
5.695001576223094
5.301877345271623
4.6964370765616295
4.785456986994964
5.697536291674798
5.530708604896628
5.694621166998971
5.753438533972354
5.8009174546550035
5.876464887611494
6.177508022232984
6.013286932880884
5.433382666420672
4.734675738593632
5.475148719381419
6.534016552568176
7.151963437052258
8.465572271170155
9.284278953427338
9.662046378231087
9.703320323719453
10.04340986206028
10.1238013481453
10.190669750481101
10.106537569886099
9.920684444584813
9.787957925082562
9.748733290743726
9.230136561164718
9.31642984244789
9.334529827395464
9.544093974774954
9.46054863198965
9.568497805922636
9.448749127518106
9.531732783415872
9.473356086064204
9.583137669572398
9.213556214562347
9.225947760207786
9.193997365244972
9.017737517048534
8.703244340306004
8.128288409306846
7.143908615342213
4.7270139895870384
3.8787632828424687
3.783433738066889
5.039448972165939
3.1982529051671342
2.819859551187525
2.3656700224055025
2.173251043918817
2.9512792379781643
4.787629107366773
5.663161504278687
5.796044964562662
5.759529022138624
6.100490345241145
6.281103279707368
6.22577536986346
6.094586633134659
6.330311301102239
6.343459265712205
6.432608757134607
6.398668216799414
6.59527959242331
6.191834829528268
6.544470813058953
6.982351227439244
6.931842682202979
6.844870126098244
6.94399159758881
6.835264369961204
6.956250012835144
7.035154784591584
7.1627669603291
6.952278381658113
6.989382126978628
6.636269950090275
6.533233489564678
6.369488514683494
6.486696575505447
6.015719843259002
6.115714343959135
6.191477953258176
6.23301611158474
6.357439941619054
6.210075536118679
6.3152094924790205
6.702365486637579
6.554909280492879
6.3663472409909305
6.383792770512152
6.712227966845239
7.433464919016314
7.960076481693765
8.915141533371095
9.540084453562576
9.937713439991553
9.994145623189631
10.246044311831263
10.310774341592717
10.266683904514094
10.306534081312972
10.040371578847834
10.000576364900079
9.932407806510906
9.903983619761988
9.749846037342667
9.771936879278835
9.676382397991071
9.852203766599782
9.749798589286732
9.690467081385805
9.85744077233016
9.828620438881215
9.612194631705902
9.632806776720304
9.214263679908292
9.299441824363946
9.145312608273837
8.896742396995514
8.661070034641572
8.133897370450407
7.181105313013339
5.602007440316749
4.2633570670256695
3.4821626092114477
2.2841043818841795
2.1631834896473814
2.737736585210241
3.6283781155249226
4.008233111338138
4.962776659941553
5.53474472561236
5.938788387563828
5.763540390427133
6.108000123757602
6.157180536652891
6.3698236497827425
6.212746364010193
6.2654501596423495
6.327402276253205
6.418101742294876
6.652511697987086
6.715074680882405
6.513086211529029
6.5396380092068735
6.868581851059489
6.9570701405002975
6.927464441772888
7.1192720499212445
7.033789400201161
7.022295241401103
7.016848725973147
7.096994360125775
7.099982735135526
7.014117957192305
7.115036721862402
7.0517850026985105
6.7763817792478065
6.691635584283795
6.781969184725223
7.021299449185096
6.744984398161405
6.791348724822311
6.831258271442684
7.0050235178544185
6.971671105651432
7.390347160424424
7.458956074195448
7.558978891794281
7.796197660217601
7.970371207119183
8.47261960176547
8.807184411060714
9.050358665696784
9.90491782247763
9.937832258415176
10.09680376204592
10.411050432300796
10.593302217601181
10.406844167449043
10.37388379606987
10.12474139629009
10.155681848964718
10.114645094452428
9.725534756257016
10.187978561912239
10.115895527738344
10.004816625179826
9.953976820162403
10.007062069461636
10.100980166753157
9.851646200255868
9.86878750745372
9.816459632303141
9.686289593857989
9.518732192169612
9.550074333226302
9.354671171647832
9.213789607880328
8.808093316122253
8.752878827311527
8.371790315313719
7.380509859767655
5.813299638597225
3.8333192042605666
2.3889744911258806
2.5630356068958564
3.143418223190393
3.8908869364573824
4.634850805698683
4.918665395493057
5.317843759722122
5.5871510352420515
5.793968930454636
6.317822330957459
6.2687662852234425
6.473242238531478
6.213081499109443
6.498647651539909
6.317758130275764
6.575489190657755
6.667535592863502
6.7278247242123825
6.668537766823173
6.683812051609552
7.06930876141025
7.080654813841905
7.174643247352297
7.0712752737448135
7.358725696211847
7.348780155843238
7.2350107794634795
7.187049768967037
7.176118131603221
7.3581267710882665
7.187994418626419
7.121238562255809
7.103388366041035
7.162005544710745
7.417321084330882
7.4112029428609265
7.313310535443434
7.424764834124901
7.604556601515521
7.5609765126318385
7.863949335119076
8.111866240853534
8.217488492840765
8.4558515673371
8.510195429293999
8.801380780328111
9.071580694508558
9.288621769790225
9.532671097105933
9.878563448608285
9.995213382479424
10.196965133045623
10.387671677476243
10.34321051240141
10.268330827225476
10.300838618752314
10.357263036804762
10.377892127491913
10.210872491598273
10.267742771082498
10.527591777554754
10.259078331806405
10.290969334621492
10.411537124725852
10.337525398123471
10.102604840752715
10.151131203543837
10.091376924052765
9.833798361216857
9.834179108562994
9.654977717745027
9.469797545021288
9.31119516808262
9.317078169675323
9.16134679032821
8.96954576260751
8.391208285448833
8.012778166826088
7.4134278307690495
5.963235029942453
2.5671888238062883
3.0293521584055765
4.002074294058262
4.047447633533038
4.863602439224091
4.967119430736231
5.298821483288442
5.544011089211255
5.73266362387242
5.915768332921375
6.4676199262800775
6.184640801486753
6.199457699472687
6.505650755191918
6.439514363756637
6.595398551180009
6.884103512255456
6.846780767213935
6.83173795454513
6.915979741869023
6.931514182621468
6.863930982266764
7.143516252051281
7.256302372263753
7.2722240246444985
7.413608106387178
7.480682444097364
7.571570080925964
7.633352805478168
7.839147408171461
7.509863544910704
7.478737017064806
7.505681971192853
7.453557163997521
7.517810115547808
7.7278302732741
7.62867086076762
7.787936639337486
7.932265361351552
8.219773240244242
8.23242420411541
8.60317245808793
8.65041570890281
8.904363222628467
9.05809172981936
9.16790121100684
9.402271836470504
9.868347025078696
9.657658441037675
10.259696248093894
10.189794802629303
10.313596095301357
10.42099007863662
10.626172971978587
10.537569260968791
10.64981472436923
10.68542405489054
10.729279050394034
10.616685693707039
10.675240661113103
10.601577156730057
10.62357165747653
10.489418383611776
10.456492007660598
10.475222888629837
10.49440712531879
10.31261568501638
10.218659493581617
9.98354736949334
10.02969168413626
9.954863639910794
9.760211782898018
9.811038649308333
9.425163380067643
9.136494435618147
9.085694568001172
8.546343505478609
8.050653946490574
7.497440526568927
6.882083371279264
