4.284551333853496
4.361264833851936
4.442104317777951
4.405270221548754
3.6740144867288684
1.8942827248846448
2.0678236092211564
3.4950599843533077
4.15221788653847
4.16947018343327
4.1779777081355505
4.270183177525335
4.127131585852575
4.31147725270302
4.372047397652403
4.516315487289286
4.530392785272189
4.568989043847372
3.854478246525085
4.250907107753638
4.071202887236028
3.8764913953512874
4.167511682485493
4.118462952713223
4.235915831225975
4.338281596703112
4.447065842076508
4.966535544794842
5.094462873546631
4.751231284558518
4.592721276880242
2.978926959511357
1.481345324755201
1.4228728981108205
2.258376757789678
3.5670229381037335
5.701337501952448
8.48016739885821
9.073113594346376
9.472120435116866
10.051216362112763
10.471600544637578
10.463958122507124
10.779047950837942
11.287025008848431
11.60717753329439
11.632393405389204
11.724408709672701
11.680381258443992
11.5792263879669
11.703151412803669
11.587309057213169
10.613733505006403
8.281697863526578
6.132748894829539
6.368850196673313
8.115235330961871
9.90059578962917
11.509747243839504
12.924762803853874
13.844856076011313
14.372037973127066
14.5079255135137
14.666993631141477
14.744112978861974
14.92979552660096
14.638970400954854
14.387449584685791
14.12188265236258
13.911845357955084
13.831191447108463
13.16970151426421
12.687401455708068
12.31469175313429
10.798132715983089
8.858267192991773
6.498148167910768
6.967073086404836
8.377565660468212
9.530352498659528
4.342634872019606
4.867606388760518
4.865157758446467
4.91823180940103
4.380870143740618
3.880438574334638
2.611877588944874
1.6912553264209458
2.8999391238989065
3.3173555333276945
3.9739148415126753
4.093908761956221
4.068519941850965
4.196682104048269
4.191618732697504
4.363910874441946
3.8895049659483734
3.7698010513636966
3.578194429881945
4.004032795006037
3.9572198700738337
3.6485413558663633
3.3243840898633126
1.963854819623929
1.2340109750068957
1.0435918417010126
0.9962627841682735
1.281713929087458
1.3204705868027466
1.4544655988524624
1.3488341009745526
0.5637517754736491
0.3445149739005634
1.176946991206319
1.0887414884606639
1.134958714448681
1.39980031850599
6.5336076440088995
8.473701624423756
8.953672881351084
9.451911753520521
9.704420245189263
10.169480092446461
10.288236539191972
10.547958569913064
10.869828765957395
10.791653223161223
10.698697800353342
10.708871210894557
10.336407916066223
9.643403777732376
8.099457297610936
3.6702158575703936
0.1879172584912164
0.0
0.0
0.0
0.3678194426209416
0.9777275885633898
2.456556442247411
4.8546999210359685
7.82445334839805
10.765684333066337
13.286511302604312
14.122129019800639
14.230266316561098
14.046532221932745
13.809466310408865
13.76668506938019
13.56894693086945
13.014524977292572
12.680727002514645
12.123760863653134
10.340046088634338
8.33676472192374
7.0638335500439045
7.952150012100772
9.436126316020323
10.346062330490067
10.256893230379667
5.3521991500775705
5.113918736072343
5.656190337578744
5.783352885591827
5.409897921003886
5.197731775185522
3.985949161635872
2.837393509271229
1.2207007915566976
2.4929637335520693
3.6883798507471597
3.6649655264291416
3.812426173524286
3.804695851627925
3.659058305042522
3.8135408244362057
3.2861847576039818
2.685907702662893
2.674687093145133
2.5234143891837983
2.172407118194159
0.9075259950101168
0.156597715409347
0.0
0.0
0.0
0.0
0.156597715409347
0.0
0.0
0.0
0.0
0.0
0.0626390861637388
0.0
0.0
1.1240015627661928
6.209166992049851
8.023597345101226
8.485281174161155
9.037355831930904
9.260406048615103
9.814743655062665
10.088814587997325
10.185086460738475
10.26064965222913
10.178959254811213
9.899414106077757
9.623245580092282
9.211355358396062
8.167853746741628
4.958896101704976
0.0
0.0
0.0
0.0
0.0
0.0
0.0
0.0
0.0
0.0
0.8492503605867227
6.9823600429677155
12.83115057811091
13.525689082616038
13.377792778479888
13.24245231625508
13.228875957823647
12.423204045528077
12.40472016052143
11.580488896159304
9.293000195594809
7.683810053021553
7.561156697353345
9.0805032652199
10.468120946992991
11.006508013820083
10.901993834194672
10.76047653463297
5.43628161691456
5.491389274870365
5.818556698125821
5.837290905368314
5.663551757055737
5.714308836078232
4.975930242466152
4.44946061644523
3.337306425176619
1.621477092077405
1.6846735036971023
3.0199949471587937
3.600879670330028
3.8680683475609356
3.3710549301204042
2.192053792643727
0.156597715409347
0.1252781723274776
0.0
0.0
0.0
0.0
0.0
0.0
0.0
0.0
0.0
0.9038888350114186
0.0626390861637388
0.0
0.5324322323917797
0.0313195430818694
0.0
0.0
0.0
0.0
1.2235559286470754
5.560380565027727
7.181036506791954
8.008115842246491
8.386742733708598
8.7388966906752
8.995464845461392
9.144328912511387
9.122387874158518
9.297871130235864
9.066190167481233
8.784873529513188
8.275014303163273
7.590418150721903
6.7931425875968525
2.62457410043201
0.0
0.0
0.0
0.0
0.0
0.0
0.0
0.0
0.0
0.0
0.0
2.939080555196279
11.183888631819299
11.927039013434202
12.254046685032593
12.172257203343174
11.835595638974212
11.734118615921725
10.480058907950951
7.919937581373818
6.667206978520977
7.99771987548873
9.889814754221911
11.218698839779528
11.335426944054554
11.516442595838488
11.445815503238085
11.122158800008462
5.687067104133457
5.989175990012306
6.011081195134503
5.760387058172722
5.776398494062723
5.962565185108973
5.58798764824977
5.148274126427786
4.223319329067029
3.749324478467337
1.6147211085326196
0.7472704853299594
2.389726611674894
3.1439342801021293
3.261406200439037
0.9585128468136663
0.0
0.0
0.0
0.0
0.0
0.0
0.0
0.0
0.0
0.0
0.0
0.0
0.0
0.3758345169824328
0.6263908616373878
0.0
0.1879172584912164
0.0
0.2818758877368246
0.0
1.5222966227443457
6.346885037595486
8.214656575469382
8.951491981732312
9.32650164499753
9.64169402013824
10.171077277650513
10.479231220051878
10.48255843833658
10.371686947926976
10.309523908306804
9.932225132514782
9.56507653230832
8.719984801108875
7.089777790707657
2.538011952943885
0.0
0.0
0.0
0.0
0.0
0.0
0.0
0.0
0.0
0.0
0.0
3.536784256925384
10.149850974428624
11.018115135337565
11.04936254739921
10.692320083286935
10.567462720368729
9.166608727301133
5.9132791254912505
6.335628131472086
8.248133470756628
10.076871141307734
11.470655209135145
11.797100718885698
11.846277528781204
12.162330856683077
11.768403163047052
11.554137425529865
5.758186197979262
6.137317889810401
6.116536058966832
5.856310096032262
6.044016330171948
5.794898859337372
5.556008071043012
5.488561234162275
4.938607025129342
4.424917292812275
3.483584418975375
2.044376980136866
0.313195430818694
1.841252864375213
2.423931194206449
0.0626390861637388
0.0
0.0
0.0
0.0
0.0
0.0
0.0
0.0
0.0
0.0
0.0
0.0
0.0
0.6890299478011265
0.9119039093729098
0.313195430818694
0.5950713185555184
1.0451971560618785
0.9082667493742119
0.4384736031461716
1.8693134714595756
6.560662222105608
8.551309745041149
9.214687134892243
10.035002089794679
10.47701563591458
10.692088154429234
10.860922714451707
11.048701299612457
11.072351931657476
11.09958303913966
10.837532592152703
10.289619805614604
9.402255760061415
7.700136156143919
3.5332401646606293
0.0
0.0
0.0
0.0
0.0
0.0
0.0
0.0
0.0
0.0
0.0
1.8590623100835342
9.398943917224244
10.213131289563561
10.12711330699643
9.62327208711229
7.376097654412975
4.995689798780879
6.569010223608302
8.628321352520672
10.396479916036533
11.139011876061854
11.67159912369315
12.063566097753922
12.3230612705283
12.208440353331872
12.182196565779716
11.947153366768957
5.963711290334261
5.8690257079571255
6.176924224738683
6.096361809979123
6.088563962271475
5.770471249002208
5.627608867244343
5.24328326443072
4.614898004872463
4.172407934854931
3.7913922751719706
3.1341440580121964
1.892980470542858
0.9199189837344011
0.8689321319308515
0.0
0.0
0.0
0.0
0.0
0.0
0.0
0.0
0.0
0.0
0.0
0.0
0.0
0.1252781723274776
0.0
0.1252781723274776
0.4384736031461716
0.7123344165215046
1.0211519329774053
1.3629469416051838
1.388209986962139
2.083771935780629
7.475335567350789
8.826482931296757
9.57966202593507
9.919131252330313
10.55158292492734
10.764378966253071
11.124098363491374
11.230147806044359
11.307076148747598
11.567701676817142
11.454567554172295
11.045456173637213
10.195720941774631
8.598998661440064
4.894380078464445
0.0
0.0
0.0
0.0
0.0
0.0
0.0
0.0
0.0
0.0
0.0
0.4582622850280144
9.524041157547774
9.500215606398973
8.945752885280601
6.462608058928206
4.736911372640314
7.025922543435724
8.807368120405243
10.437347006483286
10.792986449966726
11.14870001015803
11.840337973792437
12.526881972228972
12.591975294477288
12.61231547311356
12.68319998632623
12.604703353957278
6.0474546458478144
5.976340429554929
6.061197404241266
6.356845147835566
5.8865961443490376
5.940053451545815
5.785048510475729
5.448851651358961
4.907143676250058
4.35155161977324
3.672695848325503
3.596712501830528
2.7501524877475143
2.291358067609462
1.7130782864131335
0.0
0.0
0.0
0.0
0.0
0.0
0.0
0.0
0.0
0.0
0.0
0.0
0.0
0.0
0.2505563446549552
0.3678194426209416
0.9468606124534774
1.4797996336697967
1.3545833641586564
2.601484721683918
3.076543586978433
4.716979194082713
8.40658539908909
9.352592107262009
9.925043523288183
10.437531722895642
10.852963431941815
11.282287122442186
11.43062685031116
11.579783064288675
11.897864823660589
11.972178465644488
12.131611429120325
11.720533025200146
11.51172646803815
10.204721270919
8.014933687467526
0.2818758877368246
0.0
0.0
0.0
0.0
0.0
0.0
0.0
0.0
0.0
0.0
0.0
8.958035519949789
11.050861457352346
10.26015944708664
8.969652514133818
7.683418522602205
9.046814923941874
9.94893072951538
10.483074990906156
10.59119110824161
11.012613178104052
11.983051422619804
12.659104406041056
12.85400172064243
12.94486412990939
13.13634225743064
12.969215110279283
6.39114256444085
6.185477023565838
6.191813088357424
6.048298102026355
5.916877315112895
5.452293052804561
5.118517076071975
4.691266701262279
4.633871555224796
4.552977607957369
3.976008742898479
3.602572280970017
2.9362580891567394
2.5207036919982078
1.4151516156812145
0.0
0.0
0.0
0.0
0.0
0.0
0.0
0.0
0.1252781723274776
0.4384736031461716
0.3445149739005634
1.0641237104194636
1.6897645496055615
2.8316011297393295
3.6368049802344693
4.154448040848697
4.491874255502397
5.059278859117868
5.591968328805935
6.528315561093234
7.259923153247758
7.978051588715702
8.923394546147525
9.834743032223624
10.073599447218758
10.525024458480692
10.957270188893972
11.54607831982276
11.89462501181081
12.099382214043324
12.42367688227243
12.561418072107717
12.796657566920196
13.054336953528374
13.003795941933731
12.4469140267925
11.634467020609597
7.454596427840994
5.008048741621022
3.814463268630385
2.8634433176122474
1.1737744978980418
0.41079122006300006
0.0
0.0
0.0
0.0
0.0
2.742769637910636
10.319050075474246
12.152515891467004
11.221225672809812
10.30106713106604
8.761664188474693
9.76680640499913
9.792018083714067
8.995939820149397
9.162746820598814
9.902675345504445
11.931069159401504
13.053928954699257
13.117444003976765
13.28552140467238
13.444243205573555
13.143600039307739
6.157158795482046
6.246567945588688
6.3436971832256
6.009005161026476
5.979681527644941
5.516386852048439
5.06878999959043
4.563244607676714
4.318462549878474
3.8771841212452784
3.352807659047884
3.407023112752328
3.179902462734051
3.290495857028126
2.7731680766583175
2.2584538444388373
0.44211076314486947
0.1252781723274776
0.1879172584912164
0.4814453805882301
1.4296177185875563
2.495874166464536
2.781894003024598
2.83345881455622
2.45419120075534
1.8256215739255335
1.0706160075085391
1.4621776131948738
4.070725629918622
5.364801355701277
5.72608069934324
6.062716997947043
6.807287225090655
7.070878123387952
7.58541792393221
8.171637121090097
8.918055516647225
9.473683689241053
10.023710317522234
10.736424621188862
10.928891671517142
11.497835624079483
11.644352611395053
12.027698847577287
12.45067180631081
12.885273032181772
13.234759901580093
13.63828493069329
13.891868243817092
14.28210530400984
14.487141124168554
14.684405283902388
14.900940721913807
15.03538245900772
15.435277666443037
15.601008727084299
15.41602649706759
14.481211808431311
12.739629269283155
10.424315438031437
7.51909541464059
5.437524628783352
7.616473645889273
14.308735735021868
14.457530180893686
13.430367540963964
12.180107356946932
11.008230871920953
9.416754307525308
7.768589822175134
3.244111607298697
0.1252781723274776
2.1809699495701724
8.091941920548795
11.756855169351903
13.28560013231355
13.714613339164186
13.906806308550566
13.895555917178399
13.452470812764806
6.067771386546251
6.067555210203698
5.95735348437183
6.065479176095672
5.581005648221084
4.714243128315382
4.155568012977129
3.0214671121109866
1.969011586821952
2.2377016057213943
4.011190067742607
3.8046958516279243
3.1107733590221134
3.5322047207134863
3.5665628297938685
3.109658708110194
3.2503525600790324
3.2369251779904045
3.4441678491125085
3.4950599843533077
2.231548543630162
1.034753475886976
0.48064272340779707
0.1252781723274776
0.0
0.0
0.0
0.0
3.6544804791800214
5.891166975170453
6.384687540892565
6.371129208764954
5.954696964434255
5.262736614369541
4.976108203390292
7.20511152203618
9.206936670311272
9.960345366097176
10.291447793047825
10.689383866844835
11.09215378315492
11.502821851567044
11.997928933939177
12.511721802237554
12.737363489174873
13.344473640069605
13.639110159713915
14.275699252799413
15.173326708290078
16.006436491094487
16.67391473320622
17.33513527154949
17.749512033369793
18.561469827703327
19.13364125840971
19.781743888422007
20.56212543803945
20.808389881609514
20.513564186360774
20.102834092117295
19.20723202040056
18.30524284598348
17.989427928379406
17.666669470211936
16.765333700009002
15.303663608210847
13.482053256990463
11.19620176115801
4.777986000023051
0.5086524642705104
0.0
0.0
0.1252781723274776
7.104986788481679
12.032963659164084
13.661903793615984
13.940542450140372
14.116208543841473
14.25122002356111
13.858116925175308
6.385282334676054
6.184428135926403
6.088563962271475
5.967776885846118
5.161403345911711
3.336250735628387
0.5979058213737832
0.0
0.0
0.0
0.7581200625097155
2.5080879008024173
3.0293521584055774
3.2580828819753935
3.2386796914467313
3.66538745144707
3.6596156304984815
3.937587147213333
4.012169318216495
3.569456963051906
0.0
0.0
0.0
0.0
0.0
0.0
0.0
0.156597715409347
2.7511480715868437
5.6923023378246285
5.76990701911202
1.7036042325764194
1.0801538591424458
1.310302140711625
1.8369540529991835
4.809701855916525
9.21375893569504
10.05164383122278
10.55829704562917
10.960516665111776
11.544320568806997
11.944129918561645
12.307901100536885
12.74232467531542
13.253769207709684
13.71902663201717
14.757774612311568
15.697622362494501
16.622846748758644
17.464370417380806
18.333993665571384
19.416469991548507
20.877881112403113
22.085306756664256
23.144877275281672
24.41033045210244
25.333715694338917
25.75627117506487
26.02411238802177
25.30791113511063
24.72491471356558
23.43210583589667
22.369322596702904
20.77241637701462
19.515151194996367
17.59336931176069
14.913629886752409
7.420440238038087
0.0
0.0
0.0
0.1252781723274776
0.3678194426209416
8.208950724344561
13.652989871550911
14.329030815364925
14.78724446678881
14.885037679599401
14.891682182406473
14.333923375912072
6.34343401375916
6.328094567066672
6.477977824797705
5.855791270642964
4.550054510856733
1.7893189154864428
0.0
0.0
0.0
0.0
0.0
0.0
1.1994281684741517
2.9100935427121586
3.3738002888559753
3.745001275257695
3.48737093100117
3.989041518478372
4.364890124915831
2.89126714257368
0.0
0.0
0.0
0.0
0.0
0.0
0.0
0.2818758877368246
4.29618642031556
5.349392776026967
5.568156953763484
1.7238453265044402
0.732001725243185
1.8725105046407458
2.801609152361394
4.424219411110474
9.11837991856924
10.381810255914374
10.673368582717256
11.421125135587141
11.597452244944849
12.08798875519931
12.666070113112937
13.283102917539109
13.735863731020332
14.70332824582596
15.661019547144337
16.73070088041059
17.76236716271433
19.38194411797021
20.955231462607724
22.96958905396912
24.443372690972677
26.106996020977455
27.642440275898764
28.97286797180304
29.725443021806406
30.557204010028503
30.789392924088347
30.277950606699676
29.569767825799723
28.35083619895643
27.325026594582695
25.55929763618192
23.380981087126628
20.46011147841942
17.098243206823145
9.881016451235338
0.0
0.0
0.156597715409347
3.290027135959112
9.209038461901917
13.907834122917281
15.265939899638063
15.750417790359988
15.626570746361645
15.58149220936294
15.271887210592451
15.031998531562552
6.466643004273452
6.403811183241823
6.301776896675897
5.7774021075772835
3.5785811478923666
0.5440844667519689
0.0
0.0
0.0
0.0
0.5637517754736491
0.2505563446549552
0.0
0.0
1.3202458893503854
3.408096495120022
3.621512277936528
4.14536313322126
4.500715961779559
2.5963469616944437
0.0
0.0
0.0
0.0
0.0
0.3598043682594504
1.1877552998418497
0.9693211554491975
3.7680169811075546
5.739918883539362
5.233193920000625
1.0884668999575542
0.9709058355379506
2.111435249207623
1.6920303607829486
4.628166256749939
9.34955764756893
10.167581188294735
10.80213218010509
11.48905566372754
12.0541912598016
12.709727419594726
13.210164104699466
13.709195290233334
14.535184750302623
15.6739517466238
17.048728138533118
18.131345599323428
19.710710418079522
21.941527171426667
24.16442043738061
26.25195162221771
28.29714885561972
30.126775933957624
32.11966145614661
33.59965239620469
34.454472586932965
35.94290546742155
35.83721653532786
35.33587442315605
34.485629270076146
33.153091090689934
31.46334940840079
29.49305666047149
27.59789633267059
24.03724362422055
20.165204768383624
10.109019675579225
1.116771051127421
0.0
0.9377806561453594
8.639377092353534
12.994502781905332
15.578980867860913
16.54638229476377
16.744929377284674
16.653593737951077
16.306112997829956
15.990594895374187
15.599530636655317
6.281149993387133
6.368987427703659
6.295538049470164
5.687430593876994
2.9439557958615805
0.156597715409347
0.0
0.0
0.0
0.0
0.0
0.0
0.0
0.0
0.48869906631351334
3.02326347878048
3.642410775850813
4.222948327575205
4.094752611992078
3.1702641645637244
1.2661239071820036
0.4304585287846804
2.1785048844632984
3.263974305523409
3.5211510803534805
3.2935350076955823
3.7287756710839126
4.285080204391591
5.110591237088237
6.439896491979775
6.301403514891277
5.2948918955410065
3.9727876725586118
4.180072051672472
5.186113744616307
7.612017136560583
10.115514705734315
10.644688685219098
11.25910770400453
11.797822351659837
12.240361494296872
12.668591300425659
13.480400457076165
14.32970402408186
15.513049328505348
16.837087386136314
18.034697967650967
19.811646984470304
22.195128353807434
24.972326172661923
27.827207361171983
30.124531812393748
32.44755892110552
34.96650519940962
36.6894167395651
38.29811365611333
39.19373583132457
40.05145462851871
40.42786819207942
39.84142356015265
38.957655647654285
37.7037470055516
36.3098148494931
34.02332339514583
31.450718927097224
28.2568528399134
24.335872186100108
12.683773020622802
0.8076904085618068
0.0
0.328484825177581
9.119508520209237
14.382593630835968
16.739696592838747
17.259689229225554
17.40172553150373
17.031188697838896
16.89635848563385
16.6088648214075
16.224186488949236
6.357320982862356
6.398311340529322
6.466549297469798
5.421026033472798
2.7787099034722154
0.0
0.0
0.0
0.0
0.0
0.0
0.0
0.0
0.0
0.91190390937291
3.0979445709336693
3.4701503526496666
4.256105879542434
4.467384787814772
4.297172199053114
4.53139908611567
3.648188165687084
3.74595989145947
4.066018463850253
4.511010011868499
4.496826010253606
5.025071482767833
5.966954739308126
6.608903392060067
6.803114984569634
7.30521371407542
7.609499190637913
7.44753020120758
7.6954527489009354
8.649942410925432
9.408649434011656
10.271709495643876
10.872800756971293
11.297466759734855
12.062599874513857
12.604599290647885
13.322872543380646
14.052303963062178
14.956563034588257
16.49254190943878
17.630176084212753
19.426132526772648
22.15215107763941
25.27272911537069
28.38177476177246
31.550516978878747
34.068137452732515
37.00819192769421
39.34355115102691
41.239821574485454
43.1366826160577
44.43532628336672
45.30614639196205
45.62002077598074
45.117504087421906
43.821849367757984
42.20355478736912
40.03347214270974
38.487636198903886
35.74358448493188
32.09906549559729
27.80849300047521
17.505404589530755
2.070010267512978
0.0
0.0
8.942374146381079
15.335627363358167
17.685795757917006
18.072398659774688
18.219888657730497
17.81579040052581
17.43060095305153
17.160199784953864
16.807956756780328
6.426391651099717
6.487698749465118
6.330311301102239
5.617509866861924
2.8333617412097603
0.0
0.0
0.0
0.0
0.1252781723274776
0.0
0.0
0.0
0.0
1.00222537861982
3.099079856117698
3.843961297348928
4.582084404027463
4.67142597872589
4.782696830882562
4.983568396525871
4.875666468851917
4.566618632519322
5.086201989758838
5.32769102281403
5.842837741204706
6.230082114226786
6.741558023709641
6.947252600961193
7.558861565915424
7.847718753546254
8.18967903714388
8.584951726533927
9.028774299736611
9.46985853869683
10.155864522960842
10.461454483331213
11.031515662742455
11.770313240418785
12.278046524528872
12.926936994737325
13.778299994313036
14.415267825423603
15.886732488641435
17.284367445410563
18.75286767264375
21.548928265108135
24.818471805098262
28.013917559663096
31.81043274736821
35.326075904190695
38.19230287972787
41.156626081084056
43.88275147036219
46.5124087331198
48.95118281115921
50.22644321131271
50.50479184455918
50.132642719285464
49.14407304415038
47.802292739091435
45.802792943711154
44.27164554247452
41.87846325534692
39.18067622981515
35.95837735133088
32.00278237917102
23.257046969675958
0.0
0.0
0.0
8.8743585520409
16.220884973103423
18.98686006884065
19.400431074631726
19.23401850632868
18.875170908586263
18.145063807407674
17.441839358421262
17.094846886382985
6.206507516804459
6.206507516804459
6.309637684133711
5.938567245221271
3.248232956844025
0.44211076314486947
0.0
0.0
0.0
0.1252781723274776
0.0
0.0
0.0
0.0
1.6773808289684706
3.4430738324727006
3.622491528410416
4.844170939739055
4.991204805236487
5.387291132541759
5.885399887445956
5.9222038990611825
5.7823492720772665
6.175932516216544
6.627046322176373
6.661250031978004
6.861497322878478
7.347574012122604
7.592576891542408
8.029962495132283
8.24663569682939
8.727773808719647
9.060406732497052
9.469872117112542
9.995651478765563
10.532464554832922
11.005341906094726
11.407521300763499
12.091279882014264
12.6623471103558
13.30845566599664
14.209455452001603
15.317295211008233
16.57644945053913
18.054436814221162
20.432937954823586
23.972412560526518
27.610459122000968
31.401339355665485
35.468726345506056
38.74007890512083
42.22907931895537
45.76873215253889
49.45870636433132
52.13005467383534
53.84554317827537
54.945173486138955
55.106209651509346
54.37735515448353
52.08049588883958
50.829349535105294
48.71770572732404
46.798055785869245
44.424241566605644
42.36689026799482
39.09252121116711
35.161701644451874
28.666025384118935
2.472760629614781
1.2843213456616371
0.0
8.36470856087755
17.38633472784525
20.40059600917044
21.123080021543903
20.848563830906368
19.810463030490965
18.96788065972521
18.099841653795725
17.50320762824757
6.663254379897348
6.519490731171224
6.492005214384317
6.223029065556938
4.918989340919521
2.8312860416235552
1.401770261327484
0.7176088913380989
0.0
0.0
0.0
0.0
0.0
0.0
2.2234765070861586
3.89077422228113
4.225643974926839
4.780883745010476
5.317888790215888
5.48331231107
5.8661604448939055
5.989715566796631
6.365098249509922
6.5807725775835815
6.749516308197433
6.945137982258223
6.978270096401707
7.685499332384515
8.043033358343285
8.288111866494416
8.728424681801918
9.032659709275157
9.490823177757079
10.143467563661543
10.324992085286492
10.77166343047007
11.14826304533992
11.492635414997698
12.442309246053748
12.939360863930865
13.565027179061865
14.481563190545948
16.010126088108766
17.424833502653204
19.16255876498993
22.415606848460342
26.29791463474934
30.517908281866966
34.844057826093284
38.66984395043838
42.487208799288425
46.594546029787445
50.973342450405866
54.72974084862259
57.5599051769184
58.99678461997221
59.09356659416739
58.284507928536556
56.98679705455099
53.90944184200456
51.55088791891514
50.00818548457954
48.17740339013709
46.19066123329789
44.40243521569517
41.38632340802867
37.69505111685588
33.33428647729909
2.7796575430959884
0.09395862924560819
0.0
7.823511628660859
18.114993103116344
22.32202458293754
22.971777118464367
22.248157446975732
20.718851339339253
19.70917721909659
18.659689609432707
17.9234274483343
6.681015181790516
6.5532618088436285
6.8792581247716456
6.63790151744751
5.950744170816263
4.64145832508189
4.153499656431717
3.8408881454892354
2.5726927552659187
2.2270468236346925
1.3529113877907786
0.0
0.0
0.3248476651788831
2.1553880191727885
4.344700076599372
4.794352794011315
5.562844493591236
5.830360046793238
6.169896148577753
6.3499360304313335
6.157396712995441
6.464018610617574
6.693492596757857
6.965902181294869
6.971348696722825
7.462960630224542
8.000848073971719
8.090593265453416
8.688527704095954
8.974028404292314
9.25769352272064
9.692841540080932
10.190553786052252
10.48604256918815
10.865309954371018
11.3307309609284
11.787847447557304
12.606476662523198
13.400873996170334
13.972394906032763
15.18300777903666
16.76113448987132
18.30718123907369
20.975017195683602
24.559937833779713
28.98966842997797
33.363135367886564
38.03526186173791
42.26532547421648
46.915816780145896
51.73300712555946
56.19770010436312
59.53885900613563
61.27992924602605
61.64444521771837
60.817200530982426
59.723369333634665
57.37969257152446
54.55183631519506
51.707476980860186
49.90897145471372
48.52887791410494
46.696560349525846
45.315189669045154
43.065591257756246
39.553698130898255
34.7151924773058
6.639514902278158
0.9268514076410044
0.0
7.046725842288084
19.444125746857214
24.403536716111137
24.967209983922622
24.052984046515313
22.06477204489649
20.558355134062587
19.21354480162332
18.41056644351344
6.742322280155916
6.737803149676366
6.752005838804595
6.566910860433429
6.2121515702267045
5.744916199717139
5.1553038533334234
4.6879308979792045
4.585248231749429
4.26548595108661
3.526160046899168
2.5233524863674592
2.468611275926781
2.9991515936889943
4.11998539738719
4.952111608360791
5.009562289413856
5.742174762089262
6.038112618065463
6.085532747327668
6.722262263528099
6.607374879167515
6.600418768639394
6.8860700245900235
7.042567812354107
7.465169754138906
7.7794953439757455
8.086552360825516
8.346474564664252
8.67251312384998
9.178319286072632
9.562174321954911
9.690218165728291
10.17769707480914
10.687790184882504
11.067750336295232
11.687363771200285
12.161733858265512
12.781355785361178
13.565216959378754
14.308322162049981
15.88208966164418
17.15505951194599
19.244185407227302
22.319916272948554
26.456488520789424
31.553170238602565
36.36503592703166
40.89260637479125
45.74420681175919
51.27216613306907
56.93703607438736
60.67782730135859
63.375965744009406
64.13311076708587
63.93437128401006
61.944742907962414
59.872209015721026
57.07707605189154
54.06737144846818
51.9200628289015
49.77465391995124
48.49583487041664
47.13312058540263
45.774480857829566
44.54520954928276
41.415283434869735
36.61958517160522
10.101152604365536
1.683550827686337
0.2505563446549552
6.620445538507999
21.58558719841531
26.642209066288814
27.31237871410811
25.58668530741315
23.693489303727088
21.638152184325616
20.082249087596672
18.97004769451847
6.859968809985926
6.638903691407181
6.898929567780503
6.513154666379638
6.5600989606150515
6.4312244549517965
6.228098347367525
5.513470447531608
5.659825372188684
5.357111948294779
4.5171880341311805
3.668038678288835
3.598384478198406
4.207128924715517
4.652253402442847
5.075063874047827
5.611298528834409
6.010151266251767
5.957353484371831
6.18966157783439
6.750662692866847
6.703361522361339
6.941370328668471
7.039235915629119
7.160800447994536
7.469597247719603
7.87548883336451
8.293712638689
8.591583289543172
9.005177068768747
9.300415900187039
9.795007627962644
9.990043576050576
10.468830899785292
10.64107559859217
11.369418364548942
11.75804423184244
12.154556795455399
13.050087615559917
13.793970162668973
14.702664352746478
16.242217164843392
17.81482997441849
20.362454601869082
24.005033173611874
28.620838343060665
33.493001814803755
39.003129377275776
43.755274416576036
49.8958462392578
55.93462680940442
60.72457117555833
64.2156747827806
66.7280111908201
66.71410172158757
65.60513159700851
62.5809528406731
60.27167942345688
57.81057748009562
54.2318845751341
51.66637967068285
50.06611442922836
48.42044156535797
47.44545743131587
46.45627915397956
45.22921934227195
43.50640625979264
41.405147922767085
12.995079928938594
6.17322863326804
6.243068484771178
10.904256590683364
26.374093806780085
29.183103516351782
28.684048528975435
27.076422204152735
25.132458148635514
22.83653108881689
20.889073668790623
19.36215632202156
6.534974668017581
6.51972864868462
6.837240341191965
6.728316352296023
6.680658305520422
6.615358415608351
6.43184450068833
6.287817961939893
5.843648711330746
5.535124145060668
4.899408558898054
3.5996819717954875
4.220924554698307
4.6514461275300745
5.133255470723602
5.481353139724752
5.863176223073987
5.8661604448939055
6.22589432862016
6.204481707158398
6.425389477140045
6.617112066457821
6.648866323814316
7.105920878647122
7.2483977164175855
7.200362333733255
7.933343377635624
8.186026755003667
8.625756917985548
8.727773808719641
9.140693066940953
9.772862905995932
10.191290520763365
10.442506192824519
11.014251942312441
11.497133980448059
12.013442442058611
12.538042786011072
13.284993677375873
13.820121732003434
15.056524904756929
16.615583056239288
18.286166998111426
21.05641248733389
25.481786820974115
30.602855819546853
36.29228251918687
41.49511754187071
47.14330746072805
53.47841715141848
59.66556455364039
64.0334535925326
67.8911968340212
69.92969472735692
68.69323225757182
66.94911851686263
63.065184057261554
60.499777869654814
58.106479852941405
55.19012304457093
52.278083119525576
50.534586837362816
49.09561798894323
47.802816355191986
47.35747039832858
46.16313282016111
45.071225099980666
44.19498466290295
42.36740047132707
41.183644066376104
35.81722287881235
35.195829045754685
32.80627110277136
31.94076886225208
30.446196781946476
28.65730884309602
26.432553352220747
23.551526447688047
21.64579476460089
19.74709252011786
6.666771336417226
6.6673913821537605
6.709791293956578
6.453996126643322
6.498528692783211
6.639047902116924
6.123456172660249
6.1228613788767605
5.962565185108973
5.704082153538018
5.078301137807269
4.250851327647749
4.740129959556807
5.1018164848849885
4.966266117071032
5.387894278822639
5.747630247668538
5.902303212193279
5.8690257079571255
6.206031681777669
6.458616264935052
6.696167494319823
6.575344979948013
6.935322685296371
7.424657537084962
7.466824964361631
7.867732930677359
8.150631974246863
8.44589050213737
8.949054934891068
9.42900336353454
9.823942733949487
10.19727141947151
10.645922357376035
10.96025427713486
11.540744511370189
11.998483165345064
12.628516853782562
13.439558408817918
14.328191114477757
15.675842613649108
16.910039287297902
18.995299763970504
22.421089909549615
27.01687630802896
32.24988269722642
38.158986404851596
43.74169902077108
50.20703520681123
57.31658445062359
62.851323645984586
67.40381106186807
71.0232715366047
72.14975863154932
70.51599675344956
67.41756982076268
63.99965648552967
61.10491620762091
58.96397422611546
56.49353791472352
53.37981087895992
51.24994671763677
49.94923370280017
48.68895620820936
47.94621048090599
47.07094388331548
46.35045909335628
46.137391144041445
45.21342473955628
43.82116418211361
38.07553154857654
38.365811366457564
35.919851556998374
33.96567243541609
31.81624524384454
29.530447107508234
27.143928886277024
24.48206302963275
22.053731257611915
20.343381394151848
6.658847762778673
6.534592539794444
6.6211176375609675
6.659586767271904
6.50686910549414
6.492574756214761
6.345005729549276
6.095159685747303
6.085601481622403
6.0449245178838416
5.187475617849188
4.336456849756925
4.719964274281023
5.284636210512493
5.421752411124912
5.37424310038368
5.93346180361554
6.086509669334295
6.1749888905582
6.371063741255809
6.555028239249577
6.5248907011283785
6.739027336857418
7.128761089878836
7.100311234717037
7.265352365774906
7.95489549060077
8.118326790577981
8.416890502687782
8.870691782310226
9.478762470655068
9.936021909415926
10.263876751516388
10.531029765461634
11.022492557080536
11.483646837213712
12.000797362466926
12.83197635491364
13.331593561157254
14.102405774794187
15.847615857245707
17.38268378311421
19.453819976119174
23.317613239639055
28.391129504085384
33.88040681770154
40.05574525940146
46.466967550086856
53.51733083222598
59.880623498274176
65.19244200016765
70.00273315299768
73.40600406685556
73.8521752056104
71.61280577254057
67.90521377789294
64.22242988176966
61.62806373431269
59.605634216810095
57.14783122716381
53.926158633639645
52.18864638507009
50.34833596961898
49.12311281826688
48.690572371131005
47.699832788378224
47.62808252016344
47.777444364100795
47.57911296502064
46.25556813338222
39.59916725214237
40.10708606314104
37.89955909912193
35.4526026486265
33.028413514841176
30.4387662502179
27.49692638998324
24.951593041674116
22.706252405997645
20.134604976207214
6.528162768199203
6.549362724100613
6.875907310254269
6.666661836556722
6.602711537978222
6.390590973554925
6.357202024105659
6.03323605242757
6.0673280375719605
5.556869192846844
4.785458050776359
4.083743609289082
5.062366903590341
5.431241882684268
5.25614136806631
5.206131005342097
5.526853548095966
5.526522184331536
5.900385078196096
6.0287488491122705
6.240329098382954
6.641553337016102
6.5872276011318665
6.562222267291093
7.086468435359271
7.3909980291778545
7.8525920177276065
7.995893986858149
8.510715331403825
9.08781222362089
9.362668999759398
9.982607321348562
10.109147565321488
10.635196392534732
11.129569486658795
11.664408586792701
12.016424929334141
12.79927287770248
13.593254730360833
14.38461437299354
15.830988329973952
17.602855882717527
20.058030569599023
24.453442159873635
29.525507046333292
35.61919773663687
41.66017653518013
48.17576885901605
55.81920014189531
62.016344787500906
67.51978788210208
72.21646760778927
74.39470784900986
74.81695518649825
71.96901911916093
69.16145370879687
65.43823550757973
62.230295109057096
60.02488536931874
57.77020427576855
55.30082077147225
53.282683186725194
51.13139285302569
49.811180430798125
49.480654375785825
48.59836286150288
48.49382534805274
48.978084941929076
49.03488473246528
47.62112249042063
40.68254215794148
41.32483014702955
38.62865566378916
36.28739065877341
33.79979124165349
30.626252906092503
28.15010303848167
25.610514226036095
22.58804188312484
20.475708107870474
6.644525280318464
6.580747325630536
6.486289195329264
6.594133207753897
6.515184266252025
6.323142525013767
6.410075282400603
5.965484675395541
5.834760777404343
5.25770720086477
4.806906273553671
3.6358219128413882
4.520969635588698
4.901398231820736
4.732550516712005
4.785258696038724
4.779492584156312
4.836751288863289
4.961773046426994
4.693860693209655
5.874850769431779
5.891790179460892
6.1119191520131775
6.38925745472233
6.757408184487119
7.300813054693881
7.51801799470974
8.090047117053665
8.39540357648049
8.886254709554452
9.367134525686332
9.901457378294316
10.154819664017042
10.526353090985
11.033291035884957
11.545857067607251
12.007190294414263
12.665423014219842
13.398926782082285
14.433495871640497
16.156750694939905
17.69698667236738
20.410279421446447
24.942631855590584
30.408221060772657
36.68125903235976
42.80214621550817
49.99500464915777
57.33358591481811
62.962716324480915
68.65394146934115
73.01354494332793
75.33199068492412
75.4428853924069
72.23999631202057
69.27089001712153
65.52338789970362
62.55348925922489
60.315706385419695
58.74890994829247
56.25091778790252
53.63813618504995
51.9207014820253
50.327986490337494
50.15303247852652
49.109015430737976
49.02666588337651
49.51274561525481
49.90930520140368
48.22226976231197
41.34166307581235
41.88822701087017
38.791802923031945
36.39117380504264
33.352667317276975
30.734106516703587
27.493886762245843
25.173161694144213
22.710854207352142
20.372780089254768
6.64535238079481
6.398668216799415
6.4806236801803
6.418602829274713
6.281914249833408
6.355460845652757
6.315973748925298
5.847069361381318
5.52866106974264
5.244286877945281
4.163292161170587
2.2845352406145127
0.559373861110856
1.8379222484940339
2.9627788704721882
2.4130467740335577
2.439174379387281
3.4397298797369453
4.000537718128418
2.4536927609742616
1.6851864662245477
3.0764875539370458
3.8893128224617914
3.65342780364881
6.3286247494344146
6.76051883891385
7.200720454842845
7.909555123655062
8.410574846413224
8.808744189204527
9.266317177419213
9.903779039779474
10.265450458027997
10.395709966466113
10.886885297217686
11.574261346335051
12.216397779881406
12.672277024460977
13.618916903804372
14.590025279254952
16.333863373441254
17.86962566617331
20.409971669702202
25.183333995387414
30.41200547041289
36.60916203854994
43.38417419921889
50.300123987924835
58.073887098337714
63.62294068991028
68.77884442646416
72.84417183154635
75.15508788409758
75.15661751530624
73.2655813223134
69.82507413252709
66.04907628158675
62.94240809403191
60.47048087103498
59.28927709720343
56.981403481854755
53.75127842895378
51.78608704534946
51.07411020548482
50.24030056469805
49.45479006797344
49.2877763485124
50.044421089119375
49.99606766906993
48.74660099300681
41.39514828387859
41.491027551646674
38.65824273483335
36.14093443648251
33.033670566490805
30.32395036707953
27.405788238326647
24.754444986030844
22.306728223313623
20.31919251985071
6.49322005390434
6.672208392948989
6.322785648743675
6.376610297648076
6.20650751680446
5.917541717982655
5.789119973316324
5.368888907935811
4.94677908257041
4.631105779364252
3.2750935899301448
0.48506190631481544
1.758843298129232
0.7786106626839413
0.0
0.0
0.156597715409347
2.781274774752304
3.585924751778307
3.677862901571001
3.437078652895181
0.5943099299193105
0.0
0.7808259372299093
3.8383853412109605
5.733734033859595
6.679521379747202
7.36660887577847
8.050331969656893
8.496712135759385
9.086329940827081
9.73931402530776
10.04497718711983
10.617040138903077
10.883707268860283
11.508012908124758
11.957609545066571
12.66360254657861
13.613820221380417
14.537393919191942
16.093222449274762
17.557854811290245
20.10045328612653
24.381166076810178
29.37799018969518
35.320776367971725
41.94382031699975
48.47738571963872
56.121885559738516
62.136137958079075
67.60211220258007
71.84815655374221
74.78616647097871
74.84918911583998
72.89643641368573
69.91942165774704
66.35363894229631
63.281768111121444
56.132611962596094
58.52817934887232
56.64252296251766
52.691891255532255
52.3421411210702
49.778033715740094
50.367683164689986
49.68448946173533
49.42441169000788
49.99535870381662
49.637561405746816
48.52380341951377
41.19788045874258
40.94737225778939
37.774029575409706
34.86491851956187
31.93365490454799
29.623607625148296
26.607440866603554
24.357290964649025
21.648250094517035
19.80989150654387
6.574198595278599
6.206864393074553
6.617481722284392
6.37106374125581
6.426153733586322
6.070334000562724
5.299660938434788
5.046019671632199
4.762329922231314
4.054253109760589
1.4448355859944064
1.5928955631362847
2.1036054214922912
0.0
0.0
0.0
0.0
0.2818758877368246
2.2144730670952226
3.575965128058109
2.9849628229641585
0.156597715409347
0.0
0.0
0.578238512652103
1.648493420641074
5.8537155334930135
7.192342087373681
8.01891673971685
8.431580238739741
8.87696500984468
9.36545270039032
9.957521175777106
10.287633882338064
10.8709688465873
11.221286124234503
11.85860505753207
12.546134937590532
13.264832465473978
14.096427332006336
15.967824463300428
17.292534937519378
19.518473632861678
23.215777194891693
27.931261401231126
33.28520782894683
39.445094941097864
46.371414017069625
53.522351764928935
60.24067332182057
65.45789081765663
69.61302356893367
72.45817569861873
73.3580850436255
72.17647092914135
69.6368702982146
66.22092274627676
60.69606127456315
27.424324440783302
20.134199318641073
18.75872889380242
13.182221371710332
23.45858984819948
39.06974346816019
50.23126641598533
50.04394177517709
49.8882593433542
49.30265572021998
48.94102937495341
47.81787004215561
39.80627996237744
39.625378300864966
36.123145794848575
33.168851240464164
30.671843072162204
28.489216274785775
25.758989668547002
23.284414920877428
20.889354906192672
18.984438725340215
6.343935100738995
6.4850743558092425
6.282509043616898
6.213319416622839
6.142206992113139
5.706956369699712
5.23160074081654
5.069674485230539
4.559660385713461
3.639831393009061
1.4373711544058285
2.088423373015698
2.7074045822076043
1.3406052636083117
0.0
0.0
0.0
1.7655466469448737
1.4720185248478603
2.7730855395698715
0.4814453805882301
0.0
0.0
0.0
0.0
3.1973848815863772
6.255118648134599
7.07272178913348
7.937998802418152
8.415588756523233
9.126532683165838
9.572473825848876
9.760201230379796
10.280904502202645
10.50982604743691
10.974588742210146
11.711744525793293
12.203383455411277
13.138356789568299
13.912488371911532
15.511723723719324
17.10048204820316
18.589921902470838
21.625091937994508
26.058196734240216
31.05625373244317
37.18327481405425
43.05425997188108
49.66774781106206
57.53249327269814
62.45661480089498
67.1053337204369
70.64436205307838
71.62202925762318
71.54453720451387
70.10703160858648
54.21743943365325
27.999340479276352
9.404491865785063
7.197863322076294
9.79152487856351
31.45209168131943
51.83115391931925
50.26986171870175
49.62697327239147
49.07239968171883
39.8906104150592
48.375516433700966
46.78867076356447
40.938778137403425
31.216549484753077
36.438519445863
33.58325402890927
31.008243597456065
28.83271574922295
26.71575032626657
24.438354492329903
21.869235864241716
19.94806302455857
18.44630362783065
6.2409238921664425
6.3569388546392185
6.234230951104761
6.204982794138234
6.099776592700957
5.974707744421193
5.532737498583239
5.10340398434094
4.699774225964561
4.6348890272582155
4.137021081063862
3.813811625312268
4.316676024491815
4.097123487956851
1.0141755794336262
0.0
0.0
0.0
0.0313195430818694
0.2505563446549552
0.34815213389926125
0.3758345169824328
0.0
0.0
1.047595706584347
5.284646184699863
6.384211705865774
7.045782583902581
7.877402368807117
8.335701837248811
8.924256026899414
9.060568033294992
9.574784428971494
9.82880788505511
10.571678701915951
11.000318840026928
11.307485310464145
12.011831713126721
12.770578727744011
13.608386303983519
14.83100299448911
16.351918618935493
17.97283465250652
20.393491880712162
24.669975557237336
29.042876374506246
34.634956327417804
40.17893455705393
46.52687923184094
53.55615155736069
59.760917589318304
63.90637583744125
67.794184944216
69.71914161239356
69.60957008578082
68.54659531261291
45.54723275452406
9.086877787237789
7.807761609563905
8.379994688104201
14.14135298009686
26.956695497169054
51.19945866228407
49.84524284027185
48.17408121426202
34.19598942961332
14.664901805037097
13.59304832236087
11.813603739852296
13.773478761188985
11.31267860749044
28.657850733991765
30.41609634201955
28.730894373829155
26.7408845297742
24.616971205463596
22.521095002388325
20.15991892183949
19.045678940882482
17.855869230435914
6.2473789157147275
6.27355237539576
6.005869494397358
6.065814311194921
6.053909669396098
5.725067372651767
5.389393414469846
5.159103336376765
5.000621507426475
4.649708328224764
4.101066034692791
3.5525508037400906
4.4320092936197195
4.259043630964095
3.274681290601949
0.46541523186524764
0.0
0.0
0.0
0.0
0.1879172584912164
0.3758345169824328
1.4107943355905337
1.3196885638944267
2.8946561050840534
5.207452102264344
6.38304952813951
6.946043128753959
7.631738732597351
8.12017054807755
8.617178192800486
9.132401462930627
9.42283794499819
9.998626558039668
10.26861896365477
10.555289177074739
11.082138263390158
11.647381725942438
12.497605739143905
13.115802695191503
14.107889388574016
15.695447628613076
17.374921125731483
19.243948773411347
22.76228106316283
27.356311335676953
31.7458091266443
37.33758365721971
43.016937541468245
49.51942860627024
55.93407720651415
60.8471491098398
64.4964625231676
67.09382650621798
67.13927135674383
66.34571912176663
64.26015210417631
22.349043754606864
6.273653481852437
9.79113929592738
11.545600601868795
40.367608705737965
50.82845692606396
48.47307929196747
26.334473126332252
16.402649274177133
10.81813561454026
8.942171926281647
8.270236203248826
14.743683002665918
10.370278276036508
11.576511307368609
27.93775835149718
26.177948322851933
24.87429069417025
23.005967245672828
21.196595935614766
19.20849562790533
17.997567039851262
17.144184769147667
6.295775966983559
6.184882229782349
6.171615306415685
6.266264640550592
6.065144040996425
5.986493427463318
5.642623546724337
5.411905148033004
4.9313827045967065
4.766656147178214
4.26106740384099
3.929617742984206
4.295942999122413
4.264242402752891
2.460417100110522
0.0
0.0
0.0
0.0
0.0
0.0
0.4537629975050586
2.235025570085787
3.0398278390375104
4.043433641165071
5.163982505401642
6.167128103100387
7.029530118527768
7.706457903361925
8.087004120262558
8.454936013958394
8.843876737487413
9.19746921944617
9.698387196497709
10.070810079663827
10.267870482227506
10.818698687792208
11.517226308123492
12.009921190732236
12.834295298210222
13.683351838858684
14.898196055068667
16.664071608534986
18.079713447799985
21.0041127218594
24.831877460012905
29.193488308274958
34.36937017737473
39.71509532955705
45.09255102660852
50.98215870011964
56.89274584814266
60.94596592549407
63.31381545000752
63.944829414533906
63.908632565144934
62.739794211167606
50.88864702306647
11.634730960426031
14.972929300130476
46.38715270100113
52.28593814927686
40.06233102481493
44.770082639052866
42.22039182547745
13.303891777695965
8.839391960409147
8.39041182339525
7.911895790856673
9.822713351210894
10.084476529691687
9.122209143215022
25.590564340147385
24.06103885327565
22.646211517596015
20.971892709243384
18.928503967434718
17.604732642090283
17.2878319520055
16.796317886757574
6.343935100738996
6.198862905689198
6.212746364010194
6.218985211215927
6.36437080019413
5.96902428420281
5.72736057287816
5.3703711380361625
5.017594551527382
4.687930897979204
3.826605318559393
3.3135896555740123
4.140702481905619
3.858952573876593
1.539330830735059
0.0
0.0
0.0
0.0
0.0
0.0
0.0
1.576147879725467
2.5636961037123767
3.741370797942044
4.956482525940264
6.122464743582236
6.711961783878425
7.308151643027217
7.81795871104722
8.204846881448866
8.841235058196208
8.96014792411768
9.405237361819848
9.806112028719092
10.281302236348594
10.507030312222568
10.887280113992936
11.510362260876805
12.365441105407436
13.205836254852837
14.059190983958716
15.584267306791824
17.150398554077928
19.327746240502776
22.34050151616329
26.441409286843772
30.961397141089993
36.21262262604697
41.168205556333255
46.25328733589894
51.345619646465444
56.85567645535009
59.592556284084715
60.864842192110494
61.2410822826874
60.993895206986295
60.14552751856487
57.430396165428306
55.831896267698134
53.39173977687667
36.27575604713371
12.724850045405423
12.641359105670231
13.696327212852259
12.43560044217378
8.074023409397777
9.059554709066989
29.997844470762956
28.723990869118367
18.7514538139111
14.533225339962552
18.017317288719152
21.957912156174288
20.714352282677005
19.100961201621384
17.636659984931303
16.937960564956615
16.48555823781859
16.046621379927576
6.0821089387231915
6.397572336036091
6.323499401283862
6.27274140526972
6.064452029627083
6.066108247714849
5.77754459928801
5.491389274870365
4.7512285972296
4.69842397399885
3.6385817321461644
3.3034946314157825
4.008674241338873
4.014549744182194
1.0422318590646207
0.0
0.0
0.0
0.0
0.0
0.0
0.0
0.4384736031461716
1.0400165845186526
2.9386581029227585
4.859162536019378
6.280173350824631
6.697817979469446
7.3883448824098785
7.729155689881082
8.08666031493347
8.531170804176128
8.830047190801194
9.092831199487822
9.48751355237168
10.01298435268093
10.226833727715226
10.616950192968519
11.427174479100598
11.933505373250703
12.726248955478294
13.581059582558696
14.498370421154819
16.3240650437272
17.74116237974483
20.256667573573065
24.002514761542436
27.82112176070834
32.37731300539137
37.367426273201275
41.77498786196159
46.25495850636486
50.55424862689338
54.16915392025101
56.314312308667866
58.02667989032191
57.99603450648763
57.33185733546206
54.58254552680594
52.27786255782283
25.47066925721813
9.45956763320836
16.314390003301103
17.01622863625593
16.485651834851577
16.035466638630577
13.082322468818644
25.36967649295619
35.00191637759792
31.145524441925573
26.944474899206195
25.338041724615977
22.154341493411234
20.34922359268439
18.886021560523822
17.590354338792828
16.71769330063035
16.143604247421873
15.851480882397091
15.164344527793151
5.873610128858278
6.026089017509942
6.196833585260937
6.01352485039428
6.192249516588078
5.654277546576473
5.76688735584588
5.3223368303661625
4.929963059096556
4.244794357420078
3.8571294733668497
3.724102777343412
4.28093737419173
3.903703315966287
0.9249893953707469
0.0
0.0
0.0
0.0
0.0
0.0
0.0
0.1879172584912164
1.0131368586159142
3.0448359161202108
4.1360753839758
5.378401782073177
6.407850688468257
7.072859657856244
7.332179753505475
7.628138095342069
8.171127081701187
8.549381698312324
8.70552458626736
9.053984851748337
9.593355250580446
9.874965212963033
10.196567413639551
10.733344762150278
11.32554500225937
11.902975985963627
12.611980308697522
13.537493767335647
14.783571741528723
16.462964652077865
18.122281923448067
21.13136917318976
24.90377803870433
28.87048762024374
33.448222800140265
37.4909617265559
41.036523867987654
44.90979198605497
48.404153269506324
50.61539969881915
51.81192849855217
52.45398232434534
51.92157284100632
49.82571782459281
30.785572271789956
11.349213185506802
19.808735393870364
17.44785652620002
15.51167509914627
16.12396157089279
14.372642012016081
13.108440912248325
18.59323732215069
31.851245291975996
27.58868642580264
24.542360047159477
23.230831148168008
20.391214342040236
18.88227777270739
17.601015989850527
16.613494684975276
15.628430337983163
15.15791091492829
14.79730105290747
14.435575979895027
6.054147586909492
6.4462325567713625
6.220668120811627
6.106923627618585
5.9311655176194105
6.099140600338149
6.064787164726332
5.501473465699852
5.016996807067138
4.4065346460427595
3.8595751712616737
3.760398753099455
4.210221281558016
4.643224576399382
1.9060605069267282
0.0
0.0
0.0
0.0
0.0
0.0
0.0
0.0
1.5841629540869582
1.2199187686483772
3.170094762933459
5.032154929291939
6.480292055863251
6.8590950536791455
6.98300213594936
7.375905435943082
7.721560775610764
7.59911008608757
7.711544401255291
8.254663227255113
8.867209168270781
9.22343604412875
9.695118641917418
10.356320134665214
10.757001593580645
11.182697573613167
11.594229651955777
12.626376617553687
13.267329410092355
14.335861853437521
13.974661841752182
17.806034173709666
21.747701067929487
25.46770616041776
29.186492717569
32.75872641190008
36.93888484136345
39.800490198451115
42.45531788874787
44.56231193767902
45.885570550096695
46.4238312821553
44.16653795193038
17.318462335874436
8.571048283604743
21.14782608646526
16.713924274168342
15.41625944399159
14.355338709515076
14.487848179642048
12.04609553314215
12.092846368412175
13.624438605722371
28.92482585856627
23.883760832191022
22.457704232759166
20.839294181508286
18.654298465838203
17.402872652044298
16.589911912274125
15.734803010890008
14.607197374740894
14.19806051151072
13.992794097000766
13.992368790607921
6.191477953258176
6.274269638718145
6.123337213903552
6.267576697656465
6.211578517614062
5.7829254104596455
5.667210324619704
5.501473465699851
4.613302350362422
4.726884299527358
4.120276832535365
3.68907257664115
4.296415847666445
4.225263481611783
3.4474578448495974
0.49673477494711704
0.0
0.0
0.0
0.0
0.0
0.0
0.0
0.0
0.0
1.20852323219758
4.418331117131769
6.2193546241508635
6.660842651801822
6.931514182621469
7.019837100982894
7.064056764673374
6.71774957844437
5.54752291030773
4.8952373251092896
7.861048125033435
8.316843823186222
8.915550777642373
9.57954405678914
10.1496342406893
10.562681628786892
10.813497308137963
11.170970307531059
11.54925546195797
11.46209175906002
4.461075948610513
11.78399465705595
18.097940187382182
22.01711052985719
25.259088891105463
28.770930426572313
31.658833273964028
35.00035449897841
37.5743061436837
39.064820728015256
40.048892752535124
40.24931582880179
40.169477514027555
22.395063881081786
6.755537163633449
14.327772445825994
14.391708701988675
14.121436011317723
12.67943034104437
12.404821116187739
10.888187377109066
10.888410250206544
12.478276361608339
25.54869630130321
20.7884092815814
20.033001197201123
18.493957982369135
17.138071619978405
16.267946892612734
15.360841448254625
14.271733192439202
13.692545673127274
13.601896830114287
13.67053557190112
13.627639201250924
6.20543688799418
6.06777138654625
6.3075399088548405
6.172244378034862
5.824144732541534
5.869652987793116
5.83791509943457
5.2216698750265245
4.898461488657741
5.1111773232524715
4.182619154468386
3.713028502711293
3.8766267957893206
4.152217886538469
3.538063330515091
0.2541935046536531
0.0
0.0
0.0
0.0
0.0
0.0
0.0
0.0
0.0
0.6263908616373878
1.1645500285540273
5.004264041681984
6.612539307336643
6.980985843048821
6.844105869651969
6.635542354697568
3.9605041747747727
0.9131791495003393
0.8593750768681694
4.91573782069944
7.52744151297666
8.162285744766175
8.632754390195844
9.169666838762158
9.518540909579071
9.971700919284235
10.166373833117893
9.169067584685541
2.8062398425040063
0.9315712180945902
2.112709089337896
8.315907154835845
17.614892853895398
22.159767756167103
25.014737271060007
27.35272724642265
29.851444912028754
32.392864385242405
33.79945960399763
34.57959385581328
23.261678535571413
28.955678379574422
14.547478115886115
6.240718417900348
11.525617874576938
11.642802106394152
11.530137945752518
11.177670610989601
10.4542910029696
9.201294450553293
9.071231891890205
14.102340366125201
21.827158572282393
18.10009964254865
18.023607559634236
16.90608053817804
15.656497581866395
14.677349212667217
13.967554740994892
13.453040153715477
13.113671193487274
13.032885686049964
12.994041274426742
13.172210607156885
6.053909669396098
6.192288923384215
6.024012983401917
6.149795584221869
5.946292298751548
5.9683824245112636
5.928419213312888
5.346271905017057
4.973336442166721
4.871351415094949
4.3435488505643685
3.716571021836045
3.9184080679140556
3.308080198811614
1.4089615352562896
0.0
0.0
0.0
0.0
0.0
0.0
0.5352667352100445
0.1252781723274776
0.0
0.0
0.0
1.9345622059804066
4.6194936680441
6.5140631335356565
6.207972989982758
4.437308830570796
3.35648399231255
0.1252781723274776
0.0
0.156597715409347
0.9147796807354001
3.545959731760327
7.364512552049645
7.823713590571329
8.23332340443495
8.616081092043599
9.096918187294966
9.022940570468851
2.407145097986363
0.6890299478011265
1.6788623376966614
0.7829885770467345
2.0886284947666587
10.62628344698704
19.28997333592883
21.180318590313284
23.37466914685464
25.60021852715837
27.430106785715786
28.220744349569884
23.71139415261677
11.939066372680344
9.147414371184354
8.190401821541665
5.708169686207087
9.719047808249892
10.05456800011147
9.463365437685681
9.142762990222343
8.309863449667453
7.984016110590497
7.229339327317754
17.21393123409139
19.21333982359817
15.959910102976487
16.39961394904511
15.346293714776124
13.96861328409134
13.493460753448531
13.054862384519014
12.74092006049835
12.390080786436942
12.32213504467598
12.492568938890207
12.635484009533469
5.957623887937727
6.151417524473947
6.191358994501478
6.158348383049024
6.233279281051179
6.170015107334452
6.107994256428865
5.60401772560715
5.305213486415892
4.87827144034128
4.374507443950245
2.043835348319193
0.8878174177442112
1.2185587860119855
0.9621500068123645
0.09395862924560819
0.0
0.0
1.324589142163198
1.648450721253512
2.9665170792993827
3.737141726626209
1.9940803460659937
0.0
0.0
0.931707820755521
4.822466914329373
6.313706510983639
5.659089076470283
4.746309841403057
3.474469445068771
0.4609754146861167
0.0
0.0
0.09395862924560819
0.6263908616373878
3.7575802258313944
6.987361986002435
7.200619939962161
6.991155466543605
6.410599032274402
7.665535386298374
7.91374041426564
3.935202556294336
1.330689569525288
2.0969278777570572
2.1347190836558894
1.0618617625579259
4.29422712648751
12.068252729317507
18.478451619781616
19.861924559171953
21.442282798154636
22.90899204592874
17.167847264229106
10.134478106385288
8.826742735978872
6.25404579513572
5.541624442733828
5.159361930771836
7.379089238714965
7.834625783544604
7.515751956849293
7.338697862952808
6.933521544041183
6.667777272887437
7.849898648582425
18.078909334284493
16.947161944229432
13.97017797737254
14.714467076336541
13.663335005296593
13.23650165843189
12.759309256801966
12.313010993083173
12.177585589393573
11.770317188130079
11.875128708614596
12.025679003509788
12.159583415259494
6.11616843781508
6.095970655873344
6.165279241624099
6.116406355328476
6.1613216085797555
6.115595385202437
6.067133602400255
5.666274528408229
5.24919967616249
4.96091973276179
4.784688668616192
3.6883385822029338
0.7495063941480401
1.574418759731926
2.457802967291252
1.701405417780832
0.8048724382260846
3.3512448258920386
4.003707860460528
4.2460108553842035
4.707703239383295
4.9692769576147136
3.7027980781150323
1.0723954826903463
1.4558520112014401
4.918239833314317
6.300057738837965
6.264235599566455
5.3177571318339085
5.285835316774955
0.9357602987779027
2.017083076941983
0.8404264573951346
0.0
0.0
1.4685992946767887
5.355087431389145
6.197738541634754
6.193956767020278
5.6475054954933555
1.7028568712180796
6.550058069090992
7.422655259070417
7.227141731230617
4.296646766725347
2.4670426995399044
2.4387495535391834
6.3870314536261485
12.710165853611464
8.196065151041973
14.872643877785166
17.67072895559647
18.34137201123922
19.137541226443783
15.900363249585181
4.89668250098206
4.669852328734529
5.094732301270442
5.478867296109839
4.69465663080291
5.150635040039822
6.2930265744939895
6.094341515433505
5.71694025717361
5.79303412401898
4.5998829040560345
2.4561454475237974
12.386597602332456
14.583989084869106
12.437234967566015
13.096909636345474
12.653340304772172
12.234533098990847
11.7691740042567
11.62605197006846
11.336619374665586
11.26449385809609
11.49863218272189
11.572772422085691
11.651298148019288
6.05092544757618
5.996646425371707
6.177183883422924
6.030154613021797
6.260883756594785
5.892164721356276
5.997100519227654
5.8551639908069735
5.263634445925284
5.461571985652721
4.666936262078889
4.204043259295333
2.74268751866728
0.426039345877662
1.2512795802744718
1.8158866476576965
4.177378445494121
4.792415968775296
4.68530425077808
5.21991821720236
5.143350494881835
5.146430728959954
3.2392449473961578
0.6410878336457545
5.471828964099477
6.18535806480914
6.274864432501635
6.213283168380608
6.252923245162407
3.892114923594556
4.339954950338917
6.375226554353518
4.8262409111457565
1.4129726690456446
1.5927824178891064
5.251064502493898
4.894594528805167
4.080843897924554
3.0510635781180895
1.6233576088880644
0.6380430959975769
4.071923144230537
6.23829937306637
7.485757738717022
8.129130446414585
7.287229955655327
8.337645264951618
11.150782642631338
11.57013695143904
13.569597879875959
10.534457301014708
16.064033716085678
16.73108927710768
16.99608973254772
16.696939244569748
6.27974175367661
3.4901453563451454
4.4584044145684585
7.607236521744675
13.629934662712767
8.339964587553645
5.342170294158328
5.635030001043957
5.717487744735099
3.1519136379767643
2.2606967418032387
2.3697399838961295
6.7671736508161136
7.8061238891584175
8.648109088244142
11.506739898379617
11.667736168532594
11.522818420612055
11.302650501093062
11.21634295242139
10.957119900104347
11.029867395251959
11.110845093911578
11.130702995002666
11.417362710145108
5.691797102515072
6.064668205969633
6.007956273387043
5.959007910676411
6.150941689447158
5.957742846694425
6.184785012196496
5.99387837989434
5.27764948811491
5.198574255521978
4.784279445564837
4.616076281277059
3.924554371633441
3.8232037889066373
1.4499085830349003
3.5515976195634664
4.694134050890841
4.905381513904074
5.359586958580949
5.194710101313096
5.044200637205043
4.2399987876551295
2.0143144768665553
5.38493085554261
6.175205066900751
6.240303846429908
6.18583389983593
6.6906494828251
6.859859310125422
5.95737436086649
6.929932041087289
6.765748597198049
6.6376795042261305
6.300807281552897
5.142589762117182
3.8589884882244596
0.9745429955366486
0.0
0.0
0.0
0.9709058355379506
2.2545643139841167
2.6714190705035827
3.6434188067064004
7.301780995159176
9.141333148441104
10.46859066506111
11.181633794718461
12.469338415099049
13.259395763785978
13.789182227520953
14.314672987109677
14.973168902649418
15.354889510253805
14.956361797496006
8.22151697571786
6.830348237171299
3.257276317288855
14.904455333737237
16.654773982466445
15.955334317901809
15.044118504951985
14.760707906357178
14.0261555895475
7.445839533109467
2.3074079673482353
7.161163874948755
7.647533882408374
4.626399343808031
4.578417645514156
9.231648252514875
10.896066983497162
10.721820037653533
11.087382940258529
10.739357875110079
10.687205312524164
10.810867968839078
10.809293049588728
11.154104918926286
11.129905444571131
5.901268831625228
5.799144069593725
5.974588785664494
6.063068006888398
6.037182689182726
6.222888365629395
6.213557334136234
5.889245231069707
5.261196657994247
5.254801629676683
5.090868147061559
4.710515720664384
3.71400775318518
4.038266587919571
4.138205860484691
4.366542896300904
5.039508540630298
5.248301332003526
5.5031012732806674
5.5978782059149195
5.93948039893317
4.270682321602293
5.9135606585263965
6.239161251986821
6.323261483770467
6.351341794340863
6.2958949257402566
6.558971493738026
6.672292640856448
6.860614107675503
6.918218882566223
6.8936461808546765
6.535263089437066
5.548871947916968
3.4605463165630783
0.469793146228041
0.0
0.3758345169824328
0.469793146228041
0.0
0.8769472062923426
1.00222537861982
1.3780598956022523
0.9082667493742119
2.232450034881046
7.553895545206681
9.818206087791461
10.72269246044335
11.511410470479799
12.433956420579303
13.043563797532327
13.524263336820109
13.585557218259261
13.91387095131084
14.210029655476326
11.052642725774728
10.01697704593916
7.195116846721286
7.737283992671436
14.953195992188109
14.935810163975788
14.366999147418413
13.992442853200847
13.756189202436012
12.451679740539195
8.565398223031831
6.269470587823217
4.755624913647276
1.9525624167286257
8.683583202429245
10.209056250881218
10.34132756211708
10.640791303813083
10.52197051884932
10.43149209155392
10.390058847616162
10.496020052602184
10.695179674073778
10.756793924456819
10.903179433691662
5.731113576468979
5.861026504334138
5.885179635557853
5.996646425371707
6.1160712202292284
6.116246197992458
5.880022162044057
5.604236011877351
5.495502926066094
5.538419969025805
4.817518815308962
4.337714256609496
3.5222657312653998
3.338389431680011
3.490157558280966
4.210894802469199
4.418804542478716
5.03559935592765
5.18124474789984
5.1517077197347545
5.8788760568187675
5.907388720074266
6.115498167616584
6.21440258209796
6.282152167346804
6.429220107032454
6.559428410972429
6.6117845097865615
6.694256853204133
6.846126010628163
6.869455607366269
6.843354392762172
6.30916184910692
4.359149256754376
1.7668996410349482
0.0
0.0
0.0
0.0
0.3445149739005634
0.4617780718665498
0.3758345169824328
0.313195430818694
0.3758345169824328
0.4384736031461716
3.33194862348715
8.887547573162486
10.02933557159085
11.082307955791233
11.72979415743287
12.27216084147037
12.742627927125733
13.063687572462937
13.333616967479928
13.577575177669635
13.277274105629747
10.155128560847107
10.913502089676337
7.975762818143126
9.932380505286396
13.777785010151714
13.42685287107252
13.289369041191124
12.960368677146755
12.40694365469441
9.928938446603771
5.263309106232971
4.450130088223771
7.264926002525837
9.224107463214676
9.605582950454066
10.045846873059606
10.297869642036886
10.26630966380046
10.224834813002035
10.287529664625367
10.305669635456852
10.372386833215328
10.464074086935973
10.236889667412688
5.566522822774414
5.798194683302511
5.751397831114914
5.625550498761611
5.849379237457186
5.874237408694268
6.001739167352153
5.7251597126847
5.502955695800206
5.490958713968448
4.494166938025052
3.9411139426342507
3.273615760255186
2.2119571650026875
2.836148877469698
3.9238776405789126
4.422958791864501
4.805599044204545
4.835733816829875
5.07064692677019
5.483075383332421
6.034101249776954
6.003004231334139
6.18351994821451
6.225894328620158
6.4534013328598325
6.549362724100612
6.6708305361620015
6.491979962431273
6.491428371545348
6.508109196967208
6.492863177634247
5.919027033852744
2.265500879056581
0.0
0.0
0.0
0.0
0.313195430818694
0.2505563446549552
0.4384736031461716
0.0
0.3445149739005634
0.7006821821613156
0.469793146228041
0.6137746063040794
6.920089539221203
9.942389261152767
10.882585650301221
11.4216227735252
11.93460249355262
12.203383455411279
12.43753249096574
12.74482218822026
12.998786635529312
12.979433467515959
12.86000920721241
11.616956864994853
12.954835788243289
10.33083174004752
13.136021148948178
12.86784389116576
12.37687822998806
12.075743692375575
11.530469738692235
10.319296189630753
9.75199441173536
6.754527553042585
6.894204208519461
8.394613380419727
9.291638863739118
9.415535295259607
9.772926761568435
9.977810146359054
9.984355585949501
9.839341631544741
10.097369569477065
10.118566076869651
10.338221770694396
10.115457431452203
5.519879394947649
5.8150229566472875
5.798529818401758
5.893453318292292
5.87423740869427
5.5817242783141925
5.555771143305434
5.380196734470582
4.929330447073819
4.890562212937523
4.198473486014713
3.699589525817309
2.1695726153758943
1.0707788021445628
3.058098224031943
3.6330084775865723
3.8155310439272765
4.095341655991335
4.566790608080438
4.416788502822415
5.0895608996038995
5.425193812570513
5.7424863642344794
6.120115074570238
6.123337213903552
6.439420656952985
6.377374554094352
6.343459265712204
6.540546476362892
6.329716507318753
6.33138192991252
6.34288621309956
5.307314766410473
0.33649989953907217
0.0
0.0
0.0
0.0
0.0
1.1901426371110362
0.1252781723274776
0.5324322323917797
0.3445149739005634
0.0
0.0
0.1252781723274776
2.334408212865374
9.076296335035355
10.496910516952607
10.98471355189293
11.468341258056025
11.70207550873265
11.912126306626922
12.09439799909503
12.366722635844136
12.581850198572148
12.382022416485386
12.517716897888867
12.407446042127523
12.127137890836332
12.133853947189987
11.859088626126814
11.254733578748763
9.905393842846816
8.89280251951616
7.581828950691757
6.272919213002651
4.8050400840372385
3.9225013918504428
6.180462447955254
7.742749931509539
9.086711983296025
9.74778847042117
9.829067427888738
9.805109859456536
9.970629188766614
9.741489560399353
10.072359026194274
10.073416773222633
10.202391971038779
5.167719155624755
5.388142039888964
5.506762696916993
5.398904552686689
5.52718967297103
5.708575224182055
5.640792262426254
5.251790789133001
4.715439023403412
4.232924497143178
3.46648580000701
1.6300311371636191
2.4229634628491135
3.519479103985603
4.2585467208574705
4.476371664077314
4.633451827651627
4.280515449173802
4.433053816022731
4.297269740533843
4.248298926120931
4.148531629116928
4.5797055088383996
5.125690982812859
5.815873026299275
5.946370058928924
6.004723389172072
6.32254773123028
6.575608149414453
6.370825823742414
6.459593186941677
5.531671910286323
3.0834172136111264
0.0
0.0
0.0
0.0
0.0
0.0
0.0
0.0
0.0
0.4384736031461716
0.0
0.0
0.0
0.6890299478011265
7.693529171588875
10.332031191840386
10.689782367292349
11.168737595702089
11.216206786877802
11.383527943096352
11.68278912237397
11.511483685150038
11.459011346917645
11.37427871245693
11.106449326635438
10.033869938644774
9.180815234307993
8.610916197913623
8.224100278305144
8.208113444871389
9.202818374142021
10.001788098399446
10.297464240709088
10.230083440268128
9.218289761381135
6.289398868506037
4.59887630580165
5.511833950426335
7.458925267890224
8.705915579207748
9.31688082261736
9.51645509033312
9.576263215235896
9.623924500264488
9.793890835477978
9.995523767620558
9.789021563828737
5.211994578441467
5.333176873643886
5.479575092874203
5.518251587366833
5.458935842188446
5.512638800523895
4.967539158309403
4.8602311017104025
3.7720777954346616
3.346532639127547
2.177791752917634
2.200903524642682
3.7669987003800656
4.673330897012529
4.6658944270048
4.934662972864201
4.679584177648101
4.598253956959724
4.763085783733817
4.9635595718136525
5.373984505988611
5.310339848534404
5.359339197514626
5.35043058670655
5.19419017466893
4.758739299243025
5.011006288900415
5.252173191926255
5.043634704225025
5.10405306794971
4.499587471488406
3.9631238781805065
0.8792037493825356
0.0
0.0
0.0
0.0
0.0
0.0
0.156597715409347
0.5011126893099104
0.0
0.0
0.0
0.09395862924560819
0.0
0.0
4.247626020952929
9.469677330036786
9.358983659656635
8.90762018311118
8.74345042652022
8.639819913391987
8.560963797251986
8.18141439392299
8.13175091671482
8.274045055778473
8.869239355938033
9.586055206983968
10.173432977810938
10.836089942496631
11.04419595521217
11.445240313856575
11.512826500745556
11.568341803709181
11.368467336981118
11.148361464671689
10.823347513146366
10.183559933924922
7.876411667024
5.101443408553137
4.818817607800756
6.793723468455126
8.300060440166934
9.19937024854969
9.644313874021497
9.777049286245138
9.386745316097022
9.439139021656683
9.487595475257583
4.917511482129134
4.9336593593496385
5.269714397153156
5.410317648577057
5.398904552686691
4.809535279276786
4.182311778469238
3.6684399690346488
2.4078342020333015
1.9089693507216157
3.1264471526391278
3.848683739314719
4.491229186603391
4.8713514150949475
4.522135210026719
4.6564590652388995
4.878855326282669
5.087861002105463
5.20189955428324
4.833358275637849
5.559123060790458
5.279456680954656
5.411905148033007
5.551329214115006
6.1160712202292284
6.183044113187718
6.122072149921568
5.946515709193557
5.795352953193319
4.983866912000543
3.8852000402271347
1.0480316588801435
1.1267627965832026
1.3263116551624952
0.469793146228041
1.0946199620487875
0.8485240688450761
0.1995694928514055
0.0313195430818694
0.2505563446549552
0.09395862924560819
0.5324322323917797
0.0742913205239279
0.976512938358143
0.3168325908173919
0.0
1.7888897231165273
2.5113045411675685
6.812581366108939
8.465459224044087
8.949966922424718
9.55356949694869
10.045022048888896
10.54901738938682
10.800381558440469
11.032665774244176
11.132502922149305
11.342969637302495
11.354058372277448
11.76621403207358
12.015587277842236
11.85540652967658
11.954768003631067
11.801120666232547
11.85804942187244
11.893032800491257
11.70409476897973
11.38840787728302
11.047604610004408
10.732779068715512
8.54754166269319
6.176263128800815
4.5193885211652205
5.918447868828992
7.408998258276394
8.85281399497854
9.392927739060326
9.164161447271393
9.339344170812428
9.021844395119556
4.541865111765723
4.7648723091204745
4.762329922231311
5.048180223700796
4.647340604225635
3.9253280931603864
3.6839055233956515
2.403378691215883
1.9743810368872827
3.4328812259878716
4.367030093247956
4.792614994706003
4.94793299593433
4.895870375687229
4.8325588179179775
5.134678811811338
4.951866543677654
5.2300132413605915
5.385378960411602
5.409897921003883
5.46945059391985
5.565712842424192
5.8107135762933
5.90516124115704
5.975161838277139
5.767409267004914
6.149103572852527
6.281200497293222
6.186917065311053
5.875956566532201
4.988117832272136
3.307773039959604
0.09395862924560819
1.4552063532165576
1.7808360413037605
2.783925416925124
3.3411760589598076
3.554931229705793
2.899345289089395
2.6983874029973554
2.4722703789554723
3.14317160383143
4.591741923204455
3.7548474499350935
1.586091628364228
1.321394617143343
3.5528856449354014
3.830733255410502
3.931008883362351
10.086784867375679
10.613219933348862
10.912039966330264
11.209982848895718
11.397356641380366
11.531931563954464
11.60731392053324
11.725731840347896
11.698050473618437
11.94007527123621
11.84607495022891
12.05523364121344
12.072535472737897
11.952693374092556
11.975504772831318
11.888435246818192
12.004272910381903
12.04487191817296
11.959111876794447
11.633697625974827
11.298176720725923
10.936515195706484
9.412931686628975
6.859515344674514
4.745212475770642
5.443988946193391
6.916063726609234
8.097666847695063
8.831543053639708
9.18611467717848
8.851897307046876
4.1098792889577735
4.047095837024021
4.428899566636945
4.21727487239985
3.6875360007113036
3.4758674639991365
2.164820804465278
2.1583811421053456
3.879408512500837
4.5867704592762575
4.685689110788761
4.892111490833942
5.153714946763874
5.374610566351409
4.936995491439646
5.140781048568809
5.485892590711768
5.476860069080717
5.559355036461758
5.742317253799989
5.861911159092001
5.753456199597647
5.923326471332443
6.0941325392787125
6.130624948748721
6.288131355868297
5.879330150674714
6.031754812103031
5.921704531080364
5.884876986511106
5.197406483639202
4.9295294730045285
3.0708768883720228
0.7246859837699281
0.5360693923904776
3.4491638224097123
4.116479236238384
3.758623094836844
4.133680609607081
4.098664757307838
4.210221281558016
4.891834245917231
5.237097424975137
3.8314296075773906
1.5151048398354001
1.498556201728171
0.9003882776736513
2.0605927440631358
7.742072563947492
10.2775274259091
11.074721910168531
11.369087924848307
11.659695133782837
12.093297589365209
11.967840189383788
12.102584297267356
12.263199803649131
12.339375544412
12.409598024062463
12.241183470468538
12.18168082043319
12.118993666274609
12.022291401379231
11.959553095881814
12.04430136990382
12.166877835372977
11.9811723032568
11.907691409263197
11.822172442816058
11.583945880575769
11.225641820744618
10.963500097082553
9.78588854168525
7.7191206144566245
5.1593893403729005
4.917160675447117
6.3290443279040955
7.4318171802215645
8.326381107645506
8.410539378371384
3.6638508755172223
3.7570548003637008
4.024222843322496
3.4845843037213733
2.5928094588923254
1.2287365001903012
2.591311643345385
4.020014406278773
4.18244717890727
4.81138951912763
5.100565110304107
4.690088424857686
5.226582673243734
5.570950932187721
5.865349474767865
5.712783311404639
5.591429049695371
5.656610065151917
5.534641322553306
6.003004231334139
5.7174513598119034
5.871514637341776
5.926247753402194
6.321044749734899
6.256255853351944
6.280746403437274
6.261121674108181
6.1092375792400055
5.844556899042639
5.8228561356055195
5.345623057844936
5.055939704093469
4.429679791180122
4.130101055817533
2.0422945978676155
4.469429386316312
4.997366272597126
5.577448373788523
5.366414344300577
5.3571678121172885
5.647160901717431
5.7572563684178855
5.971298829028095
4.739567486128336
1.7644803489766772
3.005715889889095
5.151217201166609
8.434903882067196
9.97700424133389
10.658123857773946
11.287068084367283
11.94981591008613
12.198764271082265
12.395552669364356
12.34354008694056
12.331381294012024
12.366771586433881
12.3825458122716
12.253764043228665
12.218316820516565
12.21436792892304
11.98008311549097
12.090381126976286
11.96240498421882
12.067826185851974
12.059551938707406
11.94730584976058
11.96423588545489
11.80497089208109
11.818856430544932
11.663602875626228
11.235956547222116
10.907799030488546
10.112139975068049
8.437221435105686
6.127966623358443
4.747109659094179
5.756889417380116
6.909253981386425
7.849880567969178
3.547758233265389
3.397662083032312
3.523937707633277
2.2636137817099535
1.404980890049216
2.991592521226469
3.790815744733205
4.623905428488368
5.123849601862358
5.416234060308828
5.397795669816533
5.333166040315143
5.592144594018744
5.650825311802129
5.850291500714632
5.8690257079571255
5.584965974377342
5.82462643489706
5.893883879194208
6.000378677567498
5.988450502814645
5.96550820834957
6.231106029357302
6.246567945588688
6.369084924733638
6.383497953325587
6.452042282630068
6.514921096785584
6.157515671752139
5.865872375702715
5.488951486939327
5.423281021568243
5.12606601775346
4.792520229872226
4.691016506715164
5.225855287332957
5.482881750168085
5.6476828128764645
5.874463527911108
6.2089294308933916
6.439038528729847
6.363750754457596
6.343816141982297
6.125745757994438
6.090787609015477
6.634512978580524
7.777029625476699
8.818788801067068
10.11319897390539
10.996997060078746
11.549571929227628
12.071898554294405
12.355043809310258
12.592223249877996
12.568930366738183
12.553768631575943
12.501246513429772
12.35081676425899
12.213810803366984
12.095867483480088
12.185646028889964
12.236031173066445
12.267350923464615
12.466815086722423
12.197504430438471
12.271448475124284
12.335755497149966
12.384670913900933
12.290668068178237
12.127203158289323
11.903080432877053
11.665331474184615
11.38379261178835
11.056657579475507
10.075849736202981
8.787774324495409
6.5014054641369095
4.353438373969548
4.6340662948896965
6.045632582575327
2.423910559934335
2.3495779708661826
2.167582038282288
2.3924465769476777
3.244098174430807
3.832194296822819
4.564648470497449
4.813551930779786
5.207081780224259
5.343002470078304
5.00158311563738
5.212264006165278
5.443852225253534
5.539307479856025
5.556008071043011
5.8107135762933
5.871945198243693
6.078703109099829
5.913530349694146
5.935112154374568
6.182590019331772
6.245540799120097
6.18192298047135
6.102068803151534
6.2606458390813895
6.370825823742413
6.336503155184085
6.337836953460805
6.582275838523088
6.382157133484468
6.356225102099031
6.1769459659095265
6.239280210743518
6.184330918340549
5.715776486323029
5.978541289748389
5.904707147301093
6.148638203263268
6.274835644712456
6.519227561704784
6.8574917517753295
6.867967943558868
6.954721499942594
6.89239029632476
6.884867768701734
7.495950961940027
8.433913796377265
9.444554635563351
10.335746922616869
11.249080563404062
11.850568056988546
12.126037993429646
12.443628441924833
12.699289335670626
12.522795130210154
12.673085414929602
12.408632261287474
12.488371631345261
12.299178063924735
12.176573128635996
12.198712426342357
12.371621076352248
12.419151826524965
12.49504645961616
12.650797342107676
12.435792451704577
12.430220927313657
12.40374220980016
12.277155749191403
12.180276074309871
12.06297217456446
11.837969147694011
11.66441634538274
11.134616840778152
10.740091705517498
10.010532659224287
8.652199866005745
6.482702968528914
4.3827871871909165
4.077434520353733
2.2323561414444213
1.4989601535669366
2.1778742900060832
3.380932016752153
3.9528809431603573
4.316676024491814
4.593158678659581
5.014839280188655
4.9691266577653534
5.491962327483009
5.204665658950708
5.127608486715644
5.741222290028311
5.548934720757209
5.586268490411839
5.947557362733533
5.99285123342575
5.889580366168957
6.238372023031626
6.226489122403648
6.280292309581329
6.171020512632196
6.288726149651786
6.290479585325405
6.616886928500903
6.323236231817422
6.247591581275079
6.370274232856488
6.527160594239532
6.607757007390653
6.4457999246421345
6.607994924904048
6.391737358224338
6.602711537978222
6.585627122606506
6.7134524611862
6.410504124303504
6.506962812297794
6.920389372488071
7.0544290772435785
7.249101548320665
7.900100155326268
8.006066896899075
8.221035014897687
8.517815321208891
8.915121902807469
9.656635342564737
10.03220077568526
10.997336920366003
11.844770193201608
12.134259101106757
12.236203088181956
12.577527900152244
12.68343757821502
12.57296656116454
12.46101748185604
12.587618226843182
12.581167109267298
12.39307087030971
12.413545584692264
12.602978598707374
12.66145277405517
12.776465132531873
12.807896204160366
12.80898524910322
12.792800872106158
12.65623369517405
12.61024769422666
12.526799978592436
12.140863660009114
12.013810404643566
11.866089316566132
11.463760244573713
11.239470707933283
10.770053840229757
10.62420567617034
9.933304105526153
8.679628576685095
6.974605142256569
4.359550252296695
0.7436539596033741
1.8274449787445168
2.660069130050376
3.3784987274368694
4.115921910782426
3.879142622193055
4.665334904104087
4.830401291039493
5.3148559929495285
5.216686675016213
5.242451617423006
5.568341177749833
5.528908830808964
5.813889551047284
5.747007043378099
6.018012053709579
5.951622958245388
6.050806488819482
6.168750043352466
6.369084924733637
6.342338132995835
6.465521871557082
6.336121026960946
6.596162807626285
6.3165685427087865
6.465640830313779
6.519609689927922
6.446326263575015
6.689737722724583
6.844860667202051
6.7418306520722755
6.80776638077773
6.741489372934287
7.225737898398979
7.022514241122111
7.076075964067824
7.250674811873018
7.358882096053717
7.3814234827309955
7.623126357015778
8.127339136694161
8.297166441312768
8.752566709747759
9.284284645400998
9.545478551180485
9.73726227544618
10.27354260506881
10.621275934966548
11.143102664557283
11.843137960488878
12.227914724923233
12.519985868932517
12.575916552510206
12.507985153121377
12.77569309976929
12.640762167681517
12.75468795703854
12.676811465699119
12.703820713955071
12.776324255792526
12.806946797793755
12.770523632465633
12.829539630591366
13.08020910834652
12.987404025059439
12.927860738903721
12.893736581698755
12.676729706897328
12.527225802459993
12.330857568964992
12.123441986351414
11.97682843009342
11.6130130015298
11.28344980475414
10.995908243094423
10.500144348453079
10.19746584018379
9.575922634693393
8.448906586625771
6.768765648024842
1.7399992808600973
2.935060901156373
3.48737093100117
3.482068477317641
3.999980392672457
4.485051164340708
4.392264496338454
4.668509903015983
5.221085989085138
5.424321857437936
5.2060781667096965
5.618670781640146
5.5779978934471375
5.8788760568187675
5.813202505677951
5.954924649539264
5.775486230805278
6.128884049739944
6.171496347658988
6.494391690526799
6.562986523737369
6.347646771874706
6.376372380134679
6.525801544009767
6.82705569556345
6.7847094124022576
6.704893048754263
7.007907185318072
6.984208239913306
6.842577356759418
6.918422860153504
7.179106506612971
6.939199838746625
7.291332308209758
7.490649069767981
7.621280478843092
7.656675974084834
7.76834643302009
7.9445875275029305
8.276307128322596
8.527253994823015
8.860028888687713
9.176042874628852
9.829010078948738
10.023758911354177
10.303014967377965
10.697333084727825
11.012528660323058
11.462895740523754
12.070537341965283
12.231235651275266
12.502270646597271
12.571886998243869
12.757736301537637
12.735768458396075
12.879520416590887
12.835921536879422
12.895394853581358
12.957408101787173
13.051724078387245
13.094564806529903
12.982616262237904
12.941342940162087
13.047683273277647
13.10449922627661
13.064036217027455
12.91097512892374
12.7619650384633
12.768494615142098
12.477053544288253
12.194150400545954
11.98358297250644
11.4498678772128
11.258092881199216
10.89924772792487
10.5309072491233
10.00993593202662
9.508029066819482
8.830621471445369
8.023932370532707
