4.736000073211699
4.972752556225335
4.878634624640205
3.9960538407759794
3.639677011920598
2.5327135160874743
2.780116451335163
5.183154205762317
6.806501037351619
7.088707576056473
7.4179998342878894
7.360428511664602
7.436006430344538
7.629654116934902
7.607959638622933
7.629064500527373
7.716303220279268
7.888751262066697
7.731927973239043
7.489449721948926
7.6593448344928925
7.586514239778897
7.338455328079406
7.2888183363293555
7.005592775777238
6.729503343158949
6.480301962412533
6.559369303782851
6.633357135014915
6.166124489585827
6.035478424556175
5.076754156171822
2.3858239619499213
1.2082459000160761
1.3403832272489007
1.8241837819655535
3.847541385321017
6.081665456821998
6.859061113753028
6.532707150631798
6.879148624911142
7.059839826991553
7.072750157995739
7.146466020553128
7.094005985116026
7.0945362197075665
6.989654755341263
6.760465210272223
6.906123595822019
6.356964106592262
6.067436251447001
5.594009329337138
4.518010208455281
3.6998455661029848
2.7367878554302525
2.681536548225981
2.6922204650058594
3.2603432435388155
4.066306634866593
4.017232689567258
4.379204670388971
4.57610540769549
4.194556484119165
4.140043309397453
4.244859629349201
4.010210817268717
4.313329050018802
4.438015340321288
4.303085923455965
4.670097402471935
4.567226881501385
4.415866791057054
4.344867195580699
4.0163888395314
3.6535998166488497
2.6567489044169914
2.2993937762430643
3.254594489334851
3.5984319204455364
4.106027558991348
5.210754037189328
5.672632334370661
5.850579569905821
5.563563123684341
4.819431277504309
3.9113160671066094
3.0502416168531066
2.853882599791798
4.769537341551009
6.575043284352074
7.078797801367843
7.231074913966432
7.204218374396878
7.253313997253998
7.245409341407833
7.419204931004101
7.26121256244726
7.258760512681955
7.425448627730392
7.03171338800609
7.092735078452379
6.744665525685047
5.712086294456313
3.9898623893013743
1.7252282904136789
1.4360410741287428
1.5183474690141618
1.3612725327647934
1.1318854869001862
1.4714075683761927
1.9532571811628907
1.4989601535669366
1.3379845237947967
1.3102815064395124
0.9111218864645895
0.9082667493742119
0.5011126893099104
3.0706533454804745
5.258097072921718
5.98906190880853
6.50956280961333
6.773468964172445
6.659076221395875
6.8191635121138505
6.749873654033567
6.759378788405092
6.900097883742678
6.878875996548508
6.41867128412532
6.170876301922454
5.807064951603622
4.353545068547275
2.158295510632607
0.1879172584912164
0.0
0.0
0.0
0.0
0.1879172584912164
0.7581819653260532
1.6443321658930605
2.1752416210124244
3.2668909136928197
3.373284231944242
3.7144296782031088
3.9225958706856683
3.9903232883716178
3.8656879215952342
3.916027641948354
3.6812068543067573
4.345002596018732
4.2026930073296205
4.157416658327264
3.3717860587947714
2.3655462167728274
2.3918479829474935
3.1332522567490697
3.784835130705842
4.39824349267043
4.389299694547201
5.56356312368434
6.0532393991976
6.1187310518315545
6.155677555157509
5.97387910866986
5.5779515736837855
4.366125847002386
2.7273247023755016
2.147112072380174
3.935427814096694
6.0795193489660155
6.634002432704493
6.760246210551216
6.712290283459936
6.677141349000544
6.6470998934083685
6.322984191298511
5.344441029927428
5.516749994323085
5.686504008668408
5.147378231329225
3.291991741392307
1.6664487147002645
1.00222537861982
0.313195430818694
0.0
0.0
0.4384736031461716
0.0
0.0
0.4384736031461716
0.4384736031461716
0.0626390861637388
0.2505563446549552
0.0
0.1252781723274776
0.9395862924560813
2.278222044980205
4.005109035952343
5.226869734176259
6.232490052095986
6.293011152844268
6.632483378708135
6.398286088576277
6.61404256827615
6.48545648403238
6.425270518383348
6.137317889810401
5.891591668743631
5.683913771879048
4.67227147519819
2.9052038988909987
0.0
0.0
0.0
0.0
0.0
0.0
0.0
0.0
0.0
0.0
0.1252781723274776
1.0204111786133099
3.359001405014401
3.962232317898493
3.3539223099598026
3.361652631856165
4.187399211382595
4.090238445385651
4.304014250403747
4.173809110346745
2.958906388513968
2.167561404010174
3.015908469498204
3.2890557697757963
3.6970530651414633
4.194556484119165
4.529959199180159
4.710652161994891
5.95728875283848
6.2053396704083275
6.115044073760637
6.398311340529322
6.239326924423283
6.169085178451714
5.919911688610607
4.43714340087548
3.3826121066464148
2.2942315594310743
2.556586776072666
4.952567670424001
6.146270589181853
6.645452421759119
6.451014856717353
5.340887446513727
2.3170420363551703
0.8769472062923426
0.1879172584912164
0.6693626390794463
1.4050015243213283
0.5637517754736491
0.3758345169824328
0.313195430818694
0.0
0.469793146228041
1.346740352520383
0.9082667493742119
0.0
0.0
0.7203494908829958
0.0
0.0
0.0
0.2505563446549552
0.0
1.1275035509472975
1.9214036079901247
3.5833286621957927
4.5645997444161015
5.276680071765369
5.560365507080874
6.0236778483026665
5.844794816556034
5.8849959452678045
5.7952339944366225
5.603283539816399
5.321593218360264
4.672370361637282
4.359189284962544
4.031206305655422
2.5187954705498976
0.0
0.0
0.0
0.0
0.0
0.0
0.0
0.0
0.0
0.0
0.0
0.8448869088463781
2.8547543514517546
3.1428608977344337
3.178890983182696
3.440000680613008
3.8989107454915857
3.5472009078094304
3.1222605192054034
2.1105913234829656
1.6066028628105664
3.587534825329848
4.228081827434877
4.601827007733042
4.6766464262264416
4.7415316249327875
4.951094136327376
5.397211783875142
6.204409741525589
6.190331848032888
6.413005768976357
6.329215420338915
6.151417524473947
6.233874074834668
6.185120147295746
5.817490144861094
4.792369930022865
3.964743287722441
2.6665021854160633
2.069446972449986
4.315726706015425
5.836417985267927
5.621732763637441
2.7375319312306345
0.6263908616373878
0.2505563446549552
0.5011126893099104
0.0
0.0626390861637388
1.00222537861982
1.358392586880572
0.3758345169824328
0.0
0.5324322323917797
0.3758345169824328
0.9709058355379506
0.0
0.3758345169824328
0.6577104047192571
0.0
0.0
0.0626390861637388
0.0
0.0
0.5324322323917797
1.9628938767039927
4.2645670619735645
5.392298985657934
6.0773838178944946
6.507896531406856
6.768041366536877
6.4732854414290415
6.709027037510303
6.348385776367937
6.3156168726552036
5.816288020629274
5.202214012500814
4.81749445226829
3.495793978791523
1.8797848246381412
0.0
0.0
0.0
0.0
0.0
0.0
0.0
0.0
0.0
0.0
0.0
0.5950713185555184
2.3146831706019535
2.8285188155467957
2.9362580891567402
3.156185108462502
3.555671397846911
2.9726044957898545
1.5208427368345847
1.7264685744792692
3.235913698439046
4.054253109760589
4.619423255750071
5.053362449641816
5.0186967045655795
5.253864713313376
5.438336899627559
5.094896459638659
6.254071856776407
6.514063133535656
6.39890613431281
6.526039461523163
6.357915776645844
6.2623112616751575
6.20650751680446
5.981162767969477
6.038566711921411
5.2306529911244874
4.025399284884567
2.5540940697212564
1.1070335850451842
4.216909536342625
5.299705968928551
1.3725786965124593
0.0
0.313195430818694
0.0
0.5324322323917797
1.0648644647835588
0.1252781723274776
0.3758345169824328
0.5011126893099104
0.0
0.1879172584912164
0.5011126893099104
0.0
0.0
0.5011126893099104
0.5637517754736491
0.1252781723274776
0.6263908616373878
0.8761858176561348
1.2250993401916037
0.5950713185555184
1.6503979317051698
2.6328871102406524
4.671856632398693
5.736820569641391
6.403883148874632
6.708644909287165
6.906505724045157
6.83991523875393
6.723418107093708
6.6082580943704885
6.303268322993841
6.159029398129178
5.422325463737558
4.795353720196956
3.490205000528096
1.6059446455349204
0.0
0.0
0.0
0.0
0.0
0.0
0.0
0.0
0.0
0.0
0.0
0.0
2.259194598802933
2.7267448476665748
2.6102637726089095
2.807980339834099
2.0865254661263797
0.6729997990781443
2.124704164113597
3.798971472926468
3.8445186228048875
4.500306738728205
4.489404439657205
5.014839280188656
5.2568088567058044
5.494736240289113
5.374291156067553
5.624909628845881
6.681923648946534
6.513655753359473
6.569322588528955
6.4462073048183175
6.385044417162658
6.377994599830885
6.185595982322535
5.94984957318411
5.655430508906316
5.4214162862498485
4.3264780210539175
4.048361612077802
3.173090751629865
2.5087485505505738
3.4723583822247472
0.2855130477355225
0.0
0.0
0.0
0.5011126893099104
0.313195430818694
0.0
0.0
0.0
0.9082667493742119
0.1252781723274776
0.6263908616373878
0.5637517754736491
1.00222537861982
0.6380430959975769
0.5440844667519689
0.8572798975706624
0.8412291145755675
1.351852032700954
1.2054113971978107
0.9825580698981398
1.1275035509472975
3.736071215754732
5.861723103191211
6.42674852736981
6.876909484213942
6.909876227278044
7.072750157995739
6.855831807729514
6.688591338055169
6.580246238650701
6.733862908688289
6.309280807863618
5.679993753847654
4.875096441429381
3.429885022182665
2.1965555126391956
0.0
0.0
0.0
0.0
0.0
0.0
0.0
0.0
0.0
0.0
0.0
0.0
2.251262061529892
2.680032738865256
2.6685249444098544
1.5592738052778268
1.4311817644041973
2.636957790062635
2.843246556996351
4.00490836358519
4.073718713639761
4.33332007240455
4.630933803803137
4.8505913393559545
5.12474794602132
5.642664745303659
5.320187111626313
5.9827847082215575
6.594897464200173
6.574079636521901
6.832611710851911
6.819861667521934
6.578241890731358
6.199576658229384
6.328786578436013
6.091364493801345
5.763970951329049
5.310818465120198
4.497131739816308
4.30138222854479
3.9936829648112067
3.786631423240567
3.6850349931750035
0.0
0.0
0.4071540600643022
0.3758345169824328
0.8143081201286039
0.6067235529157076
0.0
0.3758345169824328
0.0
1.3816970556009505
0.5637517754736491
1.3154208094385136
0.7516690339648652
1.3780598956022523
0.8456276632104732
1.1062928306810893
1.904744962907653
1.5777026574549142
1.9335692381690994
2.203859044572605
2.2645810989265187
3.04517078610846
5.677519818090912
6.784562076956978
7.061202370554054
7.0406013000195395
7.180847928573625
7.281985692964728
7.101567119246955
6.847873523241722
6.909753947861062
6.587321307935519
6.49400956230366
6.226705298746199
5.475192052696395
4.2989216594325255
2.945791000156821
0.0
0.0
0.0
0.0
0.0
0.0
0.0
0.0
0.0
0.0
0.0
0.0
1.831591207108631
3.145668159286343
2.8732907024427723
2.7266623105781274
2.5404535378083364
2.982227164053088
3.723254016739277
4.195535734593051
3.711356526343416
4.4749831905520745
4.732405346726625
5.124656535184581
5.370704237721118
5.696198822901994
5.567720069453313
5.914818946630162
6.875393750877867
6.729462736965437
7.238979569812596
6.792614068248422
6.533208237611634
6.3586295291860315
6.108686267798207
5.823429188218163
5.58100873399082
5.153714946763873
5.1835664331465425
4.82665626470506
4.14846800362425
5.077642410456458
3.778365166760442
0.34315499126417115
0.469793146228041
0.4071540600643022
0.3758345169824328
1.2527817232747749
0.313195430818694
0.4501258375063607
0.1995694928514055
1.090221413413882
1.707732640693008
2.3097776516993545
2.443209888679142
2.938588931200399
3.7706841566663174
3.9700834165050343
4.17139852484904
4.795957906260114
5.361740128889452
5.458975616617016
5.917144632909056
6.391934220313439
6.546071850472565
6.83767609805673
7.216695789364224
7.24885357882125
7.30556615352917
7.3339541003181905
7.281608608390074
7.509653602369887
7.15550203893498
6.923828526496311
6.849533467287538
6.465709285164388
6.25361776292046
5.972631710313167
5.053512749491176
4.319202935166731
1.7032375276917833
0.7268005194278462
0.5011126893099104
0.44211076314486947
0.0
0.0
0.0
0.0
0.0
0.0
0.0
0.37947167698113066
2.015518043325439
2.8536603348119467
3.08751015884596
2.773250613746767
2.552105772168525
3.4181386559286704
3.162202185446761
2.8560887591822075
3.336717455312135
4.078391878515894
4.952111608360793
5.62990107769492
5.654040618838896
5.56250836871617
6.033863332263559
5.9966287597464145
7.1917051937495575
7.081623047875459
7.1188899216981065
6.824926054726753
6.47207060190902
6.068247221573042
6.015936019601552
5.420270181024559
5.262305540864403
4.828813791583546
5.098627627454235
4.523063536974503
4.273358176437234
5.435274008692959
5.80285686438104
5.096887144914269
1.913785904413639
2.038349618659164
3.289043278322216
3.842446455667175
4.703509277474822
4.901575338276923
4.499078337546127
4.792963585511605
3.647809858312643
2.987753794432807
2.320810482670989
1.8733965725998316
4.176756241425451
6.321711509151196
6.269090144589378
6.815724665265522
6.736302902237231
6.521614037847266
6.6696841514925875
6.968617927941983
7.21655052382374
7.2357661044289365
7.6076548043992185
7.853195492893058
7.839965125880037
7.769600249665086
7.384268795020829
7.640677090668751
7.216210251933486
7.158078610694513
7.086390813346409
6.574699682258435
6.499386656033139
6.606088074014684
5.675355105723155
5.2450318970647745
4.496254336394627
3.952052816828336
3.581789812356277
3.2060476852184348
3.4627951919897866
3.186120510068301
1.976495419613564
1.371377181058723
0.8869941262916659
0.6641201647198823
1.1645127339378094
2.8618016944559117
3.2104211964390563
3.0259463028534848
2.7267242133944616
2.6800327388652545
2.5127711547251663
2.5335616163338655
1.1311933456751386
0.0
0.6453174159949727
3.5736850076891185
4.602408206345512
5.296241203646673
5.527332164681759
5.578570946059782
5.993662203551789
6.121855973579015
7.21200459890172
7.089581332363253
7.1260303210979945
6.963365931205113
6.376491338891379
5.849941556062448
5.3036442672106245
3.7690054649124525
2.589108422595887
2.649648436854121
3.7448466698368588
4.360680095424159
4.447356700421769
5.683891815156369
5.999446956901577
5.874481193536402
5.82776210152618
6.020749645489281
5.957941357411683
6.4237181680387065
4.208072103657145
2.314459019750662
1.042364843905147
0.1879172584912164
0.0
0.0
0.0
0.0
2.8960009158010354
6.5532870607966744
7.099227410170075
6.9919340545788895
6.518126767077317
4.9859400184623786
4.2502019550633205
5.1095077165629705
7.3406526124437255
7.683950721828626
8.046873749238612
8.120043468686545
7.956143872619749
7.7688451634008695
7.718492189296086
7.74723381729768
7.513517936506982
7.173135438249312
7.142150867660857
6.694638981427271
6.853156910167548
6.596281766382982
6.196238791477446
6.017439001096935
5.567765099947078
5.343411364322733
4.819019367124036
4.568206131975273
4.587615955748555
4.191313003134802
4.217609298768591
3.8514895715773214
3.572136084353461
3.2940510646073173
3.168931359462496
3.4856989546332917
3.579309080793862
3.1572997593744203
3.0491888687575255
2.6291696926943815
1.433995632950349
0.1682499497695361
0.0
0.0
0.0
2.7784262446561683
4.52543126097363
5.1750589084442575
5.404021817396981
5.903106948219859
5.9335119552933335
5.836195941596638
7.5232327048458405
7.381879345134658
7.042552790220377
6.740793767263365
6.294761357179811
5.280343742030517
1.358053890140612
0.0
0.0
0.0
0.8384472464864454
2.7764263994753677
3.9151072113798175
5.677788917430004
5.94897387152472
6.410359913593761
6.686824907649222
7.009539107418223
7.1197636780048885
6.389203686089638
0.0
0.0
0.0
0.0
0.0
0.0
0.0
0.0
2.535847381279339
6.554314486709391
7.239471197896239
4.054813861019154
1.8840595676403722
1.9009955449043492
1.029167007338896
1.3667870102233197
6.976602172296964
7.776587746077914
8.193756439428117
8.168042730256255
8.173614468421068
8.191911092684096
8.12960725504534
8.05811055671515
7.714910005011614
7.5969935788351615
7.414135500150797
6.964427297043945
6.830099941792076
6.716825206996337
6.848637779687998
6.307683840120457
5.951601217074543
5.718086362398898
5.546690565990507
5.000145916030792
5.356097501451473
5.369367524521603
4.577388209426947
4.606390480170182
4.054437787288279
3.6242989052163237
3.857920452867885
3.5776164701538735
3.4180973873844467
3.282460733063466
2.6219985440575475
1.1886404941107331
0.0
0.0
0.0
0.0
0.0
2.6441435386886716
4.442104317777953
5.135696283844753
5.5096015709538255
5.858656533706185
5.785336579666921
6.07391301616613
7.943391587936107
7.694364491424839
7.011387188411462
6.723700194352535
5.894133531365077
3.6477909000433146
0.0
0.0
0.0
0.0
0.5244171580302885
0.156597715409347
1.1283794771289861
3.999676653603542
5.317850888409018
6.545472987018625
7.181339556657267
7.455666739052008
7.514754083268125
6.284264186508481
0.0
0.0
0.0
0.0
0.0
0.0
0.0
0.0
3.7885970236772737
6.771868955213127
7.152404164064728
4.193654995309882
2.0865873689427175
1.6440408064336882
1.1464301053048824
0.8581145552081259
6.480177452931849
7.86545842451399
8.475507343668198
8.586364734025512
8.379871998932753
8.31302587922507
8.158844623921834
7.89621086179714
7.717739139351569
7.580504564907339
7.21571862384984
7.20830559608732
6.970693940137053
6.680176136332975
6.701341381385146
6.532350274361704
6.344291977009088
6.233517198564575
6.22448505392843
5.76397095132905
5.623451921475372
5.365630306325803
5.566858947649479
5.151004705918914
4.767673619211629
4.782296581576392
4.232435102751373
3.7161016545709855
3.4530334561929
2.9479103235169295
2.4768673545593787
0.7516690339648652
0.0
0.0
0.0
0.1995694928514055
1.8484240130120457
4.2829520701215475
4.742721072527319
5.584067630218379
5.778724180341617
5.892164721356275
5.755320934916042
6.143534995845289
7.9889041296785885
7.922003861694117
7.426895958791181
6.835054829136392
5.794631322718108
1.8572073592865166
0.0
0.0
0.0626390861637388
0.156597715409347
0.9861952298968378
0.4384736031461716
0.0
0.0
2.1273296520198324
6.686388562104291
6.931514182621469
7.58379880740291
8.026723543082705
5.88498724787577
0.0
0.0
0.0
0.3051803564572028
0.9152590992970787
1.749513547262782
2.7493246328642797
2.3570281795113543
4.532762582424172
7.441736694694201
7.777549202458243
5.012944375416532
3.1565100358227727
2.2197980785432363
2.3666928681417767
2.687479709074279
6.814777809358999
8.29016325642489
8.666033368345845
8.681883151572801
8.652884421657276
8.47111850203613
8.316320167920525
8.259469548651477
7.864004625565069
7.7975097568144704
7.496080576804524
7.409567784678106
7.182586509706362
7.005339545039362
6.544971900038789
6.559309452215731
6.567675116879706
6.344291977009089
6.364608717707525
6.102090544322379
6.021028761581999
5.84776137275066
5.560552283140659
5.264102229182333
5.693997962708533
5.435045798031319
4.483318739693236
4.088319783692796
3.9014265718953194
3.190522583270772
2.6336714126898495
0.7982779714056215
0.0
0.0
0.0
2.264929834709169
3.724946627379267
4.304903343093415
5.431578007559331
5.840729221044179
6.090218388576058
6.070452959319421
6.096298590784831
6.133403739107746
8.39594514525004
8.067148816801936
7.67016633398885
6.82705569556345
5.710318014295378
1.0017413221651166
0.0
0.0
0.0626390861637388
0.0
0.1252781723274776
0.156597715409347
0.2505563446549552
0.0
1.6988220860151577
6.4951371938518685
7.373183598643062
7.840627834183524
8.52100234954616
7.112964762228393
3.2478496465860123
1.692775234307832
5.312011696722001
6.334214497035521
6.535438668422807
6.9139698307121495
6.96026805633486
7.240646555820051
7.059118841044149
8.382907006058291
8.561098727016791
7.607394334157228
5.457826051011051
5.3834995151686575
5.930601368695218
6.971371134485715
8.409416563807174
8.898048523506862
9.022239089235487
8.834045285320311
8.78397244720804
8.609537692331916
8.515531316237684
8.391018549121668
8.144662624921795
7.820895925514076
7.742608723569115
7.228142356676559
7.315084882256151
7.248359109909686
6.886342652952658
6.8245439265036145
6.792231940025284
6.618731161418488
6.507370192473976
6.268052532683256
6.092175463927385
6.001144373568665
5.634058023463891
5.64275918133051
5.662354510376838
5.323771004782642
4.836751288863292
4.521514259078083
4.125037684466769
3.623606179322333
3.039126073676764
0.9504977724521753
0.0
0.0
0.0
1.750931395128303
3.5650262538640223
4.682974748338486
5.317843759722126
6.028004894281948
6.007859055801189
6.073794057409431
6.247022039444635
6.442963144870033
8.763145112512206
8.495374722269592
8.146469514118106
7.19930832495546
5.544626185869289
1.2986583310837012
0.0
0.0
0.0
0.0
0.0
0.0
0.0
0.0
3.0099273502651465
6.502105891549499
7.438136057438918
8.454074149355202
8.928416066988328
8.882176911784496
8.846046564385729
7.435558334379649
7.808093951788516
7.798134424417034
7.84529963534402
7.9783650817005745
8.272244063759851
8.575406149124284
9.005567670227057
9.311663017605058
9.664541315146671
9.646251369835152
9.197372124631341
8.934206401302106
8.747370437343038
9.13885540301525
9.498011377843277
9.240044517942536
9.172198150743831
9.279564829741823
9.205089404370568
8.915899932205454
8.783734673543263
8.52574760325081
8.251241458293292
8.071675676186226
8.093456434838147
7.513434884374135
7.283955046127215
7.074225042246665
6.830385349711188
6.782319922759404
6.635624652400698
6.7183537198888885
6.459448976231935
6.3498637853544
5.9504226257967545
6.049851307983699
5.839565450193598
5.603662959264706
5.817071382255732
5.478961732136692
5.2493049455180865
4.863626802264764
4.193577233645277
3.700839577167257
3.4896002328250066
1.547662839461863
0.0
0.0
0.0
2.029963511959668
3.5655835793199833
4.6260873739302575
5.162967490585649
6.018379674861328
5.896057130888086
6.055706587411406
6.3761347420654095
6.4797657169303715
9.175532756340862
8.917455585947762
8.490295326673357
7.547338352754988
6.17273247028237
1.5150109288631761
0.0
0.4384736031461716
0.0
1.088168933503937
1.0568493904220677
0.156597715409347
0.0
0.0
3.4763350853049726
6.924588393709251
8.268319018377994
9.017561329022195
9.429762397480044
9.56115110646196
9.561221460445001
9.415202881146444
8.949516026944604
8.999568287309343
9.212028688799258
9.351032460998171
9.425348440152657
9.575127554487878
10.191389491303902
10.224898668574545
10.315841539583163
10.296389665982145
9.96808223023669
9.860436680537438
9.860624405121575
9.920812155729825
9.914505004620771
9.846151386146591
9.795690594020575
9.664040000237451
9.203007795010876
9.064297333007955
8.717776005944016
8.666566910002098
8.334116083912825
8.234208787285743
8.074715599118054
7.867311234884581
7.405161376399416
7.165225100747308
6.988508370671848
7.05100270279181
7.054772598958815
6.667535592863502
6.302944743072031
6.361270571511463
6.130268072478628
6.1122542871124255
6.220250275197913
5.6467736353887545
5.575223980641032
5.424515490602273
5.51748490158985
5.149476765873056
4.851398614268729
4.268159404648438
3.111756427969229
1.892239716178763
0.0
0.0
0.0
1.94418751090225
3.9332098103342434
5.096319800726392
5.561125335753301
5.8557370434196185
5.931857528988752
6.226705298746199
6.232897152828042
6.438681652459753
9.562140820668768
9.325117068592006
9.088533594350348
8.686795989516295
7.2160766641794485
1.993136492592384
0.0
0.6263908616373878
0.0
0.4188062944244913
1.0094996986172162
0.6693626390794463
0.1252781723274776
0.0
4.610352922541589
7.598957501443597
8.81154676586888
9.473784281466276
9.932280020708006
10.345834332680338
10.338105806265544
10.187668176771108
10.135412398280266
10.017471794163457
10.158671675958548
10.185813960002745
10.391311805964056
10.574406045473763
10.612463474987894
10.638784890495002
11.075603804718558
10.89909490463423
10.622679182104074
10.581838359438484
10.729895284592276
10.585922793036813
10.398621594241547
10.176631826788679
9.892868666487312
9.903274701831947
9.632367020637332
9.138137385553295
9.12940368075739
9.09245295572927
8.74464860018346
8.465884838154569
8.279959456662693
7.945229041976886
7.430595680596561
7.489713418830731
7.190067180996505
6.948291728347353
6.845252254321383
6.66739138215376
6.474431826098456
6.459448976231936
6.376873467114516
6.3775872196547025
6.093202610395976
5.855503201451775
5.864488352964032
5.71865941501154
5.402350386435997
5.086972820877768
5.0559502086152905
4.453006616848955
3.25748428797521
1.9235592592606323
0.0
0.0
0.0
1.3044404380797647
3.5391118268461055
4.671054977234064
5.358268886848811
5.998659519729566
6.051855376458917
5.998398069262142
6.425652646606486
6.3676031255208505
9.787706623336163
9.828812005598724
9.76638298177483
9.331036116444727
8.65126126724266
6.802214549696442
3.2435692916315677
2.2649757766993237
1.6725150371546034
2.061754826267592
0.8091894514017155
0.156597715409347
0.0
0.1252781723274776
5.833630258375956
8.73607465602975
9.551121778064681
10.26800981490823
10.577389577623151
10.978525047316912
10.960544689908598
11.002062495884665
11.05437272607537
11.005786226449079
11.043144513055164
11.249835341043687
11.278380410507694
11.3012708722018
11.167467700119364
11.36826564297469
11.664803002326593
11.53577113024003
11.46997919420639
11.583250713451177
11.187938292041006
11.041783627373883
10.80602321635773
10.356706122095002
10.3419600791155
10.287697737910568
9.925481619574324
9.573609486596892
9.172323405281753
9.090429533506107
8.751759898059221
8.464750999821774
8.390843921158398
8.100208897752005
7.9692655521560445
7.703292043208296
7.36610295829439
7.215226995766204
6.904539211710592
6.7831936790661835
6.576610323374124
6.419936627551432
6.418747039984455
6.279791222601493
6.329597548562053
5.94514619352626
6.056494024583416
6.024369859672011
5.520821033679855
5.336023555819353
4.978707189516634
4.173387185328817
3.2918630313277046
1.9074672077213126
0.0
0.0
0.0
0.8127647085840757
3.35630890962841
4.635776200227245
5.468640613569627
6.098176393619723
5.970642148909337
6.133165821594351
6.357915776645844
6.377637723560792
10.171770796226669
10.090509624201877
10.414942799293991
10.322155072144273
9.865770066545505
9.226862087987694
8.70656240128566
8.168919942685696
7.259217899801955
5.152374472778331
3.392988257876663
0.9053854203087417
1.3642705243652404
2.1477731807728024
6.071849466540144
10.355700834390444
10.866143216180255
11.25251741743454
11.471356672903493
11.699124845589413
12.14265683320291
12.074910158209644
12.029861426088036
12.022635231610247
12.20679130255043
12.208080718560737
12.044039004118082
12.011592329809131
12.11372111741898
12.04194099252736
12.072135224539766
11.772623275969302
11.785331836990027
11.729391243326932
11.639214479488569
11.479937057726602
11.350015731657791
11.011287011232424
10.753502712622138
10.433479259550946
10.19979738874994
9.903219738980829
9.494252944768522
9.268982908904198
8.793759954695156
8.690368912895368
8.597107643279971
8.309548819817246
8.174194896493576
7.918905658810418
7.581295655552767
7.249117275703054
6.9817500994950965
6.749788936560067
6.542550824282235
6.5555545781824565
6.309756642890409
6.508491325190345
6.316568542708786
5.868452655344481
5.977454048727717
5.678372803371392
5.4167807238950845
5.485787321356171
5.27181027805621
4.559897633203702
3.688093326167264
2.7302375677604855
0.0
0.0
0.0
0.6175937643675762
3.8940302168259855
4.8505913393559545
5.571198693254045
6.016292895871645
5.889245231069707
6.095970655873341
6.527924850685808
6.300702757083418
10.61790458475919
10.722852539091623
10.850809218745699
10.951061523329187
10.644340116370568
10.298883389027184
10.091319449932323
10.038104880213789
9.634685606254672
9.295794698495477
8.805424937708564
7.469808222195004
8.440337263316412
9.840337911443061
11.116074608849686
11.83996048324153
12.459546266690806
12.856747474357078
13.01625995022663
13.239842641570592
13.45768808795274
13.36347999569468
13.21596118349949
13.178069021823495
13.102381903406965
13.074595968854002
12.980119727327788
12.941003998102707
12.873072890535008
12.678791123112612
12.586194006474146
12.258488725334407
12.258996542838489
12.016830620544845
11.99437086752779
11.893695759762887
11.55958433699617
11.34569822475002
11.09664960364915
10.741807651472639
10.639510315948854
10.236996271214261
10.069751555820869
9.471361401171375
9.291034512054587
8.79413250793457
8.709406306513413
8.315984551540417
8.16019272489991
8.042449598319289
7.60154558066777
7.365611330210747
7.355740162030017
7.01694320369992
6.730226993411713
6.679903507970341
6.534354622281048
6.472452730132158
6.240685974653048
6.056710200925967
5.891537441520285
5.660828985703245
5.846807910913894
5.428920197437568
5.43092742446669
4.8770227621435795
3.5195938701515224
2.540247195087211
0.2505563446549552
0.0
0.0
0.582678329831234
3.698907884194502
4.93501229864427
5.841498992590897
5.961992132496329
5.985076918672132
5.969496043684049
6.3140883597626525
6.315472661945462
11.105939184224807
11.115408227558175
11.240356132904797
11.288882032538483
11.41763526292755
11.130300261346369
11.16312568346477
11.013639473177145
10.698246933984445
10.780613233481251
10.03216943930447
9.393080768858798
11.326740669961856
12.237757911529075
13.10591425794614
13.644633463897192
14.070570343518126
14.477760834894106
14.833979419188635
14.911080195598133
14.917501235442694
14.817030144613431
14.545316877582142
14.323449951314833
14.139751133815428
13.762050621333918
13.582784691295318
13.55869619764102
13.3195782396505
13.19006630690445
13.179689085420149
12.901849050981758
12.572785409222949
12.633901133781029
12.425536346311779
12.257177883837333
12.036130876271608
11.584082267814615
11.58513238992132
11.259581117295282
10.805004716649034
10.545035375815317
10.22148410128502
9.647395798062572
9.422889513597731
9.28355882861467
8.778735293578974
8.335950139647288
8.209428688833535
7.971596853656459
7.911523093667972
7.46596084478434
7.380511757923674
6.951896253434975
7.037761031378193
7.019783472341268
6.715838937328681
6.584195827299807
6.193002675924403
5.965819810494788
5.792982982565366
5.791337509359258
5.7281705532283835
5.720378572849474
5.619579959127855
4.948978614752547
4.006107491409036
3.5933272805505476
0.5280543180289865
0.0
0.0
1.0633210532390307
3.9759591364954954
5.031783927800114
5.745470586054398
6.017201083583538
6.2925318070352745
6.046762634478471
6.336885283407222
6.575344979948013
11.611952112936045
11.598329627534909
11.805981509914071
11.959165189820638
12.144445858774434
12.08516081332836
12.020806518948794
12.093603161779221
12.301047465373234
12.10661808129706
11.60640607594486
11.138948059334691
13.439586600794485
14.288013576927291
14.934102576232535
15.882572426350727
16.25508403591797
16.404490696653376
16.657596485275832
16.83288370546548
17.026094654981662
16.811432619584433
16.61629223920491
16.271970502621265
15.7512567594503
15.391315515899839
14.886526035369263
14.480672573521899
13.992575068706971
13.789186413231958
13.489607193249276
13.530168422135445
12.988844948918656
13.069058248756038
12.562239716466838
12.581052072583972
12.245015943270237
11.924953320761723
11.895059866242171
11.378586830303053
11.021683382817397
10.47494236363321
10.635312356963583
10.226897583287723
9.737750169157676
9.195231399236281
8.860114273563285
8.435723521995923
8.370957458084185
8.216825105414749
7.825485968047604
7.691219716573221
7.391418125901538
7.189016281301599
6.792298348223389
6.708262781064027
6.4401344094931705
6.439276446243241
6.384687540892565
6.338193829730898
6.225584166029828
5.904826106057791
5.881855312638678
5.622254674796473
5.429676049885805
5.31456349145463
4.976196982861045
4.132209305606358
3.277795786694667
2.157179626651609
2.5584329950807003
3.8104993911198086
4.66155467234597
5.454377810313682
5.6415619346516115
6.3366473658938265
6.0523094703148645
6.232825187195234
6.473480156044874
6.241042850923141
11.95742372745323
12.208613190090809
12.204163948370569
12.46809255832508
12.658172556183867
13.071149594518399
12.979056963423824
13.427641698112815
13.31203269692021
13.669819054494827
13.199064517183313
12.902337677885626
15.533882648844695
16.456852149195186
17.07331605593976
17.54644110227721
18.268588685475855
18.694144586599595
18.912015883772817
18.983350738587614
19.04427947187567
18.621134955781187
18.5369008827807
18.093131285390193
17.66739450006661
16.81061209674871
16.624627049067776
15.886122221819354
15.179474959777231
14.50308983765773
14.086638307602362
13.734870404407006
13.561690858144981
13.393672644375988
12.95362613375496
12.815798649261088
12.704060072145921
12.401146647032167
12.145588734567033
11.648088214795433
11.374131353317741
10.986491290914177
10.655177706789884
10.38267470177049
9.664027713264497
9.414601699023539
9.049555372081421
8.620048477802445
8.465790604758014
8.066547377956192
7.962397929599872
7.496442652987762
7.424429605883129
7.256592198096048
6.8804045094410595
6.768805622983153
6.767922407780178
6.5407843938762875
6.756328208015811
6.308826714007672
6.129695019865985
6.051044406332877
5.844991535490108
5.523737438196687
5.453764449576169
5.402251518105437
5.130933785476904
4.408472270830248
3.6728312487635346
3.3301079580305966
3.4796880513519386
4.866787254151803
5.206403458256018
5.797764122400593
6.08532415731287
6.452781287123299
5.9964085078583125
6.13684205478361
6.350628041800676
6.5754891906577555
12.187071631367505
12.69262689726082
12.900052754208064
13.121942527017907
13.306141701544902
13.649764432098594
13.80614414829783
14.150793272301351
14.496780569080148
15.1610572793369
14.955140201364074
15.29662569971678
17.581915477628872
18.59328349053702
19.642017051045755
20.528781533465512
21.544061191777125
21.890198192879318
22.258844856270734
22.488888813879342
22.316235652427665
22.17527002429079
21.673879709132134
20.33786021024591
19.694957964589733
18.71078341325054
17.73044254404813
17.144401952469675
16.449215466792527
15.934581729527382
15.429821291591344
14.47071038081229
14.030023752862268
13.624266478353697
13.432962027427447
13.420696234388418
12.98236318381175
12.658759931655004
12.289931047806165
11.883048415887293
11.40302307405379
10.918324581563663
10.702464138290775
10.141953065692942
9.778861331760691
9.567611060832135
9.139157622129261
8.798117341842032
8.460835460002723
8.072109738802942
8.040716337358305
7.7381243790064405
7.370758383076914
7.38939966993712
6.905904596101012
6.8064009963873096
6.822154436860762
6.349099528908123
6.308278633903946
6.032072281576988
6.01455199686287
5.669285368951915
5.882534624382736
5.758759250591904
5.999565915658274
5.296726348530095
4.862424162819496
4.904402263430185
4.364890124915832
3.701261502185186
3.935609441282753
4.965951658853455
5.24242995076552
5.772712417320536
5.941419808659205
6.219774440171123
6.175540201999999
6.224056212025528
6.435340274925616
6.363130708721062
12.801069174476162
13.147719572058508
13.175870385661982
13.334932809810052
13.911780987514366
14.590375259691942
15.142071975303104
15.588789000494874
16.39736465269676
16.807227112357765
16.746093095813677
17.382448514787434
20.463909563382757
21.51246818164176
22.71499201780937
24.14756724035203
25.194098463809564
25.76871172640691
26.4388711540367
26.93883195366209
26.871438725975768
26.53959995336057
25.67090331208417
24.485344095460412
23.188679920247303
21.619671564882022
20.30697409435004
19.096907205448566
17.94972060574776
17.107488150071937
16.58650067863734
15.510715907638183
14.737322445046985
14.2315538037994
13.847837638126263
13.661679909738544
13.364762709504944
13.198916709271884
12.556444103637538
12.198227158312093
11.635332313314603
11.181951607539974
10.70069294528406
10.30877952559478
10.108214352741985
9.591382842887272
9.212964173388453
9.070952607074641
8.535621317021182
8.350661704194655
7.919399726087461
7.57367506740548
7.488394934421682
7.188634153078464
6.920402152044547
6.7888591942151475
6.432940381451655
6.511567157532671
6.135458032044925
5.8418753262694665
6.011081195134503
5.793226767407499
5.681139859072942
5.413339322449485
5.4340266288191135
5.238415496707274
4.840041053393942
4.894198944726248
4.830551590888854
4.483025222212946
4.087506005763794
5.336771600128955
5.327249628583371
5.883754414239848
5.869652987793116
5.994451432506985
6.022174866807287
6.380513172617419
6.3702057780058805
6.42976818713618
13.183572435247386
13.120404579336348
13.459534025372538
13.676983349425635
14.242829937557033
15.348051434197568
16.348848870832683
16.951791489440634
17.390975269498252
18.282903768245916
18.827541109060718
19.229723684218573
22.27861656820191
23.203054772377524
25.931518253908052
27.36803894866037
28.55464331520971
29.474314652030234
29.963681590194547
26.33152801117962
30.387631354744762
25.814820887631765
29.69746226292346
28.40966170861269
27.158004604646468
25.19943115248614
23.54343792538399
21.74127384227827
20.140097898887504
18.49410403976382
17.598770950872844
16.858305076262127
16.03146911586625
15.294303043215974
14.529371232467206
14.004421943648643
13.66066490040103
13.443855101997467
12.954833384226571
12.349326589713916
12.081551955024754
11.39326121173119
10.876371167781546
10.583489551819953
10.09237432113755
9.658916032590243
9.39747547200014
8.99673176579688
8.563860867978018
8.391911004470902
7.9824898558039115
7.694581616338728
7.316787697708909
7.386342604395332
6.995921398434371
6.823050124460302
6.61595320939184
6.287842934448813
5.947773539076085
5.729798360809199
5.724451025465882
5.651602830907858
5.636401375368078
5.386802301499336
5.2116801202238925
5.327878545018524
5.014989580038019
4.856941337179752
4.668310877085275
4.185309643762154
4.177871004503556
5.42433269076668
5.349761362146531
5.439198021431389
5.801760910833546
5.98513114589548
6.17621454774405
6.068495883968094
6.071501846958856
6.282390084860199
13.256385976175961
13.379814727118589
14.03063463231957
14.58457967932026
15.607729473584738
16.510690079177078
17.275997672426424
17.814349057669457
18.980278478773997
20.062095492773874
20.613711645040375
17.29723857487278
8.882075871187903
10.141982006615589
16.64170252870072
21.33616385860882
21.720168678570836
32.822039640892136
34.031448393827816
27.17461872710153
19.198509016365122
15.617264153036453
17.482462502618606
20.28782827595085
30.5074662450896
29.160015546127457
27.146174398926444
24.95546482245439
22.867122857304718
20.807025651861455
19.17399465545938
17.881576721507923
16.95125971009237
16.217957291091686
15.398127010952726
14.874106188124504
13.96582740192645
13.447081840290556
13.091426500398116
12.503753076362218
12.226147647824671
11.416766811166285
11.062951690297279
10.64641256251852
10.336959590692327
9.706810799303618
9.417349637521415
8.933765214543675
8.748659330552023
8.431513483719456
8.052870172702075
7.800701290845073
7.459495307509123
7.128159961934693
6.797841583955371
6.56021791937175
6.647053179728605
6.49162308616118
5.855099259273623
5.595585995464342
5.5020976597661075
5.221411280631457
4.822477652278602
5.022958249292672
4.981308807008963
4.660373379805527
5.112960153051546
4.839478843164308
4.6752309023316085
4.238853582647634
3.953449135740364
5.0005656436039665
4.947229982118492
5.288508172860007
5.3063253944761595
5.656569757027051
5.928992265925532
6.030370789364349
6.322403520520538
6.384687540892565
13.681425198841453
14.155331500371904
14.704405643321948
15.751488790924185
16.476885445751638
17.19567013207916
18.201436358375247
19.49619341296193
20.5551772984316
21.97090642533174
20.227822417416874
8.40482306684774
12.183432530503465
10.797336353177032
6.754576180260798
7.384823358959608
12.369664551372681
30.85037450128598
37.932422871396604
39.080189220163426
38.78636343161582
18.885526444972033
6.422919540891189
7.050666692058231
18.22983482004307
32.50543605908314
31.47312370734124
28.883222632037054
26.328165437667664
24.089362351133744
21.490606060655978
19.427526787602574
17.813803314732972
16.854794528149956
16.14934210172824
15.110905529247178
14.112072692426379
13.50558433035514
13.106687221858678
12.750445885934052
12.054133050405687
11.629363011617613
11.230730879516317
10.653896718925651
10.249302917105563
9.960534621383692
9.665366501410928
8.947448347660345
8.81099564255399
8.365429090790743
7.822247015998025
7.4940303070884475
7.27014517162151
7.059617986442626
6.740956895765495
6.741210606335741
6.354837568578147
5.703939661827291
4.565292271225153
4.395119417284633
4.438558317374228
4.461926051931506
4.773893591255235
4.249518445822316
4.651274151968956
4.452003003334391
4.583025432941823
4.419979332002923
4.557701884765688
3.864151345665387
3.7719266712927992
4.443519841672787
4.307931252299297
4.601579255720984
5.198304827798169
5.903106948219859
6.0393776820474505
5.996512959543623
6.3495321610373505
6.087774733316281
14.11296050573789
14.770672084033922
15.61282101497875
16.752036345383708
17.47812032302917
18.58037463058593
20.18360187394007
21.635814564073232
23.148053160341497
24.667483007799927
15.236481959356556
13.785316872814816
16.42950187745479
10.195592182004532
8.100060684959553
8.707317120796576
8.080514365260717
14.180546147250086
35.36482360971525
42.60515256385084
39.88298798766875
12.893482242181193
10.522531422191022
6.0443222899328735
6.72711117374021
16.223980384235393
31.687860260010883
33.40880772146589
29.96820512756608
26.805501891044113
24.076559027284443
21.303142636805934
19.1331402081562
17.417645494095296
16.54942766498516
15.389831742312417
14.267882510206638
13.517735162550743
13.27152934131889
12.625730489414204
12.14562699238404
11.649024971555427
11.027343609125836
10.568418851921178
10.281896659203777
9.777971117760732
9.35819838388471
9.188434420274284
8.717950254972513
8.356202236545995
7.811065498967479
7.448182179929523
7.042567812354107
6.97788796817857
6.594897464200173
6.296132843253652
5.569554209823755
3.8177904178579656
1.8358453158387495
0.7453119086933828
1.2599914793628821
0.8997263500137921
1.0208306711587252
2.5745863362558996
4.0384975495407165
3.97696878838956
4.1382058604846925
4.02324359284861
3.963955217792475
3.659058305042522
3.4700149522116366
3.921616620211779
3.8484356247004348
3.8046958516279243
4.626149629723535
5.269854482545887
5.701003495691247
5.892761306922948
6.026766521807897
6.212962540352743
14.994607676628116
15.527929483605677
16.80723761330658
17.679490790118034
18.85883050820972
20.488611167368997
22.485267881944196
24.14856871931645
25.97867061844892
23.69438178130092
15.933055460459006
17.935277239583474
24.43119257068433
18.97979922701805
7.665613465394992
9.574683562662933
9.123277483474745
38.06421980299433
43.341036879761575
45.4162491951778
30.763362990047604
11.161982456403795
11.152499312154312
10.163525206988538
8.33017498851914
25.274961859076637
40.20350376576666
37.40328139577945
34.39177079782405
30.311668646926297
26.930455261830875
23.404028933375738
20.613390230374463
18.203391109617545
16.768647993804166
15.742509552592194
14.453993720123858
13.707680495327896
13.231320762455706
12.596193490042669
11.898476514547985
11.470137463281315
11.043688398350179
10.573141340409713
10.287177672623569
9.910086116230628
9.619501491330722
9.093225893603748
8.663793969209431
8.510869400405744
7.954300439567222
7.461341185681796
7.354003783717845
7.15782619846276
6.465997706583874
5.973998067426559
3.691576747247377
2.6309188337795786
0.3168325908173919
0.0
0.0
1.2983080102606435
3.431590999742779
3.5986710027783024
3.2270893599028794
2.9862772096029575
2.6953939224622645
3.677019051535146
3.7930642515398474
3.456716212189191
2.7511839883905256
3.3384210760885393
3.0526153585817295
3.5319388304057022
3.9903232883716173
5.3265015842737675
5.4527236137064765
5.72401360745941
5.850149009003904
6.039593858390001
15.692327881264761
16.63394408186386
17.430703396831174
18.764886949303957
20.33241902301819
22.343038843971968
24.705449902317007
26.85120626925416
28.595415998880977
31.15881110398119
33.44556719703708
35.78543346335324
42.01626165474778
43.17200272788685
19.065622598580557
7.106883582503654
13.851323226112127
14.816102985348667
14.277904544220776
14.507401893333691
14.949070094550235
25.698656910322242
11.953309485430161
10.702768042261457
14.436237831567686
46.13626945056916
44.966031485159476
41.70262094562279
38.21938078143819
33.94811391847126
29.55224508189112
25.795001305610036
22.10939526489237
19.40074776197558
17.49262738472351
16.125429106376874
14.655672360966753
13.662739344104928
13.009519255280809
12.557913849270514
11.778130870676875
11.407858105120141
11.095960415659638
10.597629168163088
10.204069895263082
9.822007023174647
9.441494811012502
8.906521024217772
8.465373124993722
8.251575932504194
7.875948569858206
7.558038583680043
7.1157920468278535
6.86294772609948
6.315613361873004
5.630971388360734
3.117931357401652
0.1252781723274776
0.0
0.0
0.0
1.034462116427603
3.3732842319442407
3.0703053041982913
3.087386353213287
1.4857851419343318
0.0626390861637388
0.3364998995390722
0.3320600823599412
0.5943305641914232
0.4384736031461716
2.7884793399124304
3.8489929501563935
3.464243131263049
3.9946430103022896
5.191804530125006
5.608586590810661
5.742032270378534
6.257924507283786
6.256850647135432
16.38114059994896
17.25637024156606
18.456078377712736
19.997730818549204
22.111085508625592
24.075590034628302
26.520185647266114
28.470990274782558
31.366882308246726
34.71839739156484
37.45642590574217
38.60783664533281
45.02491838374465
46.75293420247087
45.64991596263832
18.430861325598467
13.294630437399238
13.350720166599022
14.003382090112083
13.096952412496618
10.215711126848609
12.424680293631587
30.11038485403158
27.57501501969905
41.025802351888615
51.26462355467543
48.96375676868167
46.179775646148634
41.81789171054156
37.446218042340014
32.73517683526897
28.268519755633616
24.15592070736256
20.60453204568976
18.33101059365867
16.692221632597775
15.044161537419052
13.795098003208217
13.218517953500527
12.547805599334236
11.808163246425373
11.115835733351503
10.751420877409258
10.481195810404282
10.140958054697045
9.748350157308701
9.27360782431181
8.970012549243474
8.396010630736267
8.309087683062144
8.024073254254484
7.543390013298879
7.170218594599519
6.87849386832537
6.533258741517723
5.5055113223361065
4.297358523017249
1.338553215435674
0.0
0.0
0.156597715409347
1.9531084138047368
3.0502828853973307
2.6667132873278634
0.8565391432065669
0.0
0.0
0.0
0.0
1.1600110139423407
0.9818173155340445
0.7115523936131842
3.5866174776722968
3.8957021931938627
4.147743559186964
5.162372771315518
5.387386187440724
5.8410684316889805
6.036274501470833
6.005328927837217
16.90508301226336
17.7468310759653
19.494066776302706
21.435554539752772
23.574375754703084
25.931499133387057
28.46694362908694
30.77402690289755
33.72218165344649
36.75555166448612
39.48226904264177
40.77290474125385
47.892647707642034
49.3546245443797
37.25062392984426
15.074336449665198
13.646382256778146
12.970117152924596
14.107378875087841
14.175458164601627
14.542602043606882
12.978890093974137
13.873657851635441
50.76074393313864
54.16938962040372
53.969332768352366
52.25202212673648
49.5148540275866
45.38929100891337
40.26234779413759
35.49300163387764
30.556216009892953
26.022125409679386
21.949877477079234
18.745546759662222
17.025388149255058
15.414386769149315
13.914863898259405
13.135407376412834
12.310538244784192
11.707471695284372
11.000875259568579
10.797062144959192
10.613773736998818
10.000704076045086
9.629992561942197
9.227624845085685
8.766744132568597
8.380903414920015
8.125745035654603
7.776324049196101
7.378734570283038
7.026266872578136
6.633739263238052
6.66206128154817
5.921113812842427
4.607795161682005
3.180646297970796
0.3437742195364679
0.4501258375063607
1.9809352367926951
2.660530504320476
1.4965521820256378
1.2367515745517925
0.0
0.0
0.0
0.0
0.0
0.5870562441940272
1.3379638895226844
0.5047498493086083
3.2279047993344925
3.634305971183653
4.216450227346803
4.849003839900004
5.359713894594031
5.435756619985792
5.758691433288819
6.0792219344891265
17.22041173760024
18.441034889434825
20.50079517611821
23.01854227704082
25.263037154423607
27.307506907559773
29.835910575519822
32.13946290152371
35.085215704274475
38.45287239353894
41.369742098665476
42.244509624161694
49.877888274824514
50.26961358403556
27.31531087899781
14.629419080625569
13.645396713484379
12.943341098421804
13.452016517580393
13.895435131136818
14.503705853491452
23.794802013805832
9.136761311933059
32.441913392365926
55.32922776585515
56.04923106915115
54.75204589208642
52.018975007203146
48.36408950503001
43.40906235200291
38.41228356839742
33.15691098647835
27.86634758363331
23.501256121047422
19.806101505192693
17.475586532127462
15.927118534328164
14.128071074132855
13.336425812568947
12.274951350215284
11.647609458227105
11.111470315426397
10.517521282423345
10.16970802594098
10.007056214463287
9.330480121530849
9.052172049077832
8.58121731387493
8.281138221520358
8.053787200569309
7.481545066102758
7.545266285489603
7.237341557059539
6.554026065289905
6.3213076397572125
5.770023022474998
5.096634258943971
4.26393988333353
3.224798155262705
3.051480073397699
2.9013220203482852
2.361292108042709
0.8689321319308514
0.0
0.0
0.0
0.0
0.1879172584912164
2.6310517260562922
3.6241635047782923
3.1759295819014977
2.294817792513807
2.5757975515341363
3.6286489164009845
4.000552066531434
4.756711422869343
5.169037227356892
5.81197774982083
5.6424711121393205
5.951622958245389
17.734578808018647
19.14537983809141
21.6806880651892
24.181750177170212
26.666187467382233
28.307718136914662
30.99189891390052
33.66384750177641
36.26279258282599
39.18293666540473
42.56429195646039
42.95248966106654
50.37763743789246
50.593161148636156
24.12141013370567
14.139827621488019
13.31804909678057
13.468373299175298
13.356816181441134
13.934889634756313
14.85194226655791
16.1633210089435
13.509485329774716
14.204002446380274
40.9181032949764
56.17959428898935
55.6552315189896
53.78163142354493
50.28899314416457
46.237029093790056
40.715256823401276
35.61558781381148
30.119638840864997
25.04519966254775
20.96605873286866
17.981772956053135
16.250601038122504
14.442728735455624
13.306361187634506
12.53812367494186
11.582854665619577
10.784589246845046
10.704424958860717
10.167789953600117
9.342634596326654
8.872630408346161
8.630602920263799
8.394853694374005
7.859851635154132
7.628863026289474
7.545266285489603
7.378998267164848
7.154862304482934
6.82758203449633
6.456943541332758
5.965054114493624
5.252105247350577
4.042454390691184
2.6795373162256335
2.703399110401971
1.6023487540804477
0.45012583750636076
0.0
0.0
0.0
0.0
0.0
2.070233678860179
3.55604588061771
3.7581694512756183
3.713872352747149
3.765342447716021
3.518499853511717
4.024811887321754
4.195601006522173
5.019318492313838
5.5164812880752905
5.409507668226833
5.681308969507435
6.073221004796788
18.10996044998353
19.96030107316777
22.348320739013143
25.42927886527415
27.486378011849688
29.46378392603532
32.30400008581204
34.417396613321344
37.266725682778564
39.35031019458257
43.25914914215276
42.784138344112684
51.01506914931581
50.75021349445443
26.226622509727907
13.273752845581917
12.84171952837273
12.745491966648224
12.168085073843255
13.329830386075855
14.568052078317058
15.194355032558603
12.571572692071891
8.074860149316468
45.85584831521452
54.49560537997055
55.42481664716486
54.76528254304511
51.94271610971965
48.21013224722513
42.861286111746665
37.498099101465655
31.685563294820884
26.21447826927001
21.62664174530115
18.3543575690669
16.051324380413163
14.214482344000098
13.112610660596973
12.075039926424537
11.221079785851227
10.693558769856693
10.016784130585652
9.631480275546826
9.18580413447794
8.550844432893708
7.941961426544463
7.426503415257633
7.721824472492576
7.519931530152346
6.95032080080437
7.027250128745417
6.889659527543917
6.411935140166078
6.171637047586531
5.496985156166449
4.666919471140807
3.8082128799007755
2.8665097571725053
2.5637580065287153
0.4071540600643022
0.0
0.0
0.0
0.0
0.0
0.0
0.9956848244402018
3.4971806937141303
3.287198084958907
3.361652631856165
4.037255618902388
3.325085855224058
3.7977056978726846
4.592313182187279
5.104138170131689
5.233933259391985
5.694190606097055
5.613747150094193
6.085125646595612
18.534202673464467
20.49169184111671
23.280048726282487
25.969618067402315
28.013800031770604
30.632204798978865
33.491338977460536
35.66036309982067
38.06491804557905
40.11787905842901
43.50951180875129
42.32148781523973
50.33513236128113
50.16215005481062
34.58888329412788
12.46069799911383
11.826666918236384
12.293993645119288
11.473744058654503
12.252581030697227
13.718236052017957
14.4474670823974
10.64958738403207
7.394088634230171
34.50329424540685
47.264168846470234
55.198603614010324
55.08115656294702
52.52416313091524
48.77434596176694
44.31305112100788
38.594150942111376
32.779820444235355
27.010343204402623
21.438811680000263
18.16196452648723
15.99673956338033
14.020922914635578
13.010967000024412
11.972506645145485
10.934776402489476
10.447543530670455
9.65936229530572
9.1358255615061
8.38522295679261
6.708287166464011
6.304443725166829
6.9118552120091765
7.005449044899863
7.2577772565146725
6.96328091237453
6.919678744683421
6.601208277038714
6.342100215482441
5.9579807642078215
5.041385797401959
3.679670278376911
3.3411135714745264
0.7938587884986033
0.7509282796007697
0.3758345169824328
0.0
0.0
0.0
0.0
0.0
0.0
0.594330564191423
3.556561937529445
3.486256280089252
3.397042854760018
3.7740680149257333
3.6385817321461653
3.700704176729227
4.128123349886951
5.345582749720068
5.444931633327569
5.374872016818833
5.757040092753973
6.040523787272738
18.627596251344354
20.938753630692954
23.995350333641024
26.704276518574435
29.101799300997527
31.39893981391987
34.30549612071327
36.21734585076136
38.34731255683266
40.354023835474024
43.29851405006781
42.25208957188895
49.301760310778064
49.86351076092695
46.19195096154154
14.661945264481137
11.46568090507344
11.416477000074076
11.230486351530699
11.797647542394161
13.204463454016407
13.37394494046925
8.711200117527893
9.534542803711535
10.56711239076509
23.23652875790374
51.88519168723661
54.416395923695134
51.75034099113837
48.91677439001135
44.71440286973644
39.33205405364479
33.08753857506197
25.077693305553247
13.165558947269707
17.66760681940014
15.534578390969608
13.506077479071186
12.589541692633178
11.650565298686015
10.56530098484955
9.7510496742068
9.04662144287192
8.181604626430946
7.176172243084991
2.218466314888556
2.190487950242246
5.348153700725117
6.4975506106658205
6.779262896974301
6.7994259680668
6.849019907911135
6.62881275258232
6.382683472417349
5.3691089301265364
4.60304350569717
3.7291818723980086
2.8664684886282807
2.536013720629206
0.156597715409347
0.0
0.0
0.0
0.0
0.0
0.0
0.0
0.680232850531315
3.5822942744626554
3.4718380527213775
3.779896075521925
4.0010950435843755
3.4896002328250066
3.8705841739646694
4.837929565267888
4.652883327136664
5.103823711914111
5.206662052651084
5.824575293443451
5.700498260381691
18.677118341439503
21.03313066096197
24.218034801705706
27.041525599089997
29.32468442097222
31.898301307855103
34.26220485351796
36.63030509230997
38.37802173512896
40.12445176171997
42.52611985675202
42.2715448610596
47.23967324905701
48.87628912502184
46.62333376900225
13.267924442983901
11.406923527574424
11.492469504378127
11.716351114945025
12.05809825886246
12.320714510880663
10.918782259526333
5.945024371432281
10.725951507550455
12.01609246506439
13.934331168665038
25.456559831314344
49.27199821570803
51.75249504133321
48.53891999327986
44.22243005919529
39.203404998531006
29.761363329970887
12.581901743415111
4.0487465092195905
11.090486836203196
14.684998498671995
13.178405046499881
12.120896962330406
11.114608207506912
10.01185750999641
9.252373858937698
8.514783465736272
7.122799127632127
2.3058975844982035
0.3445149739005634
0.0
0.8135467314923961
3.6550128845187047
5.2277913766989075
6.363512836944201
6.754799695123259
6.199576658229384
6.150584813177064
5.160050077810155
4.014852263601554
1.7911809277567006
0.7203494908829958
1.8791725849121619
0.8725692919295494
0.0
0.0
0.0
0.0
0.0
0.0
0.0
1.290231033082815
3.6995688915451965
3.199904247262898
3.3943181302965577
3.991421944444074
3.8447014654900498
4.191313003134801
4.679014150225567
4.9019614503090345
5.203217626015374
5.566285895036835
5.638981655009845
5.665128423182942
18.78987894284834
21.148598435940663
24.056366520732528
26.734396184439348
29.615782801960357
32.011745899953226
34.88967472653655
36.960584526265585
38.520005753709206
40.06144630433435
41.80621503025036
42.50029696693408
45.991631130081934
44.170736094121615
24.410822282302668
6.746612952018266
7.825108147368864
9.760313174983597
10.790881685760532
10.980686457758901
10.457093304335352
9.613137537092983
10.755660525491047
11.406699915655441
11.292616211488433
9.197288852678824
13.47649894823886
44.95701303915293
50.65211622746046
47.636950762553674
43.6580334268956
36.57165911078301
10.212843361049948
3.1604056806818046
4.130534065106645
3.835813714916432
6.900193768960462
12.437218934029453
11.723424135247146
10.381072357873471
9.485916480038258
8.438128018798222
7.661125892625208
3.192056369750877
0.0
0.1252781723274776
0.0
0.0
1.5719028576393903
4.372047397652403
4.954085792303511
6.221749567287736
6.4873418731950245
6.205419222368888
4.809723800685679
2.4420848122997527
0.4071540600643022
0.0
0.0
0.0
0.0
0.0
0.0
0.0
0.0
0.0
0.0
2.576953470990281
3.667345952394844
3.2242201955346337
3.306281258695578
3.433671534208461
4.3104980022291315
4.36824659121208
4.694441700174179
4.9662661170710285
5.183146705573367
5.559928089074403
5.642379761882204
5.72415609917014
18.660739045389562
20.87048147040513
23.946076651646955
27.018971389026245
29.83352249200186
32.12264776353149
34.975136662339544
37.415467827032984
38.54062246016059
39.69313795751522
41.27130811785973
31.67589164966834
20.429246992282156
22.030437511971773
24.323473647420435
9.627880577194814
7.431023362709724
9.190372047669351
21.791774917336138
25.20355298722805
24.11407984292444
30.06998051027054
36.48008273411562
13.846834145528018
9.668972093101063
7.568298602816874
23.728686538849363
51.209704589644375
50.01495031241696
47.28290942238848
37.33794672529444
9.44266747991665
3.16231594165993
4.486505025592426
5.0292632166227085
4.25291167564773
4.398447844655605
11.536230220590825
11.230756551588913
9.847785872569233
7.514489421653489
7.186434538244497
7.125663215008585
5.775796362034035
0.7880368129554732
0.2505563446549552
0.0
0.0
0.6286267704554684
2.6392173973767403
4.944087483192826
5.022826590910689
6.161462308507296
5.990179603526867
2.7518623885395006
0.567388935472347
0.9395862924560813
0.0
0.0
0.0
0.0
0.0
0.0
0.0
0.0
0.0
0.5119622664896664
3.779203349627935
3.9259555471252563
3.2929776822396235
3.7587267767315784
3.9708099711096843
4.018769265497102
4.190639482223617
4.384973469600302
4.934079086922814
5.0897250670263805
5.342881645025063
5.5773195714788955
5.684435683038081
18.164715589982396
20.35778912119231
23.26583067856478
26.32280745328723
29.41866602538367
31.953096550986384
34.94330806982076
36.98482676549034
38.35218800007765
39.51741119717224
40.42615793213217
40.35359089983179
17.956920910202268
20.328078088817584
27.085127206239083
22.915678486689195
12.089561835616635
26.073796765709456
42.726366988456256
42.75616821666208
43.29124743305301
44.320149001870995
45.42592479946103
21.204363635630084
11.063018837397673
16.510314632753005
25.447698256319303
50.642102483169985
49.3873363433877
45.60158340521262
13.302025971932022
20.609132623422507
9.031544364489132
5.759732065711001
4.933190567833929
4.772513544088774
8.712473288124391
12.416042429972595
10.737403183893196
8.933386982668168
3.918305535006545
3.871462563653811
6.448199818116096
6.259142857586009
4.7405874457461215
1.0628265504093646
0.0
2.130114959178179
5.439181438923149
2.9839828610761283
5.184750089694478
5.610306226223448
5.8060542621614015
6.051003207753555
4.225064851623039
1.3718988433355264
0.0
0.0
0.0
0.35176865962584664
0.27386081337533336
0.0
0.0
0.0
0.0
0.0
0.0
2.3607686780246353
3.2454513971413177
3.359980655488287
3.666080177341061
3.839773494577317
3.4070643812965518
3.627507457514048
4.35070612330094
5.041679926027635
5.205096219852627
5.534836075869477
5.691169922000443
5.70943634598589
17.88202576315234
19.857529365530805
22.731264281212948
25.92991810991778
28.54739958011326
31.557065288308902
34.407917063315
36.59806407915756
38.28124280304937
39.31035469753481
40.15836639199792
41.442295653371986
36.06305713136486
14.919393526008227
16.06038975914026
17.77178171585293
30.66095931606116
41.78790347596663
43.441176389503816
43.39713754046609
43.86550519748167
44.4980967066951
33.86460832366132
13.993790258332643
23.441951657279827
21.722830219122166
46.365906935316616
50.00720919476602
48.6582906117945
31.027478456436224
27.738092394830826
32.27023401205002
23.761444114624872
13.03028251195571
7.013492138980193
10.872223523434847
14.659453950073164
11.695480873140514
7.785332916441246
4.888900990846583
1.4191918249693363
0.777209411503324
3.162598921274748
4.5095158580273536
5.035872660166471
5.2742201827663004
4.363887575972276
5.978939744671307
6.548241591384244
6.515212739755327
4.529620063092775
6.466761963030148
6.121735754747464
5.83423886624531
5.102994761289587
3.695178231098686
0.1995694928514055
0.0
0.6832507822577161
3.2399558919679854
3.486306829459404
1.0623599288759413
0.40641330570020673
0.5316295752113467
0.0
0.0
0.0
0.8645542175680583
1.3328245865236825
2.3717075522187216
3.720894225045688
3.9237262453014177
4.059149362130023
4.356275896581557
4.4909702634014
4.931652132320519
5.303475687110583
5.615035747030207
5.620050828154638
5.7125896782403
17.486761597911467
19.120716489775685
21.780657661466766
24.622524593472722
27.835024959753742
30.604057232324664
33.79189547731749
35.87708902049402
37.93410971710437
39.20720133853844
40.30881912144674
41.62007034471575
39.80363568990651
43.851963059239445
22.317489514288415
30.739230726329122
34.70726391926262
43.845001600674955
43.77462841441003
44.00925609514039
44.41454378487713
38.23045768979724
23.144823920166395
32.08267974080679
24.83551531947491
41.488006488416566
49.31671890584473
49.233544478252675
47.46088285716172
39.31962192238563
40.94580899620411
32.24365610263731
31.021512070484604
27.035140650119565
21.56013379942233
17.797759352738453
10.770188664669426
3.0360963931876683
1.4479733017633867
1.4050015243213283
0.156597715409347
0.0
0.0
0.5637517754736491
1.936167677350083
4.172314874993934
5.736542443324492
6.479217916270772
6.64272497363856
6.817895155187367
6.694638981427272
6.575081810481572
6.4115277599898945
6.239301951914364
5.815256798615131
5.64959657972082
3.5548739353982133
0.3364998995390722
3.1620759473415743
3.8073945207168194
4.471039138286933
4.053257864447239
3.690609152570996
3.734328291371394
2.7093057186081317
0.3911032770692073
1.4166537586815175
1.7624391895837055
0.9504977724521753
1.268393968569925
3.058794691156325
3.798414147470508
3.8679329471229043
4.143148179800443
4.9760466830116865
4.852178838811905
4.994649231872196
5.154718560278436
5.535934125410892
5.5080249048266205
17.164502522841072
18.67816721485901
20.91342782345594
23.761031291777886
26.56860501797435
29.597556308465045
32.70569382137293
35.3902377093117
37.46812074772717
38.822698489350614
40.00916737453146
41.41488055887099
40.52533993117083
43.40574290859896
43.56628584812439
42.954626929503476
42.713398580954326
44.309500474411514
44.405402749968225
44.300359439502635
44.786280974812996
37.852713300986345
45.60997638684669
36.96442471033945
47.5953551100733
48.92264347927974
48.77955059990843
47.788173946896805
46.035682695913586
43.097275776902244
39.63509025332587
35.860746280078494
30.768846497210077
26.00909347502305
20.84428397914876
13.096292396580328
2.676262600070123
1.6125860915342247
1.5033380679297297
1.440698981765991
0.4071540600643022
0.5011126893099104
0.0313195430818694
0.2505563446549552
0.0
2.0820650146751354
3.800190226871684
5.985868415726777
6.50639327046735
6.568176203859542
6.873210481399544
6.4797404649773265
6.397810253549485
6.301538979162503
6.080486998471112
6.05890519379069
5.409108448417579
2.3518451014869424
1.453387275850942
3.914069141000582
3.9932610397932784
4.374609291002452
4.020305841426947
4.133986339169783
3.888393796315428
2.6793879356870205
1.2861743805387014
0.9111218864645896
0.460397454958045
2.875714799359663
4.160776334766854
4.162344629239996
4.13202783822201
4.365934647318842
4.578025687083737
5.003471214792054
5.129930171962341
5.327354897938966
5.517342409879124
5.745470586054398
16.793804240917268
17.88765043245377
19.804031565437427
22.403420371090114
25.63780676591291
28.241527876045698
31.354653906894303
33.852282891164954
36.50118724669251
38.035518655153034
39.25148183498468
40.28449312659929
40.82822403844768
40.87092030452408
44.315597771573096
44.902598445030335
44.75781486187072
45.04672472329136
44.92154279463571
45.18044447423599
45.67795342517122
46.16385808358097
47.51678686316806
48.05480515629537
48.93099311807012
48.839871551993596
48.164790959457605
46.84810281456749
44.86846384784813
41.773816988084405
38.46247390592879
34.34029751920931
29.78924596922322
24.671277075140033
17.446600946850626
5.67658699696126
2.4704369602866425
1.5025973135656345
1.00222537861982
0.3758345169824328
0.09395862924560819
0.4071540600643022
0.1879172584912164
0.0
0.0
0.485082540586928
2.807567454282928
4.798462085897793
6.171496347658988
6.68911767698805
6.54709520671483
6.260739545885043
6.493270557810429
6.349341236647845
6.0472727473409496
5.9902886194092755
5.4557825099340365
5.069440198353414
2.1247770219823066
2.820312775250967
4.294898476719407
4.1069415375361125
3.9447444199499015
4.086918608200981
3.9028594659304305
3.4978878801773288
1.745420090562335
1.3343793642531294
2.948753636061128
3.6252781556902107
4.348376620861341
4.075100684148771
4.054929840815115
4.0882688601666946
4.488054187691493
4.8266562647050595
5.007499527369152
5.338089671861096
5.2378532774233735
5.255710807164393
16.16185746729263
17.495727442417103
19.13032908148645
21.081570731763513
23.76042370234705
26.70217153624226
29.738253209276117
32.35680707923438
34.62289851993043
36.80363653397185
38.33339871940907
38.75547091882685
37.580577590828135
33.2894178204166
41.19086705522726
44.99144795802147
44.68610544200041
45.34066795619767
45.55901527808475
46.03050700946012
46.894586948066
47.79839246924742
48.5319359934785
49.08007939484613
49.46401804159847
48.80880301863089
47.875013109469215
45.92761098400855
43.472442505974136
40.10715146939659
36.61727212237892
32.794788541173006
28.658193198882852
17.735898459255523
6.343640737802629
2.69700745199738
0.7829885770467345
1.7538944125846845
0.8456276632104732
0.4071540600643022
0.4384736031461716
0.0
0.0
0.0
0.0
0.0
1.8680913217337265
4.522595417431873
6.0226507018340785
6.42674852736981
6.3301923423455415
6.581681044739599
6.466192421199705
6.384330664622472
6.100609303997842
6.085817657964953
5.666132036697503
5.361863613333882
5.252419705568151
3.6210059868153084
4.5458856071499225
4.2449249012783214
4.1906394822236175
4.340783074703824
3.959178371021607
3.3821292047525224
3.2469260702548275
2.055247191588736
2.5067031093721814
3.485657686089067
4.1077805309921835
4.414688514652457
4.193136103644544
4.700358111905952
4.805179316631373
5.0474460379100465
4.9978242307840945
5.373459509059844
5.330260469127053
5.477433121693363
15.517291187447476
16.992677633634447
18.255270400331003
19.981362939395027
22.44357721794269
25.04051001410793
27.993181809849727
30.222011430982295
32.66936443476539
35.207628894985795
35.3158810335933
32.92674924223386
27.113649843049267
23.772999515552463
37.394383377065154
42.09060440218134
42.51982531398922
43.499623338517495
44.7034647694813
42.863858663450294
47.24637991537555
48.74767158903948
49.98539917279279
50.2890517954564
49.90760500174072
49.08100127602877
47.20499577617648
44.93500189814623
42.2432598179789
38.88778273941983
35.130114926595354
31.486180454016996
27.118317395478904
8.760216311791536
3.633252277575113
1.1793663289325356
0.0626390861637388
1.00222537861982
0.3445149739005634
1.00222537861982
0.5637517754736491
0.3758345169824328
0.0
0.0
0.0
0.0
0.1879172584912164
4.033194690963625
6.0310628007336895
6.288726149651787
6.390259349237876
6.31478065057612
6.335908361400595
6.212962540352744
5.990288619409277
5.886023091736395
5.601849365399924
5.423511877087711
5.376917816052299
5.07064692677019
4.466884888901147
4.1795652075915015
3.9556832941439874
3.4885415360545897
2.5955376975197684
1.8610324311014974
1.2279338430098687
0.9111631550088148
1.2556368603651522
2.5336653723633695
3.354813602242788
4.22686532947075
4.796371192230372
4.424481019391329
5.028853993571354
4.923414035342049
4.7358010472809875
5.185573660175662
5.318577945512872
5.314832919178442
14.623418077367774
16.2181667721087
17.514772298247816
18.956566297679334
20.575170235292056
22.965360079171038
25.226302557447994
28.005695898810032
29.516428689296266
30.10206424640538
28.40498020396572
23.15601510108615
25.76068622253815
37.69941499667688
42.40465951872098
43.474594380294654
43.970072475666385
43.97533935108262
43.41942654819585
41.14847995929697
42.815538329656526
44.584243435314306
45.526884384632645
46.6366875437435
47.72124840723178
47.978255663739624
46.14369919810969
43.440899122634846
40.51678603052596
37.15942442151762
33.41155372006398
29.987553767357877
21.24806621147929
3.027823553618259
2.9011156776271627
1.0757759447796527
1.00222537861982
0.5011126893099104
0.0
0.0
0.3758345169824328
0.0
0.0
0.0
0.0
0.0
0.0
2.813117848242403
5.684343052939959
6.218678559407799
6.217269284716069
6.309875601647107
6.453044456589741
6.412173057679473
5.992182755010438
5.844364255654117
5.4793780838749395
5.044099360300771
4.052515779821433
3.3500280809375385
3.1613621538841348
2.799208204289766
2.616671253068658
2.8569120506347527
3.4349022144209247
3.2387209599909554
3.2386796914467304
3.075775387397321
1.4945822392041432
1.6009338571740357
2.3152768239683104
3.6425969876487603
3.9099850201237034
4.30303499992986
4.651123852119598
4.804060270829946
5.044690766571319
5.080892250777782
5.430249102498449
5.095490850101866
13.977327586824925
15.187053347163069
16.57261622837151
17.912340495232275
18.978824089840906
20.569062831371543
22.879545131656343
23.87377232074866
23.817123582087447
22.97975779106469
19.217326927267848
26.177121071746697
36.29122393807174
40.10197004723139
41.089241977629065
41.67265082447301
42.13223627773553
42.91480582586999
43.572299254019235
44.26470425362378
45.314092513150364
45.45999521437849
45.53817590450595
44.56416382950424
42.94342386466788
41.4751801496861
40.00897038414062
37.80053967829883
35.03205535843547
31.90343005091247
29.075541630832305
23.582267492415536
10.852339313381652
6.5655616717513
2.1177663354356495
0.9628907611764596
1.3869508961454327
0.4384736031461716
0.6263908616373878
0.0
0.0
0.0
0.0
0.0
0.0
0.0
0.0
1.3565279135173638
4.238087132651009
5.124866873606036
5.224754481862939
4.664643239817799
4.462565510530314
3.9941382666729095
3.4634808336008223
3.31291569368704
3.0198389124486456
3.113850329355034
3.829387035270911
4.0322239660949215
4.001095043584375
4.000537718128416
3.8470344492086195
3.7323904246957333
3.583210358985578
3.8024665498040866
3.636352430322328
3.5864408086900417
3.0678696596533275
2.3139814052412047
1.7800952869396653
1.821420481476633
3.6667886269388843
4.210829530540077
4.515164261254286
4.8569413371797525
4.617464754802301
4.734783575247572
4.929061019350009
4.951107994846232
13.282214016434885
14.032894373090892
15.407366355564337
16.68421145118953
17.501158564459686
18.155462743104557
18.76094879659503
18.58634479443742
17.335011437304804
16.092779284739905
25.235750121633032
33.21106264501494
37.42286288795891
38.58178954436929
39.15295529413463
40.039496544956684
40.709925628555226
41.22738267690094
41.79543616326906
42.419814643635156
42.73101157330561
42.59187802526425
43.25512167848277
43.180992420950396
43.08399968606434
41.882162242387075
39.51557080681126
37.00636114221848
34.301299381377746
31.104481742742028
26.320962138339745
8.022859300411895
10.861032418506152
7.294457039962691
4.91940649968658
2.9291393851312444
5.47913167206067
3.538673608769616
0.504765078809376
0.156597715409347
0.0
0.0
0.0
0.5440844667519689
0.27386081337533336
0.0
0.4188062944244913
0.5324322323917797
2.5464566346920146
3.8892072449311064
4.901345384134073
4.719231157576637
4.831188241831379
4.89218946472964
4.833366092830749
4.8203062668812615
4.493994962463939
4.485858439253479
3.8864352953676535
4.278254428806668
3.979925744794027
3.6917238034829145
4.040360489305377
3.6894945016590777
4.003475469550077
3.9154385979490973
3.782018214172055
3.7333696751696204
3.6241635047782923
3.5528373283199874
2.9765282560572506
1.1849620655678104
0.8412497488476799
2.687332020588133
3.5103901382762785
4.3815994447576925
4.749444759171862
4.533330536693849
4.989767605629896
4.792391605734621
12.512552971272514
13.146414287949632
13.881018145108323
14.588460181617885
15.359996290081542
15.192502650719643
14.841159573516553
13.020426951572997
13.974954890689784
22.633613407820977
28.87156395302961
32.847131623139546
34.90795601079606
36.32853630793524
37.679014666302976
38.25444372841065
39.018628925093
39.726720234285295
39.68766442873486
40.221744360793316
40.365448445508335
40.46408111906501
40.523687187673566
40.17021782389311
39.41639355256677
38.43447350326263
36.80875573808891
34.788134048686395
32.291220059261775
30.027814017018464
26.851472173672473
21.32133802506497
3.6349246020765857
7.541059923079409
6.377067045373059
6.246897198064818
8.371457388352745
7.588073843833778
6.5933532160048705
4.265719173087081
3.341825608906932
2.949855022995531
3.9024172715727605
4.026192428541456
1.6782198140593019
1.4363210674031974
1.3889713755983464
0.9315712180945902
1.1370179542845056
4.136669284554844
5.164544156712856
5.403397623330727
5.36736029749248
5.447417476942482
4.979791709346117
4.763236083583175
4.603191118217611
4.589203455204504
4.012169318216492
3.9831660156350495
3.9841452661089347
3.7603987530994574
3.472666179053401
3.6231842543044053
4.20985028006619
3.622491528410415
3.635237779410409
3.824328574488427
3.724946627379265
3.5571605315296293
3.4597845276153754
3.308511823654041
2.09576269021372
0.9709058355379506
1.6810179889671686
3.178890983182694
3.890216896825171
4.095867262903995
4.367350171213674
4.903374286874948
11.386760219717667
12.031712407330357
12.66246059564267
12.592322387831835
12.089237676163089
11.297511955324179
9.748643978132446
12.757359127435011
19.339503584119726
24.133434160157126
27.546817901965127
29.64105268389851
31.631825986171364
33.82158233809715
35.13728800673416
36.40810617178924
37.417570011393806
37.759536869370066
38.10062214252019
38.36615032980166
38.27085233784096
38.27066848351678
38.06267760543087
37.35516522283673
36.1025888161705
34.77602411842185
33.23216072826539
31.664644501203227
29.710769092838333
27.245962366201596
24.819852348707037
21.61819358316027
14.927448483883037
3.8386843590767974
2.831386956408749
7.057124942513029
8.395695573317507
7.578356166064981
7.004480810866308
6.357428106997489
5.767704193300657
5.210721537203096
4.779356142825809
4.1079207880099995
1.754531614036144
0.8609170575693602
0.4537629975050586
0.5003306664015899
2.7711033872085276
4.999258735245287
5.159792491673751
5.321752944424775
5.514810185921231
5.461231138408759
5.131517671418294
4.908556512815971
4.7919580196425935
4.758732508417323
4.503481737640103
4.245031604910317
4.147321634169034
4.019326590953062
3.72396737690538
3.9118081206334465
4.113406084378692
3.708012573607662
3.8247504995063544
3.714429678203108
3.265886701493449
3.3068179498794255
3.4636858058070876
3.9686776597582654
3.259589784166371
3.015305548044651
1.662832188973679
1.8025970984796107
3.4364594246228846
3.385473157488277
4.117036561694344
4.167511682485495
10.479876326739193
10.648445312087752
10.41591150239063
10.047127464477885
8.619651682970149
7.555130790986561
11.843257543481554
17.02408612389118
20.094393768283755
22.62838776780624
25.042380894718274
27.09581687183667
28.902032419714196
30.49356866073887
32.03040467730451
33.227441488984084
34.013359722861274
34.857654387749
35.28695150462167
35.27141758742926
35.34434471373354
35.22689315527878
34.4973605129029
33.77408804981343
32.39479412022035
30.97843733320044
29.817847614549
28.321602455705825
26.71364726547371
24.399312335142543
21.843633268889512
19.302009605520734
17.079026803866704
14.456015583473416
7.79291511894654
8.437271003779834
8.952398389009087
8.275794298711226
7.617150172803255
6.6503978502072405
6.142388890620001
6.223580376998736
5.925289414012507
5.033791154829238
1.2105024431062694
1.6939287009636048
2.61795356638109
4.239368779565591
4.463908915919955
5.064202164112613
5.311095700982643
5.297817869773881
5.710439959500451
5.664555370570298
5.3171546044251405
5.427845892064714
4.933225773257613
5.055519976520299
4.197494235540825
3.8571294733668493
3.9003119209834
3.583210358985579
3.8041385261719656
3.8489929501563935
3.614203881058094
3.6439316280768246
3.484297779141477
3.7695619690309297
3.6469168217456165
3.386030482944236
4.110858539431661
3.4912722091928847
3.2890764040479086
3.2236216015344485
2.9238421866194666
1.8499674245565751
1.5090277078383723
2.760610013757135
3.771473027731573
4.031682635478425
9.279321662107332
8.880130067605943
8.090268238312158
6.8434778046506946
6.31721814495903
11.122653984215743
14.896186458818667
17.194822988203974
18.65872621739846
20.476438033104586
22.49660979375047
24.248556706950367
26.274251047843816
27.416669824443524
29.045225686170415
29.89542131758484
30.91899685747337
31.25535132010348
31.634594059274093
31.651281737932443
31.862648243336718
31.312942763744612
30.833666538940793
30.13730620022301
29.039614009243007
27.93463709623448
26.63649490604533
25.462652494697465
23.56252916363977
21.633300628978503
19.67020217644458
17.929193493724018
16.256167450981184
14.030973855482953
11.679924338518385
10.185116246708253
9.302806444360117
8.547380192411952
7.835709427004129
7.165977175887774
6.643463978131792
6.16318146634523
6.153335193029138
5.577792747502316
4.550855527843577
4.330516074984479
4.657236602453158
4.418605516548005
4.9589125057326715
5.346271905017054
5.560788090726405
5.576370085866321
5.381889503282127
5.451431931000726
5.526328551167197
5.640558321137052
5.290044530862349
5.261301927349842
4.289328703438786
4.28412993164999
4.071760212691986
4.299423727597016
4.210694130102047
4.004788957986621
4.211975899995293
3.9960633907769094
4.08479298827188
4.219337055242359
3.895144867737905
4.117975860747124
4.1463423836951465
3.6828788306746336
3.569906782529625
3.8445343465087207
3.537241284089231
3.5038843228894745
2.692620522682595
1.6351498058905074
2.192918352640498
3.215457759814803
7.4007610326497195
6.759554650016287
4.804765352552378
5.741706866119007
10.46645640086974
13.257176279747547
15.290714183839741
16.692565685855637
17.87807139256249
19.135116690654964
20.302079251358634
21.93044324200886
23.41329362816135
24.705925303256823
25.851312313738838
26.557554606570037
27.472793321430146
28.23604479063373
28.266847338096483
28.07988135401703
28.41220392965493
28.14652034845722
27.448300409594626
26.637678103966838
25.92110422493566
24.495944497580663
23.315479508434688
22.014240673798326
20.553732052174958
18.80611894588329
17.892073653381157
16.89594384203983
15.278267292290627
13.402395364368697
11.746618694822391
10.347621628093377
9.592565951691224
8.662254449380098
8.087891084485523
7.4617694948953215
7.032752515392251
6.6207607612908745
6.30801574388163
5.837699824420749
5.406983092718405
5.5083905044978065
5.435420495110726
5.17525664510538
5.685347946295525
5.782925410459648
5.979562568888241
5.966200219718911
5.543332767243016
5.812771944776032
5.539186654802788
5.123160446565372
4.726314272104823
5.071136047877801
4.488425189183317
4.221295556190133
4.317789028967287
4.3941959469166365
4.034317867480727
4.253975403033547
4.405270221548753
3.895702193193862
4.0388239133755315
4.245705125821501
4.146342383695147
3.9297531434222375
4.035599637373974
3.886435295367653
3.7271759292031046
3.9875049425485254
3.779760675083894
4.03333861700684
2.9932808044130925
2.380156759583955
1.6824994976953591
1.4195295300440076
4.917733843348552
3.9237723122477344
5.675454221546276
9.574987694765403
11.644301215507799
13.257719544343832
14.534666874267586
16.074652237350428
16.923603706251185
17.938808866808955
18.6357779087845
19.639675959696433
20.992773117599967
21.820498072998088
22.71484533245049
23.570171663934342
24.206840653449145
24.926928092347445
25.06049053756266
25.004692536653454
24.909037822895762
24.453231208906374
23.995406622504074
23.490662589219664
22.4223506464039
21.074521951003945
20.432358667488657
19.284482015191518
18.19221777153739
17.450819777447464
16.859797080511232
15.766641445836077
14.14528770647373
12.911320393501038
11.64450215440423
10.845690259278854
10.023589113009733
9.24268240634308
8.470687183442001
7.797178402662722
7.5397217187736585
7.2909479771660575
6.744473852285375
6.635530945597044
6.256120263206017
6.023104795690023
5.879903203287358
6.148887396509976
6.0572832535386105
6.218509376189137
6.019639861290395
6.037755741795369
5.663982317957654
5.526952745233452
5.435420495110726
5.31411737485507
4.859249163907593
4.9282564317661555
4.742549096966205
4.535117062080508
4.740699986979343
4.359450895493458
4.202693007329621
4.18354748141617
4.728670824914014
4.442169589707073
4.225886078996865
4.057612786200178
3.919944643843902
3.9496323344605764
3.906354542808053
4.032526485514281
4.138205860484693
4.193577233645278
3.7127577018352307
3.702804251817938
3.3145276375036747
2.900805963436551
2.772631385474472
1.8965763619973308
3.341709268864681
5.744048703858518
9.148787197006865
10.632801183069065
11.942458203129076
12.975532774140328
13.929630938321411
15.10148233747146
15.94471027343071
16.87862753788371
17.580824841579968
18.054619500183787
18.78466315327965
19.53377520171179
20.13746660156828
20.86147862205882
21.227315217371086
21.63951732663901
21.792109125246867
21.91539441774446
21.964967240457398
21.487052345185525
20.891141727560473
20.43674640140216
19.922077361873235
18.80960568798355
17.997087733073
17.536618096975197
17.015787319951887
16.50316956328004
15.939114125368933
14.601105167438801
13.688291934924678
12.885537735444574
11.94761762262078
11.193136648974338
10.311406858591134
9.49820205938375
8.910711103603166
8.28954715090084
8.02596111582012
7.627226439136763
7.173168363101372
6.962679784430384
6.849402036134274
6.645070763102021
6.5318744393349135
6.465857286100457
6.21217331139755
6.265597881134292
6.335025425641747
6.1086862677982054
5.809567471068011
5.954996542387903
5.7951051921269965
5.529481883421608
5.286299504527916
5.301307326903357
5.346691632590229
4.726467259283099
4.759736121931883
4.665918790045473
4.410468993337549
4.045086412550141
4.431229069076545
4.291723477807506
4.411513515740558
4.369308672161452
4.543861834273028
3.8078007220309145
3.8848987194378077
3.86303669475347
3.644640077674649
3.168931359462496
3.416466679560792
3.52170840580944
3.35503696087172
2.9799978622292507
3.1255851008036726
3.109039479837898
5.499450619222665
7.957782063672838
9.666114109486704
10.668746979617852
11.700167816122931
12.734809928163713
13.723771612845383
13.976192181032971
14.881395496696204
16.059058883019688
16.587124848247317
17.074045105341913
17.293801130799704
17.861932315200253
18.479034899238865
18.883997529051378
19.16722017155849
19.492638869288168
19.470460040097986
19.508755365555103
19.237680445431845
18.85550706474083
18.660785624933524
18.273774485747932
18.047200377439136
17.461568123438095
17.105820480524308
16.70215391146511
16.390317645650033
15.565284083159385
15.018402121155296
14.13325820854906
13.424769364532544
12.92583595725523
12.062170627304893
11.411054840900398
10.453680837338327
10.022457498147437
9.562025396496715
8.920827187905836
8.553124299920297
8.13942224090872
7.972469453010587
7.5907348874597655
7.314883785253478
7.289801592496642
6.959566887426404
6.813049767703556
6.297912970435206
6.589851994787742
6.383685366932894
6.060721569214474
6.156920877968651
5.847660079619254
5.815352224417799
5.7066083052778005
5.709703663782052
5.33006857188324
5.068380776539074
5.123429874289187
5.288831728485809
4.672055903419709
4.507810649915928
4.263025904788765
4.435555294023444
4.521648013079668
4.252559879138711
4.539271311466293
4.265657926647723
3.769936451801726
4.127196857781698
3.922595870685666
3.671851998289649
3.6094587528305233
3.6236061793223326
3.6789775524829205
3.2480819897109714
3.0282375074936594
2.958984598149047
3.2702718075194293
