7.699593354665032
7.884502665487916
7.985075744277762
7.415851899755323
6.77080377106945
5.399293187044675
6.0954708251145115
8.34305640144309
9.867882870720164
10.696552366632986
10.930940085089928
10.972924980607088
11.06813635913148
11.163065020067913
11.12552964014524
11.168111003320751
11.149631138559151
11.216343174116652
10.871547793903888
10.957346085489586
10.591573407279634
10.083572810089178
9.80130827243919
9.560684595731
9.171961150804748
8.807094339965168
8.541541456149488
8.540644826768078
8.27933423358201
8.109657956671278
7.6334075464652225
6.789903299425723
4.178136974488233
3.348019224810663
2.6503746738735563
3.638322098449658
5.288754014655156
7.95619446212287
8.696908536334155
8.892312917328603
8.885357182542531
9.118219888380008
9.197558078767996
8.90712697077517
8.715656748399493
8.631688914068823
8.62067625285525
8.306095891241833
8.0100187817207
7.676046912033522
7.158833935659964
6.781714419324234
6.310535217996896
5.088162356445669
3.5475074345379567
3.328834325625428
3.267932043244389
3.747770313892524
4.387418478526018
4.779615588545774
5.062345565739776
5.357101114966034
5.229788844130542
5.207616931030032
5.121177582576924
4.860836663363545
5.281537006160069
5.098372058249278
4.979371981772944
4.92774294761787
5.254598899104124
4.946883343667341
4.637221217026734
4.597102730924724
4.030010659110548
2.7130904885847094
2.0182173743261114
2.934937095523696
4.0800521938096725
4.753378306915184
8.35976430759846
8.51232921698424
8.925656386807326
8.721006271471392
8.210429249072154
7.047002629503542
5.547250421498496
5.753098938028092
7.852063389653582
9.772579903227188
10.598511655579818
10.55060101294698
10.635312356963583
10.77204268559652
10.55814876786158
10.666933485316662
10.37455030849629
10.321716975858148
10.063256541154585
9.593355549392165
9.21512288611929
8.423020444406609
7.257102029701986
5.459173395521496
3.4608230657961543
2.953388983349106
2.939979817604942
3.1901208093568147
3.239719437345683
3.0152515329413525
3.4205272395740156
3.0129658059542326
2.7989061109765077
2.835663161030683
3.0600982797257377
2.3431592190608894
1.642341588799454
4.988479507720253
7.70896958647908
8.143549511242805
8.556181589371459
8.608389744071534
8.662828730024273
8.614077625293284
8.482167209509711
8.283622276288748
8.21836424045535
7.925147922060796
7.427538615054769
7.134429445855719
6.754117332772027
5.830716544551057
2.890395824930543
0.0626390861637388
0.0
0.0
0.0
0.0
0.313195430818694
0.8629282689350798
1.7327363270476193
2.7155589349184734
3.4349199072403853
4.395119417284634
4.240203834613345
4.555307110396969
4.528237945722623
4.906140062735495
4.84499989036358
4.482075191359519
4.644945829856916
4.864486924864198
4.261503677261936
3.611974579234256
2.458660920293779
2.6604177088242142
3.595034239593558
4.858113655975012
5.28572645191527
5.450038064709115
8.843402665459456
9.072559194305365
9.246187477703444
9.42264059794022
9.206008122157984
8.748515790283793
7.656900864033743
5.938709813452325
4.977774344607844
6.790046453424308
8.882760860245197
9.715472090516696
10.124303300003943
10.202880931460792
9.886194789459813
9.57489086327882
8.59207584676245
7.326014686877603
7.384309000167949
7.1361004916861255
6.396770673761156
4.157019178504066
2.465311073328561
1.316773803528588
0.7982779714056216
1.6564544294300845
0.5826783298312339
1.5777232917270263
1.2869770377191343
1.3767205472379727
1.7013228806923817
0.44211076314486947
1.4231254214984808
1.418910301771711
1.6379017716203224
1.3684601411520079
2.3319881037799255
3.10539197643664
6.647573766544508
7.4976000860158845
7.974920712721053
8.238117606973283
8.418197603861588
8.402785361812802
8.280810952843812
8.057305614630954
7.976535500086812
7.562471448922666
7.2826723273981395
6.900075952449917
6.094467674377961
3.6440237368579402
0.0
0.0
0.0
0.0
0.0
0.0
0.0
0.0
0.0
0.0
0.1879172584912164
1.9293497909889608
3.61546010611095
3.9629759673185876
3.882215774052746
4.275687678876831
4.361952373494171
4.373528193476359
4.420564017495779
4.246985249278304
3.1430206752290055
1.9439054195300698
3.0601187034848554
4.2064145175083585
5.245357188611095
5.642629488566431
5.627683541651984
5.996073372759063
9.160090615460387
9.365206931732589
9.558452998026643
9.746884632536931
9.596929225596103
9.665915901325507
9.106252475002051
8.189025231935865
6.471224900678284
4.410439935440817
5.14493727076573
8.058944440774415
8.885633910000072
9.128715494869681
8.829327377294973
7.22268235600753
3.3966501604241066
2.7445385964899267
1.6270934629847915
1.9250201337167105
2.433813040028871
1.6997794691478538
0.7839057717726483
1.7266912951315563
1.5106123879271256
1.3058623235324944
2.832302386119937
2.6769818527147375
0.4340956887833783
1.3568285410639311
1.5863369600887016
0.5127649236700995
0.9191575950981935
1.2672890947253415
1.3373652955224995
1.079392470506238
2.1033624465515266
1.9012109742695165
6.121023374095649
7.328908052656866
7.804256954944644
7.879473686528413
8.141808440549804
7.942531388831033
7.861555260025828
7.64343712729498
7.409258996288425
7.043281280986675
6.517934085097844
5.866840657966693
5.000866243302687
2.8653878860858852
0.0
0.0
0.0
0.0
0.0
0.0
0.0
0.0
0.0
0.0
0.0
0.594330564191423
3.514535409369038
3.6632935500612636
3.441401856104824
3.665387451447069
3.746537851187541
3.936910416158805
3.495020145098388
2.2635931474378403
2.336999273692885
3.4000050573729856
4.414107316039989
5.5136018158484
5.885806915393844
6.1252078165506845
5.930007614097567
5.810140523680655
9.52953191346749
9.59952644945726
9.828314174283697
9.978439809362706
9.75415123601549
9.816712016870117
9.690779852615819
9.147174729699058
8.343195258528956
7.003273495789209
4.545946732467801
3.8306385956232623
6.41317299728542
7.74104289032734
7.608282625680131
4.402255987941848
2.154407026649683
2.5359311835407583
1.8310821387432148
1.423907444406801
1.3336066094320032
1.7560500638551917
3.0580837634627356
2.686609357411481
0.1252781723274776
1.1697345740252607
3.1607802186740233
3.34023544192557
1.2307270772839085
1.8367305101076328
1.1689319168448276
0.48506190631481544
1.5861328969084534
2.5852205597592914
2.517440782072694
1.9668679921596568
1.8483621101957093
2.9779477090374686
6.791919173816547
8.411161503543335
9.034900074458923
9.349069984972882
9.357378039340595
9.222018568462978
8.943916395005344
8.724046735693701
8.376400138968043
7.768542472631971
7.0925250102121975
6.688209209832031
5.35458753247552
2.7261493817163247
0.0
0.0
0.0
0.0
0.0
0.0
0.0
0.0
0.0
0.0
0.0
0.8368718344848867
2.773312516563107
3.442516507016741
3.3395040825919304
3.8489929501563926
3.197674945439063
3.020804720313609
1.4036002731407111
1.6290840400783997
3.2555051527553243
4.53143568943264
5.463380857148607
5.814945196469912
5.579380926410005
5.946173339994851
6.088563962271475
6.233636157321274
9.841652234667368
10.07366330279126
9.909720842896274
9.993962949193515
9.818588644250221
9.834613084305513
9.863490766694458
9.765070502029035
9.072636977344539
8.226024793121343
6.937310445225911
4.873015940542237
3.036904885379313
5.98284982640075
7.364049892466133
2.3688296676189107
0.9942103042583289
0.469793146228041
1.1275035509472975
1.6781215833325658
1.498198764930729
1.001484624255725
2.6031842477045695
2.723549145125177
1.2118830600147739
1.5054111821117868
2.1566405029952502
1.6978208925112765
1.3174732893484584
1.840787162651746
2.1931337820056633
0.539685918117063
2.9635527897733938
3.1193056449866425
3.0926466676783324
1.8067613255264563
3.3226610778031422
4.069324684735253
7.695016353969768
9.042613542678865
9.423202284827754
9.570449849556153
9.634663760241429
9.5568833615361
9.192267118349186
9.160439432950424
8.974329478039662
8.23091454479017
7.533634107618113
6.633495011564001
5.603651005784127
3.280208467437615
0.0
0.0
0.0
0.0
0.0
0.0
0.0
0.0
0.0
0.0
0.0
0.0626390861637388
2.703378476129861
3.107284966381573
3.7873398728383902
3.2463687447988683
2.199573444365597
0.801894497132207
2.6653279112286836
3.6353696985694683
4.480964874212966
5.591571541406098
5.771044301614852
5.993543244795092
5.790141252456176
6.42627269234302
6.24009118086956
6.418865998741153
10.165467765661239
9.972200634369775
10.35592364523974
10.232698661994515
10.030266384288796
9.965200616318734
10.041676974984865
9.702943696916934
9.355760671642983
8.637945113672783
7.831594641466571
6.659014595942017
5.043777468895057
3.494173592135181
5.5518159138789
1.5478851044417115
0.0626390861637388
0.6067235529157076
1.786484412668179
2.2774606563439983
2.4082768370121426
0.2658251047417296
1.6942844714006298
2.4082787584512735
3.6863409227305395
2.9700960633603493
3.595457783363369
3.832934100439526
3.5329355918132404
3.2768428674994667
2.9312788050114817
3.452282111376841
4.0644800182214516
3.6708757361633273
3.747198675603073
3.2341096494008426
2.6630689356659802
6.263966210090207
8.784756813760575
9.533960101691639
9.963219465219954
9.964323772112301
10.13490393978912
9.943008446296083
9.693746352484844
9.383876173086648
9.174833210043527
8.68591729235194
8.06522331541076
7.183580886432718
6.287496523616251
3.707134871718834
0.0
0.0
0.0
0.0
0.0
0.0
0.0
0.0
0.0
0.0
0.0
0.0
2.6355978074262434
3.319700864452078
3.292977682239623
1.8869766075470866
0.9854544755327429
3.0152436452283142
3.821390823066766
4.196022931540102
4.992816667733108
5.3711269904844
5.800106484528965
6.171496347658989
6.044805559127144
6.396570162076419
6.342932926779324
6.446802098601807
10.321773183429732
10.207380712745797
10.434033320265936
10.086454424007137
9.754093887075488
9.770928929675831
9.749103410913738
9.713926818502978
9.316601552673477
8.744741564045949
8.216432351251983
7.891791184998522
6.966588328069594
6.783954557002848
6.331562874996481
1.297289923715044
1.2119243285589987
2.8890505577157994
3.2589535399862677
3.5489154158561598
2.9251590991199126
2.429892945303064
4.256492504549191
5.120036996535958
4.990015034373594
4.38637309887969
4.8028274386834395
4.884896408879676
4.907444190097494
4.758598746042067
4.6231461765388415
6.198854861802219
5.744117723675262
5.576279646269684
5.562196691663238
6.047807643414918
6.296782089521132
9.221790878693469
9.681739525413372
10.315672221577488
10.40568744988014
10.397356889177495
10.338416191406678
10.088021749066685
9.889650780818522
9.47157681554275
9.642911319645187
8.952406624502094
8.295293146382006
7.860315314339868
6.902136942511261
5.0154109119294565
0.2505563446549552
0.0
0.0
0.0
0.0
0.0
0.0
0.0
0.0
0.0
0.0
0.0
2.0741531116742076
3.5156500602809557
3.5389132604571087
3.4946793278796044
3.19163723418269
3.5710214334415435
4.025926538233671
3.9659137187402513
4.849003839900006
5.150033592390587
5.858656533706186
6.192169964627518
6.0804869984711125
6.3560341777095255
6.417982783538179
6.4511338154740505
10.632774640968993
10.388992333046854
10.211867502594174
9.852335598288406
9.47806729228208
9.576264785690098
9.637020151623156
9.386813889123516
9.339344170812431
8.960256062897736
8.356282830396122
7.899505104292716
7.207253649388
7.5244107766263015
6.717994794461129
1.5085910645133422
2.3604985375063174
3.801065374312272
4.5361177431758435
4.773489388195007
3.653273548461581
4.396486567438236
5.006524128712178
6.340749169388253
7.310036337573443
8.408788794513875
9.257172264120829
10.321525432836726
11.253734912148401
11.747564025143632
11.502734499018558
11.591544653579474
11.35179866669498
11.023571318276343
10.9284548975719
10.615070640702351
10.771610520566348
10.829173478454747
10.873067010189772
10.791895089665724
10.860772425662079
10.639768592233638
10.591457361460087
10.427887860990019
10.057825657275709
9.989165774204007
9.567993467975107
9.020910821847623
8.699147632043536
8.29611991696161
7.409469405376681
6.198037042345865
2.70237780852711
1.3774143532694059
0.6468928279965315
0.2658044704696171
0.0
0.0
0.0
0.0
0.0
0.0
0.0
0.511982900761779
2.7519107154767513
3.467451683560772
3.45972136166441
3.293535007695583
3.326757831591934
3.395432781208477
3.4662751298325167
3.686173227999865
3.531381504949743
4.799311630980952
5.814830313258768
6.1636573013720195
6.15799150677893
6.464043862570619
6.623147237433356
6.7703341358757045
10.59588432258346
10.3877536464771
10.209056250881213
9.79394818441798
9.175633958685014
9.000083455407907
9.460861403219672
9.269941834881541
8.894772136790237
8.696171586475018
8.857632913225137
8.25546287749645
7.564321984272325
8.402777429420109
9.050007303232873
8.505792014398159
5.195447743623008
6.686067208574556
8.21195236688886
9.802648523496236
11.31968336150436
12.223237428005996
13.052605544646797
13.526699964226664
12.429192638897442
10.43644107158642
8.272904245183568
6.1663973336055395
9.266028787003433
15.46055607513066
15.312537091935164
14.858767537546138
14.271458583329238
13.717822341277078
13.194752273831245
12.813231888042306
12.346908398549214
11.911564970583013
11.747847482905788
11.467168650261263
11.2920048915244
10.98889003209591
10.822051446242414
10.524998439986394
10.19814761204379
10.129109367714834
9.646311705914105
9.27968025391388
9.11109054228536
8.64494066203769
7.981411839519839
7.4363617106262065
6.66638967776013
6.367845924711217
5.336353407316292
4.934567535751551
4.7558092347395435
3.4673403601581
2.676449599596417
1.6952637218745172
0.8789996862022872
0.5943305641914232
1.398880462687126
3.372665003671945
3.716101654570986
3.682504347903837
3.3389467571359708
3.1224049591101903
3.5204426307556558
3.348385025708073
1.378465792607106
0.0
0.5710260954710449
3.96390617136209
5.373381978579846
6.351737060451355
6.548122632627545
6.752573333982536
6.7537975211635874
6.741439064952943
10.932252394668097
10.720033765607091
10.315272878157248
9.711195302206418
8.804386802057651
8.300577187385892
8.22807560825901
6.989514252023618
4.791740094491612
5.203037425402876
7.685602307879602
8.351475977397035
7.68656667394675
9.250872273156421
9.87944614781306
10.12892907177189
10.991758767464882
12.094299726766433
13.26834496746211
14.234471485440945
10.297997704941142
7.229262589712251
5.215749404734833
3.6319952505323423
2.888307523810828
2.761453939481791
3.594441931462466
3.117265224373883
7.3208219932381535
17.964409732050207
18.14901383817654
17.14767481183592
15.242841010726675
12.571513078952037
10.499113269470676
10.072336280174426
13.45394105623383
13.242349601657839
12.612353238121429
12.172219695717551
11.941165152403109
11.355076765632665
11.16348786163998
10.765746257249495
10.500470764132773
10.152122115824483
10.047350342546649
9.65129567544335
9.300810594302964
9.047671109779689
8.496732694720736
8.01660726671185
7.5707378529386276
7.287153489377147
7.184061393957284
6.856072738743282
6.320446445169209
6.26938587289249
5.742098002561977
5.265964676401059
4.703282578409541
4.375922967845078
4.22947649991046
4.35235889468601
4.490211714569976
3.90086924643936
3.3411760589598076
3.0403232616771345
1.6408188115270381
0.1879172584912164
0.0
0.0
0.0
3.0023262842144787
5.29980230999368
6.25175762571086
6.500150912479416
6.5264215897463
6.838913064794258
6.668537766823174
10.941688577706163
10.6974067478622
10.2937370403195
9.454235174147973
8.339742031086923
7.611907015656601
2.249012247998547
0.09395862924560819
0.2818758877368246
0.1879172584912164
2.2030715507665013
5.614362290539608
7.2186792609193535
9.680993986503395
10.73615836797038
11.830596545861424
13.579251257008016
15.210581131813713
16.085287984664937
16.614005221044376
2.484031311533024
2.703440378946196
3.2819034076075058
4.003053544532149
4.284129931649989
4.532959535202023
4.509965489465488
4.01164371130383
6.903454534416074
21.25817343463607
21.614856118594673
12.496288696622825
7.609484901127045
7.474195732926266
5.9377009405737
4.741966639618653
13.827393912225412
13.847567700672805
13.544701707646189
12.989124568375415
12.540315557372372
11.871875655713154
11.302085509307672
10.891004578655766
10.458122976504592
10.296556597898938
10.12698922666078
9.713914456872132
9.54618601652643
9.394260746866303
8.832901072634881
8.23377472466903
7.923818631363794
7.616169191656906
7.477345503723895
7.493964924839446
6.974392942951451
6.687827081608893
6.279765970648448
6.417243779044948
6.160770297137955
5.825487556700896
5.7494448313091375
5.323340443880724
4.810948115842703
4.214746532435625
3.4873709310011702
1.4616986503056337
0.0
0.0
0.0
0.0
0.0
2.9721904550982403
5.639070018818585
6.247854750741518
6.512058785616314
6.533064026901891
6.794142581140974
6.865678494880323
11.449351143640417
11.061805429573884
10.398416897114306
9.122799656237074
7.768501969319492
6.16809142190192
0.1879172584912164
0.3758345169824328
0.5637517754736491
0.6685806161711257
2.245593567692969
1.783172689009892
3.099690553950011
7.653154290549028
11.104807238285076
13.520291473374636
16.088584759182915
17.00241002347501
18.357796786792278
17.232868768617017
2.594233623885926
3.2968789604313384
3.613495431460269
4.159072639855678
4.524452010499742
4.5721231338708215
4.668310877085277
4.266567048612703
10.49143134183598
26.130320724783235
25.92450157696506
15.271511928972927
9.675437280726227
9.11612285021288
7.313692640581366
4.844263809384476
14.599109548617104
15.200155243664133
14.334460592678884
13.832513185587622
13.229869916454831
12.364490852901685
11.95331783863082
11.20681808118964
10.826471725371363
10.526495402840935
10.398969816460887
9.966654977953002
9.533794470880999
9.40664000553879
8.90176391783632
8.565460494510464
8.30458905798403
7.97452469080525
7.599306125699442
7.453753203609399
7.133606477362648
7.1014576193864505
6.695785366096685
6.6810151817905155
6.540308558849497
6.370443695519276
6.182016966719128
5.708863293373245
5.305846777890369
4.5622271356433
3.1921739253665367
1.5950331655388272
0.0
0.0
0.0
0.5433024438436483
2.602057464495636
4.997445662660686
5.9521960108580325
6.521301499531565
6.649630580260592
6.527780639976065
6.800494243064664
7.005558544760368
11.658772363436315
11.228359647731727
10.392588329612025
9.192645045663333
7.539033894295802
3.3570185132195145
0.0
0.2505563446549552
1.4435953874005936
2.348762281906637
4.717112091423444
4.146348922815989
2.8039965245539333
2.146492844107877
6.411859563371927
15.329818908381418
17.433026639320474
19.18997536623319
21.906543455397447
18.148002318634596
3.0607792003013774
3.776161916311539
4.644938012664017
5.80166776641566
9.087375949082832
12.989547360091258
16.966145155694903
15.822019439232344
18.86388039812038
31.201639219718018
30.56736936818436
18.409256073282783
11.719077085145756
10.522724978077994
9.698321495218819
7.477902703082114
16.707533264977716
16.87162258434352
16.03611551911061
14.836099189359311
13.876470899436852
13.105769278585507
12.429344281493659
11.755329426724641
11.06288151745759
10.741142140853992
10.401727714597017
10.12906011285326
9.754961838560538
9.522632795842439
9.109288836526144
8.79059896040671
8.647455570851095
8.160956999499161
7.982784758499195
7.721432393268815
7.398674753822192
7.273745808876793
7.005230045178858
6.82062592396821
6.594261625406789
6.358034735402542
6.191932047114121
6.094013580522015
5.394306212687058
4.313430897071008
3.76714982452193
0.8754450632920395
0.0
0.0
0.0313195430818694
2.770819728392482
3.6199757020066814
5.167115010139476
5.996646425371706
6.601471446505155
6.708644909287165
6.777515384360742
7.0022416701691075
7.064353874065935
12.245690461119613
11.522251211515842
10.676179004745897
8.809186554453328
7.355943448110946
1.6365738938267833
0.0
2.027755225960018
1.4363210674031974
2.0976686321211533
2.6657499119354156
3.2259264778887893
3.3616526318561646
2.528615594999135
7.398582708372997
16.52851708788101
19.53734642839325
22.67413730374403
25.752539628728144
23.991530143689427
14.997258979489427
11.013960312105661
28.49511465213409
33.410749823253134
35.99567804051342
37.15699638937752
37.63310266769409
37.6250092821977
34.44255960086984
37.87152144036022
36.66202143421392
30.58480776373765
23.30969941953226
22.449616172840255
21.254760705701184
20.14403387596717
20.78922818452328
18.834938361414082
17.40035030272045
16.102619148278283
14.41146451232583
13.569940777376546
12.753285085240652
12.00771235725237
11.402005243351466
10.837750244512751
10.592671788295972
10.230894167993611
9.966646085231611
9.697646956157671
9.453056801622452
8.877009936369559
8.693883192848036
8.369857613304706
8.163280065850712
7.777749184762164
7.429840355631108
7.445057457117802
7.001640542224962
6.8534295385301816
6.750662692866846
6.43344146843149
6.6094297309929475
6.432489798377909
5.821505588695156
4.586525394593118
3.3046092823277013
1.2826197576284537
0.0
0.0
0.0
2.5697204195371106
4.3860179920033096
5.49480008136801
6.369679718517125
6.893536680994174
6.7805187815042185
6.911460611389473
6.969491684248764
6.996685654880648
12.724577037236653
12.036478458183671
11.017823978133519
9.027560351306334
7.178666972507849
2.0599929562570756
0.0
2.1093208664813408
1.8507494474648951
3.5281619054430946
3.4036167466660627
3.2907483804157875
3.060758566029265
3.04906506312485
11.74431402390998
18.506766660997034
22.47077527302817
26.546386454532232
30.322493711063256
33.19623234551938
35.72536784321936
34.69279068629083
39.7397989347182
41.216258635230886
42.27454020121846
43.225811388563216
44.07785177534815
44.352500169979294
44.28398432152524
43.606603627949205
42.384082641955814
40.529150465992636
37.81890812993077
34.76767479090035
31.188569953441625
27.992460364603232
24.666023302459728
21.3221695320772
18.843071183798696
17.153069360572267
15.874824574382894
14.268920541330209
13.525439829667052
12.38478642791745
11.830370357621577
11.2885810115687
10.95468610550219
10.56627341820082
10.293562672189857
10.093129309197325
9.59272970812042
9.236216909815386
9.06922964557085
8.640533968019144
8.420559009642421
8.145069613400114
7.723706899432186
7.593294890291891
7.277489508851994
6.757856720908362
6.853921166613824
6.453996126643323
6.633714011285008
6.226467381232803
6.123649717377502
4.983291999804336
3.701532303061249
2.011747809606873
0.0
0.0
0.0
2.0230218199658707
4.090799034973443
5.535394318929185
6.452161241386768
6.8585845078031165
6.787985437908369
6.861497322878478
6.955867884612006
7.105867250005496
13.313987128840562
12.90359962302643
11.929240165564844
9.826217233562975
8.10038646114899
2.9830947537209447
0.9082667493742119
2.1093208664813416
2.356333954410969
7.38523080099867
6.937284682030597
5.301044334469207
4.197561724054326
3.7274432488001947
14.80362458571772
21.252246574714558
27.113247610153554
31.092007869980595
34.87290288986916
37.65779229324403
40.28596976496461
42.64291009486848
44.63258880528246
46.817395723270806
48.22920962863491
49.366569887974535
49.93872508339819
50.45448863755457
50.1982837609222
49.620049231034656
47.81851224394267
46.291723541701984
43.48352966295364
39.61649598154027
36.019888190499294
32.27418692188298
27.816007742400526
24.253728070028103
21.223972672687704
18.50845948604065
16.90395512787989
15.16964071271375
14.058741497906583
12.938317343213454
11.990574814533357
11.412135426810007
10.781545042907792
10.469283524914603
10.109409823176785
10.01647201098979
9.759084363237235
9.193761426953115
8.851049086906636
8.746141310925875
8.421537509439235
8.375949539698782
8.060438868709694
7.752313212893922
7.307076803460074
7.062496861591871
7.066320386400501
6.93200581070511
6.794142581140974
6.526540548502998
6.180177131125483
5.32900909454617
4.099478535236841
2.338801662687682
0.0
0.0
0.0
1.93907273633739
4.337702595535397
5.52254704862234
6.382016713001051
6.574461764745039
6.644729321557904
6.905412968017371
6.9446463541745835
7.115300418744211
13.607607798411555
13.656047949367945
12.830361767078138
11.486744366316291
9.59495899981821
3.573155962270485
0.9942103042583288
2.12097310084153
2.4158335827565054
5.196543905876287
7.035536599185523
6.596220356228317
5.619050415356869
3.8402249077368467
17.902291083253406
25.26927439780224
30.662503301768684
34.664710458781904
38.62297557298341
41.638695808528404
44.60342280682796
47.329968288137124
49.67964107924554
51.7199881987307
53.385226621541065
54.93978634184353
55.721493989694636
56.55148290062912
56.50982899848899
56.06333756480172
54.657148049803666
52.377875644535415
48.84675356515097
45.09792163462802
40.648714992744374
36.406741100017996
31.74170826139805
27.682462462121933
23.93087399269872
20.328395203037168
17.697806030143603
16.233734959794308
14.664127105403914
13.513538879736554
12.459197709600263
11.7896129893458
11.130674970205844
10.597635463007533
10.45346408652352
10.063941241667244
9.727769216834183
9.45272034162356
9.156217130707349
8.731062843019954
8.55567425655741
8.257460270184623
8.007316600752812
7.849766889043792
7.653670387863105
7.16215974173205
7.29885263301222
6.8546854230601
6.902901198957537
6.426748527369811
6.329453337852311
5.8444153971077295
4.502890034505817
2.389481279950421
0.0
0.0
0.0
1.670782699425883
4.333519098335262
5.735771781323318
6.308779720883782
6.539688792557088
6.782811550843046
6.8606235665716975
7.054811205466711
7.050620574568672
14.159613414522191
14.23718270505114
14.283251964845297
13.818580141726228
13.278879451414989
11.178573632330847
6.656044274934868
5.892507814970694
6.256631586957448
6.481306057798234
5.702321190404397
4.433877499659896
4.831600983757493
4.2778348972540545
20.88995811093938
28.725172914369942
33.841995976235424
38.478965687975744
42.10514483479639
45.78910618133455
49.15667065759395
51.04031898735254
53.716366513611106
56.12410794915766
57.718392470833
59.04536551352958
59.64700274470695
60.282868733130414
60.48395185227165
60.42330230219797
60.00524710075877
58.3753152505677
54.94227418462558
50.73355718235109
45.64463800158625
40.59602730164749
35.85065809970252
30.780531396350685
26.31038952924486
22.20087779242708
19.255104191005348
17.021871363908236
15.458219864565372
13.912709137517666
12.753019103661028
12.199773837689676
11.482610277917136
10.755303179775545
10.408715371017216
10.293266887759648
9.972447163938401
9.652871818566393
9.160913504978383
8.984251677274024
8.527393154744448
8.259947268259006
8.056454026050066
7.6816149462075245
7.507791546247338
7.295864258002474
7.238715872930783
6.8993653246452675
6.924320154579951
6.72126653496425
6.168393167082373
5.681034589717347
4.316991245877752
3.0508718552618173
0.0
0.0
0.0
1.2657250489087013
4.017027160620317
5.563629820835596
6.065955011122464
6.641888751559476
6.737421021453229
6.916797626956927
7.242420966398086
7.122822946367239
14.860524831831368
15.270963285425141
15.885801391042396
16.19603121211882
16.160522936759797
15.824798252371664
15.601278939216753
15.475301804419066
14.854183761141432
12.04657670146131
9.437408532162854
5.284909750930934
6.13818195677131
9.339339844827146
19.994256857331937
32.321919930838966
37.692228524628135
42.07197783287742
45.98251876904789
49.1330768092311
51.411826916761385
54.48594073649079
56.80064948664266
58.44423383655835
59.56683682531411
60.71520491872357
61.82302088140619
63.02486291148232
63.78548149739031
64.12569971614779
63.6165711845925
62.024184954204564
60.10465774628136
56.30548908333592
50.753157328997325
45.283216096414925
39.20762011666519
34.10577733439587
29.1827744695878
24.540877395791036
20.79064160687898
17.803036838435414
16.446300925175
14.611901516040616
13.090446161119706
12.408517633924442
11.647007861310303
10.855029237360068
10.644607045151025
10.323371510002193
9.862742285267187
9.484001862474326
9.095612355144857
9.003206808563473
8.608323301432357
8.346365422187205
8.245508777911512
8.076169398066973
7.706979862499524
7.6483272953850605
7.3385737594207345
6.944646354174583
6.943499969505169
6.713818796352487
6.408402279354182
5.962767771371784
4.794428080578091
3.4713954934313396
0.2505563446549552
0.0
0.0
0.8324320173057559
3.992568313899288
5.411567903006107
6.572695334339091
6.631105521921148
6.7467319107749635
6.967143043691057
7.460058466952719
7.407106803431977
15.356394340900541
16.029650213675737
16.67526499740872
17.20600761584997
17.526955621288426
17.629585625332282
17.968286915130896
18.123253171696945
18.71777631944862
19.072804513560065
19.219617235266295
18.00598849835814
20.81951392567845
25.549615335181848
30.747637670803254
36.410379646625216
40.906292484298056
45.64489335868425
48.7305035485632
51.613218947916614
54.15935021860555
55.81304972983481
57.81468074392771
58.651632153789464
60.16239836653314
61.32003333437272
62.89763250520263
64.55952264998375
66.36976870501981
67.5976550105175
67.86284211962088
66.50094415856393
64.53783098659243
60.94495401473369
56.136315619025126
49.408763804725275
43.20791666147303
37.36983126533835
31.71832926178823
26.72676569995614
22.26115576335587
18.909947752150536
16.911160668932634
15.074540103355098
13.623463561373383
12.556117277078455
11.899788381593103
11.066225042140653
10.772750624489742
10.235636380132004
9.805926968634083
9.56169876783954
9.382461242394752
9.036227708190177
8.880811328602553
8.447425641619901
8.0800304752885
7.920940021295848
7.536163779396278
7.300327517263146
7.275327990167656
7.1123120437344625
6.956960640639794
6.7793723968348045
6.645342921898615
6.417434982878579
5.536343804541762
3.5049577052571697
0.2505563446549552
0.0
0.0
0.6641614332641075
4.008955909338982
5.809624479850359
6.355605056362498
6.911460611389472
7.170218594599523
7.003607054559529
7.124226937265559
7.351650099511655
15.795441792762697
16.562803460045977
17.03018348575691
17.342184792628675
17.635399179693458
18.083433893080784
18.689396095519623
19.708507656358186
20.49502783468569
20.818687677555992
20.961176501160345
20.74430777764577
25.92771786441816
29.167063817626328
34.15780525309816
39.07280592996752
43.78120668881151
48.413071191360565
50.61392133425782
53.15095375092292
54.50537552256796
56.240898266417105
57.658395286543254
58.611153396584974
59.751679147143186
61.22581860528351
62.730774690777764
65.34442968897997
67.37253360593309
68.88782519764656
70.70402485140451
70.43391248019498
68.63123802145537
65.47584792722816
60.76177653482342
54.389814724651224
47.322023028028646
40.43477334393144
34.586262743991846
28.659255374056677
23.87203211495734
20.1448977858942
17.499075471436054
15.514262615388523
14.091333301174984
13.03581345466152
12.125236359304683
11.302202928078911
10.680211442650204
10.255029638244165
10.086771315780775
9.60242331341333
9.131626296526685
8.848787246246841
8.556158491341987
8.550055669424069
8.000452052055916
8.050328980151024
7.732781286528393
7.305142182715461
7.259743768849241
6.96590218129487
6.756328208015811
6.609141309573462
6.60309366620136
6.184644312268955
5.849186325498815
4.430116643803267
0.652529833176031
0.0
0.0
1.0879800998244564
4.877428202688599
5.962716629918173
6.428822185752466
6.731369530005472
7.029047421924952
7.1816032535390795
7.262240515775344
7.185539119036131
16.233365213829973
16.724095905307518
17.238882254139167
17.440997960662163
18.007199881372372
18.774090271193696
19.561321755652642
20.436915756796225
21.645755655250227
22.761586974971504
22.586811459361748
22.513172732453963
27.926146406242825
32.20881418206438
36.90035638719536
41.42509801901108
46.21140209160065
49.73220120345227
51.878586460038086
53.31360763758489
54.18017364907879
55.667005653506564
56.72082941700292
57.86224145054531
59.0464348696685
60.32521624880458
62.13592422161995
64.78068281146875
68.03040183801848
70.33927740860929
72.4082577126007
72.9199922107033
72.19081857763084
69.33195604255258
64.47534012943936
58.72388152251764
51.3150489815489
43.62067285387308
37.23467360619047
30.969856762519314
25.366226555319503
21.042549868274037
18.166519273749145
16.13684689747032
14.466310460162646
13.308340536375116
12.546087186132613
11.526047361324922
10.823221484090611
10.498451282797005
10.30927087210568
9.852384706141175
9.217860439691334
9.032695755535173
8.630697153660352
8.445005819354618
8.115302632776414
7.839270355887391
7.642321494603535
7.394738888325136
7.136064617780856
7.07557540450336
6.857729669288725
6.727705765455684
6.511914574906571
6.309637684133711
6.150498340472868
4.984230323281242
3.5768597894538785
2.7010301278640205
3.1440484615991027
4.2053107089794475
5.775876582903689
6.156629225211092
6.709027037510303
6.778270181910823
6.985504973528372
7.0262668725781365
7.087084585437145
7.1514209078974424
16.173622054100427
16.730489649693567
17.108750916390978
17.649976083198926
18.303230202913785
19.037313901109904
20.129513897214206
21.443973452338742
22.675729382488758
23.83056681411291
23.472762680974164
23.623510142041017
29.512268800217118
33.93095736450982
38.48196069706056
42.84785943821776
47.42904775221321
50.651732626738024
51.8909004175431
53.113181176355226
53.64982056990763
54.363961875522
55.90642264336984
56.369849104121265
58.5540269395029
60.08357872079012
61.38959435980394
63.83001737567784
67.630706980764
70.90990621471937
73.43303973653758
74.76848466591858
74.82687222482498
73.23112951553496
68.87515331519319
62.595578652029154
55.31317395834189
46.78969515817776
39.30569081916128
32.794166302592544
26.747108368571837
22.144965843414134
18.911339236543313
16.692204239980814
14.716910139919857
13.393759914959462
12.382308220382809
11.487776656315706
10.875390757496575
10.468456659071654
10.125426022144852
9.743615103436966
9.149867342478675
8.949566003280061
8.570358342728511
8.420037633044076
8.124167471267594
7.983701786366428
7.702395254592023
7.507264152483719
7.313609998005227
7.168589513327289
6.77561752280153
6.772723625518557
6.766657064354066
6.404452690705075
6.276857225243539
5.81136438908332
5.160215244437034
4.131550133098191
3.9270144179312854
5.579541695009564
6.376156483236255
6.446708391798153
6.8807866376641975
6.892117667962125
7.022771847351017
7.108106390702695
7.210911842873928
7.104899015971939
16.07263000738842
16.56978026440592
17.087051488132605
17.467879878204247
18.031452747545096
19.086069534640504
20.128061112638726
21.28244467197093
22.976428451271858
24.126448888354503
24.31677053890781
24.669726500971777
30.539830880736673
35.09032458315213
39.437723055744485
43.74157997288995
48.07274606062998
50.533827411607355
51.679125701092026
52.017604843242474
52.47998022510682
52.844557036113656
54.2206811199657
55.67836450195395
58.4451984758982
59.98964885964136
61.09658186096453
63.43404566173547
67.31317456842716
70.93605582523463
74.44945439191926
76.61333889535935
76.97729177578508
75.70713032495523
71.91555671619695
65.85469567897428
58.57892907352876
49.85415087709762
41.211111465275835
34.38098791517185
28.016337200455638
22.970822861451886
19.226913726084007
16.658894748626796
14.830105098058512
13.586451891275924
12.372825813124535
11.77716331364752
10.924813195573096
10.386140719193708
9.890364762192448
9.510997137142716
9.307352639641847
8.882036482329005
8.560214460616535
8.371534656731255
8.038822087980483
7.859896063667238
7.448554671423172
7.383937440869084
7.307532665863738
6.888744922151989
7.00670492942978
6.801718737405628
6.419817668794734
6.296132843253652
6.350747000557374
6.184428135926402
5.691611316231105
4.950132528116468
5.052844922990489
5.8664042297360375
6.171734265172384
6.452135989433722
6.48705345177554
6.860896194934332
6.845415382823515
6.963553540737164
7.305774032691103
7.210272108421887
15.85955604275432
16.436638928210783
16.962783744428613
17.26750450537917
17.713505574829757
18.63631859386255
19.95792851128361
20.993184132627608
22.619185499489625
24.123663529524887
23.943972211575314
25.20905960755873
30.875152853793043
35.45862785975394
40.038949377834754
44.28584053238063
48.14027983244987
50.23989646946585
50.90687816276306
51.31891944556764
51.57320644944584
52.00880508877464
53.27640602175134
54.963012863287425
58.053452536908736
59.99356022052012
61.16136568875699
63.32474453777968
66.97766450814139
70.38138380676077
74.66660700624118
77.26917475542717
79.28357543959363
77.70269532168204
74.47603711711959
68.33948644117622
61.35221117161107
52.56127852905051
42.951411783175445
35.814833193069575
28.841794865063452
23.409791090050255
19.6484055898137
16.959940561885997
15.21843302802646
13.609254179507001
12.659464318300573
11.632654444879805
10.805603337306545
10.421686780140332
10.066568574663602
9.632960632265428
9.234522709179624
8.934743714340486
8.737143836442469
8.29557146622487
8.171197812830398
7.82633234913903
7.448146414249546
7.3762406641848495
7.300258826731106
6.912334367696252
6.797622584234365
6.681660479480094
6.47950254746393
6.30294474307203
6.206745434317856
6.308329137810036
5.977151399680968
5.779460476060018
5.015031585341668
6.142388890620001
6.473837032314966
6.567768823683359
6.500439333898901
6.821008052191348
6.849784164357412
6.973572815286301
7.181603253539078
7.043663409209812
15.541763325909423
15.898758887177713
16.612164461053638
17.165515890410916
17.456771368140966
18.434052770653945
19.276976658721694
20.647138718596253
21.988076826689642
23.30989002696852
23.460959947385728
24.495780553512652
29.86652876907775
33.98932298704727
39.45016710607547
43.73268839978609
47.813664216321186
50.05439320662852
50.49509721345653
44.7763201678396
50.13360042502038
46.499101405889995
51.87805866266798
54.31243495897078
57.43778129576559
59.83535682265546
61.18478537277201
63.90013196789361
66.66558484972734
69.73111777888863
74.54027246252397
77.90320024780746
79.91484598244023
79.4390593329865
76.30370059288356
70.39328716215961
63.178326717055846
54.807723792197336
44.33989324130164
36.57535612847556
29.51455312517967
23.89697815032346
19.77239355903588
17.226942709832866
15.103251553360863
13.693434711481178
12.657304869073908
11.478107639255063
10.951796256457285
10.60477315115233
9.903657835266966
9.714296938673
9.318531691601104
8.927729792417887
8.475070779431086
8.246013571657443
7.95792902572041
7.493738026899725
7.095747407076683
6.937070197909928
6.911351111528969
6.936907069407797
6.695403237873547
6.752050008550028
6.587703436158657
6.330311301102239
6.220131316441215
5.934841750808671
5.962813847504026
5.510747676179116
5.0917214607267605
6.0860555754783485
6.132664734614515
6.377875641074188
6.424387303180375
6.878374909568672
6.752779554147065
6.778292420363496
6.923117898691663
7.06369911748016
14.78174542064594
15.352872810065797
15.856072432288748
16.39749617865171
16.920737466501055
17.463230830912842
18.186058952723908
19.580327083183576
20.48521155120508
21.645012496673477
22.532158189866884
18.69711961395648
10.126431958344947
11.582203352846006
23.935193467794523
31.5215961611527
32.628230230280074
49.32754980482851
49.87027907298413
38.47522929134819
27.988922731715018
19.10653351948592
31.47949333700826
35.265638929661435
55.545593300731944
58.86926115023873
60.735040443967016
63.44831663375731
66.28154737715701
69.58551562879332
73.72040919777845
77.42237239787414
79.56511785109808
78.4003650926337
75.43846506177974
70.55652186255998
63.235988941568905
54.89547361969862
44.37368241193331
36.68460446882032
29.27000947071529
23.435849538289734
19.57929356187811
16.89867334120423
14.685497898816521
13.503432785472132
12.398539616046511
11.531672691027541
10.921145026954479
10.38527627333759
9.719038499177232
9.546034457727568
8.93905617496248
8.524724176929118
8.198109813018343
7.899505104292717
7.544409035146139
7.267843431045176
6.929275041924267
6.8409521235628405
6.572068954441901
6.555936706405595
6.8462355104886665
6.660604734288426
6.36115189219889
6.183855083313758
6.046405758208378
5.8551639908069735
5.75998311599457
5.409897921003885
4.549022384502294
5.7182111884843305
5.997792530596995
6.0174390010969345
6.38584383211126
6.602091492241688
6.695666407339987
6.90628672432415
7.100927384794908
7.150508545082764
14.06804138838108
14.502169725032129
15.053942701130124
15.423904261557054
16.19974299619845
16.68855386885516
17.41049730770179
18.118475144429937
19.38610906037815
20.04024776019557
18.648285345414685
7.796468490152729
11.911701547052958
12.812710706825126
8.355326614932933
9.43829405957622
16.458274001315697
41.03339100633228
48.63985590697913
49.34071427133185
47.81277980779918
24.977045438240182
11.54761237991943
11.96453385835558
30.507131708047662
55.989429834752066
60.24797126049056
62.458425980793855
65.49458730673905
68.67907938478318
72.60281613274029
75.86004036276945
77.24819887199375
76.45781645024377
72.82558523189928
67.47190873729107
60.08146782718615
51.6987322019186
42.553819037623555
35.45217151201575
28.470751517565088
23.240653712017597
19.50723786759772
16.85887866112855
14.676690001461187
13.33941351425458
12.285575691627024
11.321445994155955
10.80619146531728
10.502475897019231
10.000822894468703
9.339890335360431
8.867617154742243
8.570329594818185
8.124023065703177
7.915563998295867
7.211450370938941
6.806400996387309
5.910803333691787
6.145770830272397
6.223126283142792
6.156012690256759
6.019409227647917
5.811102368138139
6.224805754740462
5.865738837090461
5.990861672021919
5.954684940242683
5.801972209623177
5.119251261862725
4.346551873915153
5.4119454561578735
5.737966674866679
6.109021402897454
6.069879906706777
6.707260607104355
6.6002998098826975
6.681779438236791
6.818377324374816
7.0432634180250275
13.955313887990213
14.327453201275784
14.650731901164715
14.781278247089658
14.982981561959491
15.762045378285626
16.83107994752042
17.499188317364712
18.181635731796533
19.136208509535628
11.980737032279155
11.00040957081439
12.916788320395025
9.741711652591864
8.822783251924818
9.988700915588153
9.727982359433737
16.879130985458538
41.23814542755042
48.019809138566664
44.636671094692716
14.838767941530364
13.825245330875042
9.686778576914774
10.942439071840667
25.120813389590204
52.23448142643135
61.34515838888297
64.21841938906314
67.34499499774724
71.30452288288178
74.18597538142876
74.56112899918809
72.80672838492059
68.86842711634056
62.74047493948246
56.16713078036552
47.890300967912545
40.294889506138176
33.680122462543345
27.3421381850923
22.165319695538543
18.65498103688402
16.4486276960994
14.363204152610718
13.263478133831018
12.206437642053157
11.340236379607074
10.679770559517532
10.096696690338462
9.644811705336524
9.27838329236791
8.94690943676046
8.572361538381072
8.003389266522772
7.677359961816554
6.868381461970958
5.876603403098032
2.7457681529877607
1.0154955714374945
1.9678191748366334
1.510519887360651
1.37322616154987
3.355602397815723
4.814690454848216
5.124597646171963
5.400967643538319
5.52752498017581
5.622149405440877
5.241111879033381
3.9340027368439965
5.285820887942125
5.51547767456073
5.568486755230295
5.746382849311843
6.240210139626255
6.385044417162658
6.6136951509022515
6.757179725869918
6.899192737246944
13.729557231838026
13.82611362909514
14.057017075994528
14.030460488719664
14.305945772139792
15.03115087734917
15.824919602514715
16.816451313601412
17.65290524346204
15.863569094649552
10.377019330785922
11.328857875967152
16.4568410244437
14.509056633019192
7.167014829981034
9.572990663331453
8.921447923929689
39.4826856822197
45.671006989211214
47.160111343642214
31.79758042238897
11.866784667890117
12.273916480935403
11.835523254040828
9.794020837457918
32.18363364627603
58.23373860160169
60.623392410077464
63.441750360103114
66.27587496962086
69.60045846328018
71.48140386155292
71.42007137632817
68.75454538997339
63.825577500599266
58.548640155486986
51.17814587637155
43.999397308317775
37.73310907363858
31.28801540740752
25.600816346823397
21.042794457229874
17.77497568692759
15.686179589156154
13.987377785382257
12.920442334987152
11.907286652232663
11.134834493138198
10.561981743498539
10.171332699940528
9.395778814757293
9.186706718352378
8.668735474418297
8.23089267009488
7.703682630498079
7.109775266229335
4.782557003133757
3.237750405674056
0.4290779118761756
0.0
0.0
1.6513649726392097
4.20757005471625
4.088455184130829
4.738593873511126
4.115799023904885
3.530501053736908
4.395692683591564
4.524413788940213
4.166542931613849
3.240722299746288
3.9379124713875564
5.011125425829131
5.097120683668393
5.5225470486223385
6.280126357700741
6.453401332859833
6.546976247958132
6.614186778985893
6.554646111026439
13.48466388916187
13.399745398750559
13.639903452750714
13.594431031661083
13.71926083736294
14.063021306698817
15.033208572514704
16.2239111202987
17.317824333058162
18.045203298302916
18.52486927636295
20.272475129158632
26.277225883884856
29.897066122059616
14.616861799458185
5.8277580366320025
13.02806240589277
15.178808864192726
15.892615876516812
17.438545548195265
15.525936638253976
26.374425611030205
12.197262873233736
11.5600996852633
15.350039583122713
52.92882038749534
57.8628251258124
60.13928357490154
62.8005235308897
65.88604237966857
67.99979533004489
68.59508457786194
67.46281145766288
63.59970441882917
59.088767707585426
53.04869557876299
46.375212928746244
39.988526415479754
34.66417880689533
28.94253475699315
23.71599467690044
19.831874584373672
17.106761547257097
15.022795986390253
13.624958971974415
12.58172612934063
11.43042552334481
10.691252982719803
10.204620325168715
9.793507702042955
9.214730466544264
8.97183862440868
8.581825799500448
8.071192710935708
7.505566708692887
6.827437823786588
4.429904739731264
0.1879172584912164
0.0
0.0
0.0
1.0912601342315937
3.571021433441544
3.755940149451782
3.3931622108404147
2.106882992580737
0.3758345169824328
0.44572728887145485
0.6513532794477748
1.0693362824197203
0.6533324903564639
2.883542994380224
4.151303907993705
4.641399829453191
5.256434159626397
5.735101411803459
6.218963470045083
6.377969347877841
6.520611863887594
6.552413304489895
13.25031661007533
13.061091128205222
13.324822638599818
13.185847828028121
13.228324482074363
13.463628318347086
14.31313892269187
15.356744901045793
16.679118482418808
17.394221931983783
17.9631109660683
18.80270246223583
24.410813666277747
28.532367057660046
30.862701174541893
14.494486346049129
12.147866788032559
12.463616292170762
13.29056121095743
12.62472250030659
9.955076450140758
13.217472325551302
29.842082445639818
25.33747513936674
40.703426432230536
54.9438983292249
58.048282860329266
60.59832768514278
62.80268112294903
65.27430779694862
66.12506645279838
65.24418172254452
62.76346426842207
59.21246530616803
53.76693272338477
48.206049120870794
41.86318321618243
36.78039321849852
31.2892942398777
26.114305589633343
21.8637812185952
18.51361746177162
16.530691458883666
14.508589987207671
13.228488500990348
12.128999113281528
11.444939514582053
10.425346889343043
9.834179108562992
9.549946622081297
9.032462362217194
8.721737741822007
8.319273548393001
7.863222912237703
7.3165268416550155
6.764289506003974
5.664957302142162
1.5517760208971483
0.0
0.0
0.156597715409347
1.7857230240319701
3.4065070558405934
3.31617897959944
1.4371763593127738
0.0
0.38748675134262195
0.0
0.0
2.0166326942373574
0.9970860756208191
0.6292666329998778
3.510076805721365
4.266395073051586
4.899478960691156
5.511178237081029
5.8690257079571255
6.4222428142217405
6.437297350276944
6.631709663365665
12.890721565636445
12.861114210792781
12.869876157632902
12.848330211356734
12.904538739719253
13.113324471225983
13.790308918850304
14.644542581885672
15.98634715850717
16.67105232808387
17.29518678235342
17.28150917912911
22.137636752132728
25.923574607275814
22.579600641872815
12.164609191956437
11.693250282156852
11.44143574037167
12.90266695868028
13.184659925589616
13.89739134063012
12.790262424240545
14.223812086648428
48.590639144718544
52.254193781604116
56.107228698401606
59.011763882424006
60.99124875993318
62.410502366908894
63.118155258954694
63.03950438306644
61.404556440636924
58.53264267712133
53.64663957329206
48.59133955014394
43.32121771645157
38.42916906338823
33.5381942564508
28.55618611433168
24.179544891204024
20.125882108801743
17.568362792566155
15.413718259278813
13.779734803602198
12.56376938811444
11.487421548577233
10.63825033216611
10.216792388728683
9.840609700957648
9.384107021430756
9.037921877082065
8.41000456718107
8.245948086171218
7.789889883152119
7.247870322653962
6.639905865366853
5.864186693693102
3.64090987020765
0.7938587884986035
0.1879172584912164
2.462499482379772
3.154430595006174
2.3884169842267693
2.58428308680977
1.8784318305480667
0.0
0.0
0.0
0.156597715409347
0.9075259950101168
1.2352494315514895
0.4384736031461716
3.403444914117315
3.8147908757861546
4.627710078809891
5.271291682152478
6.1756809019275405
6.095970655873343
6.587465518645261
6.6565707864966965
12.639259655047768
12.677483044132646
12.434234574037037
12.488404674392045
12.303576666629278
12.644799810786887
13.198666066515193
13.730504984212581
14.604830584988534
15.969102722966097
16.362341486363427
15.890485644541455
19.767983058105056
23.412830995151864
15.542510631930739
11.007127709995334
11.03409967859801
11.231492709965242
12.154054159698585
13.119261108482538
13.76931567303921
23.009822332323573
8.249981706918396
31.951442214475385
53.041906753633995
56.70034241259929
59.02977963910869
60.337521955951715
61.004324244954574
61.03518182330373
60.16050767437687
57.77501763840551
52.88443371927139
48.63053654471141
43.84454224703194
39.26223883819373
34.72067499331177
30.09867348689975
25.764567375393774
21.65900307461389
18.289802476957682
16.25717185614145
14.447518318707669
13.056195107579084
11.832096052888488
10.999850113666733
10.297038979820696
9.776161814862586
9.610132944240783
9.243153649270193
8.824244517221544
8.391120971467197
8.119530199872202
7.734926564298765
7.101753194115899
6.63301917653721
6.078529923119786
4.901140636630068
3.727175929203104
3.2713864584313486
3.5832103589855784
2.287617736250201
0.8878586862884364
0.0
0.0
0.0
0.0
0.156597715409347
2.6428211590549138
3.554509304687864
3.028620058948217
2.349999129772013
2.219875674997859
4.341149219615861
4.67246781379998
5.064027501222579
6.034935752857024
6.094824550648055
6.1846443122689525
6.446470474284758
12.1630263326358
12.061798371593154
12.195736303722835
12.036530202826308
12.023573166108665
12.425487395722039
12.748500702406316
13.181227033101697
13.48179147172634
14.455043125907537
15.159505629065958
14.323786254859796
17.670443493304223
20.436266058176866
12.339780595125907
9.768789529211052
10.15480565639244
11.030151971354277
11.565407073583993
12.731598132468328
13.721453577496096
15.174952167276292
12.491081391652722
13.86043782911419
38.70925785232161
54.380407789455234
56.68212748654281
58.3188396527114
58.82091746508946
57.47556676660825
54.91219226883105
51.74652152025317
47.930727762403876
43.540637681052665
39.402097027884466
35.2811777314382
31.268364942202314
26.893864773379164
23.07711075912386
19.48527140600361
16.943227285171826
15.258379795214987
13.46101847720608
12.32164676951615
11.222548128807224
10.613762247347696
9.942262818863586
9.438792749140518
9.112346717153182
8.947681740978329
8.395849642319426
8.395314831129113
7.886386823062736
7.686863754352495
7.112062999745998
6.640551163056431
6.065366084667712
4.817089341767985
3.822656598120549
3.3522503335919254
3.1223430562938534
0.6220129472745946
0.0
0.0
0.0
0.0
0.0
2.0312244977572305
4.184763979380297
3.387681825040002
3.538201163425632
4.032255684638219
3.7567682757838057
4.061665188533756
4.84673768966889
5.494257623703321
5.903106948219859
5.928873307168834
6.264498489588769
6.610669822466014
11.403185744959766
11.629364288506247
11.716595642930644
11.643535447805197
11.663555535166115
11.73791714379082
11.981070000579123
12.356150287440826
12.82852602193238
13.305555137313041
13.63906113784547
12.861880610873245
16.22756190047603
18.186893566755145
11.800907813970301
8.471779313489293
9.278886418459726
10.017159022933445
10.354722183159605
11.61519124663525
12.596484741848748
13.804913168709065
12.103491494184285
6.946015736368231
41.319306767151076
50.36501174591426
51.95029488940701
53.11109746616154
52.91295207666681
51.398400439809954
48.940553690252756
45.864502606742796
42.095501007758656
38.59206111168888
34.72882762890434
31.158782023954704
27.132265421470922
23.510023103383137
19.986015209897754
17.355019618999695
15.577849032428682
13.819899869779517
12.409284663395757
11.293676463084422
10.40688101687181
9.858690207022589
9.18035501880644
8.617411586118468
8.436872468692608
8.445903071433142
8.190720990616988
7.962516078748061
7.518876742625105
7.442523911249614
6.72126653496425
6.395233132461625
5.864657463398524
4.482110970383988
3.4408445306488638
2.8665097571725062
1.157259048212526
0.0
0.0
0.0
0.0
0.0
0.0
1.3246097764353106
4.152217886538469
3.7968774593744743
3.746537851187542
3.6519327508492507
4.011190067742605
4.512968512816273
4.903314718410591
5.399383169272479
6.1329279040809555
5.9690744358806045
6.352764765808196
6.197550848583322
11.406502781907873
11.312029263670963
11.402209152451741
11.45442306114774
11.4935351436649
11.273682146666465
11.522307482804749
11.726535892854564
12.188185158892747
12.491064516399078
12.64942294219939
11.778501806005606
14.55506431613212
16.42444326629177
13.095364752560258
7.332075611564587
7.673547095525605
8.546154715118337
8.931919905769481
10.089512382617867
11.575095512605884
12.197633511318573
8.85076860200994
4.480452737422326
29.947192260836502
40.62750515989157
46.74156657277141
47.51231694993116
46.80443501123016
45.03582489366822
43.08310872905465
40.00670815477348
36.872800351333886
33.29999760404975
29.812582922760434
26.43649838798311
23.272636856182785
20.0351335483037
17.90917857450837
15.788826703516875
13.74138465769336
12.47470224788116
11.424691102351911
10.525688680991673
9.394435795009649
7.749296578215626
7.513829246465122
7.634309541717432
7.966327806260538
8.11539519240103
7.9807076922091245
7.500834380888476
7.261594690670397
7.008671441764349
6.713317709372652
6.0485142783689065
4.990061396394381
3.4455199781739356
1.1885579570222828
1.0328041673375938
0.7203494908829958
0.0
0.0
0.0
0.0
0.0
0.0
0.8127440743119632
3.847034449208621
3.6579436541306025
3.8136762248742357
3.745001275257697
4.161333660222812
4.33021523019545
5.071800840134111
5.354359702146164
5.686494051520813
6.0175904459061345
6.235820153896809
6.315735831411902
10.96091263105828
11.018658359109159
11.019357933599453
10.925399518142468
10.758404764046995
10.804241958724115
10.880725715120406
11.057253116095493
11.654560812755081
11.768306829384075
11.816439531136279
10.7089357111544
13.053809638518132
14.950734223261088
15.3699676343952
7.150471708611202
6.7250403267899115
7.253624580374867
7.865835160365013
8.867958338652006
10.113399761813033
10.544023564602625
6.441855392719345
6.568923565155838
8.42683592019601
18.508286020377604
39.41801030875238
41.706791127594606
40.496446149244576
38.84854529409607
37.37934985081333
34.7727902957401
31.14961636935658
25.991719152598215
16.10846679049365
21.563052840350068
19.106426582659203
17.36908132049433
15.677969326742048
14.076069120704698
12.479267397983682
11.357911859029397
10.269660997136334
9.44036521473191
7.98587768452235
2.6170153044282394
2.722511796380083
6.304552931487442
7.418522812803801
7.587693535558055
7.678281709824865
7.369863869481571
6.940183094913909
7.004202091850768
6.544852941282091
5.90413409468845
4.4377537297903755
3.4117215513332213
2.784964750923294
0.837612588848982
0.2505563446549552
0.0
0.0
0.0
0.0
0.0
0.0
0.6875484390729358
3.9991365426366006
3.569906782529624
4.06642604046516
3.958621045565648
4.031445387988188
4.546191336712625
4.813956269057465
5.731948079549048
5.800917454655004
5.776686563253913
5.866160444893905
6.3919752757377335
10.72804746593031
10.772995071084672
10.564586827783062
10.809142760799102
10.429010583130923
10.606565898437072
10.576232860054256
10.559769672078666
10.833952116715547
11.014696262666801
11.003000979822039
9.99790719377452
11.615979378889223
13.399346025397247
13.785887146681862
4.769874527450713
5.519061356114707
6.507216992434081
7.287842312888814
7.9789601327341275
8.488589539172109
7.4522234270275325
3.527130179850893
7.217535378501921
8.446180374401166
10.341709445255578
17.57772587029099
33.28651384173944
34.93318675367317
33.116576084735264
31.223699635098534
29.150738469237975
23.70114493092786
12.220808454887713
4.711109697846692
11.788045889829988
16.006624661580368
14.610446159157828
13.370621533039266
12.389930690832278
11.042844059101121
10.162411103919695
9.172831638778797
7.696272647772624
2.32151115123285
0.2818758877368246
0.4384736031461716
0.8675115243898232
4.617207255054302
6.9035904403960275
7.187769328252503
7.286221021023569
6.956469012556153
6.530180533450027
5.636974427980723
4.891691763260771
2.2393529478171597
1.438394181585255
1.975286865428277
0.5011126893099104
0.0
0.0626390861637388
0.0
0.0
0.0
0.0
0.0
1.6850515747666577
4.030400865585179
3.0834644407494576
3.8111603984705034
3.634815854392482
3.857129473366851
4.381650368283796
4.796507633560877
5.756178970950138
5.851152622518465
5.924807711656979
6.330430259858939
6.425032600869953
10.405687449880144
10.452109435524914
10.431290022840729
10.374976658066267
10.256336175749604
10.257144517386198
10.292956502618523
10.349437940678186
10.552145291508815
10.618849168987994
10.410892861011282
9.659093911234736
10.2666691960246
11.030548897552292
6.211654035727887
0.7829885770467345
2.3584320303185056
4.466571806235103
5.586961088236716
6.171744730609917
6.032612912198078
4.647689094528755
5.988404786841593
6.900335801256073
6.994480864373776
5.952505509705886
7.689246035562926
25.042623471723424
29.094143834221086
27.960250262815812
26.279296900230538
22.882869645629217
7.96467578821257
2.1982915095461464
3.389137127016026
3.487932017460073
7.072206250270058
11.861173229674005
11.578370172935857
10.503459491520351
9.710829697928625
8.828150260906138
7.9952272266986455
3.275776392733121
0.5011126893099104
0.313195430818694
0.0
0.0
1.8257333229499986
4.776950197267153
5.789775183568301
6.778805979739898
6.657469905991686
6.61861220266179
5.261856465767701
3.2961302727263027
0.8062930457671128
0.0
0.5790411698325361
0.8332346744861887
0.0
0.0
0.0
0.0
0.0
0.0
0.0
2.755685784074794
3.455262758016736
3.592612657249818
3.68307739706363
3.7598414276434964
3.557160531529629
4.061665188533757
4.691465727192992
5.593333703752084
5.8256155413402375
5.899430715030601
6.029797736751704
5.888044898621073
10.212316100875993
10.146025252687494
10.309045449880477
10.011676570455016
10.017224612960682
9.955043927818036
10.077848600219896
10.10335332217998
10.255209458245528
9.989412303772637
9.865120063555993
6.926982916254138
4.090342614877335
5.654888055770708
6.185935445848226
1.0738889811902539
0.313195430818694
2.4310610742990564
7.285526726447344
8.85283050436238
9.283806144102602
12.508116660464719
16.00966499609362
7.183085486113019
4.987833467722795
4.0169565254405715
12.082950060925869
24.39205136777617
24.357131388375567
22.86661197115285
18.782033999250952
5.606696998143414
1.1295800174118225
2.4376449951206225
3.6474267049544444
3.4465957173253394
3.498321774836758
9.624342460271803
9.81323845112089
8.75479928516165
7.226046775272137
7.026686292094458
7.3467063464687286
5.939254533665445
0.9794000759646496
0.2505563446549552
0.1879172584912164
0.1879172584912164
0.632841890182238
3.060834342889106
5.257718034193515
5.756612862511491
6.53222498144435
6.675860101282416
3.421717357267947
0.41440774578958545
1.0335449217016894
0.0
0.0
0.156597715409347
0.0
0.0
0.0
0.0
0.0
0.0
0.3911239113413198
3.676039801061259
3.5207291553355526
2.9014045574367344
3.3528076590478837
3.656829003218685
4.234936580752085
4.235915831225972
5.153131060822489
5.408624879765508
5.6839137718790465
5.859802638931473
5.951958093344637
6.1791409587742505
9.760080025867289
10.001899546479885
10.008665510937314
9.94993224714378
9.835180551533501
9.805795136945457
9.868972567538735
9.886503514804108
9.817273703757648
9.807171546921648
9.160403386690403
8.60170762216606
3.164594978378
4.680311972988794
6.878533456946281
5.341656280543249
2.5369669769741123
7.8689584779249815
13.15860608470109
14.242459733012065
15.864505099342443
16.96114515645215
17.697762225823027
8.246863007639483
4.717722874075835
7.423934416033248
11.744261469122492
19.759790741229093
19.576969430516275
18.49876378121722
6.370032619058365
8.718013368328709
4.605018020182295
2.7027386135854514
2.3553478683223994
2.7678992072067934
5.80524701591117
8.907520849974576
8.25230083805966
7.467886506700377
3.913282962220072
3.7179889523144944
6.387450177965358
6.410215982328145
4.5383059919288
0.6724073767276237
0.0
2.2937661604484103
5.925870118945698
2.8651800626649657
5.411618440185785
5.749494218921983
6.346044476512228
6.424556765843161
4.938598866940633
1.5513142273321539
0.0
0.0
0.0
0.2505563446549552
0.1879172584912164
0.0
0.0
0.0
0.0
0.0
0.0
2.360170084024452
3.1756824308849714
3.163358104902903
3.511191456633281
3.8855370405267227
3.735312452413559
4.325670746141148
4.845258813565572
5.35076497566109
5.764027960111398
5.923166313996424
6.129478843523432
6.081353987603683
9.572902021250941
9.556257819076068
9.777106635185138
9.640823398437334
9.622360644114405
9.58475309432204
9.577828641840181
9.555249869473057
9.55588119227354
9.267660015591062
9.075184739683593
8.5551350650203
6.643038354386226
2.194088207142407
3.709436418376037
5.2372918219195155
8.540122615778257
11.079304297250657
12.235117005940534
13.069085328505599
13.843384378606967
14.735260963990461
11.777964330556069
4.299720830748428
9.761223280376159
9.615681394951034
15.807264534163341
17.125680068053267
16.905915914534447
11.419964463595916
10.422277684810856
13.289128724753413
10.680805929322164
5.9023009282457
3.299597125003329
6.2736233930303555
8.318902077387246
7.614487241219165
5.745340719965048
4.408563919340473
1.6400436699013452
0.4690111233197205
3.3077217739689817
4.667447519785685
5.421924377631763
5.3513394723825165
4.407640620472159
5.78250341959481
6.843723741428832
6.861649923385539
4.702582341493653
6.6319263092742595
6.14360247006517
6.131424643141448
5.913339498088811
4.484366089851113
0.1799021841297252
0.0
0.7691943371418329
3.3869053927196746
3.245189173929156
1.5589981394567396
0.7464678281495266
0.4063720371559817
0.0
0.0
0.156597715409347
1.6540144574317552
1.793779366937686
1.737079579860432
3.8124055392521745
4.34115407619565
4.160354409748925
4.3912581954949745
4.885869108104113
5.239524379577431
5.7876287901174965
5.881741319881989
5.771759845938222
5.937069229725895
9.357454872278746
9.38577086778016
9.41848529826942
9.554311555783007
9.326788779395166
9.515267860985553
9.35055163411009
9.454862977454914
9.198114073681868
9.191602984655255
8.752177377823514
8.55615849134199
7.517040030128448
8.312104039036806
4.652078636393838
7.544270926679529
9.270840994336101
10.87185968545992
11.091566307851922
11.797851992085949
12.48897718903223
11.030292254041454
7.0839343452024295
10.732749668377872
9.297981161560209
12.597313411879833
14.751698003631166
14.828558535524452
14.702485352431468
12.35968819161967
13.55076253080451
11.797358128611233
11.946100355648026
10.887745457210228
9.434959806768394
8.756766705651941
5.679999854066347
1.4332391975803058
0.0626390861637388
0.0
0.5950713185555184
0.0
0.0
0.47343030622673893
2.080474573766534
4.603170831344875
5.901387790381928
6.329381372219502
6.653539123899803
6.893213264817834
7.055302833550353
6.581129453853674
6.6810151817905155
6.58029674255679
6.162727372489284
5.837559212940294
4.101504145075419
0.5740233929253334
3.5828434050722233
4.381163171336744
4.671485875997175
4.375658669985247
3.836939425050389
4.1879882553818515
2.565297634819693
0.41077058579088754
1.6190577543511875
2.2197980785432345
1.2548342031847197
1.0915054659560677
3.2387653866506625
4.082638148722314
3.8027373506801503
4.651858037910348
4.779880131495914
5.496455398127044
5.615466307932124
5.767012181931316
6.133738874206994
5.867742978349846
9.11822971874588
9.187101412468305
9.287629660425676
9.262161593621444
9.2062917835639
9.2180577867493
9.246996177710963
9.172948947741792
9.007497128308955
9.025609741092541
8.596084216958278
8.291867291944977
7.356161728840974
8.114630236679393
8.516823226760582
9.2609076472831
9.794571430131764
10.308288991519513
10.634879532155301
11.105898407048462
11.649758430011868
9.986281298019266
12.258921561087496
11.137897510776558
12.74677500488964
12.994034603082229
13.261736319973746
13.166363338120943
13.141303857699196
12.942650415140708
12.371988213490695
11.907219596870638
11.05298193736637
9.892555820599407
8.602266972121795
5.44370561148325
0.1369304066876667
0.09395862924560819
0.5011126893099104
0.0
0.0
0.0
0.0626390861637388
0.0
0.1252781723274776
2.0901007233087396
4.595464062852362
5.98414609933494
6.759700953825948
6.911406982747846
6.869455607366269
6.767549738453234
6.688973466278307
6.518438053305464
6.233874074834668
5.986277251120768
5.9953636957644285
2.798661416533375
1.9005671953784573
4.279364223138801
4.977634182467635
4.696812111502227
4.198473486014712
4.092626992062974
4.314717523544043
2.8874599962757728
1.9897116997903945
1.294230723444418
0.40275551142939636
2.910262944342425
3.8877010704214383
4.325791798176161
4.529413534798301
4.616684530259123
4.710278473174147
5.3055773501665575
5.737966674866679
5.685439296552642
5.735674464416102
5.933915897471485
8.825142044233456
8.774830787684555
9.07570214336357
9.193843349839023
8.907930264390531
9.12041692191176
8.901427410856927
8.80856010275822
8.833264745609437
8.682578951179954
8.256333351266747
7.92609218434099
7.27987609042562
6.888385543382229
8.451964576144965
9.025290962898987
9.427306015898997
10.212990224735075
10.301107243319818
10.503430545874942
10.927526609262443
11.206349133134179
11.641119047155879
11.827934361665617
11.9895638436722
12.156410158071049
12.221037964668241
12.163738698981886
12.010648258897065
11.854174497633993
11.434759465736226
10.940920002826358
10.13512346320802
8.919961016138
6.5249656210349105
1.025243495915412
0.1252781723274776
0.5324322323917797
0.0
0.0
0.0
0.0
0.0
0.0
0.0
0.5440844667519689
2.759823231658139
5.264340909067566
6.102544638178325
6.53449883299079
6.535738924463857
6.627938996275541
6.63524252417756
6.798805922330267
6.343362048126352
6.081989979966494
6.082833436145036
5.836700265593216
2.226977058415395
3.449460610692103
5.1815592061174165
4.699774225964563
4.719926052721495
4.721551773736972
3.8467636483325567
3.8600672247885113
1.996806918333022
1.3110748955327511
2.456498280476953
3.4496895034571446
3.86653177163109
4.185185904398223
4.158817833819079
4.469650664761692
4.938722457416212
5.496791523002112
5.832255172170217
5.569191466224922
5.739122722966258
5.981400685482873
8.470504366529752
8.820632236553497
8.900902437084428
8.866975774952799
8.954139667987052
8.838438718727208
9.054451638384306
8.639883094936867
8.73213119586652
8.396310779074536
7.942160455662214
7.467621098655551
6.272482137703586
4.7829248820470855
6.965165239438517
8.374658689058077
9.160407210092737
9.405155438933935
9.844603974232545
10.069559497062134
10.488295661470872
10.673717679764266
10.831547075969853
11.053996918462696
11.377947389347336
11.478835301946427
11.363819665709112
11.450880717348747
11.210885106055704
11.18222637763324
10.886531632565664
10.448523940955425
9.70620910547328
5.768887193467335
0.6290869390487512
0.0
0.2505563446549552
0.313195430818694
0.3758345169824328
0.0
0.0
0.0
0.0
0.0
0.0
0.0
1.9423001051692046
4.760854110584417
6.299772828200681
6.4122667644831255
6.693765225120493
6.694638981427271
6.467619926280078
6.553431271506416
6.525682585253069
6.444610337075157
6.3156386138260485
5.990504795751826
5.719856661690441
4.157811197278848
5.075871158014865
4.831555204403415
4.466039392428845
4.177049381187767
3.825172424524282
3.6325865525686463
3.205068943724687
1.996162728335244
2.5438843550859107
3.3173555333276954
3.863880544789325
4.15135483151981
4.30497429589483
4.374442172021124
4.855353837723804
5.557490301143365
5.294328412644407
5.524167999098604
5.913984443550093
5.923661606431691
8.360242027205992
8.460285335494042
8.455792801982383
8.69810142007348
8.866572200572014
8.705586540722722
8.711434140827253
8.461011357500048
8.305839399894376
8.133888096369569
7.351088095884204
6.167954623391642
4.074009459818834
3.5456525769803333
6.678560832668725
8.093888172405512
8.030990343985138
8.597475724926975
9.01177167892265
8.694361423888576
9.778368701485135
10.029632600741527
10.289580688194896
10.589836457243003
10.770771762359201
10.642569598925833
10.67412127601528
10.9075059562337
10.797805576172372
10.31535133444068
10.30191958031959
10.150255010971563
9.207823599195764
2.077199648281839
0.0
0.0
0.0
0.0
0.0
0.0
0.0
0.0
0.0
0.0
0.0
0.0
0.48869906631351334
3.886718577375459
6.02286687817663
6.252114501980954
6.417838572828437
6.5464499090252515
6.5743175540352965
6.547477334937968
6.073458922310184
6.255023526829989
5.9069346262183196
6.009848617205019
5.535266636771394
5.120569333594863
5.085396154750562
4.8272262921275955
3.964799067828331
3.263029056241759
2.9202955567041817
2.5805652375261907
2.1229750441200563
1.2395448088258327
1.4005823414143102
2.5136448013659782
3.413194961312104
4.173554304310144
4.465101050843405
4.99064528233577
4.827960477918345
5.31382930566388
5.209134037747146
5.327548531103306
5.750967270212996
5.720717783494274
7.897558962775213
8.202515237502839
8.525911130735766
8.395655892435615
8.629211321049496
8.614316939589878
8.341133227123107
8.155798637624851
7.986864657014182
7.103288965749561
5.795350843265669
4.039006784254579
4.559892968182688
7.601826274051457
9.055437844656225
9.335980804347376
9.380354050797525
9.31449652420306
9.154727656874073
8.27638382061538
8.466699272208315
8.546560298883017
8.80881994126389
9.099878999398168
9.719393530508281
10.287016234005941
10.359044037373351
10.346238433538488
10.23713334298654
10.087519797208042
9.976861205492888
9.892496160228411
7.209629117280474
0.0626390861637388
0.0
0.0
0.0
0.0
0.0
0.1252781723274776
0.0
0.0
0.0
0.0
0.0
0.0
0.0
2.915233559281776
5.635569728360366
6.143653954601988
6.356964106592263
6.254046604823364
6.364965593977619
6.341837046016
5.970069096296692
5.881168267269344
5.71242253342371
5.203639718335532
4.094998437323276
3.6374085370272757
2.9420591992841754
2.49515837382592
2.348630873780961
3.3051175629073053
3.443032563928476
3.428098279648869
3.3937401705684866
3.3633246082240427
2.476349018106769
0.732001725243185
2.1170010834835913
3.4990025310892463
4.13018553272946
4.268224676577562
4.843625275357195
5.1035681427091575
5.2897300726447725
5.253633857793908
5.686494051520814
5.39790093917213
7.560852004379921
7.978027339736638
8.107777593759616
8.024610025336173
8.034607828111804
7.908749857123823
7.9132894921325025
7.3584938004712726
6.4689451212733085
5.430828003956982
4.0249830633314
5.804455905598816
8.178023618024431
9.28409201261469
9.511935450832766
9.640076651464794
10.000576364900077
9.913501752537645
9.795562882875569
9.943824903839477
9.949434415828751
9.984291730376995
9.711888378617497
9.400798303903274
9.060289027500565
8.66797592013177
8.552184881520516
8.652641405026431
8.455484166877522
8.493716413116966
8.256679851616644
7.475018501530738
3.221459980365242
0.848005579460829
0.0
0.0
0.0626390861637388
0.0
0.0
0.0
0.0
0.0
0.0
0.0
0.0
0.0
0.0
1.4878625835697563
4.3221542186096285
4.843871567853303
5.032947900680892
4.812482352253299
4.529415910582673
4.287515223586736
3.5664802632231174
3.034812036297507
3.278121991966639
3.6712020392838465
3.854750338729664
3.7211615446427775
4.018769265497103
3.6795348779388792
3.744714750677799
3.989796035022512
4.076823584042749
4.103446460658494
3.7930642515398483
3.7913922751719706
3.9154385979490973
3.2266663427898985
1.586582291813175
1.376537118329837
2.962394781154508
4.015831514075441
4.416409768109994
5.166034194951839
5.1424971812166325
5.113823971238565
5.601186828826703
5.089714233697637
7.222379167474831
7.488922328185298
7.7190645559585365
7.874703177345098
7.866883560080059
7.403102247402882
7.070669334583103
6.2628762698925655
4.677179143551421
4.132565261509208
6.547739567048297
8.77614579823673
9.57771095682123
9.852073669365886
9.805982583119352
10.0056798044871
10.044550837549853
10.183181386922739
10.310774341592719
10.374590670636472
10.28620487377127
10.277847965641536
10.313714913724972
10.346470362396184
10.502075894876329
10.258031211954155
9.95733676732625
9.807356532348766
9.558629130771418
9.093110394334342
8.37868954221648
2.4925896272889934
3.7298532309565458
2.808943130557605
1.434798290130782
1.3130953749856653
2.9612741716484803
2.0757466148632098
0.45374236323294603
0.0
0.0
0.0
0.0
0.1879172584912164
0.1879172584912164
0.0
0.5950713185555184
0.6263908616373878
2.8956406188709516
3.7827047164630057
4.550719374322544
5.002756140907433
5.380870368346313
5.617681833368772
5.334177461968336
5.106145397160812
5.424410221246677
5.410435487181921
5.0050935818104945
4.790220220337282
4.498719239272256
4.0418461417091205
4.300705497490264
3.975905061003746
3.919387318387943
3.9997255866358574
3.750621972064419
4.065582190429306
4.221903805172195
3.954839444108133
3.5538165787938736
2.0261911801433774
0.8609170575693602
2.814861362080639
3.862192844717615
4.519149222407874
4.688500925401735
5.115072649436264
5.156186931859935
5.236782966757561
6.967963171356211
7.13680439319721
7.51378163338879
7.147940904804052
6.984148520618773
6.401168620803728
5.532635071366271
4.262458592889038
4.247269322411955
7.143121358217808
9.004415463678638
9.805671546344069
9.886935756091903
10.063128904667472
10.190105187770435
10.2933828521885
10.352001418102033
10.329350505267206
10.597022998591752
10.682286721234094
10.719922815591058
10.646902767661008
10.486764703188337
10.671498582909537
10.8219555752661
10.720045079583864
10.77219297438615
10.503172269590152
10.247369102685356
10.127696101227384
9.656806475183084
8.147721060202898
0.8586737770331426
2.9513366025254117
2.3983196457644564
3.2082387993706942
4.190639482223618
4.36184566986218
3.722480579860095
3.0209782151455977
2.6672512131348203
2.292862308707489
2.996206499226542
3.3155803855992563
1.5206386736543367
1.4836707592080496
2.1275066664748308
0.9038888350114187
1.5709067141237838
4.541295084343189
5.529960500007399
5.8361448001430265
5.8074177523281625
5.825487556700897
5.6727748260813895
5.48186730332478
5.4631439294110296
5.231116052012637
5.249783562103876
4.824051293215694
4.937837971776101
4.749641097773651
4.374985149074062
4.11507806074657
4.120396238133932
4.159625108731851
3.996063390776909
4.45348111182943
4.267180154174552
4.227524501978916
3.8544782465250855
3.429864387910553
2.6460941223302887
1.5892816228138464
2.4704163260145307
3.050902113669628
3.9649344682663625
4.2973441746142305
4.917773851214058
5.121002919686889
6.593368951307621
6.671970475435593
6.626426276439839
6.45899839315819
5.667398991784036
4.983235127723161
3.976374887810517
4.891635201245867
7.522198513993282
8.946473646573935
9.571732859216786
9.885439876057939
9.981484599207652
10.181684424068198
10.231834216138394
10.63233680174789
10.61668569370704
10.543654377389625
10.667374287058644
10.743407177086045
10.751911082551743
10.900077849420212
11.269202445033844
11.015461608165724
11.01544220959306
11.293181236064424
11.14957486727024
10.957499155230794
10.632001899807848
10.24829740411398
9.983061861870736
9.413608027297808
6.6719026438947235
1.717708978006567
0.714012999883626
3.911338788987433
4.789342543631407
4.788374126486266
4.868176416183048
4.2834149790359355
4.139909555395866
3.6313365012186942
3.992568313899289
3.1329012740142352
1.231550368736454
0.9942103042583289
0.09395862924560819
0.6059208957352745
2.731688589460427
5.266547090277535
5.552424177886683
5.916395612757367
5.951266081975295
5.872280333342941
5.813514107823169
5.798910227625881
5.604042378713013
5.2623505713581675
5.358279720177556
5.238846057609193
4.7816639695536525
4.390106969459973
4.677775976549689
4.409860744355488
4.309518751755248
4.575126157221605
4.662981038623814
4.559090358290929
4.305601749859698
4.508967034008796
4.404964491986053
4.4042351909689765
3.7564817512039066
3.074660736485402
1.5025973135656343
1.8142493328398
3.3278724825038535
3.4651363633695134
4.15912979107318
4.503045464219158
6.088920838541569
6.1616784848498485
5.718320303688104
5.120184473584183
4.282342089498854
3.134590403375253
5.933486340019742
7.999253566572083
8.976008144832733
9.37173354309873
9.816172591278544
10.081782574073754
10.189781811192667
10.480047069769077
10.498157180456062
10.639204723956778
10.547797043733912
10.636677072589098
10.595349728453284
10.591831602173723
10.722144874966666
10.870851250378125
11.134786138730343
11.331111654457601
11.517440848487322
11.650830433954642
11.560383566461248
11.412602475444752
11.076734503793158
10.544545170672833
10.100852455608152
9.648578906866524
8.630859411611251
7.2744734296437015
3.8365782146947027
4.683055133373221
5.91590941898891
6.005091010323821
6.011039996555182
5.443160213884191
4.816092449031118
4.35553389359791
4.235239100171446
4.177977708135551
0.9541349324508732
1.603105202082829
2.4235431646264054
3.3864840523706903
4.61723019464098
5.124195551807501
5.812510494308607
5.913126480300163
6.34855200769265
6.1164063553284755
5.951958093344638
6.089039797298269
5.786052123990291
5.578570946059782
5.473733355550071
5.444950274794946
5.143934380823221
5.080087663193929
4.806010954584818
4.8558778263939075
5.037525676641849
4.975825981369221
5.150326383950674
4.875096441429381
4.818869067274676
4.727293522578709
4.629692942798339
4.437341819410102
3.879699947649013
3.649656006778282
3.258516401798678
2.3917058225835826
1.710181880778531
2.808707066920328
3.5676774807057883
3.9567979450559063
5.100963171219787
4.867931351499911
4.387712195091252
3.4519188052809806
3.3669381083440943
5.999433044562801
7.863549081681702
8.961754511348401
9.572671172906835
9.63670738039314
9.994401045479654
10.159922109244462
10.30566963545685
10.327611770281942
10.345571921112072
10.379130814061671
10.45663431951653
10.522629054342033
10.72731822982409
10.536150754397678
10.821901157452782
10.78790103474133
11.023629555719095
11.008933695508661
11.258779356114312
11.579633947737811
11.258727264961193
11.331398552181344
11.259216320932422
10.801429638055149
10.227806504739151
9.668392646966206
8.814871346942104
7.775992695044358
6.787593958803182
6.4393930292745685
6.499675077452624
6.41229201643617
6.302349949288542
5.860788586820742
5.182143092058806
5.002887328850664
4.8557031635038745
4.485051164340709
4.023942492445506
3.828141894489239
3.7757082727503155
4.083659132377154
4.823571997178163
5.334947172935428
5.802426303479123
6.020909802825301
6.094251498035411
6.187945651334533
6.1296950198659825
6.020120573870106
5.936496177113252
6.070355741733567
5.617079305960005
5.533689970644191
5.620247447767351
5.25310886086514
5.132521284932856
5.312556264425508
5.508729615821247
5.14970049270563
5.033955313197453
5.189681870809019
4.958178319941922
4.606390480170184
4.802273745443287
4.8520840739781255
4.529983562220834
4.261438405332816
4.028372236128496
3.599921054128254
2.6946410021355076
2.2796851989771594
2.6649127461366398
3.6537558513589916
3.8577185173661057
3.151726504814825
3.2940923331515415
3.439447163111957
6.246189062549529
8.023158722618007
8.93370702740714
9.411797474472136
9.379210755127875
9.969527499311248
10.068491887088125
10.199580719325823
10.399950226745855
10.471165961068865
10.41130870858558
10.631269701180758
10.62595235709766
10.630352889403255
10.85968106536107
10.75287019562372
10.907300767021681
10.737593328296505
11.134628154754923
11.082848930161962
11.259498816825117
11.382465074050208
11.244501310895853
11.254367610010554
11.103938735649773
10.709971350671324
10.344591510827101
9.765804235736574
8.807160355878292
8.023757619033125
7.249297601674855
6.967198914909936
7.043976886657599
6.883511315792137
6.6795119208510085
6.167173377225261
5.911811191856215
5.3784884099613945
5.61709411551294
5.1026803030720105
4.914956324082055
4.681925096071494
4.963604602307416
5.1136408813377825
5.532185868996974
5.822998627316246
6.1685121258390705
6.3847812476962185
6.287605016935416
6.370847564913259
6.066290146221712
6.226132246133553
6.133046862837653
5.977573007484414
5.949235321992144
5.571378637017281
5.7421747620892605
5.62995221914853
5.558781983849116
5.600079066108379
5.699925207769048
5.261301927349843
5.140025196120574
5.160365544286394
5.192388416066397
4.8422828405843825
4.976630568953074
4.9107522612539825
4.734213547825037
4.370338846161442
4.513864932814677
4.390543242880919
3.6078809083564516
2.7732506137467676
1.7058039664157367
0.9468399781813646
2.398980142580979
2.6567901729612156
4.15730507075996
6.416268918477814
7.542531265383512
8.330696116087783
8.849823933180184
9.135474199042186
9.475829756199158
9.675514446506021
10.170894603654395
10.424920282708026
10.409695781302188
10.482932679050219
10.38213238777166
10.622058740754596
10.714219916817552
10.857481213827404
10.794825006543862
10.956997636111536
10.728788845251547
10.878406635597234
10.987965424954009
11.268416769923876
11.180667810406476
11.182636245130519
11.092049379153417
10.953584160284056
10.904828362705572
10.748028780185454
10.374924549209915
10.108771919085907
9.50980833734094
8.897184212579461
8.256269455904857
8.0284201636042
7.688613248908289
7.1847480283906995
6.977778468318066
6.7740890099089786
6.577146009968033
6.532375526314748
6.269755464450785
6.093449553792013
5.9910366497851495
5.886362302381196
6.094757795617628
6.140049687045536
6.329835466075449
6.506631187980745
6.352407889538102
6.115436667421307
6.5754891906577555
6.246805863102083
6.287486058178718
6.101733668052285
5.982665749464858
6.019731211547511
6.065479176095672
5.733002834517221
6.1694203135509635
6.152408422700306
5.802636612492936
5.922854711851204
5.8639193758969395
5.760387058172722
5.435756619985791
5.30632539447616
5.033756287266743
4.8964542616286195
4.827376591976956
4.974189755831924
4.842653842076206
4.827834541109657
4.256779400453619
4.901636487569639
4.505241212657169
4.153548933521375
3.232725780413436
2.5316151719943
1.415913004317423
3.8051301431912865
6.163214806780389
7.038963287266485
7.898910053259165
8.326004182811454
8.9143793111344
9.247739689316935
9.499115709785258
10.09692496655843
10.237057740697876
10.397356889177493
10.536306314665161
10.596640780944421
10.599559082806012
10.813825910514039
11.01254300526436
11.077825864094168
11.034585925299966
10.937818418554903
11.05193531268223
11.029839370455136
11.177966069490369
11.10545012825358
11.053668316086608
11.167831239437996
11.14506866027524
11.064955146557928
10.952381849967013
10.651251015435907
10.48529408776088
10.177571874933461
9.656228802665096
9.370859084981173
9.121742709154853
8.68362255752822
8.321165099948127
7.851680424486392
7.865291155420078
7.390534984401129
7.108325390423703
7.227780985741989
6.935541685017378
6.755222672431547
6.556055665162293
6.638556274033282
6.85696541284245
6.426366399146672
6.543725474405066
6.749666657143085
6.687444953385756
6.406074910401281
6.419579751281339
6.59427741846364
6.41578751122933
6.5140631335356565
6.4255336878497875
6.23949638708607
5.965700851738091
6.306346810505664
6.377280847290698
6.123575131416947
6.185498764736683
6.126637113414242
5.781844036767709
5.80354887575038
5.839972478141485
5.596301539787714
5.545350827600882
5.533974954065645
5.182726978000193
4.9734555700411756
5.131667971267654
5.141927153794101
4.77181669740748
4.214746532435625
3.938260668124517
3.8323296972608496
3.4139508531570595
3.242602867045186
3.5372536314950436
5.310444438438263
6.458826554770033
7.1615139166271025
7.6445026696200005
8.455656547919226
8.916402765101436
9.05632104520152
9.541438675681745
10.057944475699328
10.283469224346973
10.314164756727271
10.447378970102687
10.65502741800025
10.781263710649588
10.811894364090787
10.886449992497592
11.134505669066858
11.139038751687426
11.221526472084332
11.23089133311146
11.350368400390172
11.378171905612033
11.187330708822232
11.499126083914694
11.383778488542308
11.178192294094154
11.293007324309022
11.09919838716993
11.05954403142468
10.409980076081272
10.463093676651004
10.015533697299736
9.75126879191218
9.417899037435987
9.062452295596724
8.841725255242752
8.531850425168734
8.389435739091669
8.008847556970732
7.844775389968441
7.711065195640529
7.412817015741745
7.189507909385243
7.054935727460945
7.214353239459423
7.092531100865101
6.995305248356499
6.9323879389282475
6.892008168101622
6.8462355104886665
6.704125778807616
6.797133198727972
6.866016453358028
6.4319634594450275
6.514921096785585
6.661368990734703
6.5858275058922064
6.323142525013767
6.639905865366853
6.665165021013037
6.459856356408118
6.473573862848527
5.884803301879282
6.019979873942563
5.89376492043751
5.668464555272946
5.441089145776175
5.7208091337513896
5.699494646867132
5.508834885176843
5.2572874732916
5.16153331616917
4.892719739816006
4.478330165025085
4.793766220741003
4.51553526274611
3.9861037670567105
3.7126875733263214
3.7271759292031037
