5.598240949513748
5.592524013467048
5.5225913329714
5.059474164553912
4.332085221944014
3.236797891078755
3.764296550012197
4.96060154273957
6.333450199069432
6.853210538809174
6.972331952890108
7.200892568324797
6.943499969505169
7.193097412339138
7.008452442043342
7.157359051409042
7.103424131721015
7.166623000992721
6.914667986120227
6.986050230253639
6.969040905250268
6.788094937768872
6.642054423995938
6.635887821867138
6.698300148656893
6.713079791859256
6.583187319179479
6.71980412310989
6.942463084696258
6.971045722735652
6.431626396273497
5.426105022121033
2.9894514103710117
1.8445592141083353
1.6958641028256407
3.383782135329356
4.99412658175509
7.280949943897408
8.075194090247875
8.445202891479195
8.539705872370371
8.77334121949875
8.84508073218224
8.781871907346193
8.813523436462491
8.693300031939003
8.590981723332574
8.189594071699114
8.012508082132078
7.772299441127113
7.291631770771549
6.7752353945783925
6.617332424948461
5.3662820785841925
3.6475053410682667
3.0431910018044173
3.6798733556042524
4.60286139128655
5.261732693987191
5.615619732292959
6.022202475306869
6.169874407406911
5.70080986252691
6.122883120047605
6.168847260938319
5.984558093282834
5.73295169306361
5.868672907232584
5.865349474767866
5.783942713375309
5.784763527054276
5.673924017076412
5.618477148475808
5.2905201222580285
4.24827187575134
3.1295160527342567
2.8892156318926983
3.744408854960417
4.524575504773369
4.894376632806396
5.881622361125291
5.995334368265831
6.163419383858623
6.129478843523431
5.633142773758072
4.453094689098924
3.1505264510506077
3.41749879338426
4.587829128007591
6.317604435615894
6.972864430058898
7.053336321215791
6.723032965370197
6.920771500711207
6.612930894455975
6.549362724100613
6.500677251412297
6.483188966646598
6.240448057139654
6.232349352168445
6.169896148577756
5.885518846202655
5.0612658107502835
3.786022399670047
2.661118719405561
2.0600114434791026
1.7747398641522039
1.9259222995355798
1.560963474465163
1.9699453942298824
2.3925984399555578
1.7909448641194214
1.3163380041644273
1.8670533986405133
1.6087975030844217
1.3948444444151247
1.6504185659772825
4.770705655737432
7.098244154002788
7.690227321789108
8.16668639412932
8.269254517070468
8.325426946716659
8.319931340890193
8.263170779625366
8.344340559874917
8.237866361268814
7.880633668247093
7.581160341012904
7.38827335104992
6.862201860030222
5.809321238893693
2.6505432216896723
0.1252781723274776
0.0
0.0
0.0
0.0
0.19956949285140552
0.8404470916672471
1.9093101399136856
3.2966117586379697
4.537984074780427
4.972104161523182
5.398799283331092
5.397967636323382
5.428712744496111
5.5759395249644035
5.292321185615283
5.250787175618441
5.462807804535965
5.598071839079257
4.801385226354399
4.437891024154441
2.7308198549419287
2.9422661266742436
3.995486860338143
5.210452109479284
5.649679206576841
5.528335778196319
6.26600147108415
6.2257753698634595
6.545566693822278
6.378827311127769
6.363894965167337
5.951085173244247
5.169211890246926
3.512487856581279
2.3065855591520115
3.517011350205236
5.456879589958523
6.456943820776883
6.439658574466379
6.403908400827677
6.260191745225445
5.89772524659377
5.3490490544518385
4.53334037209372
4.8157406699938266
4.6437916714026874
4.0456394324346245
2.414083828490854
1.6009338571740357
0.469793146228041
0.3445149739005634
0.1879172584912164
0.1252781723274776
0.8019151314043196
0.3758345169824328
0.0
0.5011126893099104
0.5673889354723469
0.9002516750127209
0.9628907611764596
0.5637517754736491
0.9978474642570268
1.4813453247552006
3.289909696896939
6.410122617964971
7.073631838535608
7.5313112095394
7.924439356274326
8.001883575434178
8.048943934441363
8.185447469100367
7.920851800327919
7.717666047455615
7.419421678682761
6.918983139012499
6.622765109210218
6.232165734662566
3.8581501902459725
0.0
0.0
0.0
0.0
0.0
0.0
0.0
0.0
0.0
0.0
0.1879172584912164
2.155920382903268
4.675042135832412
4.666723377629326
4.808774043116444
4.708281750666845
4.689070952824268
5.027091831225369
5.081626436568529
4.258194924348453
3.1517831866376396
2.44711185729415
2.843209615905494
4.565366138634313
5.242265792397305
5.684435683038079
5.882887425107276
5.99285123342575
6.58189371029995
6.815724665265522
6.938654582021358
6.473429652138784
6.6470998934083685
6.713596671895942
6.187996155240623
5.72449530981494
3.569446281391403
1.3984816044138233
2.448978119774942
4.441469969745055
5.9322506487124365
6.186417697330232
5.488353781220819
4.199007783615318
2.1908246041863286
1.00222537861982
0.0
0.30518035645720276
1.1813868083854495
0.0
0.0
0.5324322323917797
0.0
0.6263908616373878
0.9585128468136664
1.4114319185940662
0.1252781723274776
0.5011126893099104
1.0685016247822567
0.0
0.156597715409347
0.5011126893099104
0.313195430818694
0.6263908616373878
0.8520993260274362
2.2450677308944336
5.480673854219973
6.875296362755022
7.226885739413353
7.6117697723849185
7.618872960219974
7.552923262251957
7.378354497563219
7.208956464840754
7.080079473092496
6.750540413449865
6.419705513764735
6.056021420894702
5.209814095635906
3.0527514846627324
0.0
0.0
0.0
0.0
0.0
0.0
0.0
0.0
0.0
0.0
0.0
0.4107912200630001
3.3860304829442365
4.181523708539272
4.063623689481531
4.196514985066939
4.498520213341548
4.265524172646138
3.57515002582075
2.7239328741012816
1.841911081650859
3.5008707170624103
4.823225029920091
5.441508873349346
5.743751428216466
5.975280797033835
6.25902389882931
6.165041324110703
6.64193546523924
7.059398986721618
6.929603541505777
6.892008168101621
6.831355826321993
6.63333188306187
6.410550837983267
6.1212829209663715
5.290423660245466
3.888815609167168
2.5976438068913867
2.5247474656948494
3.797458203546387
4.807186543660493
4.831169609418264
2.255825146850042
0.0
0.0
0.0
0.313195430818694
0.313195430818694
0.5324322323917797
1.4210316730443107
0.923556143733099
0.0
0.5011126893099104
1.7371235094976067
1.7596046867654398
0.6183757872758967
1.2680711176336619
0.7858849826813372
0.0626390861637388
0.7553061939635631
0.9388455380919861
1.4399582274018958
0.9038682007393063
2.1834607585541637
2.92022507622394
6.30997916126963
7.747011257757775
8.054742593584491
8.596536094513755
8.731574556180796
8.61230909249277
8.376110528115623
8.076581632188281
7.820638616444459
7.309937829389986
6.816520311900752
6.412529933949566
5.506761417075986
2.256316166347493
0.0
0.0
0.0
0.0
0.0
0.0
0.0
0.0
0.0
0.0
0.0
0.7749735026852435
3.5150205003379296
3.4817976764415772
3.467587083998804
3.880257273104972
3.9689676656171358
3.348233363293922
1.798898035664575
2.3309081144179875
3.342151828154723
4.731431560228612
5.78089156470676
6.0294626016524555
5.998279110505444
6.163776260128717
6.4118846362599875
6.095970655873342
6.86024143834856
6.736274636783815
7.042295183991472
7.020056100703902
6.817635306381211
6.787712809545734
6.460689067705002
6.227538010043084
5.993424286038394
5.186891731907798
3.9205018571336736
2.428996893829404
1.8041405100241386
3.3388784315880082
3.9073337932819387
0.863772194659738
0.0
0.0
0.0
0.5950713185555184
0.9432234524547793
0.156597715409347
0.8769472062923426
1.00222537861982
0.0
0.0626390861637388
0.09395862924560819
0.0
0.3445149739005634
0.9825580698981398
0.9191575950981934
0.4071540600643022
1.4574835305788638
1.7126951217781161
2.15819771319721
1.2913755863540402
1.9628113396155427
3.6738455610988985
6.9544163010949225
8.063733111205261
8.54149877273442
8.745042669537174
8.866257834469135
8.794271667856004
8.720898401946629
8.545744478336129
8.216705425451854
7.735688884426227
7.29984093282799
6.638887898350331
5.521025500172939
3.0465092769347732
0.0
0.0
0.0
0.0
0.0
0.0
0.0
0.0
0.0
0.0
0.0
0.156597715409347
2.1993693811853476
3.7704937772576854
3.4558200834726955
3.815770126260043
2.967749004538536
1.8884787505473901
2.8761392325389044
3.574277427986397
4.586589838776886
5.314759821002154
5.403828184232641
6.066863198834357
6.030608706877744
6.30187411426175
6.623147237433356
6.409382991587134
7.036123018625138
7.0550302051877205
7.088052819470701
6.760847338495361
6.720740196031369
6.528162768199203
6.426391651099717
6.547859463161106
5.945223953703636
5.218191251225793
4.928375559640607
4.3289746424748445
2.7368307566692467
1.8178245900221601
2.9909387070929934
0.4304585287846804
0.0
0.0
0.0
0.469793146228041
0.9002516750127209
0.0
0.313195430818694
0.313195430818694
0.9082667493742119
0.8492648232091713
1.6584336403387732
0.8885994406525317
0.6569077475388242
1.0335449217016894
0.7276238108803917
1.1311407109459954
1.5567166346410661
2.2210973605861892
1.7040967586060107
1.5170634164719763
2.254979479076164
5.716301501505535
7.7319303553951
8.345765125510669
8.99099615961862
9.012393394611834
9.316649974273247
9.158601680931193
8.948610289131613
8.881372348635077
8.451047952515609
8.105400379131279
7.5408192041788
6.832796770646802
6.0654145173464915
3.5346218958378817
0.0
0.0
0.0
0.0
0.0
0.0
0.0
0.0
0.0
0.0
0.0
0.0
2.676445934054826
3.0746401022132908
3.1916372341826893
2.4852400186499497
2.300349959972327
2.91766849025612
3.314146981029973
4.495582461919887
4.7490710703511185
5.4426766452321225
5.726736378811905
6.094683850720512
6.3010378921826655
6.398430299286019
6.584960083746082
6.499292949229487
7.064955002010079
7.001571891449607
7.071497114293741
7.000657286057679
6.905741467598881
6.507107023007535
6.715838937328681
6.3436971832256
5.774913178192633
5.494152354347722
4.655040854015146
4.526846784868465
4.090951805551755
3.775286347732387
3.158805492227513
0.3758345169824328
0.0
0.9709058355379506
1.1391557853074867
0.2818758877368246
1.0138776129800091
0.5011126893099104
0.3445149739005634
0.6263908616373878
0.8099302057658108
0.7203494908829958
0.8143081201286039
0.0
0.9395862924560813
1.5563773996432246
1.8844098127746274
2.471872951525507
2.0852814388373417
2.398281587315654
2.955119591958881
3.8680097216696105
5.063662921622526
7.604925371154825
8.526103157255308
9.146648161053697
9.399518205998971
9.27325363274705
9.483555599758848
9.370777162095266
9.271559432111278
9.14918609302688
8.789586653994592
8.594504150950867
8.007747673863648
7.430667211956523
6.422145317191762
4.53803898003143
0.2505563446549552
0.0
0.0
0.0
0.0
0.0
0.0
0.0
0.0
0.0
0.0
0.0
2.5398068868265313
3.716101654570987
3.427254429613012
3.373820923128088
3.085776279661746
3.3284298079598136
3.614203881058094
4.733880767892742
4.556673908210452
5.258920003241313
5.834853117437276
6.246665163174541
6.397092990227099
6.599968185565648
6.686969118358965
6.538908463609837
7.210084986548517
7.448410111131353
7.315120647936131
6.862643707547892
6.666389208194088
6.296013884496954
6.2198933989278204
5.925499723026321
5.756660673305667
5.579455600817644
4.683580309991627
4.149280135116809
3.8609427933676637
4.493620145284801
3.57076751638362
0.3517480253537341
0.5324322323917797
0.8769472062923426
0.0626390861637388
1.4720185248478603
0.4617780718665498
0.469793146228041
0.8958324921057026
1.5347515142849681
2.394094826213186
2.602715095548307
3.128989182202657
3.985604743782296
5.215659334455706
5.862351638676064
6.330250190680877
6.608162015598561
6.691879313622085
7.03339955269123
7.351064150532097
7.850161401913775
8.372047721343424
8.733608694686827
9.13179142072697
9.21316152044642
9.675699506591034
9.690779852615822
9.67912034626224
9.778108804447694
9.57171479190338
9.341633559621874
9.113097514151141
8.700573900146775
8.325630360037982
7.895349124375901
7.29696489850666
6.215571034715779
3.1137544752744994
1.7781588987694306
0.8593117432084945
0.4493025460538151
0.0
0.0
0.0
0.0
0.0
0.0
0.0
0.45180442086848205
3.0137774740899044
4.011492587161965
3.882215774052745
3.4780160749840605
3.268177906133624
3.6718045560425168
3.665944776903029
3.682437534519222
3.828006494051211
4.927159061676483
5.713539163852876
6.377518764804095
6.213557334136233
6.546738330444736
6.610669822466014
6.49148833434763
7.19193312495139
7.146202323671318
7.318073257265904
7.151420907897446
6.6617730502506
6.033592928697663
5.819417819929655
5.694594548275206
5.708717715892782
5.142032423149695
4.548995334132701
4.547211496074961
3.5280375522139877
4.65621647128471
5.287828114971247
4.422319707349564
2.428754794355182
2.399493335282893
2.4392959397130727
4.168658714562475
4.830911914518416
4.7231326058905125
4.850433599981559
5.147446573862595
4.608445528769416
3.6085505744695245
2.880330635643995
2.3910172886602283
5.1350510753907574
7.144609008079066
7.739576617419358
7.879516839739819
8.007732764783158
8.328722900431892
8.404521126412513
9.00843070158089
9.358329330396296
9.554655655819056
9.959590452695293
9.932040072429768
10.03001096199878
10.03493823422218
10.073474122162633
9.720793195752782
9.647435079689167
9.642584601645385
9.541335538482642
9.153674108786408
8.737282996363897
8.555836514508309
8.09988773076822
7.6275548037826315
7.086118184983776
6.2922202414425445
5.488762682427219
5.012509332344984
4.40706217340745
3.4728519640558866
2.820979762621888
1.669191412342886
1.0500016017016378
0.6875484390729358
1.5025533839284597
3.4988854081396195
3.8903522972632016
4.3114214725971305
3.8314858472249953
3.5560458806177104
3.1771777382705926
2.592380698259712
1.1215203222236383
0.0
0.6372610730892564
4.066050070227362
5.536800008325358
6.409905819737816
6.451371732987446
6.59792279263641
7.076831289033277
6.649630580260592
7.3485164589614245
7.373639461046725
7.369775126909633
7.059001836364752
6.238609940545022
5.717513309786253
4.982137757633489
3.802201414608481
2.342775545445732
2.4756647169450425
3.631049976638799
4.057445667218848
3.9447444199499024
5.461574391970717
5.814087160435814
5.853450700297779
5.602324956795605
5.993215464808845
6.1607485559671105
6.470133253622477
4.057900471321679
2.2211137453127296
0.9326611078747528
0.2855130477355225
0.0
0.0
0.0
0.0
3.770163852976922
7.780458468027196
8.388818859562708
8.303285294219094
7.769704461202259
7.067018882667729
6.411658868890726
6.919011875156855
9.779625296768948
10.147126867484968
10.141344042126837
10.38617756861647
10.290531238335355
10.28395942948946
10.445650078390441
10.086205508349629
9.95530578208266
9.88095135175483
9.571963707560888
9.340874525676377
9.291954179943016
8.751526504741243
8.483849119644479
8.10264929552958
7.798265796264856
7.38263467010011
7.156822726164597
6.769939228096089
6.53954430240322
6.370572840269379
5.922614684410159
5.3367887253449755
5.1066903639824
4.466841537477636
4.95307599205716
4.988928150483551
5.086573422896492
4.5418380613961284
3.9297531434222366
3.306430026053734
1.7944695846703629
0.32846419090546847
0.0
0.0
0.0
3.043089394104811
5.389872031055638
6.315638613826049
6.603144170107449
6.587822394915355
6.821008052191348
6.9134807523656665
7.544191910232248
7.470249149735145
7.297000664186641
6.771458282092446
6.108697012679864
4.441728177367879
1.1594536884863815
0.0
0.0
0.0
0.832432017305756
2.7389222255825416
3.754031030574618
5.255861107013754
5.605097133681185
6.4026178054485205
6.795301438206955
7.127653311717324
7.167230219589774
6.564398312649747
0.4384736031461716
0.0
0.0
0.0
0.0
0.0
0.0
0.156597715409347
3.083523347408355
8.022905216773811
8.87414276218033
4.8110015927405705
2.8165799809179055
3.146568104922033
2.4767858956142277
3.2617901101465847
9.608848379365776
10.19596237069675
10.47344540077867
10.37719575492099
10.802410048340118
10.688796942594555
10.602575608575629
10.28103221334765
10.139337479412747
10.230006228705175
10.035127414850805
9.478067292282073
9.460861403219669
9.229034401702844
8.795586674632206
8.50991710945114
8.341629831920061
8.040566210874356
7.463922801089815
7.468335614292534
7.136064617780858
6.897345183669075
6.655296095409557
6.4801225932004645
6.4590920999618415
5.995579872106981
5.806414138813602
5.745952288409926
5.4079461080429105
4.210657554978961
3.1107733590221134
1.286256917627152
0.0
0.0
0.0
0.0
0.0
2.965816935356588
5.89730452924478
6.3359301025714405
6.487291369288935
6.821922657583276
6.861278323157471
6.747605667081744
7.869518083778019
7.637242099007296
7.500012568211551
6.675876005574432
5.461222041000537
3.179906974450039
0.0
0.0
0.0
0.0
0.4071540600643022
0.0
1.2467778602790032
3.799693791239318
5.581021143550916
6.731373378081127
6.855872656814662
7.46648823854796
7.556720099270988
6.197106562623761
0.0
0.0
0.0
0.0
0.0
0.0
0.0
0.0
4.710143886813069
8.433182528728276
9.140459673622972
5.376786385878627
3.525335289679932
3.5717013587149067
3.281388436675308
3.057394021231148
9.205977316062079
10.663965907034662
10.942144941096938
10.953133293915162
11.058485043771126
10.907847021757808
10.797877187414809
10.528792627046306
10.296694811039622
10.210756527169425
10.296182357185305
10.04864274724704
9.663025544001938
9.523340261188384
9.069068344772905
8.62007030629786
8.565667678986243
8.299277942841748
8.036007821229553
8.068542422107496
7.42861448788402
7.249872600668511
6.983224983746023
6.8152644273708365
6.714692552659267
6.4801478451535095
6.4393701530468945
6.119111461055678
5.832817391454117
4.475913714944611
3.4723747439052253
1.5396271308282583
0.0
0.0
0.0
0.39471980279579255
2.5792314945269808
5.09108508853944
6.099106322502461
6.826936736806752
6.700577124938869
6.708525950530467
6.8720082255112525
6.91184273961261
8.077140231765373
7.706985297125546
7.454828043176546
6.423435912570918
4.952546045777719
1.6222565295815767
0.0
0.0
0.0
0.1879172584912164
1.882720219276092
1.3853342155996484
0.0
0.1252781723274776
1.9313872070685074
6.09809149714688
6.892171296603752
7.574694803737687
7.715426592487285
5.768014045522316
0.0
0.0
0.0
0.2308890359332749
1.1618452304584401
2.0074707832107563
3.225284353436162
3.1760138127344084
5.851239420788279
9.203483047442983
10.075848608453505
6.1218081870222685
4.367880532979309
4.3205563071200155
4.420644257894962
4.8576510977545055
10.246546481987817
11.277484525718146
11.844428283491533
11.662074252461402
11.69115191987353
11.42983375086063
11.181687035042833
10.84752267469465
10.594593270092314
10.654352599707359
10.32150030643402
10.114455913823805
9.93141040942612
9.612832461138895
9.340531400159993
9.16174148444413
8.897060938365861
8.802031965791492
8.283905841774601
8.211262744567994
7.850220237725289
7.568689002956151
7.2393996665362765
7.30471924516386
6.967143043691059
6.77234149729542
6.52892702464548
6.171052719240574
5.792409929952722
4.819008524741025
3.3012975586694138
1.0749939218713325
0.0
0.0
0.0
2.5335622010028067
3.8607372644207234
5.499180135097442
6.308779720883782
6.43243929447182
6.635505693644001
6.83348546715869
6.866943838306435
6.773641551570771
8.245530606406923
8.17895231525613
7.70790399266389
6.811847981381307
4.401644567882632
0.758140696781828
0.0
0.0
0.0
0.0
0.0
0.1879172584912164
0.0
0.0
1.8557069106733444
5.896414920903268
7.124828065209705
7.694940312038556
8.059726440050232
7.004041949952415
3.368091873574617
2.226709325628555
5.524111470814521
6.801766524057718
7.191309491911334
7.648627835787428
8.418255962465853
8.684338153115927
9.13099853377909
10.778005634197731
11.43165810216987
10.182887715870775
8.172955564855904
8.403846978824452
9.042516457775182
10.317289441746368
12.17417447743452
12.62060192644834
12.632903607150556
12.647750179280067
12.231886991437085
12.104875628604203
11.531086387963313
11.19717670893954
11.119138702553474
10.728432299469327
10.551116979518728
10.316511564727005
10.075972602645576
9.754342802733003
9.477359826936128
9.403476158611792
9.042182802302916
8.808326709440237
8.651133937075645
8.31568440320215
8.059800160685317
7.71949263956351
7.469597247719606
7.261941053213555
7.248889344501227
6.9621195055713905
6.799570178776543
6.371182700012508
6.167009144343689
5.397233450532634
3.8219955907698555
1.1376330080350712
0.0
0.0
0.0
3.2158607413553773
4.477959163533263
5.500584834717797
6.41043187922657
6.447065268068246
6.732005896214226
6.99766891104793
6.958489153532344
7.123954308902924
8.490689708408176
8.26049571899575
7.78762316506236
6.55292429801901
4.5313409245988625
0.5280336837568739
0.0
0.1252781723274776
0.0
0.0
0.0
0.0
0.0
0.0
3.0531569891416948
6.209837618605285
7.2516838689773495
8.124026995612223
8.5969697528926
8.849213574532117
8.72875590569061
7.7522851982484235
8.274535551540675
8.557922594203367
9.161610598425089
9.65540248127687
10.188390502189634
11.17553081505135
12.126741345802142
12.932097358808173
13.128517705743372
13.460097172339784
13.320293366103328
13.41100469242453
13.491989470573824
13.944289715536746
13.73932092564384
13.648151550814669
13.471923547709629
13.241521505987956
13.102531984086168
12.541344673137583
12.198032730929741
11.919049870005287
11.648990582102604
11.311511739512394
11.05302782215449
10.61021005377239
10.361286627660393
10.131674089859171
9.782288678064397
9.539920607790748
9.206722523939849
9.066464940271194
8.807159742850319
8.550333989266925
8.16603114945241
7.925014168056922
7.603138568246583
7.610329036469199
7.407370500313788
7.0020226704481
7.007415557234429
6.460570108948304
6.3492440190619925
5.668148976903537
4.03172189793043
1.7974577954806101
0.0
0.0
0.0
1.9651042106161352
4.571423080668095
6.056597109498006
6.459975315164814
6.631515915597703
7.072258529912098
6.817253178158073
7.08560970118622
7.266668009356039
8.859741720323873
8.73751638968188
8.507683644500732
7.263132576314681
4.724595286514365
1.0311575844325032
0.0
0.7516690339648652
0.313195430818694
0.8689321319308515
0.4384736031461716
0.0
0.0
0.0
3.5452120994197984
6.3219652562739315
7.763238374041014
8.692788318778158
9.083091163499462
9.394825262854688
9.741399560426732
9.779175762787538
9.740953223053362
10.27883489977958
11.015204057163686
11.550856519572681
12.414665630416238
13.370130337301234
14.228902189928316
14.862873785351235
15.388186434960804
15.933457108051526
15.973772901158505
16.085385897084898
16.23549271318353
16.35939496833925
15.954538863930066
15.485972682454957
15.34303072858134
14.611077586736593
14.123002491515415
13.557540847094364
13.014219265833674
12.665045906107295
12.009156084890073
11.793079629147215
11.245047081546508
10.926818751759905
10.467217972501897
10.31301978587453
10.035501655564442
9.651678808878371
9.34313827765344
9.297908924526116
9.039834931995706
8.842308103770682
8.63575472076118
8.295980757040178
8.048928987033277
7.734461456143149
7.462132276327227
7.105390644055581
7.01885384481561
6.730226993411713
6.62716528093307
5.990083187948383
4.73674777966011
2.343773230416833
0.0
0.0
0.0
1.7607513381343893
4.515023730952274
6.155000436999547
6.459066848008797
6.7403021391797235
6.917398754901071
7.220673511194158
7.288373608227085
7.3362608845430115
9.161508091126159
9.14008425896528
8.851211032476428
7.797279887644547
6.055896665331841
1.6519012453534843
0.0
0.0
0.0
0.2935281220970137
0.9235561437330991
0.2818758877368246
0.0
0.0
4.3422492292636665
6.758775824440761
7.980706456120169
8.857130080329151
9.524973753251425
9.909137901656509
10.258996362805544
10.694921046440292
11.225662271514139
12.047437991714796
12.971087798048687
13.87559136378323
14.907414297958288
16.05023063344433
16.850278262771706
17.67876529492662
18.16793506357109
18.512040005771446
18.73044222446147
18.954443059328646
18.669651559444745
18.672847120282338
18.12687227228814
17.515135553375764
17.003479744080078
16.328883625661156
15.732351179624187
14.720254235838569
14.014818216976284
13.474521392917104
13.101287163061768
12.22392276611872
11.893192697147429
11.269597040113831
10.842756599760499
10.495904088173331
10.226833727715219
9.79937263632225
9.719912957294785
9.431379392683883
9.049663510861484
8.859356225139534
8.698173512593518
8.491639460294664
8.216836396424306
7.835313405088328
7.635266340920774
7.4365695897881405
7.298816867332243
6.82896633667914
6.630973783607973
6.007239010064656
5.01343053806526
2.697991561865508
0.0
0.0
0.0
1.781688747809189
4.582016689563281
6.006139897963258
6.697680102920359
7.115792046827852
7.313187060453624
7.182586509706358
7.17861487852933
7.209288852254605
9.355414399126818
9.279449405569768
9.502120889254972
8.922386303637799
7.955472750160286
6.181096563006849
3.0566970583779933
1.7161930636402463
0.9308098294583823
0.817183891491094
0.8208004172176794
0.1252781723274776
0.0
0.1252781723274776
5.203206503393337
7.50647226727741
8.533570642649934
9.385752800466756
10.029387730969738
10.485772474319456
11.16597666188191
11.943517936142207
12.802219475821733
13.675561077217079
14.919302202013327
16.31224195138478
17.510828333563424
18.60672658777756
20.037986127008146
21.225081880239163
21.933131234467847
22.652166001651572
22.747592557370304
22.96100199656633
22.789878151076973
22.22354271118464
21.396702130162225
20.707978819589957
19.73822854481895
18.5264376631117
17.59047863104039
16.839732570741464
15.743472028696617
14.617377289910928
14.022161980410345
13.163421432945148
12.584357908778355
11.67174326952204
11.307499212014921
10.830538640888058
10.38190045891396
10.133226015564825
9.97289415294593
9.611945716048389
9.263263753083322
9.154171567607666
8.703048262782096
8.546518332725284
8.349413036056244
7.82921427315989
7.929067439508763
7.569155671647762
7.154370676399294
6.867162838027442
6.65835312119466
6.105896481149995
5.122576560623985
3.4247659217184707
0.0
0.0
0.0
0.8754037947478145
4.129839473480509
6.037975993683473
6.6705767143565895
7.16946326963407
7.01869071631348
7.255547047298294
7.4512911891011635
7.349576290137153
9.60527017922405
9.75750896109099
9.97250689896729
9.782159232464657
9.182334155213281
8.374252270510086
7.773880112992577
7.064597118492253
6.37113848232196
4.649835201083228
2.408539229669119
0.42603934587766196
0.2885309794619235
1.2608577913281407
4.715915693605141
8.472435596948442
9.209357583239537
9.862663681974952
10.458907807467
11.252991440311172
12.392413376324129
13.431106341120934
14.575671769691708
15.960846472744215
17.37701487420423
19.03479805237376
20.79547739096664
22.852788931939585
24.602283973306005
26.097745315538432
27.342433751940913
27.87063065340381
28.08279206742194
27.936771291503625
27.66972998872092
27.309365403777015
26.11414978900217
24.602111002062067
23.32160588001848
21.733412704495596
19.987050758704434
18.4117983192562
17.28494027739437
16.399103030842184
15.02162175458095
13.86522334241136
13.413855740235444
12.277135268421238
11.548594164480834
11.066848381862192
10.593256660654314
10.285456392343999
9.85132692239335
9.801434323787358
9.344784056689441
9.258482910952496
8.812917489905095
8.649814142692211
8.276489945234847
7.8977199511920535
8.131993846991746
7.8005432919340985
7.236482822886489
6.940183094913909
6.970788417863828
6.36437080019413
5.507478241240363
3.3287547353200857
0.2505563446549552
0.0
0.0
0.691885084891504
4.350335121809114
6.046438244260881
6.574079636521901
6.975047699537225
7.229036870271907
7.343901843507363
7.3039996858783836
7.53983594801152
9.828441885428704
9.863546381179729
10.150767464825876
10.144654734429112
9.570188646925681
9.135913503238593
8.6931162578738
8.12729023406036
7.683582939002142
7.419893768258077
6.823096896605513
5.522501836696648
6.27505817298572
7.207399020359624
8.541535577776651
9.238760215863303
9.892111292338654
10.634595237376212
11.442612233060055
12.499099271001883
13.506590749881651
15.047882568801437
16.851661789811764
18.282266076239416
20.370456659129385
23.025426997643212
25.647034798238106
27.915590434131055
29.788580528656066
31.57352259438339
32.9252638004418
33.68974563246427
34.336633577684246
34.35864656308995
33.77761542809568
32.836740612646466
31.485130077097867
29.941552152554294
27.95717390687591
25.988460471790418
23.402438619677326
21.4838519948774
19.796748241826755
17.77480492099979
16.742587479602953
15.334818292305256
13.968884789627776
13.232212099229397
12.535835081580114
11.613933215763481
10.965267178397132
10.54996849594856
10.124944709723755
9.967022712034135
9.375870775456102
9.317785635021266
8.988988871308427
8.744180544013426
8.446239957347311
8.196346534612973
8.044927607721112
7.823173421183314
7.357723885576563
7.160800447994531
7.183187637650506
6.683949928158638
6.003935061545605
3.996042644338609
0.485082540586928
0.0
0.0
0.6641614332641075
4.639537195606535
6.24679314781388
6.716603193774957
7.083261060628517
7.234516310551919
7.292878723820642
7.488658631303492
7.383617926267396
10.096548339755904
10.260572440666175
10.38873405676207
10.218480918300742
10.046786921204387
9.714729179960797
9.530141933587988
9.063130685084772
8.46186580573933
8.066667083637759
7.491607680814366
6.713691901642687
8.099312880658017
8.623091503732285
9.413087150626101
10.033434764735137
10.620145235891943
11.101941042363594
12.471208322691185
13.449379503306126
15.223735774968414
16.943490183842403
18.97640791018081
21.480994471074908
24.504132203257047
27.747268938913777
30.130434170098127
32.95039495442844
35.69236197438102
37.90484510186043
39.30919296364806
40.006692809976904
40.91472220952198
40.8760321493737
40.5130098173475
39.689763491035706
38.16082064324023
36.17132425171181
33.65292825554644
30.69442304918781
27.72740650124451
24.94799880022866
22.423620611213305
19.93377285088921
18.139438292763543
16.828661460733763
15.445497687633917
13.865376210776525
13.15674180718327
12.139027482795852
11.378841237994678
10.734491744025053
10.349321976249332
10.090058514650732
9.576577556920116
9.298803622437182
8.991171365800069
8.677256324847924
8.435562533579084
8.150841865297508
8.02076963444085
7.937441077600567
7.678680721246534
7.345794621661406
7.239965666807798
6.876016810114773
6.401280775833726
4.792268349765914
0.9330251040043505
0.0
0.1252781723274776
1.013237597503964
5.111172804751106
6.434266135333136
7.04255279022038
7.202859080659366
7.1795981346966125
7.189999537468883
7.454647717204744
7.542629316671502
10.081216766642608
10.282230537777217
10.409811745731039
10.389658845473265
10.229240878570034
10.125549612746244
9.822260059375777
9.439700708544217
8.941923993923552
8.653608969174755
7.928007387454713
7.307095707389854
8.604600974730284
9.404753968242929
10.170714783653038
10.291619636115483
11.344616489669153
12.23311205892278
13.463769292178394
15.182196238326027
16.98695753112348
19.028298951507825
22.249716990935273
25.43022729178826
28.65212189744072
31.664923329279656
35.288309708618286
38.39882004805187
41.39264964123411
44.0314983632241
45.96297810798945
47.40465928948783
47.90382438980057
48.24658626364606
47.849937775139544
47.07858609149754
45.003850782895285
42.523984831586965
39.83551766312718
36.64069624370456
33.280529682246716
29.56567356710322
26.349929080503394
23.291007653403632
20.41346436064661
18.088882692466527
16.69407936851361
15.252471575362726
13.680560768326144
12.791251756378884
11.706144990156808
11.057855863815787
10.599952482730508
10.14831344519838
9.82331719148945
9.373181373050858
9.218057786749302
8.844622794067252
8.366543844650712
8.270840270406458
7.947869953487038
7.846292903495247
7.732789817795404
7.561959768799121
7.3765401267466375
7.134811574078857
6.568533080129635
6.348887142791899
4.4898507245136745
3.4907872120207335
3.267168321563124
4.93671364955873
6.075178080148116
6.550512122270398
6.796053222256664
7.089317635481442
7.325258353826593
7.515416791571613
7.545634902893227
7.487939072018019
10.51400622192661
10.600446457655455
10.679080662184916
10.603358414363676
10.63346750082249
10.4934870578889
10.201222190165495
9.696893702552629
9.303837802744715
9.040768505267634
8.217536742070711
7.912909326262186
9.423976150720083
9.84140982564236
10.362783590514933
11.019332916488239
11.947954522159831
13.046603531512885
14.346796047585775
16.61082222317189
18.830923208439557
22.089820681623518
25.57870880721057
29.527015846563852
33.627735888421455
37.08619983481138
40.69821307493107
44.363401693111044
48.04457466739238
50.91366505453418
54.24529655514978
55.89279070505097
57.33876415881654
57.54420894976963
56.85556292042306
55.85575731174754
53.60296842980089
50.79238137012287
46.99581128333754
42.826884404255495
38.55755048273327
34.80233879452337
30.72336556797905
26.78837273206682
23.45920037705755
20.43151779771403
18.08759899122836
16.536482603512475
14.798523725454103
13.587141568547443
12.37141022556389
11.465605974110057
10.66809153362611
10.456492007660595
9.753468344615456
9.572276478790908
9.12222845803685
8.77979476616068
8.390792075218602
8.252702851422066
8.054382251602862
7.728824335729332
7.598582692323944
7.34654994662686
7.193061646659156
7.125701821516485
6.673364236514597
6.476614984341614
6.1686653624314545
5.255326684244155
4.4720015978227385
6.135559325176332
6.419936627551433
6.628574835068925
7.186285512520758
7.484302669082758
7.499743827681254
7.5126749022316925
7.567908718598671
7.473533113216654
10.703934753718231
10.647519001859248
10.715662507448185
10.844833767189753
10.716781892546011
10.570869877633605
10.510638384436678
9.97580949719114
9.568370094777622
9.003036342800142
8.245137410558561
8.556585505808792
9.850759380507474
10.257529260095515
10.580324919237585
11.348510466851565
12.425364989928294
13.799704640704718
15.839344724460611
17.954497701272633
21.637830815115002
25.10134626681014
28.98130185116703
33.478513495448524
37.975304559029645
42.067395349377314
46.453506725582855
50.99732085803223
55.59256165939764
59.46654033667971
61.812823031622315
63.968981913823384
65.11758223317777
65.50794988494029
65.23478860656306
64.76274033712636
62.699350601519185
59.70810450411376
55.337942620779636
50.01686167211549
45.10275700589618
40.04728207503725
35.58211240418091
30.71899704386674
26.681206041110276
22.943684393235294
19.99852610142966
17.620544765374714
16.035709143344327
14.152707094315684
12.991098492291606
12.085357220244418
10.9774774668391
10.490398793896745
9.932969493398437
9.545083185496297
9.048029757635602
8.754098331157117
8.446006564029332
8.176350929061714
7.994504531226249
7.758515053287325
7.635793734684396
7.354754065034815
7.395266282088757
7.2013484307284585
6.9134807523656665
6.785182122693511
6.4176006553150415
6.157180536652891
5.607440485585372
6.439539615709682
6.6083989844199476
6.751044821089985
6.85659606417579
7.356124493073717
7.449464898658596
7.431210783670015
7.4783645255711555
7.400081980803185
10.686914799571811
10.754415030277048
10.867995343263544
10.873959480842716
10.669611425473972
10.474077917777091
10.268266971652977
10.114581238879929
9.574700929540013
9.177183625324618
8.219905519078354
8.716823061680909
9.687733905292408
10.327986010995577
10.606534992510054
11.624687980634572
12.706595486178037
14.450528877310292
16.74451992883585
19.872732245608397
24.003978152370202
27.98482930988932
32.52153376958672
37.38772850277649
42.397548482039554
47.68196678158731
52.62839725420212
57.895159433063974
62.34223939235065
65.8412589796764
68.9321323965899
72.0139272480959
73.4585286473391
73.78338783606357
74.01925244314974
73.16635837413789
72.40027798361379
68.45598082096745
63.39650787645834
58.30055636769947
51.57977526278051
45.61286226826364
39.97895767933734
35.03572589148886
30.167038619140737
26.019731099451043
22.133005315988132
19.039881342829922
16.956477704412183
15.326031688594666
13.798185579001506
12.33541597955973
11.51790941655651
10.614386287524793
9.765500357227944
9.34605006192313
9.054999397805169
8.878131976434592
8.296785699124374
8.106349267095712
7.8367672040372485
7.648590992266875
7.342614081129805
7.285957324141762
7.39087455418805
7.057432474387053
6.923064270050035
6.677260307757241
6.711933407189843
6.12620971106623
5.472353178659562
6.620090211648253
6.768041366536877
6.912825995779894
6.97542982776036
7.143969273627022
7.305474570129316
7.353507111985718
7.4716352914141275
7.292842958140665
10.473703677063458
10.619262748475222
10.807282825618287
10.577489588184614
10.67515902104503
10.468864895213283
10.3729294042792
9.817779701502015
9.395478330500225
9.147104483667178
8.455690805219866
8.223700593351507
9.501017011797902
10.10059167691331
10.656487874517142
11.621994736783053
13.068152849284541
15.09752961321615
17.870720917142986
19.0474646254519
25.36163712078909
26.683179979507447
35.80739499121656
40.76307373327043
46.724272266715964
53.18761090530865
58.78143951410984
63.11829147291723
67.71401318599254
71.16179762316045
74.63670277457682
76.87413556093041
78.78854091975488
80.45427924352668
81.74315514828426
81.26803331895756
80.2372380542743
77.306564991365
72.00250289180879
65.25015524956504
58.773635341036595
51.5661786554384
45.08014856993402
38.89752977944324
34.10603810136371
29.105742554578452
24.69844131422573
20.974731345520407
18.086152742592464
16.374989104359823
14.336079503684454
12.980850368195542
11.759881632231506
10.946683618977138
10.154112137816282
9.642006507241282
8.872731927134714
8.572660417185283
8.154226365080708
8.009693815381153
7.848766438776373
7.514629575016207
7.338310062538924
7.1386350988874865
7.165755335338848
7.02637637243864
6.726472119378439
6.746907818833572
6.515303225008723
6.108686267798206
5.6497303480304515
6.6807867231733145
6.787330681322596
6.805157891413869
6.987525114504565
7.140968717311464
7.11431716257693
7.233005660621017
7.277030805620412
7.501062312090312
10.522779343131665
10.63790745329237
10.368520813649221
10.413622143723382
10.113016299909274
9.995532660341947
10.195157785049952
9.851256560188343
9.35897765762372
9.197091292132027
8.457884518600599
6.126712996217924
2.8400466831007796
4.252550848601625
7.027333314498533
8.254785289671574
9.399543955899334
15.587631705080492
18.840074555743737
18.295158867012056
16.21565359142452
13.676335374193703
22.435463917483442
28.74977757999229
50.99117290274423
58.30234870537555
62.895899792465706
67.85408477256183
71.7161550907271
74.66930674697775
77.50801904895413
80.53918246120028
82.52174088152483
83.92096151075192
84.75251493008687
85.66380669016566
84.71750685643104
83.38132853043012
77.9551486971
71.39178626980565
63.874313036482235
57.487732310378355
49.88610069282425
43.03936668992733
37.36339493890356
31.87110347075033
27.075620298238423
22.782848207222823
19.267576703512333
17.153865297338314
14.826187387644337
13.4980512067303
12.040231948053101
11.062906954680406
10.23368240892001
9.371171856211197
8.79607560214469
8.552057595542568
7.899505104292716
7.523661719308032
7.567438175817037
7.329526606737497
7.126758811864292
7.135216648668812
6.84825565146486
6.880949766166328
6.59666389460612
6.5419307785457015
6.320662621511761
6.206864393074554
5.269853531511808
6.439658574466379
6.34429197700909
6.405718034131188
6.713546167989853
7.079502338519585
7.21704215190738
7.215718623849847
7.368528173860536
7.507408712775538
10.678209998155527
10.637101591530904
10.497000462887152
10.28857393048284
10.179068837788
9.886311948086597
9.83455573536551
9.667830960078671
9.193922727751058
9.095487100606931
7.144891432633332
1.6211227054220239
4.474440420503014
3.488905322933485
0.1252781723274776
2.0718250416319774
5.1759610657931345
13.432400182677503
19.754006909164023
24.909779045744823
29.434863383733063
18.43501453334983
9.82000327163338
10.645236202674637
30.14012649869615
60.06457633478968
65.81950925141263
69.76288012962456
72.97327661150312
75.3704078252912
77.53870719398621
79.61187959366669
82.20682173315377
83.88876424356236
84.84721172488224
85.81591869429465
85.50856140175513
84.2093644034093
79.28468577540501
74.24083188275009
67.99527403390088
61.16250892187759
54.13988742350242
46.55664059579336
40.09438562660477
34.54198516555515
29.42626890294521
24.598977218682595
20.64121433329685
17.776738347719235
15.728078330364687
14.058690251335337
12.461015421941909
11.196648535889976
10.03257955432585
9.166134624944313
8.644678249711633
7.872377600662115
6.678649462220674
7.003910382566394
7.299044798534072
7.10724156587674
6.774575862114529
6.565620751545719
6.683984639007875
6.85015351302407
6.958980781615987
6.843736520985309
6.356913602686174
6.2460921105618965
5.534337697664473
6.268193232610798
6.385019165209614
6.404358983901423
6.740292680283529
6.749134179974295
6.871243969064977
7.096994360125776
7.216441023963235
7.338345828218903
10.617285645105106
10.578138059050424
10.314666708585909
10.064634760243399
9.88052388264481
9.759829375755048
9.706555377013602
9.597062717081565
9.227276027595646
8.990440164704742
4.586664892574138
3.799149147756281
5.155244038382202
1.4632117410212828
1.0641237104194636
2.947662712251579
3.4517886420871635
6.405850443030036
17.966658798453047
25.80479860010161
28.507862688581877
12.258035314129128
13.3056426624233
9.316624823689706
11.234290574741957
27.799193611688114
58.89431661873299
69.50361573978915
72.04675354970406
73.46836038827865
74.85404248969364
76.77492720954947
78.31985124430334
80.12589241525659
81.4994634023479
82.99912196901329
82.85811250147573
81.51713662569902
79.15252218690411
74.91975312522912
69.78771189797543
63.3400690003635
57.36653542873619
49.62302732404483
42.85969717448597
37.146949999841915
31.743650774508065
26.63800569529804
22.325555181141333
19.03320226203247
16.44168706960362
14.277191187359472
12.962558702566259
11.402324111366356
10.17545687061099
9.24013690485093
7.996311734032135
7.0302013225855395
3.874227138853465
1.4157147714701221
2.6085078382197735
2.2141552243553395
2.0652981181425463
3.5123666011408
5.852495446677827
6.165841297947555
6.3840422432029875
6.418865998741153
6.37823251734428
6.037993659308766
5.172598333703895
6.023796807059365
6.260620587128345
6.184903970953194
6.192288923384215
6.542168696059097
6.930408647037202
7.1070136346749075
7.201384196408439
7.371777404924176
10.5656228596418
10.653448815077642
10.38847578047728
10.1797757123546
9.685795883086572
9.469484773791272
9.788459876941207
9.514079061183795
9.078716692338592
7.833353932123215
4.126112265220112
4.978154994643487
6.830430161407605
4.501312278076276
0.9082667493742119
2.609004681792207
2.3738608330127096
14.304009581116945
20.48968969712019
26.311835144082192
21.23648751647519
10.595108333885895
12.002870571165829
12.748520833414894
10.800650297069419
37.03077205888745
65.40936516271033
67.7773072890662
69.20601398565739
70.4585136131973
71.43979720032813
72.56077048044978
73.81736616448285
74.73678607695675
76.32937262012955
77.96794186684737
78.24813530912668
77.94698516262699
76.34602569226288
73.51720570721238
69.91998283740612
64.34362356506632
59.07463902760554
51.53444924707912
45.19333950698107
39.21482069486485
33.585773415007864
28.323777739126925
23.456642835878295
19.73047034743268
17.125341892052518
15.172668512305778
13.264718366637863
11.712150736978417
10.35287947701364
9.200769450634334
6.292479710431725
4.419802513224118
0.46187881075459974
0.0
0.0626390861637388
2.5939513014857587
4.489913271865721
5.4639580519997715
5.946042582941599
5.4165617581731444
4.243822956057132
5.6512044411852465
6.108567309041508
5.460470155800267
3.6251561979478537
5.356548659978105
5.988121235044135
6.144248748385477
6.102425679421628
6.445587259081784
6.90993209849692
7.104937622479835
7.070401517438035
7.053460843210019
10.72925479066016
10.419441335858522
10.262133259093215
10.260146091096194
9.867658278680311
9.726026807231582
9.85213340439478
9.875597262055567
9.536821679322744
9.311470999000969
8.84939971447245
8.74495764756054
10.709752219782558
10.86994787369624
5.057060081774616
0.9737609726283285
4.92356634643186
6.91257959647364
8.341274138635264
9.812160559854558
10.822943880693563
21.915416234478318
12.291732841454635
12.27529306372898
17.412788913998494
60.22975843398067
63.74768987198599
65.33100539038855
65.99507119876539
66.57524904750633
67.32767333122926
67.7039463218228
68.83444473002827
69.60536578781345
71.04812154658977
72.1726016246313
73.05280368448328
73.40276409048687
73.19670542975224
70.907936594883
67.82442434859009
63.938712193883106
59.60606301720723
53.19164928420658
47.02537258595584
40.95596180034597
35.25056284611398
29.7240281440131
24.687084242067808
20.481417003047145
17.294690085472915
15.424755662754386
13.504231672111429
11.747463795063751
10.250173393652592
8.874803523026168
5.605322671057216
0.1829407501282388
0.0
0.0
0.0
1.5200855227201084
4.89392950794817
5.429428288819482
4.597917361340117
2.7070667910945647
0.7982779714056216
0.7606013030522699
0.5421258901153924
1.406936805592842
0.9191782293703059
3.046733246206615
4.815758512546543
5.678179170207054
5.884876986511108
6.656849860255152
6.734245036911426
6.72869848051916
6.9851914960805885
6.958980781615987
10.691437595870212
10.389972743331825
10.3261148074274
10.174891188360277
9.979371616420254
9.618685108445225
9.89174290662337
9.782467231516906
9.65130218207585
9.522441229124928
9.055629388429754
8.776384469772179
10.715374957016715
11.548694431258468
11.524802722369516
6.213337271889973
5.69046422123
7.06018836487065
8.606127629265677
9.368028656731838
8.21639426571634
11.458595700777094
28.974106753548995
27.380892033998503
46.16854839469331
61.52379466129656
62.01359748387077
63.06515611720653
63.40012596708114
63.307378318555756
63.782218593416516
64.35718606414821
65.08268327609024
66.03292443436342
66.05906425971803
67.54883536810726
68.73277199067428
69.21591339309167
69.8336071505393
68.25459808958139
66.68824636289474
63.35833325798841
59.8538699004767
53.740465999775104
47.89949432348622
41.9713601582114
36.307232097929756
30.47204310220616
25.736561501860315
21.388548404851065
18.246067731204658
15.864411740231843
13.606332152100572
11.89692282043767
10.263344879007668
8.855841042274964
7.476514595922043
2.910148904141779
0.0
0.0
0.156597715409347
2.390078241255831
4.616192476732284
4.122696985589798
1.9512087985318438
0.3758345169824328
0.156597715409347
0.0
0.0
1.8140810885898087
1.5075851881135303
1.0392139273382195
4.279112655439431
5.5987873834026285
5.73581695612683
6.058667276277296
6.45197031699726
6.943108382385836
6.893154552771035
7.142002761292454
10.747299544079242
10.552561833516926
10.415433004436476
10.282117889017607
9.876024731165593
9.62455582306498
9.874716297305516
9.75447051387801
9.755976294796048
9.51558063221558
9.350732214366262
8.656589909751304
10.813018416972245
11.61179523779515
9.505580238008484
5.456213070835953
5.978059587392861
7.099324090717412
8.702335514117783
10.215670596168131
12.125382177034396
11.928565516034618
13.77460858660128
50.61824742212876
57.43928968647432
59.70065388793176
60.14165957233879
60.75868034357751
60.67924067181676
60.523194994287635
60.56975982971374
61.07936256782051
62.068950884249354
62.63545297021283
62.54816466855771
63.28099513253271
64.59145061439874
65.33420425650726
66.08848432789146
65.84906328676897
64.45289158561143
62.23799186408096
59.298104303242106
53.76345106757281
48.07902516123097
42.35283675198135
36.89976627868672
31.122608505871
26.41442878117305
21.858453479718982
18.250210140888754
16.02938853672042
13.749569697111735
11.996636519048828
10.49764901042414
9.228360180236647
7.848550267048658
5.904222431704563
1.0651624312371761
0.32046975081608975
2.630362181420095
4.112407628922
2.963898879758796
3.1369094663509385
2.306647461968349
0.4384736031461716
0.0
0.0
0.0
1.309499483531192
1.4572588331265028
0.8287948573070579
3.96899364929965
5.182618683454487
5.642616689619783
5.879546327017266
6.233993033591367
6.542431865525537
6.884977268562237
7.287017155317489
10.781899190168888
10.468224730213954
10.364804753939953
10.155087298622123
9.771867243365882
9.654748445946497
9.7602650859523
9.678928779544728
9.72421403542399
9.778427356018167
9.318119834173249
8.72317928165436
10.770705648138648
11.594507631246243
7.288246274352615
5.072101439832832
5.816100254793673
7.142146979828521
8.521392068500266
10.245497899117183
12.043760806406782
22.11963941263801
8.134792408022433
33.45674258722547
55.78036240075994
58.19499751203029
58.64256080798998
58.71564160324179
58.98661106967026
58.87647766511578
59.422053065161215
59.61569864786649
60.71944509817988
61.017428107472846
60.74973239689651
61.17607661070632
61.45720315874685
62.01594547384334
63.27259668537324
63.39093735966392
62.493833928635844
60.65164543727543
58.06911981775517
52.15177431900475
47.305490725547656
41.81390383855389
37.01565022336922
31.45198815995191
26.492017875448262
22.006479570296612
18.328283243809423
15.977380681796529
13.982866954618867
12.037809755263375
10.499995106748198
9.052922846075793
7.8192072285302
6.991715745402604
6.117114699464088
4.863357374540954
4.413843018180156
3.6551570268508065
1.3829056097862364
0.0
0.0
0.0
0.0
0.39112391134131974
3.6114826400135986
4.882627402986694
3.838585661537646
3.1497305970588196
3.723398030529393
5.344436644494782
5.613770683048221
5.973442680439207
6.375608403132531
6.733217610998712
6.80776638077773
6.981586970992966
10.458363211228773
10.538923911967393
10.574332382339389
10.479179111195533
9.943441770404453
9.833923686272978
9.75882894094722
9.655143140062425
9.715171396790549
9.741425704826849
9.38058558953433
8.705070780095525
10.592392214798194
11.638694506202588
6.511550197407819
5.250353589526413
6.040285869759341
7.29461121430047
8.268094432447748
10.43248099748839
12.365396526132793
14.832392793195558
12.82768881928001
14.927283912468582
40.099347662783266
55.95739555322803
55.80483502860657
56.384147689552115
56.55096615406191
56.7119028303001
57.43257891018088
58.19102823073997
58.569533424808675
59.17572916573188
59.0056071898128
59.391063424694046
59.8369585722306
60.24380358892345
60.92799665033777
61.244390446328005
61.14327702167198
59.65912589784612
56.75037364355284
51.36977347101209
46.23394537447278
41.364950479703644
36.50600167634536
31.033012657235517
26.495408054879164
21.736113990000355
18.246375233552858
15.95299199710123
13.605998473580746
11.943637814659558
10.231485656950563
9.156797430198099
7.897954984691015
7.099982735135524
5.555864459180451
4.414027695707848
3.5189217785296445
1.1067948603149544
0.5011126893099104
0.2505563446549552
0.5011126893099104
0.5324322323917797
0.0
2.459798716458588
5.176118385781329
4.996854476573362
4.206062175592442
5.223093216114259
5.413069894725672
5.764787788783826
5.791717918583382
6.098749446232367
6.323499401283862
6.646861975894972
7.096612231902638
7.09203947278146
10.483475250114086
10.33634291912531
10.429418819272554
10.388692449901397
10.02732980751972
9.578013701925196
9.538784947042739
9.453842740878947
9.477359826936134
9.510915214256803
9.495437027116305
8.623397885060367
10.565487099695348
11.353778970753531
7.236078465224451
4.826138418301074
5.715591149818134
7.25034920661842
8.10029010216861
10.031355898691348
12.249104065434794
13.768842706721772
12.731386942321484
7.573297483838169
45.46151535249414
53.10262065625661
53.38123280353542
54.01031176526875
53.90382512573066
54.13923045763001
54.97580639086445
56.429425690255336
56.14223462609379
56.22291327900042
56.97830574280912
57.85634563114909
58.075885168775976
58.265477393967295
58.68284947503952
59.26815805568607
59.24716652470917
57.77342020123934
54.319191107497254
49.45580814889389
45.05977921329802
40.26447661619333
35.47632129599209
30.259686052161186
25.840809528471908
21.47552424796877
17.850092505823735
15.833212979745182
13.76722232333084
11.790748947731826
10.096403166816698
8.748225084832935
7.486510696770928
6.7865230260540095
4.5977529761561735
3.701683427203114
2.249952434081768
0.09395862924560819
0.4384736031461716
0.0
0.0626390861637388
0.469793146228041
0.469793146228041
1.1110569296398198
4.944041444440398
4.754924652392378
4.459194408658983
5.1882098036399364
5.378714504370229
5.634058023463891
5.880164653754784
6.279243421941894
6.157872548022232
6.473047523915646
6.642054423995938
6.9485548978137945
10.433801391408235
10.519145252423257
10.573149317343404
10.192282677764497
9.926421667719103
9.694556955029894
9.91519201656443
9.749160759853746
9.813169972686405
9.823195986976945
9.673568183212964
8.713956844059233
10.417675493384731
11.325655707512631
8.699413838387217
4.720989318417034
5.205096219852624
6.9290611256084285
7.695434929628075
9.321826160544214
11.695735705480356
13.356461598714256
10.130133884696567
5.201353486264192
34.93828043284288
45.78015949873246
52.06384450304578
52.623860688947076
51.85967541484906
51.66504771009296
52.382515820359195
53.36054480891518
53.28468551361339
52.9860736758796
53.529858784442354
54.696042392805104
55.44435936455814
56.104404896300245
56.6753356113701
57.65783308399283
57.44853390533198
55.05529254735335
52.040307241863836
48.19799376469067
43.38278021906067
35.05095507564139
30.739917445253777
29.061512547781877
24.84225355692166
20.97102361129695
17.661948252223596
15.632138069825917
13.422935274897055
11.484370481501825
9.982311459953484
8.497817581785945
7.282936024279953
5.986044677991067
1.446105686947526
1.5769412688187054
2.5554953209018754
0.09395862924560819
0.5324322323917797
0.5011126893099104
0.0
0.5011126893099104
0.0
0.7740949154106042
4.834146317373925
4.476726147915251
4.739276645891607
5.218104623337576
5.539186654802787
5.685490438006251
5.7358680975804415
6.118493134318158
6.535619965707159
6.7077616940841915
6.929876169868412
6.930367797952054
10.592408497598369
10.494619587591679
10.376937478636208
10.340092974262571
10.180007641212304
9.93739004158542
9.901777738977401
9.942682661801063
9.966018733658958
9.931656938994745
9.764311393425649
8.623092365636014
9.990807203399827
10.932284752852313
11.156554749499882
5.270275161683695
5.210256779136159
6.176836033035472
7.361834705383486
8.991127465815076
11.080477173955167
12.122216166156248
8.007315108188191
8.2006764326019
10.657513763431957
22.991969835720493
49.29543200987557
51.26781997532742
50.32935922688256
50.191371168881666
50.33928359766546
51.0543219397519
50.720951933309394
47.15636408413944
33.25704724872377
51.81757628240628
52.247761897419515
52.94040107249208
54.02247775045033
55.17596148502993
54.5693498688264
52.12623734299849
49.69630657358163
45.96992243429294
40.50326420722823
17.767351632475687
12.873082722269196
22.51084120242492
23.397527719540452
19.806668124730813
17.140779767411534
15.002853177349865
12.993129024308223
11.21719080996135
9.34294572706296
8.062710725376666
6.826320285371797
5.341797270951023
3.4297702560167465
1.7102138812355627
0.09395862924560819
0.0
0.0626390861637388
0.6890299478011265
0.3758345169824328
0.0
0.4071540600643022
0.7686370116858738
5.177380593690956
4.524400841883336
4.7272718468669535
5.288037303833228
5.541756101115808
5.777259615866557
5.6415619346516115
6.329954424832146
6.649511621503894
6.655186595549052
6.728316352296023
6.861497322878478
10.287529664625367
10.569488879207915
10.640069169812898
10.378300363633544
10.09855614719047
9.776544873639718
9.862363272375779
10.001516413044858
10.099363044268262
10.025142180083792
9.703565118833353
8.804755938594392
9.584965433927989
10.878539310846135
11.037240818465543
3.651284445405908
4.6444429116053145
5.856380656021878
7.525507534516614
8.361685344995239
10.28838718996338
9.859098521997028
5.44201014698186
10.288646117082669
11.529566686080644
13.872428968217939
24.547270900129508
47.25362286626953
49.68553846692123
48.80764332675387
49.36725343072326
49.31712726135573
44.050340554535474
24.107754078808625
9.9258453462867
31.586617563973675
50.63368575661362
51.25913899202671
52.238444275502125
52.15854196248488
51.57746154903215
49.70808416888716
47.445639880509866
42.32827802187128
19.619162871591556
9.150309181507986
7.259488365401521
3.8723296385033925
9.538998366052429
14.01368623560994
16.536880654842527
14.255637458674139
12.471655970314865
10.895006188388935
9.059142252207227
7.67750309313849
4.299881152115734
2.4644386578133157
3.5427423041617567
1.4679846046735832
0.5637517754736491
0.9395862924560813
0.2505563446549552
0.0
0.0
0.0
0.0
1.7953311478535363
5.102085912608803
4.386590216870597
5.093459260032072
5.515335182850003
5.625744131925948
5.636974427980722
5.845940921781322
6.081514144939703
6.417481696558343
6.820015337127871
6.864964546415389
7.119763678004888
10.603624667582158
10.56003768405757
10.562539316930955
10.547419033237814
10.392222322897117
9.878579930782745
9.915445052765559
10.091058297824402
9.983738936210854
10.080404429642837
9.833545976649884
9.142473903897157
9.236590553944431
9.56314791128103
5.234079851115551
0.156597715409347
2.1445731035430144
4.747765739493949
6.448564412986529
7.568486495456155
8.141027645799646
6.7929174461274435
9.54247850387
10.545657404970385
10.932781257558759
8.990954784386027
12.743828710952258
42.753794852184086
49.26489672676852
48.38939603557189
48.28284531234089
45.51189453163834
16.400211540537615
6.920998367553584
10.342085847102576
9.793686995060442
23.84538930187921
48.52308831795854
50.83852941781518
50.63231046377609
49.390690170100065
47.100167906738356
44.27155073074803
22.60545810458081
9.575149003143345
7.766873187731823
6.668609903399063
5.029684124327704
4.536490360488463
6.574101025754211
9.96571350677095
13.180417654968753
12.075311170954958
10.495007249558174
8.479824740262906
5.7565894419504495
1.412261381696275
0.3561672082607525
1.4990334225681925
1.3238624150769709
0.7203494908829958
0.2505563446549552
0.5637517754736491
0.0
0.0
0.0
0.0
3.6281610745689528
5.319659089507433
4.307017273754532
4.976046683011686
5.359377769718969
5.733952220808435
5.607009924683454
5.647919740614043
6.100302652189712
6.519872859394363
6.576372405860728
6.722149750167223
6.866179581860158
10.293473055188093
10.70295434343326
10.489178148887595
10.463699846222339
10.40110694431476
10.118142113388567
10.337551745550552
10.281250127492243
10.0693680796604
10.023214872296093
9.717193802629065
6.80077996870706
3.757903333136145
5.365791692092974
5.394745669904105
0.9371820530909089
1.3030278207142294
3.0264417254931075
8.931445359188984
11.772504931875417
13.207330278553998
19.87888190081622
28.324202740135764
12.343622010009714
9.148717819218623
6.776706615677177
22.684386106236502
48.61452216998695
48.87311452484601
47.98232446582295
41.5228781309218
13.797002919962136
5.7487288008406425
9.349052280264422
11.80029906851035
11.991089342598876
9.305561970781104
44.977053183864705
48.15053321461023
48.02362086977766
40.44937369680988
41.55414381498064
40.8680894616576
34.18387377495467
10.56718402874238
7.748737472066572
6.753842926238535
5.291402910719352
4.216028872476807
6.185474886394698
7.473557096418724
8.453003254011819
11.525967155219515
10.163141397260715
5.919217712937583
1.4942341398887982
2.33416210978167
0.0
0.0
0.6577104047192571
0.0
0.0
0.0
0.0
0.0
0.0
0.45735888895953136
4.889002389521829
5.285087279178329
4.378543328629938
4.86011633609165
5.315865328037386
5.601838532071178
5.362057246498218
5.720236081138746
6.206150640534366
6.206269599291065
6.433560427188189
6.753916479920284
6.830253611398012
10.336095144836206
10.314150156016343
10.475983116773266
10.409713822862793
10.314142508015431
10.266747760086595
10.387985575334795
10.486933033538566
10.337989841836695
10.169890699937106
9.893178976970557
8.891941425971186
3.566511895781104
4.502884612139136
7.010219288089652
5.503166489203655
3.190642295867824
9.017742472619881
15.863081815268183
18.63501264175647
23.02173877446237
27.80509703972338
32.82784990173819
16.666535791156996
9.07732093271053
11.044806376842962
24.105827364655696
47.46305918920286
48.12972960095387
47.23453123174494
16.875385733019016
26.101575848675537
12.010847157915425
11.18337132253356
10.862513099115885
9.452256637844776
22.56206479337345
46.036587756494406
45.54869558070348
44.36591204384557
25.09481490342956
21.267238275475222
37.68538317858441
34.55072406834518
26.77866042888692
10.147838040455506
5.973088340195686
6.286015030922147
14.63169889140963
9.114674122016739
11.291374609076282
8.408280027426924
9.341803716405181
9.775369141613586
7.614265593830436
3.01103655302345
0.0
0.0
0.0
0.33649989953907217
0.4290779118761756
0.0
0.0
0.0
0.0
0.0
0.0
3.5898973131264933
4.4536736347439065
4.35421069200179
5.149850792554991
5.3588047171063256
5.391736766374034
5.303745114834395
5.560279999344489
6.092726775369184
6.316687501465484
6.559597873635217
6.854575923199596
6.513634291632755
10.16722015080579
10.167530535946923
10.350995246387804
10.53635692182612
10.54910405009244
10.336234602697369
10.381526218200325
10.475174292490916
10.164719284233964
10.034378933423532
9.760947977352338
9.305314711463804
6.997997610953875
2.2563557777635888
3.7722431469727438
5.482080071247537
9.570312810333276
13.077545808878511
15.226709351416009
17.380056976349557
20.77108865153734
25.17149438530728
22.22654300245663
10.0595307023256
16.353938922390512
15.855615180205392
41.58935883192101
46.35294255598561
47.313175283681296
32.80990152175777
32.87889006479062
36.141605538651184
36.409897475131565
22.126427759999928
11.565561686844584
21.87804505662265
44.43977856957694
42.71753566104661
33.63386916116135
28.556873700053984
14.866310511145564
7.2620105737955
19.326151889282695
22.912887681311382
26.223445693664598
22.652885279665846
15.330081462990355
15.897018590396256
17.461324350730646
15.162554445478616
9.644791850202912
11.846167891606655
9.525516383005007
9.281835304914726
8.406034437399635
6.51203894747329
0.5995725275176049
0.0
0.7206474573366127
4.567576542104917
5.1123673563990915
1.9573090157674957
0.6690413772607662
0.5119416322175538
0.0
0.0
0.35176865962584664
2.069012959977668
2.0596821438228416
2.9938156087784336
4.512631917196666
5.260698110671488
5.5945312404961705
5.436749400171609
5.763851992572352
6.203216643176414
6.1988846468600425
6.571047862689842
6.987361986002433
6.943499969505168
9.874275814930492
10.26125706652094
10.335220196984402
10.403816246311967
10.432760638268183
10.503111926735073
10.620277483120974
10.608837361213183
10.44723665824675
10.198579201697427
9.934851901118991
9.42897838332291
7.791897039553462
8.71948553408222
4.595704150946766
7.953871307882806
10.34839941028381
12.677818067531444
14.239609265228555
16.269893266310397
18.714116322081324
18.56548315725019
13.930415651395144
18.860716211041442
15.935056640059376
32.62177867204268
40.92730176903521
43.09932088497193
44.97394559473613
40.49466380796659
46.63475964365571
37.89670765398534
46.31318946210469
45.8505441485815
44.11489955555798
44.2344531075233
32.21788264413178
13.003766235668687
10.778228580097066
11.069037146657209
8.593142481469174
7.479556691017153
6.708594537653662
4.585109898892171
5.739206343030673
14.601597874816404
19.122363441581644
17.57810469302343
16.217448157395456
14.382571706152413
13.065057092550392
11.697457058451441
10.50415443863555
9.435541660823572
8.727262095558801
8.06780133006519
5.59902689935615
0.5356672275026519
4.3583647753483525
5.770844909588228
6.587822394915355
6.146097609861764
5.783862196446938
5.529736436641171
3.5676025313991753
0.5427244841155766
2.2615933022570385
3.084399481226469
1.8221927273176188
1.382411495904496
4.113482201316379
5.4925865215492635
5.654277546576474
5.839583115818891
6.012497703925689
6.416577019628651
6.596162807626285
6.780791409866852
6.790083381396199
6.932606938649255
9.834734288818023
9.885567587202946
10.279120647639287
10.538003844537503
10.520181284282
10.638529905663882
10.68735560131379
10.381642182629177
10.48165999705247
10.273502242928625
9.932158890853392
9.241013558412718
7.955190732841879
8.477690376007457
9.1992387530647
9.8660462512587
10.898925274368054
12.146638887714188
13.319357929733822
14.835153703281648
17.076190420976978
16.45103258179792
22.475842994569422
20.37687405059429
31.01270658441607
34.91353885703423
37.81881106832681
39.896515368793615
41.79276680855726
43.37399482520878
44.194991405256935
45.02662812683394
44.136472583142286
43.85115496174445
43.065424301361205
31.669811104954736
8.72454495631505
8.412886379353028
8.201647112269404
7.771769512931136
6.91739875490107
6.124620329650822
5.18071975097107
5.140759381911323
3.3359460092488904
3.1925423849552588
10.84436602094109
15.974225312889683
14.416730446936938
13.357168831464108
12.220240876815303
11.166689669777147
10.15975564523356
9.38430436848872
8.552759045030575
8.056325403614492
7.736143186293894
4.02453195107024
2.660520918631364
5.9723761271744795
6.453317253161336
6.343671931272556
6.350054989188031
6.364727676464222
6.153219392826347
4.132060193516818
3.0714506735783655
2.029241112326809
0.5573946502021668
3.819630508750623
5.319056562098665
5.5974987864666135
5.759172145868531
5.89560303703214
5.93963184374237
6.329597548562054
6.628048496136044
6.706997437637916
6.810419039887023
7.013954828690173
9.514955089755539
9.82275550460192
10.013054714885934
10.43910051825638
10.489914883598706
10.332974752702595
10.497845113225669
10.44786917524517
10.355175163812468
9.92243193237116
9.46948477379127
8.97365616971963
7.870873742126742
7.617580172934297
8.713230152004035
9.518530127657664
10.378608107503716
11.4992373530846
12.537161878714139
13.817731905606715
15.78180421711753
17.570901999100467
20.192132304785833
23.722376214674032
27.49510054252844
30.56801545434205
34.06875515106096
36.68456472179109
38.580040137224174
39.77424315118536
40.814281243181455
41.57905740987682
41.36630922589125
40.486462489638306
35.42473515094447
11.35890452748522
8.470921846294043
7.686540868503669
6.755563951569535
6.227595144927612
5.662685694059904
5.173373947771345
5.018584306523086
3.919658119264006
3.5881540536021435
2.0306516315946204
4.738126030638873
12.65660509683842
13.350299476119071
12.364399417396664
11.43004321418631
10.513744432924403
9.663836146546977
9.0580145804368
8.516210937230289
8.026444081070634
7.7832486025533205
7.519475840626778
3.5319054902629428
4.3994360763656095
6.377966972152469
6.431249706904842
6.484429058119664
6.109832373023495
6.128725684187111
5.70256932848971
2.296543280032349
1.750174685916792
3.0542152233286295
4.930064632864568
5.096319800726391
5.282540619674627
5.755073173849718
6.020671885311905
6.066863198834357
6.342291419316073
6.261954385405065
6.43344146843149
6.612921435559781
6.933371195095531
9.12775281177364
9.555632276616029
10.012927003740929
10.247667741110332
10.289696652623745
10.153192729109048
10.238435885128801
10.16177620083239
9.938087680705186
9.658541065584556
8.965919576555962
8.140950038739883
6.920076841998691
5.373475165124737
7.289542727297936
8.909127935677418
9.70003536162259
10.699657811426489
11.91570663670431
13.020408442797402
14.322617577742719
16.151360276006002
17.795855360126655
20.563440635912258
23.656543577394334
26.59260911441892
29.533511891630152
31.940034766512213
34.31015162929058
35.83703819305511
37.228619463321536
38.08036147655472
38.0878793494485
28.817564035237222
10.08320237672573
6.382402441864676
7.067966323386644
6.755771430315872
6.531755480578217
5.496743467318236
5.054666662855098
4.0434336411650715
3.9486614218454497
3.432156855685354
2.947848420700591
1.4508697073979897
2.915029551462471
9.634395562684649
11.889943849818971
11.269216124889367
10.700202740141576
10.110906786031327
9.474227308815172
9.040225526402063
8.482351295956022
8.234342701564186
7.876332140596658
7.680619153117088
7.220181883110517
5.126923457760738
6.7714805205451185
6.527668484946065
6.3406691996198665
6.217795623648951
6.016563299437545
5.457111414994918
4.290329089979688
2.8967280634398667
3.136604664282639
4.113977758237668
4.9469293824197695
5.529869149750284
5.890207646004948
5.891065682039047
6.191499694429021
6.542074989255444
6.364965593977618
6.358153694159241
6.493508475323825
6.4801225932004645
9.23869636029079
9.454896478741052
9.769174158442388
9.926477282204374
10.186171213916579
10.253959024959617
10.312719902729075
9.926232487090479
9.766074982722586
9.252089791071812
8.344743971004245
6.890063069074386
4.419343778506695
3.8859046714293504
6.924525558150181
8.002021624106028
8.654360537174984
9.281947310610297
10.227690932024254
10.906521856749213
12.966830258441457
14.442711046649961
16.60124382689307
18.117781585192933
20.444081197325016
23.33153712162808
25.921841964193728
28.312168268794164
30.197906508709014
31.96647638969711
33.00588057335494
33.72441514125133
33.67067957549465
11.852141082079553
6.444763638315446
5.199308441312726
5.249546634366299
5.225306606815252
5.459460839117215
5.193975915522347
4.483092663392935
3.6042442573378946
3.599228328234261
2.365670022405502
2.097668632121153
1.0335449217016894
1.026963098977846
8.1533351295908
11.027984103057955
10.579141606699507
10.160881544070607
9.453217198418912
9.241195099004178
8.810854878865296
8.334136400471984
7.986996028861996
7.740105571718974
7.421005420509623
6.972331952890109
6.671093705628442
6.6039395153855995
6.561627473507604
6.037261807663947
4.919065690333837
3.542046305624185
3.4129439816141662
2.7349038244411954
2.1978189309092695
2.1664787535552863
3.45760808914112
4.268224676577564
5.112694420915318
5.703509100925374
5.523486821058004
5.913476122470798
6.23434990986146
6.268528367710047
6.316687501465484
6.43158133122189
6.330048131635799
8.897150996494949
9.203599836184772
9.572224910191352
9.915445052765556
9.75951183234726
9.909956745288783
9.719840860635049
9.466349710696441
9.082147443417247
7.985325651801589
6.494625667340876
4.273709727855942
5.232329934523471
7.823508269617315
9.01075751522244
9.763562424364745
9.619947754046207
10.114295881787505
10.342383537818796
10.061516959766285
11.073194818483765
12.285244090550815
13.589596582577059
15.567018915099046
17.68635359505292
20.224383093464724
22.608611891297887
24.760396249790727
26.94655139187678
28.427163316318307
29.616482808009255
29.996713258919506
24.710469455176604
5.260246030997851
5.370801698938082
4.681806976455709
4.2688329255596225
4.56361560916854
3.893290048684864
4.033098159373258
4.023243592848611
3.58209570807366
3.1678167085505784
2.3423655536851244
1.4093794386841216
0.1252781723274776
0.3758345169824328
5.397597489295903
9.947000667770004
10.023525257437225
9.565370093622457
9.194902177648883
8.892815750224585
8.295554845924718
7.934710187049949
7.761417216559141
7.326842737938024
6.726346933322517
5.549984610612317
4.836164704110924
4.17000991151131
3.845643290247339
3.6554056190194215
4.0470611209781
4.792850406192222
4.419151180929866
4.455939511690829
3.5339625421088687
2.7237009849857303
2.034268157321206
2.989087629270351
3.9462617908969415
5.143863979030121
5.869507410312654
6.057975264907953
6.199695616986083
6.418483870518014
6.574869144921222
6.520925537260124
6.696549622542961
8.638559940495037
9.032426315957178
9.13367185962636
9.339064900868552
9.37641731249788
9.207788637141704
9.239585650355176
8.762055112600263
7.695582630815231
6.4854922431381565
4.734626989628436
6.0915203458974885
8.549984347177361
9.365450439543416
9.897286828585413
10.319205607290632
10.656699209610002
11.081348190011513
11.4091840189823
12.101818971285518
12.808032445878576
13.72920005031854
14.749319916111107
15.726321336727919
16.242466911784156
17.195581750301198
18.734074293457414
19.792163894232754
21.368680496968743
22.967156964665712
24.289502674429826
22.942253773352004
12.264114523768228
8.0993362742962
4.284361745757527
4.174918904678875
4.113355189046478
3.8857425694736634
3.787746074152485
3.8932900486848627
3.410408334032307
2.447049954477816
2.1442775695619094
1.3780598956022523
0.5950713185555184
0.0
0.156597715409347
2.356486499503464
7.387555081181551
8.215552142085128
7.5482864424913885
6.82721476749027
6.254445772125461
5.6640155904575415
5.450103369425658
5.233968566604607
4.779419504278509
4.801031047164349
5.280085348066529
5.525995288689647
5.714083717511484
5.850584619564274
5.716990408851403
5.555004457528447
5.441950267580008
4.893443421084935
5.109740123645883
4.92952947300453
3.8654171207191714
3.674686067816575
2.4158542170286177
2.5462345983326062
3.5654069103377264
4.8550488757693815
5.584447049666685
5.995381361389721
6.225775369863461
6.261121674108182
6.369917356586395
6.648891575767361
8.239744073994098
8.446357288773335
8.721270955186041
8.90099667048098
8.876731616526689
8.697249360356903
8.0561536142
7.2968471874567244
5.352556102718209
3.8882920661440235
6.867950300377404
8.886640706660101
9.467405993532426
9.857002676044013
10.270264641645678
10.594243365783727
11.075483456296867
11.522223186719016
12.37059386191786
13.181423377052218
13.800076040172291
14.421746857417412
15.589059073413889
16.70893291467197
17.64243097472175
18.855667102279615
19.956266933143787
20.98419495591743
22.08996755707757
22.778337196069494
22.123474643920556
8.187567478026052
11.970680333190975
8.47073280640531
6.038185291968219
4.707139550945281
9.774020852542924
8.323653495925669
4.279737156075176
3.2218670880781244
2.528698132087586
2.412196422757808
1.920621585081805
0.9686024662005521
0.48154611947628007
0.09395862924560819
1.5140702935394197
1.7651038590343961
4.730550958841241
6.1887374348580915
7.130125719915938
7.345592921175859
7.1177294046472195
7.159203230827629
7.258463890948088
7.136559086692419
7.038252659461836
6.749134179974294
6.3635128369442
6.108567309041508
6.144248748385477
6.0957327383599464
5.8984683000953595
5.673205386983306
5.625601640215223
5.418741570581231
5.08998366142145
4.893978243083785
5.170460568444628
4.691094725701166
3.869408937359532
2.807232393806816
2.010943054328715
3.284783073132027
4.315086355784997
5.731815301015232
5.99720181235906
6.060721569214476
6.183855083313759
6.315519655069352
7.834065976255526
8.10496020694953
8.220504507893232
8.601096857534229
8.285441605824936
7.37722641582595
6.654651303905925
4.736515025202205
4.271024712275759
7.377844139781922
9.133281714900656
9.85919785499459
9.98859996677286
10.396076595747072
10.708167037064282
10.872622443384838
11.340323565993756
12.027139741411812
12.508394660125683
13.239571877501948
13.971226066552898
14.816649535479849
16.017326699400243
16.945805892376637
18.072091204677406
19.26592370376081
20.333024328353122
21.589087335619702
22.65005163749541
23.265900179214814
23.025383924296456
20.337016219250817
4.257966150858464
8.179554187153174
7.452069938901919
8.54011455234508
13.654412653322668
13.628299120874095
12.134994192394506
9.038970706893272
7.399202368421623
6.619993493370627
7.144572910489367
7.445237147680895
4.239748575801921
3.4695828383878893
4.2589992621731145
3.3941945944042176
2.5553495796083094
6.662089826445713
8.161392204285082
8.125283898899498
8.132418532290396
7.930849603103546
7.877833441917955
7.72120446206698
7.245145644526024
7.087570122867882
6.6708305361620015
6.781458638849192
6.660579482335382
6.21320045786614
6.218822770117539
5.904826106057792
5.943545994445026
5.667091365863008
5.637978041495284
5.508882940860719
5.256808856705806
5.4163982186770445
5.1347969314271245
4.225820807067742
2.829034872458528
1.358392586880572
2.7869252225407295
4.056225959111381
4.933701515662516
5.7332769846099305
6.036490677813385
6.024369859672009
7.324431497501184
7.550678532809482
7.725198739082025
7.491045415191193
6.809533762605573
5.560127811952247
4.213813876206417
4.810787900156853
7.761200507369791
9.122910632897725
9.799487985836405
9.978193279794075
10.245295830403991
10.460208067369864
10.731589851943736
11.043310292394983
11.549181861479092
12.150241211033666
12.60112138144993
13.286660086573706
13.93995127648664
15.01212616116566
16.00333359080424
16.78975328192838
17.66842144312952
18.079185981485967
19.38231890272174
20.459374074050125
21.037865363007135
21.494204866177014
21.063410539616868
20.476331954343756
15.520630270390516
4.358721634767598
3.671310692809861
9.307913106171913
12.661412212486233
12.331942332399777
11.590978148401291
10.590841181510283
9.892432229998011
9.028506954578239
8.803549657125412
7.753629359317944
3.5982240847126272
2.768754924627342
1.3071008257450332
1.171892575949061
5.1271144493905965
7.718661591131054
8.324740406309143
8.480180192471705
8.415392300064559
8.192746851936269
7.902107975101957
7.591386789475305
7.530225635884675
7.409076156594462
6.7403021391797235
6.5618401390679555
6.716985321998095
6.49322005390434
6.227062175016291
6.066171187465015
5.976744371733081
5.7357383054949995
5.653520573976403
5.605382117102638
5.3914006414989695
5.137853810723236
5.271816679081246
5.3497613621465305
4.288855306285729
3.0567128479327623
1.6022455827198856
2.1796401696473304
3.427254429613013
4.638435272455794
5.471457820948972
5.679301742478314
6.9365249411846595
6.841265601010622
6.513324129042425
6.09377566300862
5.271410559907124
3.963107062185142
5.890884987795894
7.637500956170669
8.892888747200505
9.579595625388688
9.746852542820005
10.103417177752485
10.396854937318853
10.870407030202376
10.836408539271247
11.258727232170587
11.91839350948046
12.373436972836295
12.690855715691477
13.181683863692669
13.73026848044703
14.399198981956138
15.6010124053979
16.364751614468926
17.17776580408171
17.751333885626536
18.054483220246585
19.137790601856874
19.400051639821488
19.70326605140087
18.902248091549367
18.31688899203121
17.29312829492352
15.731017968862579
8.696289630226644
10.021577720943542
12.18112247228481
11.919509723750389
11.187136498069437
10.112021895792354
9.448632132891847
8.892371104465134
8.545788135326946
7.891281478562079
2.4748314943903087
2.687916385431754
4.492306765830201
6.3574115014895
7.164126254066615
7.9617960436788815
8.32059462143256
8.620400472080512
8.455375322218096
8.40504250301086
8.140350559785514
7.773753240076027
7.597572201743692
7.325186822466631
7.205583758787302
6.828856836818636
6.637917421739526
6.4397522812700325
6.501322549101873
6.521401372286914
6.36330017138385
5.9637112903342615
5.956239865199043
5.784332966152359
5.779121265415216
5.792267438241996
5.474662294656993
5.589034556337572
5.179237520870719
4.4617513890414715
3.543856955073675
2.6092341384352387
2.34598207941171
3.073715487203753
3.8488191397527505
4.758153997133771
6.002337192473716
5.539140335039435
5.064847016577691
3.9210270047553393
3.292643280611919
5.796590981979587
7.757139049563137
8.973934458584932
9.149544740882787
9.732395353166362
9.74279387371581
10.135974553073684
10.442996397967004
10.813675621724412
11.014002306715046
11.376651811779034
11.771357251747437
12.430982470507457
12.763877276084333
13.258615479688013
13.655929611725023
14.090515736129186
14.754219192274386
15.716302236281036
16.475436919149054
16.8724141213243
17.518170532697095
17.777029227061686
18.079362415936583
18.009258958321862
17.584459119664988
17.217792402151446
16.174933132760923
14.463872981130235
12.86382283080531
12.03202323409697
11.42010964769605
10.845328902716856
10.216612583467198
9.296925106703943
8.541960265093614
7.874460044161288
7.945200378594042
7.338866754094401
6.598755561687394
6.54272357988952
6.978379596262211
7.243024935170152
7.3957421965323205
8.017872185383364
8.238510314936175
8.62636286454295
8.515604990672895
8.42094647196233
8.309297574112785
8.104275716350513
7.833924273903472
7.741986438122596
7.338873221982525
7.127668333851048
6.85016629258055
6.602329409755085
6.6693020232694495
6.491979962431273
6.348266817611241
6.094467674377961
6.079913945858468
6.152073287601057
6.089526377206716
5.670770684822003
6.061921901663111
5.688812880695155
5.505487919758096
5.251206903191612
4.905112086180262
3.7978376170317434
2.971111620876744
2.185726569731551
2.9454746789719697
3.4827405689395183
4.450759973078725
3.6664252284392704
3.459763893343261
3.3046767820440284
6.071930602822069
7.265608792838777
8.506754827612172
8.995497731805573
9.310964319738508
9.5645791349364
9.930972313139977
10.135606818992553
10.5980770720111
10.914372975721905
11.144523776405624
11.559501213149215
12.057333163340012
12.299415246493236
12.811143184303852
13.213658223012239
13.38172107322979
13.927843028575243
14.313182086415194
15.198072014694521
15.817668732828198
16.293096456013554
16.60422446458231
16.94857924992057
16.976258168992658
16.841287959874744
16.770491250802692
16.16876753133118
14.649794232939632
13.586450853452737
12.420847161490313
11.721605029142921
11.071815841726863
10.273919231871332
9.524284355218889
8.975356671680172
8.296010774484566
7.88097267500844
7.40842528784103
7.1944270310495755
6.930859426035696
7.117266931078778
7.243670760275099
7.221132214425741
7.857979538718757
8.08329764364568
8.214147696248256
8.565396278558302
8.602143381885385
8.420695425541266
8.378998628056342
8.33606747107331
7.877222094325497
7.721535816218729
7.450959834949423
7.323096835142255
6.9917693740442335
6.75280480610011
7.018527587811352
6.65001270848373
6.515184266252026
6.494034814256705
6.424650472646815
6.364013923924036
5.984503866059487
5.8285866617319595
5.825148346056094
5.79183687734008
5.513283671471824
5.524609393329264
5.246619396520724
4.99562747408742
3.685688784650477
3.0956946348377192
2.5170252634552828
2.5199606580932374
2.9344004043398515
2.3218749535108976
4.150124832037641
5.758477066824481
7.06863509485841
7.984789179968561
8.568011761964994
8.783878213811489
9.210972405963274
9.85075764605274
10.137402420272066
10.316511564727
10.312551829443876
10.769291082304836
11.259118123295913
11.550564038915718
11.689901041908382
12.322201233772404
12.668940823979947
12.94249946188378
13.362864906336046
13.696968658132462
14.21428384453434
14.49726789589213
15.019938861215909
15.312416886332533
15.67316629236714
16.031997746878186
16.17077912153455
16.04907136326175
16.056421846516393
15.25389453032282
14.275245966984292
13.703825702063481
12.602462738311422
12.28178532359252
11.497318057008982
10.558433062640663
9.76600469517547
9.402456896555513
8.78772361854223
8.70641358667888
8.098026327384847
7.767217050098253
7.634924644790876
7.743399814214543
7.659415588403816
7.748385878663869
7.849956540843477
8.14205065504165
8.244479664261247
8.331310052310753
8.465373124993723
8.224827864039076
8.12786870224149
8.094968513738934
7.994504531226251
7.7395105206854184
7.46028639815455
7.299080564214051
7.106904134814406
6.903446455682806
6.562748606223973
6.542193948012142
6.741056936729805
6.501203590345176
6.561075882621679
6.520348694421153
6.337717994704106
6.14412978962878
6.185001188539046
5.992007777247208
5.6965782423502995
5.63090469120948
5.382787847441093
5.268280841608794
4.669195362725385
3.959345490002936
3.166702057638657
2.714308310857188
1.5885408684497508
3.100464138567795
5.354011911126599
6.7778979821499235
7.472690078941366
7.89618604379586
8.425916725081517
8.962548924698902
9.302228069968736
9.680626127180275
10.025160433432447
10.264684989800912
10.642422272657079
10.908202499759456
11.355485927349214
11.554933984172278
11.712597460374482
12.295320015453617
12.600012132795378
12.916725308845153
13.295185907495757
13.483714987577425
13.735002619913145
14.05702676814673
14.431064634212428
15.048411820837751
15.105824116198804
15.475041028842913
15.432336325591974
15.300516652641537
15.056570181601787
14.398068431740212
14.132375461264227
13.468629187245252
13.070451361043347
12.69687379311943
11.61660966391406
10.941627860328888
10.539126566678403
10.224952386705178
10.024954770629364
9.450956593441639
9.33022648841935
9.026976283269896
9.06875525709849
8.925445134365857
8.68335280556911
8.74226305515703
8.582431746057845
8.635337240996886
8.55979698085224
8.376241499088072
8.51712919718386
8.415266779689556
8.376204761512176
8.218653869306346
7.967756462761133
7.908049108119426
7.419510484218794
7.389591835458971
7.438959039674308
7.190982793636166
6.910586855082693
6.9703654405555415
6.74989843642057
6.595899638159844
6.405718034131188
6.499768784256277
6.164803406597309
6.1509416894471585
5.99285123342575
6.080843874741206
5.893883879194207
5.748607242459334
5.73395530657817
5.190876008355867
4.669527375049399
4.397436217757658
3.7812780460309345
3.50148326265166
3.5615469006902343
5.258818406110986
6.515219424754349
6.721767621944085
7.290947977166053
7.946853206660707
8.35601941963375
8.78464546116683
9.13967028539112
9.55210251940527
9.917760734071939
10.221431992428672
10.788592563854273
11.243930397844977
11.402626072758327
11.786754736352787
11.900528067872983
12.294959868359348
12.514654028040951
12.964446099971386
13.370386407218732
13.725049903985262
13.552788556389004
13.804407876699942
14.116911031441317
14.541236651909704
14.644392171525256
14.672117432932447
14.754611496631123
14.775202654065053
14.573514325484354
14.133240561557004
14.084490383808152
13.85271826054886
13.569714595079317
13.068832763417396
12.183469310265055
11.665296711472864
11.543761465496495
11.085369511447984
10.640242514575945
10.343078043818496
10.46739303506535
10.21404499258823
9.931020338172177
9.76826134360966
9.604120661048874
9.524982078565754
9.143471044735314
9.106588970098404
8.904829052111477
8.902091544550856
8.823930151118663
8.495022727991525
8.572193630549314
8.270444619137576
7.969799249378453
7.908123153201552
7.733572377173824
7.586902444912627
7.227594910873037
7.219390792465084
7.043699174889794
6.963935668960303
6.7900055788845615
6.6704484079388635
6.688209209832032
6.49604217567642
6.399025093069508
6.4094297052668985
6.274482304278497
6.128548914640696
5.890391336294997
5.763540390427132
5.450428317486166
5.208249552107036
5.027863230316982
4.4933867134818755
4.096846513377883
3.952880943160358
