4.122235333483139
4.1877017308019555
3.6939531053067514
3.3871451338561545
2.8545892772748545
1.9242381108083904
2.2724521475239903
3.0049536730453936
4.048918937533761
4.625773253573869
4.666873677478688
4.850182116304601
4.50176048418257
4.964934186820036
4.7694601445982885
4.59072568273133
4.759736121931882
4.6445748283650925
4.486057465184189
4.551712383911894
4.880876411830643
4.6069605075927145
4.654236266431292
5.110324009587273
4.946331637959526
4.801845317409126
5.071216954192723
4.935187290341228
4.930042957152812
5.017321769806534
4.679492373427436
4.034112831364398
2.114907335029422
1.8857061505454624
1.5263778485652229
2.8609221285649276
4.781012970524
7.005979776693191
7.668748300719908
7.927877337441656
8.181708644500809
8.481505036665723
8.622301245387538
8.672558050374857
8.549799178076611
8.652045081781896
8.491150845163288
8.550516806179173
8.319612108079108
8.320990272701447
8.05785324764553
7.527624432746548
6.721945297827187
5.188977395097552
4.052616248489463
3.646337282888203
4.455408834717929
5.444098402531594
6.0763259050377085
6.640231578122398
6.875052471739877
6.83816772614037
6.864541569107103
6.987797742867198
6.952278381658113
6.880458138082686
6.768968751485283
6.9057950962405075
7.01885384481561
6.945356981979232
6.902901198957535
6.8196426678009265
6.6734390255258615
6.199360481886835
5.78785648556569
3.7242791961986867
2.839356873609994
3.4175194276563747
4.184117038094161
5.334475675982265
4.14083788234365
4.21075940203117
4.414730464433381
4.498348237780433
3.8933217672281604
3.290191054959828
2.2045499527285743
1.9410502824396925
3.1409474838041156
3.9132092961252614
4.878855326282667
4.399394718705432
4.292568974279806
4.320593026387363
3.982960486688108
4.272989862274331
4.203044803838641
4.108900038483887
3.996063390776909
4.070780962218101
3.9538601936342443
3.9362176902648147
3.5268191452725643
2.12601361011857
1.2938681930815124
0.7806012397775484
1.3703081261443968
0.9685184982687645
0.8046464628620217
1.0195878871607644
1.2615511977261562
0.2818758877368246
0.5637517754736491
1.088168933503937
1.0408192416990851
1.0130749557995762
0.9395862924560813
4.713546245573078
7.10053657642502
7.380860323287394
7.7646531791028455
8.022561175353704
8.034560410092826
8.101564755485018
8.026496565067045
8.247174964141818
8.223959738805643
8.080977633154827
7.70553149817663
7.5265627130213915
7.16420282907506
6.186988433501513
2.540195317543392
0.156597715409347
0.0
0.0
0.0
0.0
0.3597837339873378
1.2951329649520893
2.5325510433512926
3.729320970301562
5.474149931233827
6.422947226593409
6.864140523091577
6.51972864868462
6.541404439612821
6.582657966746226
6.594023707893394
6.702597265915063
6.548097380674501
6.687444953385755
6.1124922046258225
5.0060553528402965
3.2337216119944543
3.3490417812942
3.774674257815577
5.066251707143785
5.883968798799214
5.9460616153376105
4.554194105921494
4.61989775073055
4.798528719108855
4.370088896704629
4.392436471899572
3.8368040246123583
3.716101654570987
2.9458669302510274
0.7866257370454324
2.2052814390054762
3.392604885384456
3.840330820033275
3.99270371433732
3.6496560067782813
3.5482276005304483
3.54051300233792
3.568214171889634
3.287371812488512
3.2583597824195936
3.392481079751782
2.8529173009069795
1.4181671149351027
0.1879172584912164
0.0
0.0
0.0
0.0
0.09395862924560819
0.0
0.0
0.0
0.0
0.0
0.0
0.0
0.0
1.0203492757969723
4.176726385412168
6.416250351523794
7.005449044899862
7.48223423137018
7.758509618661306
7.93233940643368
7.993603268489278
7.9002675315553015
7.838358841072836
8.04889094633236
7.813401274588586
7.2010071118337855
6.93113205439833
6.433583303415863
3.9215504025795482
0.0
0.0
0.0
0.0
0.0
0.0
0.0
0.0
0.0
0.0
0.3481521338992613
2.8963579986330057
6.086537277833876
6.337123200920618
6.212818329643003
6.213438375379536
6.213557334136234
6.3844243714261255
6.420879973765649
5.869478911358616
4.354760199211284
2.786879117562993
3.7691049491716813
4.62212433328228
5.920656707730101
6.073221004796787
6.343935100738995
6.350747000557374
4.751269506118049
4.929900474496352
5.095316187211832
4.7933464931678325
4.681779926086114
4.43538331846233
4.008252316320947
3.166702057638659
2.248913713264055
1.161657596847432
1.2978059806267779
3.091587013924882
3.825729749980241
3.847878299244476
3.346119753576373
2.6467133506025875
0.37143596834752696
0.09395862924560819
0.0
0.0
0.0
0.0
0.0
0.0
0.0
0.0
0.156597715409347
0.2192368015730858
0.0
0.0626390861637388
0.5950713185555184
0.0
0.0
0.0
0.0
0.0
0.8018944971322068
2.6255622536118377
5.512664586431906
6.44699982671801
6.949341085552832
6.939841815775921
7.309555701166849
7.290302152061109
7.119272049921245
7.274308968320396
6.937984803301857
6.823178542113193
6.569378929313874
6.438944821926193
5.264456995524773
3.0764159755847014
0.0
0.0
0.0
0.0
0.0
0.0
0.0
0.0
0.0
0.0
0.0
1.0544207846086562
5.461859474713536
5.72583405842875
5.62655411227617
5.811052786938101
5.968922991071405
5.684629316202418
5.0880178538388
3.020703778020093
2.641982173964081
3.8337419570238502
5.078794815528119
6.209904633901003
6.236822048412355
6.479408840660277
6.533590365834772
6.3370042421639186
5.092994501965133
5.082409348440629
5.394890098628444
5.216173190867927
5.224995173787788
4.823271068672519
4.688500925401736
4.104306305533811
3.8135408244362043
3.303494631415782
1.3882099869621385
1.2943935180804411
2.333465285054749
2.959459386516556
2.3773222567656913
0.1252781723274776
0.0
0.0
0.0
0.0
0.0
0.0
0.0
0.1252781723274776
0.0
0.0
0.0
0.0
0.0
0.1252781723274776
0.0
0.0
0.0
0.4071540600643022
0.0
0.0
1.2207214258288102
2.9682164483112214
6.160717520343773
7.095459756580322
7.416980812440628
7.547776369537667
8.035863312427914
8.090710596879438
7.824589893916267
7.742872420450927
7.7908069110193505
7.237127600987015
6.642054423995938
6.393229063986407
4.765799892039521
2.06431918856754
0.0
0.0
0.0
0.0
0.0
0.0
0.0
0.0
0.0
0.0
0.0
1.191433728384773
4.253602755105273
5.139441310179186
5.226181587137941
4.982697280534203
5.163781066439959
3.9318621845237223
2.298996812950618
2.753397596576075
3.658210973727693
5.309896647987194
6.30916184910692
6.599178677166327
6.419078664301503
6.488055625735212
6.871563009750294
6.764145295294232
5.316840146207564
5.614893255319481
5.608871574232115
5.344706072218593
5.100228985429041
4.936264330839006
4.86817641618305
4.796979441212434
4.32818657254488
3.6385817321461653
3.2131252866304023
1.962831973887655
0.4188062944244913
2.326243599786497
2.297664656249525
0.0
0.0
0.0
0.0
0.0
0.0
0.0
0.0
0.0
0.0
0.0
0.0
0.0
0.0
0.2505563446549552
0.5011126893099104
0.0
0.5637517754736491
0.6263908616373878
0.3445149739005634
0.5011126893099104
1.8853642544546703
4.067031645998962
6.791011235910648
7.301733710982031
7.867574931766391
7.932358692498459
8.231580326952935
8.339424896718114
8.245647937832945
8.077672099649694
8.061365273894985
7.546194188246804
7.134098105446291
6.45139698494049
5.135850687190897
2.6189593648785756
0.0
0.0
0.0
0.0
0.0
0.0
0.0
0.0
0.0
0.0
0.0
0.4617780718665498
3.7407722039418596
4.571989379869234
4.70949824863097
4.204651508277395
2.9861158009676494
1.6817381090591514
2.9884549583891244
4.0635993546347455
5.628886340786426
6.0177741361961825
6.426629568613113
6.681397310013653
6.830591569875717
6.857457040926091
7.052095458819599
6.792808059524138
5.357370542689848
5.516959904661082
5.17114972374161
5.529675516585945
5.417401832191604
4.855094914521812
4.813102955392265
4.415801519127933
4.357478046142663
4.023243592848611
3.6527766008851055
2.88791527253177
1.7575315725833822
0.8609170575693604
1.4283059930417064
0.0
0.0
0.0
0.0
0.0
0.0
0.0
0.0
0.0
0.0
0.0
0.0
0.3758345169824328
0.0
0.5011126893099104
0.3445149739005634
0.5011126893099104
0.9709058355379506
0.2818758877368246
1.0540329364717664
1.2825784890842287
2.3065030220635614
5.461471828651172
7.159011079048093
7.71621224850669
8.037631985913375
8.179773793992867
8.520266906504832
8.441702292356315
8.465937953628424
8.467005036940934
8.295871614563133
8.037902070607375
7.4641864979716255
6.897617812031711
5.547210466543251
3.390459582338587
0.0
0.0
0.0
0.0
0.0
0.0
0.0
0.0
0.0
0.0
0.0
0.0
3.5724324873892717
4.172301231222939
4.2148118043647465
3.2511002122349733
2.4247842065751466
3.376682311164206
3.625726888683156
5.294588742959996
5.875383513919557
6.127835162100509
6.459805852502028
6.773487881964834
6.872828353176406
6.960221644012175
7.116541281140402
6.905412968017371
5.6111668704524265
5.76968788737575
5.465056720413301
5.423423513278971
5.478961732136692
4.922910047456919
4.51081098593779
4.371068147178515
4.179262688172139
4.11801581216823
3.59094068088194
2.7732712480188817
2.319019816420521
2.610305041153134
1.8543659731914808
0.0
0.0
0.0
0.0
0.0
0.0
0.0
0.0
0.0626390861637388
0.1252781723274776
0.0
0.0
0.0
0.3445149739005634
0.0
0.851500732027252
1.4069161713207297
1.8975531799987069
1.648578854339554
2.4332114288872306
3.108369639164958
4.2543867400934525
6.725337215203788
7.371497980659973
8.108050667959496
8.397268719910002
8.596133523829954
8.80926028271217
8.882525409841486
8.824199590696667
8.772104042950831
8.475935756404054
8.211584721401676
8.032264075434046
7.421885253726989
6.420905225718695
4.512415737219248
0.0
0.0
0.0
0.0
0.0
0.0
0.0
0.0
0.0
0.0
0.0
0.0
2.9974580899936454
5.096169500877031
4.359993872546397
3.5554885551617508
3.581585824864832
4.3881484685122
4.740563545648836
4.873686958860502
5.268894202346303
6.0596767571205925
6.685832192585745
6.98344398346703
6.833266467437683
6.972918058700526
7.195446052896838
7.037269403294553
5.467637000055066
5.240185795998819
5.633678604015586
5.165138875982986
4.8501716117827804
4.1531971370123575
4.189660231749731
3.9673148942320644
3.294649658607501
3.561061809721344
3.459164036208451
3.2025877031821337
2.7964725453786956
2.8430608485473403
1.9969653855156775
0.0
0.0
0.0
0.0
0.0
0.0
0.0
0.0
0.5011126893099104
0.5011126893099104
0.7786106626839414
1.8164233388415436
1.8542807750100814
2.5018340998231325
3.005965152596749
3.7500137230823563
4.351348778155217
5.048229511041853
5.5335973311174875
6.142122669295523
6.545261462390204
7.132544584108448
7.506473061838288
8.047356714489128
8.400724392508002
8.501623623523859
8.771756773144544
8.940932201771208
8.94509224186012
8.849159799486257
8.892393890113498
8.92474559918375
8.492017284480163
8.333794107079147
7.982077621682604
7.067780248517699
6.166102311689081
3.10517075012302
1.574906972600916
0.9998380413506337
0.42605998014977453
0.0
0.0
0.0
0.0
0.0
0.0
0.0
0.6433382050862837
3.4195577789061997
5.254532201952873
4.673643402875655
4.209547760646829
3.7102418754314974
4.207589259699056
4.740563545648834
4.354892091230021
4.361032437340072
6.017925581005383
6.1998145757427805
6.737421021453229
7.103424131721015
7.0623337330897415
7.268670287370588
7.174418156978385
5.755201976159343
5.503386256702122
5.497459011641607
5.696863225771754
5.0207201576898175
3.938884640810414
3.528881402249844
3.740792838213973
3.7360209020113833
3.2215161053432855
3.247565932799236
2.9809680732363817
2.7615983793865793
3.3671446124619338
3.155627783006542
2.765760682941054
1.1099299906797873
0.6729997990781441
1.1689112825727157
1.8286122643855798
2.5224879263706885
2.802657176189654
3.0169678245880287
3.140445887461586
2.929604232054753
2.1781120200037813
1.7938363291201969
1.9563481015308446
3.4808054698773843
5.326971773848811
5.828840389448382
5.983913147821552
6.59475325349043
6.535237837484021
7.215718623849846
7.63744507081709
7.885296031154283
8.168820598202057
8.562340637575975
8.735403514617456
8.801111028369002
9.133707905886379
9.24671690776709
9.157720604276657
8.999855118952441
9.036819749364067
9.021485747263648
8.793907994881446
8.587517482850817
8.336798738722297
8.011205894281936
7.455982379563668
7.029392241978683
6.685761445529146
6.168947720736521
5.790796347005823
4.915686881998198
4.315595435481304
3.4226309103480554
2.3414209675806825
1.423244286497329
1.1399600316055027
1.9862926225509587
4.898020711043477
5.966630780620828
5.562128949267863
5.003156756574477
4.420629289424903
3.4065070558405943
3.3418609328328674
1.2753155352717511
0.0
0.9693211554491974
4.864695463292003
6.347527813118008
6.949766612598279
7.022295241401104
7.20532006190549
7.220673511194159
7.38860857929169
5.80283333142701
5.510747676179115
5.683720138714709
5.368783638580213
4.732216825317734
3.5766578539520992
3.5094575774490675
2.649612235886987
1.8063531234771568
1.6354271380720122
3.510076805721364
3.453033456192899
3.004747330324271
3.7011261017471546
3.507290178441567
3.2685585626073275
3.4779686327369297
3.67953487793888
3.777244848680161
3.6544485772529827
2.1365693953664415
1.3889208389669263
0.7151689193397694
0.0
0.0
0.0
0.0
0.0
3.161249305886073
5.783953546704053
6.48088684964674
6.367906882556282
5.708988785674691
5.000805032905862
4.68641327703211
5.608584985101741
8.070288887058364
8.618438435634008
8.985579944661884
9.165971072079214
9.355727170356843
9.311589862198549
9.282930741180753
9.279170135625888
9.134802779956262
9.246798830653008
9.288911472125875
8.938836687028006
8.693744990079562
8.681043811697421
8.641141184110605
8.250863503844737
8.0186244638056
7.657203367848455
7.57869289187865
7.192715284116002
7.149190698681067
6.846893280574811
6.54458977181565
6.338304744092357
5.761659880587992
5.5000459792701735
5.720497387296423
5.878184045449427
5.8345681340158215
5.672110423211628
4.923316574125087
3.9902122341439434
2.2533893493734443
0.1682499497695361
0.0
0.0
0.0
3.8238895021840316
6.104368247701568
7.2147353676825645
7.339364850066168
7.322569441378635
7.254720190972884
7.520863306999572
5.85922958631883
5.709055936761767
5.738017816320289
5.500900413087207
4.45636632148243
3.0197294901423435
0.5280543180289865
0.0
0.0
0.0
0.6605242732654094
1.9307097736253536
2.505311126278758
3.4608579099830683
3.2347784132550155
3.554931229705794
4.01314856869038
3.8489929501563944
4.258064380490209
4.090345377981058
0.0
0.0
0.0
0.0
0.0
0.0
0.0
0.0
1.8957503745284805
6.209837618605284
6.700949794265814
3.9245407491913333
1.3154208094385136
1.489381033388805
1.712254994960588
2.7598500144785745
8.128346643058833
8.97709353856747
9.227901570055684
9.33804466429259
9.623298957804456
9.526806162826635
9.743742814581978
9.670785172974744
9.38015161379181
9.540832770989324
9.484117286646372
9.148485913072928
9.306775518781576
9.076799562407324
8.84050321232904
8.748754833482632
8.330855834970565
8.381050763790427
8.074796479087619
7.887101423505895
7.867630222212382
7.55728720140664
7.441008203927907
7.186786072085225
6.995032619993867
6.673855864598238
6.727577347802791
6.466906173739891
6.397547084083045
5.765179932665423
4.439166566356291
1.770628424766138
0.0
0.0
0.0
0.0
0.0
3.75719913460698
6.343077137489067
7.063097989536015
7.2317944732519015
7.30153870463226
7.58776119282799
7.454084557761142
5.762251793491117
5.691224049902429
5.4155557383405855
4.796570218161079
3.5954178056383332
1.7502296297675564
0.0
0.0
0.0
0.0
0.0
0.0
0.7786106626839412
2.4450111202936626
3.132323314286164
3.930039668002133
4.0535286653233005
4.201713756855733
4.679783203578811
3.7779831383680147
0.0
0.0
0.0
0.0
0.0
0.0
0.0
0.0
3.461763761182067
6.3855339489650556
6.757092464462086
3.3613260811272396
1.3612477239709497
1.6692419489743044
1.3634836327890307
2.7193388533668377
8.073788908318885
8.970496451637311
9.240997751946214
9.636668098766544
9.952721614698714
9.896855238931776
10.249839969192369
10.110842930458825
9.926798294521625
9.892496160228413
9.73113198127334
9.433158663205338
9.59536536944601
9.282964242466893
9.268275443558252
8.84883217277172
8.758262751592826
8.752549931062926
8.390961252584422
8.226252628958228
8.260929781612466
8.05341632110183
7.848878524559404
7.613924302062559
7.495651562342334
7.1909827936361665
7.156831657645423
6.7794260254764325
6.629370180347074
5.562771784801496
4.334413871897222
2.0755840837709805
0.0
0.0
0.0
0.7465090966937517
3.0688073703547514
5.8354810976207085
6.713928296212991
7.125666055836504
7.3790859764746815
7.782470599143512
7.751190768096739
7.911845070501648
5.729225308196555
5.497174028220152
5.351626097464926
4.968573943798874
3.1300527439181027
0.6139978729131033
0.0
0.0
0.0
0.0
0.3758345169824328
0.0
0.0
0.0
1.0866048876872965
3.719889429731409
4.263263152279003
4.712002413960604
4.853965364198562
3.1804116763615564
0.0
0.0
0.0
0.0
0.22287396157178366
1.024983888069157
1.9039889917815225
1.8108786605565632
4.173591600938958
6.726167793666938
7.015865469805863
3.6128899425044443
2.507173138549018
2.646713350602586
2.2387841032446456
3.433757373679244
8.318695140554812
9.443689015443397
9.947118534684043
10.135284687135265
10.21735819615983
10.097007075479588
10.372447176070404
10.218106677587103
10.010617703886615
10.018408804585203
10.004688914034817
9.748292808368697
9.805297305630434
9.476914627107117
9.474660310038027
9.561252505124058
9.250790284551972
8.984718463909987
8.72048092218234
8.78168405358106
8.501332734385224
8.4603155578929
8.245052886799392
7.975853952793786
7.712659743755328
7.654153404603798
7.372304798687798
7.095519475874853
6.875406223274434
6.246766456305946
4.290409004866263
1.5154581021111106
0.0
0.0
0.2505563446549552
3.4158742592635143
4.968717434713999
6.164911369064819
7.009530175937401
7.580768261789145
7.718996898688597
7.970731717928902
7.866121132817476
7.9478729429929125
6.040523787272738
5.671678872533897
5.3977584474614
4.65505739986292
2.632022550243884
0.313195430818694
0.0
0.0
0.0
0.0
0.0
0.0
0.0
0.0
0.5943305641914232
3.4663370326488536
4.161333660222813
4.733968483141902
5.048599951273967
4.224833371621486
2.0758387734544845
0.9601707959036753
3.010724371833381
3.788132319660151
4.294957245632297
4.855059709098127
5.44509164635384
5.810355519503563
5.966239994177423
7.286185255343592
7.448720694252219
6.835086887331048
5.078365842157222
5.287646500477237
5.858874732947249
7.372650673982899
9.311712991074067
10.026578940003557
10.15966907304333
10.342282210972783
10.413835855346125
10.431690282048661
10.554780930371647
10.366185752365642
10.388850021190917
10.356181921524524
10.315265230156339
10.16091712024036
9.96483692812332
9.816712016870117
9.638825566544725
9.621422330424354
9.443178897155427
9.31519673647444
9.095925126374878
8.964182709668666
8.773435452895301
8.470152372251686
8.402222756966925
8.311884725991645
8.060168784015683
7.752709234809719
7.708506753344394
7.3932282383942365
6.899496755798531
6.358272652915938
5.457752140600902
1.723216830144949
0.0
0.0
0.0
3.0612917310915173
4.979106817609402
6.629802812476301
7.329034978653854
7.50752784936553
7.761876953052829
7.994780594932001
8.0861672008426
8.076381202809108
6.164089654057121
5.860527136353317
5.377638121486304
4.511421922248771
2.3845140396746376
0.0313195430818694
0.0
0.0
0.0
0.0
0.0
0.0
0.0
0.0
0.5011126893099104
3.4841623787034464
4.039381238831491
5.035354291244513
5.669530143569862
5.801829717912449
5.934607908840827
5.10775777815953
5.053278509082516
5.053663049340537
5.415269465649548
6.112359728573553
6.522888728934405
6.863470744372079
7.329683006579368
7.908454507353291
8.26919427722723
8.413079712854355
8.504472121313768
8.773080947874778
8.996446861383243
9.63474656928022
10.02134890881157
10.457405049655636
10.577850508618948
10.557376026700434
10.825342658077087
10.847796376648343
10.843301705325377
10.975700195963684
10.688011174285627
10.612983035667755
10.747348947479741
10.580963325476485
10.431637916127277
10.316271330002818
10.131299849145528
10.12075655830035
9.718534161229705
9.72015536631979
9.435250704956806
9.390324008566667
8.960848104071632
8.977290885625433
8.45082672425553
8.38945756758708
8.340502913002187
8.045146703206322
7.925828487459177
7.7299413459004835
7.156103166879125
6.766021225560682
5.656561502121834
2.3585989222334263
0.0
0.0
0.0
2.3540031460329525
5.447804710854579
6.8191321219248975
7.300518635780574
7.718160835144339
7.906434320753667
8.262494848622255
8.23107553320701
8.401002712350866
6.3088049728368265
6.036847554083478
5.8837996883647214
4.682388175068177
3.258903231975289
0.5011126893099104
0.0
0.0
0.0
0.0
0.1252781723274776
0.0
0.0
0.0
1.599452348445845
3.327300696478688
4.559240658140292
5.327085470215156
5.973704130906632
6.201425519705673
6.406312827914677
6.438465476117202
6.204935801014345
6.203310349980065
6.864870068688614
6.909713098775913
7.237685011533467
7.7395401372544415
8.327588620413504
8.730161861070327
9.121213595535613
9.48373432543385
9.781066336937437
9.927831320388913
10.118133220667174
10.472160900197013
10.731225675857008
10.890192070701154
11.158394622732494
11.213941651983339
11.1163428710093
11.18280065716619
11.379357021023552
11.221394264981267
11.04788134292263
10.90741171703771
10.884807709676824
10.777415732644076
10.740845201357585
10.600712710873934
10.458635430358909
10.18293485735411
10.093448929785284
9.875220635253047
9.657167116355147
9.599156329287243
9.33563513385712
9.033951930402997
8.856801840586643
8.656080492095095
8.625778746480956
8.570468754739615
8.251693263930216
8.064659516390558
7.554945752458275
6.778170140946515
5.999565915658275
2.9535426882802613
0.0
0.0
0.0
2.4897307720939157
5.910473417355304
6.908184585883363
7.444597720624116
7.998669888461126
8.149763849013437
8.255828557520823
8.377259275528901
8.536185983820197
6.423316674370095
5.84708702700661
5.950303667040055
5.21940372479541
3.497625080661462
0.8055110228587924
0.0
0.0
0.0
0.0
0.0
0.0
0.0
0.0
2.1724896552826083
3.5180572942216752
4.702914019452776
5.681191000526554
6.041248284694581
6.412410975192868
6.559810539195567
6.7852010404859
6.754949516653541
6.984452539170364
7.414332709321133
7.7632684663937415
8.19702885342828
8.722205797992034
9.094606657609013
9.235230174525567
9.8510059100761
10.213614522474634
10.308813521022772
10.559885636507515
10.805298648035146
11.053958213460671
11.318868360583842
11.445669172888978
11.615653559308083
11.555962098942496
11.55688219846635
11.654589059247169
11.754536616236932
11.607451701706124
11.591219172066127
11.41597600537703
11.506997618861414
11.140252375981238
10.967996153735276
11.013855976365937
10.897611262058991
10.517730258569571
10.436248904403236
10.232068998990863
9.944080326129487
9.966767941378272
9.71360754064046
9.530705196045263
9.105996928924508
9.062645831135393
8.723973061258492
8.655612435925068
8.330526938721967
7.9384859563810934
7.790512883083582
7.483320896745065
6.456179284886479
3.7298937251301902
0.0
0.0
0.0
1.6912088870684252
5.687836065565093
6.789623450661424
7.602776820076784
8.231075533207006
8.370796469667344
8.490082492316722
8.669188355670755
8.752177377823514
6.446589433041455
6.309042890350222
6.582802177455969
5.901387790381928
4.786918267303765
3.067885428980418
1.3631970325203322
1.0932187108681701
0.5870562441940272
0.0
0.0
0.0
0.0
0.0
2.1775784216501917
4.3287230465815885
5.625288758228997
6.1571805366528904
6.27402821042255
6.459066848008797
7.168743710348601
7.371285776840538
7.243898691476932
7.543333162316889
8.145760491811322
8.565483592539932
8.641696554262262
9.259824155706012
9.664352771467467
9.897984467705188
10.422034673426882
10.675216401379227
10.799697783822026
11.154409438970843
11.447368201152859
11.583118404618604
11.990382284150689
11.979763527140081
11.9798941260786
12.218091743850485
12.499682090028292
12.421760700797485
12.285511016471004
12.262241440238618
12.067073770260084
12.209134559527847
12.057724672186994
11.877943618240263
11.82542140718991
11.51365906213452
11.330939262136637
11.225581812710448
10.769560298044194
10.607706662138579
10.340373499259188
10.115831672165836
10.02845014357174
9.73076186110332
9.47547584876137
9.037592021838059
9.244730832315566
8.73425483375784
8.51651108556856
8.28932379705693
8.03703693487982
7.348516458961426
6.5279127366201175
4.2360326160795685
0.2505563446549552
0.0
0.0
1.5524851308527177
5.442190223495474
7.0484462365711735
7.842586751325408
8.480384837879363
8.626107642729554
8.524950650832189
9.00790572780839
8.600374849084867
6.404358983901422
6.337242159677316
6.519991818151061
6.618900624081274
6.0906232320829385
5.298919352414605
4.249847714133186
4.130069337274233
3.6569086745432857
2.6839624929464376
1.318307946985922
0.1252781723274776
0.0
0.49673477494711704
2.1568985560591782
5.021688903641884
5.934993195617872
6.4608080264617005
6.551758547904122
7.072859657856244
7.396812697699639
7.647043862171046
7.884361973359377
7.985449670288461
8.391209554982895
8.869376775534024
9.308372876217803
9.64289664658335
10.061871964749054
10.278970687782442
10.716807559691613
11.211502380075828
11.48769052290543
11.732883458797767
11.991499191821694
12.262860710855142
12.615213551164429
12.759493544926817
12.842179282618416
13.099682461402281
13.016957678836382
13.175190879376188
13.198765899981343
13.090328519457657
13.120485660288841
13.209275336971777
12.938646863400239
12.867641059980995
12.55046909085503
12.32839368900438
12.15052819782244
11.74408990883883
11.56255718025465
11.435331170641367
11.039216186358495
10.64306276658919
10.400582743744275
10.31838529335716
9.67070903042929
9.644562789679007
9.207870560027606
9.092123734141879
8.624988713477252
8.40122918625393
8.202886116970317
7.5921467716177435
6.763362121055567
4.638025526563339
0.594330564191423
0.0
0.0
1.0574799848792826
5.661354963070069
7.275140868294291
8.123441275696857
8.688242464838176
8.732705476510699
8.868550728014176
9.099683186955861
8.902405910653739
6.634130850357385
6.741558023709641
6.53901796347034
6.5411665220994255
6.371935401281344
6.008605367178047
5.637853901186746
5.14625606606992
4.668313564414197
4.113490561290621
4.026554844684931
3.351605049945065
3.636005266060722
3.8996509136327067
5.034056886965465
5.897895247482716
6.329359631048658
6.687608081887886
6.859095053679146
7.147295079699104
7.536996007383617
7.855718255255018
8.22531377259559
8.494539762741008
8.960089736981145
9.406175675509898
9.762573879962307
10.124677540717578
10.56057849636101
10.96343971410151
11.36967723747586
11.752519843066164
11.84577445584604
12.418431289210345
12.674198664424443
13.003888886222514
13.005558643783123
13.251775830115706
13.666488699900023
13.730817287883397
13.65957638957803
14.095932047747699
14.041471879391175
14.184988202508345
14.133668144828214
14.097112457578262
14.025580405863078
13.960768968217526
13.73343698197165
13.480603378905851
13.050710469728267
12.80154526243685
12.480481526995456
12.171909776677463
11.573336623284892
11.396338691415664
10.946753945068433
10.534620053180177
10.000886750041207
9.725465120344058
9.481366201148727
9.331518425420214
9.099734437656481
8.942821520935464
8.712506874020615
7.9849045608206906
6.847284867694142
5.142791894042128
0.594330564191423
0.0
0.0
0.8593323774806071
6.100120415154215
7.479699187930083
8.335019472233625
8.953600788831048
9.109020991821001
9.198186166201904
9.214220348256283
9.150370175374663
6.707880652840889
6.762375851387913
6.835177108553373
6.799589096568931
6.586939179712381
6.15001176056442
6.066506322564265
5.810283015391383
5.123964025890559
4.661369176127188
4.273358176437235
3.7596868222226596
4.391498130314134
4.952950055248473
6.14420934158934
6.4058369928878856
6.417813320875391
6.92773707013552
7.282216464994482
7.586214777217101
7.6873609927992845
8.159283932181534
8.40067254656821
8.800213501357089
9.361297400719518
9.807477811519162
10.07341677322264
10.721445796939898
11.004831031691664
11.254988873084848
11.910880069774146
12.254608223586395
12.537448146812816
12.955349081087666
13.065540438995939
13.511856096660775
13.682334770709655
14.075395052022662
14.59122104306061
14.77030649267599
15.177595992424946
15.629183998561347
15.777454365903388
15.917539101392654
16.102978924916815
15.930760852495768
15.726659545024672
15.503812099260546
15.147848203575952
14.943997204791312
14.242845388522094
14.022369355543725
13.451349111288925
13.224373235567375
12.688827892748789
12.111543884253907
11.557059306962074
11.13022606666191
10.708479908012166
10.231590540564534
10.03431507785103
9.69397720082895
9.321382394804308
8.948112481354274
8.638946711499065
8.20142063836634
7.435120834487707
6.278800543968325
1.1463137492335729
0.0
0.0
1.4057354114958536
6.520577070544134
7.9237890147947745
8.355585357017036
8.90099667048098
9.256745378664714
9.233353831272437
9.368152217288422
9.569192984295626
6.706734268171475
6.8432321133451905
6.847109266795446
6.737279824243858
6.561793615510108
6.466736711077104
6.418628081227756
6.148605717210766
5.632284737723974
5.3718997484794935
5.0434769559361134
3.8678135415243364
4.9564188449248565
5.86786065726554
6.142745766890095
6.577358675528385
6.7275868066989855
6.967907300137334
7.44365023013681
7.648880818099166
8.22633994293986
8.456121698230982
8.571915310706451
9.057290664733477
9.510902927283848
9.891122136341105
10.388704196617555
10.858700655076099
11.274235675907164
11.683242047762677
12.10950604424612
12.60547516623692
12.9316905755133
13.313773853634018
13.79945488046034
14.270633033142051
14.908212632502746
15.600782578560624
16.23803420750874
16.56505578365697
17.02026549215689
17.194120042769978
17.52107536601533
17.554922613173265
17.601400910735244
17.670816396004994
17.836817831019367
17.546257127816446
17.13979281875739
16.676499180700702
16.2952617420543
15.76794891469673
15.024333282347833
14.589700423490125
13.692245857427721
13.23744020279465
12.662866690959703
11.876109246498354
11.307122222440379
10.709798005908274
10.352966826018454
9.953668169475998
9.417975179981443
9.168562799726892
8.98318779260164
8.608574142898949
8.156688591353692
7.235880647937922
5.986440386837739
4.948662336764887
5.074229974296667
6.643768164892343
7.570554287285807
8.284002486874417
8.760453144504435
9.160843957432222
9.422130479652235
9.446436953941271
9.56225624484082
9.480461388744816
6.798126157299202
6.960168015370551
7.004847916955718
7.0014774137228315
6.768805622983153
6.587941353672052
6.544733982525393
6.089039797298267
5.894337973050154
5.550368895173686
5.146675793643093
4.447281413854995
5.72258251881267
6.163300425101927
6.232706228438536
6.547239417424572
6.8083116375029995
7.245409341407837
7.472875776575092
7.73314840636011
8.153282263075083
8.325513028611956
8.791958893707791
9.192823113263058
9.761075688497339
10.192656918478129
10.455441271284325
11.055548359183197
11.748571008373283
12.14444365802534
12.738311421060573
13.12160791130677
13.650200408333237
14.102180614345396
15.055530728147554
15.99281963925422
16.684498044817015
17.23572111805506
17.801263059906265
18.292833583360284
19.08968423142018
19.947620415183355
20.564612263377335
20.767626039928683
20.77333890269566
20.70645713729614
20.42350409032426
19.918307778493297
19.48665160448867
18.94526231214126
18.26829396856733
17.43962105076024
16.919005595667695
16.299499220406133
15.448555842589656
14.675562121883852
13.688405915336299
13.064886007760771
12.20746600430331
11.55469604253793
11.024119760861577
10.436026783107407
10.207627242314429
9.597873319626604
9.123790118742694
8.877503889000682
8.309229145320563
8.098966903545222
7.222405282683013
6.615069994188866
6.110533032993249
7.3764317105019135
8.124855646466443
8.557349825495436
8.910878411364648
9.064800165903938
9.230288031596793
9.408882543202656
9.59566585370308
9.403509659897946
6.941370328668472
6.980603714825683
6.941200582098067
7.073241786079381
6.789122363681588
6.8201248369883745
6.432965633404699
6.260858504641741
6.100014510214353
6.054385504422888
4.957957618299458
4.557897978277173
5.911756964632867
6.391261523197548
6.328952250872476
6.605320027342083
7.018909716034488
7.256885583747246
7.374063431860434
7.985647927883929
8.222262540655624
8.536207812315608
8.781171727392241
9.245386729061964
9.663976144664948
10.229827653424302
10.726643411531194
11.483859983643514
11.772474159418438
12.496995684137895
13.045673008467771
13.61590320802663
14.38709670609582
15.543931856100262
16.501850366771606
17.417446184499198
18.27426116624897
19.635028112886054
21.083867894989314
21.777828023425684
22.89439037746599
23.795408135071778
24.597829774279795
24.836592240712438
25.27380303203325
24.948283540805782
24.358525392112202
23.771057615400817
23.1224586340459
21.938069969496226
21.144820510610607
19.822378619906544
18.770509351088442
17.83763686216475
16.899120714779578
16.338855899440528
15.20453012200104
13.931651738288235
13.287191046235368
12.561427828602746
11.538217296815871
10.846276357820384
10.434149284694788
10.051960722996418
9.620895119342638
9.171228531211876
8.774144513114113
8.411701964614506
8.142218609073291
7.430551791172018
6.560265044768225
8.21666660061973
8.331843593967005
8.535994977958973
8.823499410742714
9.243520534073637
9.64744736666212
9.682759836647225
9.720984762470295
9.422327826710204
7.170556025661856
6.935213185435866
7.0543933115635955
6.86302583577103
6.640287993589991
6.542049737302399
6.452756035170255
6.095732738359948
6.043540495145157
5.655094384031251
5.248779948589317
4.909489724537428
6.058786235033993
6.44635151552806
6.538661087200247
6.617099594061254
6.749134179974295
7.115528349946042
7.4890879737791245
7.842837672582834
7.999857001022364
8.475722922047419
8.758271631857689
9.206619759234515
9.674257581245502
10.371472803564846
10.91650006684188
11.463666005377732
12.214697102515354
12.995355716078333
13.483525207260532
14.32246604624714
15.772536614852608
16.906636454932897
17.8367108816772
19.788032106764103
21.586037155424876
23.84247059466908
25.2936659613173
26.703611781066968
27.81128560340438
28.687511086005987
29.351503378013966
29.51399851630098
29.797504504117825
29.283208327701686
28.89222151668358
27.83718290947673
26.95353489459708
26.02000002698044
24.84507954950905
23.599098636791922
21.77050256205431
20.065954019685762
18.88761327705523
17.693512242214116
16.784004563553324
15.810740483293431
14.225955071624199
13.414560760534716
12.386240795113086
11.727652449446623
10.87732453738106
10.330231455277387
10.004499733406186
9.304537982698658
8.951127663985911
8.735559390088259
8.52120301884489
7.861041737221239
7.195824279545326
8.235010609310779
8.485603393397023
8.807563930259079
9.26906483179011
9.441179494808607
9.62524522109751
9.82868429445372
9.996085454508092
9.592072240919817
7.005612173401996
6.872609353455398
6.9976538889142015
6.742704408379055
7.049145690317747
6.691416584562787
6.4410307625835
6.026662070122587
5.823961042251486
5.840210395654881
5.194604831957498
4.858311909683098
5.841940465284399
6.1081474930212485
6.398549258042717
6.40533590590805
6.404979029637957
6.755563951569535
7.266931706237852
6.49817932793139
7.859883719625015
7.685234793661873
8.240324215947162
9.02706135170106
9.606903671287096
10.139838186550909
11.019859452718707
11.662623833990793
12.467093240180162
13.070071800409563
14.028014977940883
15.605428732316932
16.988852290408843
18.336474987863607
20.639207629959003
23.311818900708367
26.375230669779796
28.947438644603018
30.557240679240373
31.83800401384206
33.13018194232366
33.79062350878864
34.38924847588896
34.67024928479652
34.78052396021944
34.11972529382486
33.35975018859375
32.62307717150704
31.22527848237
30.032914528101383
28.541395413141924
27.126197960396716
25.344748750800797
23.515672941618817
21.49225537441798
19.607843102927184
18.098348094075142
17.0481143590034
15.820455598695808
14.356899089246435
13.323448709834262
12.390785781602577
11.589516422273412
10.68253370670878
10.350141302527355
9.838842717409142
9.369721163386258
8.851071872554998
8.567179720439304
7.97931321214405
7.273834083993613
8.48677289905506
8.5176287452868
8.772268486305386
9.044834311959992
9.656790489552627
9.788772648171223
9.678430948229702
9.687244315064609
9.719906450662279
7.0374376152018545
7.032219030975728
6.912443867556756
6.7718626487682565
6.787330681322596
6.522215635357452
6.336885283407222
5.925380764269622
5.882314372494633
5.530536638389779
5.071160410918476
3.412617919854857
0.6846520334383334
2.2360045414654057
4.005687814105747
3.961489841922636
3.8529471839152456
6.252590616451871
6.766284395027124
5.459866452378511
3.9210110964188183
3.9002961584139646
4.737550854225245
5.0907721784232605
8.70925606855007
9.913953795593574
10.915491631760087
11.861466371102095
12.875163348956779
13.540153832658607
14.821646442740333
16.75559926198082
18.112192047516274
20.713563977480202
23.857953691069945
27.69599534171678
30.886751560503768
34.21568008411902
36.20381869853423
37.26400942325103
38.00839013070166
38.923484661913015
39.40260668824191
39.319285300709325
39.46115320495952
38.968276758863276
38.17537072693572
37.3206623341762
36.10268768323163
34.580997928990676
32.705948255406135
30.773154956652228
28.96305807572767
26.82598298174864
25.014605653194756
22.443016741082506
20.08803972148707
18.47286617140525
16.86435929289149
15.278070833224985
14.037769757966505
13.182770268329289
12.299529464535965
11.458457800049516
10.640461452087136
9.960649319263695
9.37618354668613
9.082665448242155
8.630985910991301
8.114942615241821
7.231961966168226
8.548024724297486
8.691392339217057
8.985507852141843
8.965044190420558
9.589940917541746
9.651366037648355
9.634032437440942
9.705815986927085
9.76032070043757
7.359604496167109
7.177631622362046
7.053226821355284
7.079766035401399
6.744373811321066
6.296489719523745
6.432489798377908
6.21191365271331
5.768609599453549
5.392492618822272
4.479806195280288
1.03999595024654
2.8691763216040527
1.6417636290713813
0.0
0.156597715409347
1.2399321479825813
4.604556345488885
6.905043312190798
6.886615281315292
7.081774538923471
2.9109975559033487
0.3445149739005634
0.7170309316100271
5.4651803073643945
9.268159454748302
10.565476683719746
11.933349208962479
13.057902118499577
14.223753058781519
16.105535219629136
17.67686725788243
19.969403669194065
23.60606897832859
27.431848738599985
31.67625241865807
35.337180045557815
38.369875772678526
40.2130203051954
41.90696537153844
42.84391921569016
43.87535323875235
44.66345748041844
44.5184968785833
44.30926076778688
43.88840794963244
42.7836982130209
41.55794862235697
40.15442413953759
38.71378984416449
37.19727300084247
35.01799023559902
32.77669962819599
30.509407852786516
27.87129351953995
25.423000362154042
22.667668322248637
19.77214703404205
16.443892654390343
16.070031577713387
15.155864091918072
13.805749389070655
12.71875752852947
11.221501849575356
10.54299260311737
9.871076106350538
9.592341609979623
9.22866060400118
8.86757284124534
8.267388969403095
7.566554962116254
8.526349169461408
8.566267559280282
8.849720819518774
8.883759443832798
9.332951050931754
9.409113391546768
9.48626246745161
9.62759352930116
10.051144265453022
7.2982894735686195
7.169572769494574
7.095519475874851
6.861387823017974
6.767812907919675
6.478857249774354
6.328595374602383
6.150368636834514
5.74368361091338
5.483454802780726
2.4660379352389774
1.8426904434662295
3.0341254806088807
0.5557367011121579
0.0
0.0
0.1252781723274776
0.9069522854925781
5.222363537195193
6.665669121493245
6.121974543204523
0.625548213824431
0.6263908616373878
0.5011126893099104
1.2419708292350955
4.3462767948395555
9.452633890031557
12.013147190224004
13.3844538159877
15.063844923029315
16.86992815221762
19.01117991711928
22.451675202278626
26.42928472178503
30.495892126523607
34.885306119078784
38.1969357025172
41.537033942585104
44.399263876782264
46.38784765819834
47.783265800380676
49.0657095776504
49.70773138874661
49.61090157455909
49.30183342304743
48.703481186728304
47.25700188649418
45.681923255166275
43.830342640133516
42.30763620629218
40.46386196589295
38.33869076605579
36.38513861617586
33.80481979672413
31.00759478385086
28.20660434266862
25.092013875297013
21.204980501925785
14.646302405952095
5.199495342869154
6.450879721282405
5.785439499001353
4.7481401732699355
5.676599216866661
8.876039310301767
9.690287975912893
9.674563845843016
9.199018886085776
9.096786607126774
8.520919049121169
7.534272678149623
8.930350280933594
8.565828667403077
8.581468155341524
8.918498279844647
9.154243660127705
9.234917403295546
9.673874447810475
9.892304593510898
9.978567520507713
7.4766524014023545
7.306223804441858
7.364172211639807
7.111094765712447
6.637917421739526
6.403594727455148
6.377825137168099
6.290981832416005
6.082809975975175
4.83559724646244
2.1166130797821907
2.6923579013287204
3.988300176716743
2.275045795369899
0.0
0.0
0.42603934587766196
3.6619609616228637
5.0795596410750505
6.148389820312341
3.512016824083856
0.0
0.5637517754736491
1.0961840078654281
0.7633212683250543
6.192912457709356
10.74434230230836
12.364247530612271
13.72350841882875
15.825316517583051
17.710986708519215
21.005728487323683
24.83243494831638
28.88528045338102
33.16589361193976
37.522209570943886
40.91202350416258
44.49593065167577
48.18487704830037
50.82756751501344
52.7843092134653
54.00530784691429
54.8683587526545
54.44618527366874
54.04931844596834
52.564522486010226
51.01374707089468
49.74638992887779
47.48410720127444
45.60251315278384
43.19414691167951
41.247061969270895
39.10634530765689
36.94648366664267
33.95037835092075
30.995498952750367
22.144938401468405
18.454965613642926
5.469045062781945
2.660324161599352
3.2182778793066933
5.319336760795182
7.491928341458345
10.615987066191545
10.892836623355219
9.910263823856742
7.352285206490255
9.081139561502066
8.94060298018381
7.925353739318076
6.015890348635284
7.740115210557579
8.297992337844024
8.464933816734025
8.728868682789523
8.989273198114828
9.145115261215873
9.51742375830954
9.846846564519582
10.176193730502542
7.344476137252351
7.249309441224908
7.163788823004284
7.080802920210309
6.767039192577204
6.453758209129926
6.337004242163919
6.479884675687069
6.011654247747148
5.821136977767588
5.412391572757432
5.437133937700521
6.316687501465484
6.318594802836845
1.788300442761752
0.0
0.3248476651788831
0.7115936621574092
0.7223400679766028
1.076569333872891
1.8700128043478097
2.0629453315849147
0.0
0.4071540600643022
2.5401523243219604
9.25991578917967
10.860341419242188
12.508292611475907
14.411462185169498
16.405281089083612
18.902123509650032
22.597809858927697
27.012337459356882
31.247016823980672
35.7389794074692
39.59749139620738
43.65471166164029
47.518105727786946
51.098012378304084
54.68255099583438
57.15485825412187
58.53724130763902
59.144282347634
58.712705013755446
58.149754746951736
56.886163627869045
55.21137534327623
52.93902487681786
50.655114947170425
48.15901281446913
45.87133193561134
43.67160163468888
41.15218267353959
39.186546568177754
36.57616685706881
33.69079453166661
25.323976501255547
7.1692017273328625
4.6494943747161965
3.224073686809862
2.8483945260867927
2.784456029042791
10.31567756065893
12.79136374927057
10.858886826005804
7.166839948829501
3.0827996619242968
1.3237124486509992
1.5996393902694934
2.597356822496838
1.7524211736629802
5.4406367537099465
8.249537984174614
8.661509342901274
8.933370520427747
9.148916653448875
9.12953017097783
9.4759113949581
9.594229708698002
10.018791938020223
7.403422795266684
7.245859113158597
7.460849557598152
7.460849557598151
6.791151963553976
6.390735184264668
6.357295730909312
6.405480116617793
6.212627405253495
5.940053451545814
5.69514406793382
5.291010538610783
6.621117637560968
6.771796240570151
5.775799677198759
1.295001936810049
0.3758345169824328
0.0
0.3445149739005634
0.1252781723274776
0.1799021841297252
2.239075030966714
3.4298944236427853
3.357695044684285
6.378136319214199
9.81088102980967
11.170091689350457
13.072451741616959
15.026083323247773
17.413661283875282
20.269980290930526
24.485284884126244
29.05422600303661
33.57293206014469
38.115795737010956
42.383104853513586
46.82256853187932
50.8667511840077
55.28566619831443
58.118917727950056
60.242451488500535
61.181411765041574
61.2388381901243
61.21823552353018
60.12101681925586
59.17757063810954
57.48011150683714
55.03334901965716
52.69004813527227
50.55389742626776
47.71922729737506
45.54305162575774
43.22264918233522
40.884652800917955
38.47379644682675
35.802761394563426
32.02042568973931
16.668327795573575
5.653700027655418
4.3870517748775795
1.8399567552248168
6.249771434320078
14.000344210790908
13.065839104644276
6.961792967905146
3.3095310394377915
1.818565760836004
0.0626390861637388
0.48508254058692796
3.9136496609927973
3.453493881935563
2.472027909756035
7.658834318130772
8.684330348212965
8.715423355081512
8.943288307571432
9.022077788437537
9.242284883126299
9.745108597382053
9.965523363090705
7.575951002538733
7.3522243932566465
7.470459869724993
7.441032849048807
6.834052655176721
6.478262455990865
6.322785648743675
6.282865919886989
6.343935100738996
6.123575131416947
6.098295352376421
5.1392572120197375
6.681541520723396
6.83348546715869
4.3316212984434594
0.7633212683250543
0.0
0.469793146228041
0.5950713185555184
0.0
0.6577104047192571
0.9002516750127209
2.7123237710853405
6.9867852574276474
8.360430140071832
9.92094170236423
11.553102776946613
13.437811284893746
15.805278607787187
18.255819634491495
21.75984849235632
26.318514267937847
30.530920559915735
35.446548579102604
40.10022097265803
44.84407634193833
49.5667832000312
54.0546596134633
58.458868767168255
60.44825943821242
62.166933143697
63.080162720893064
62.81555549046671
62.1141671999868
60.86468753408064
59.61127682551314
58.05605849913047
55.985329291290924
53.61524725497844
51.09312710579358
48.93874925366701
46.600730700277275
44.34657055271315
41.93951549126513
39.54457956039798
37.26580964568662
34.07431406210736
28.368188533977566
10.31098128748368
5.177289487766634
9.89748910608987
17.564043177586896
12.802095279950633
11.856151982451468
9.871141290151282
3.0919835785567655
0.2505563446549552
0.1879172584912164
0.32994554670202314
2.625806229117142
3.346494207999498
2.033604434980672
7.72113801533976
8.814457009734426
9.05882515944416
9.076017459567467
9.214855721082188
9.522171099154225
9.828499234368705
9.805863113061577
7.384409016912827
7.2211651392778
7.212730248840094
7.248889344501226
6.7453570674883485
6.496305345142861
6.4583278435155655
6.377255595337654
6.224391347124777
6.198311594247398
6.167344279442938
5.236691354386486
6.474431826098456
6.714692552659266
2.6504785849774954
0.0
0.9082667493742119
0.0626390861637388
0.2505563446549552
0.3445149739005634
0.0
1.9824580140651107
1.5921573941763365
5.409677057072487
8.2745018799768
9.966577983935055
11.800755132809654
13.930251107514172
16.34004891351941
18.932804160058765
23.13923537889464
27.978611452203044
32.42732770842774
37.17434434273976
42.13496021466586
47.448808445067414
52.45603781158523
57.28024572322028
60.3738142810538
62.029114251035146
62.88818211702911
63.22787251288931
62.64711832022732
61.287190051656985
60.27572112612016
58.667304192968366
57.17026670193954
54.77269296422655
52.88215493335056
51.141328638648986
49.116394765944236
47.15995701076519
45.180527934674025
42.908154469584254
40.40298451167914
38.21364202026744
35.57885182884136
32.6848952746422
28.725065162950138
24.823136199981395
21.69344071106381
18.863953511697513
9.86282237353227
2.9019843015335067
2.92144781061873
2.0895021293085563
0.4814453805882301
0.8698969197822903
6.777219376856592
9.52898145348209
8.28323116164499
6.237738481896515
6.591476514296749
9.205982954780684
9.461110318877182
9.322205656816081
9.289915902235332
9.494960410114462
9.527489054226676
10.025652534929572
7.399921706871285
7.406351478466526
7.339892243829789
7.219654489346895
6.649630580260592
6.605320027342083
6.587822394915355
6.440253368249868
6.4048853228343035
6.136842054783611
6.099106322502461
5.273867816452297
6.4401344094931705
6.674748538697407
1.9503333327844818
0.0
0.0
0.5011126893099104
0.3445149739005634
0.8456276632104732
0.0
1.81215558438563
2.0910271861218477
2.0194522131206067
6.460220058410349
9.880505722182933
11.50433256798036
14.11750584614434
16.853377224876233
20.0456028340165
24.3973227676089
29.173713713380618
34.05720872490584
39.00425299937202
43.98262004821457
49.53678763043853
55.604665157376544
59.69585372338124
62.11856007820394
62.79668038111839
62.50120587156449
61.71053000712822
61.234044326329766
59.736753677504254
58.461519929214035
56.49718550768325
54.35491481087497
52.852969195740265
51.14189809647713
50.19148155750327
48.25737084603212
46.59841322401957
44.99429646240124
42.741718690327765
40.538643520036004
38.74116531470934
36.28580423422762
33.097485042100075
29.522236139775192
26.02633553004265
22.39563773267002
11.513628653262252
5.120381131938631
4.558111107817043
3.6255489565662726
3.6185745265148657
2.6325386071556185
4.791738067041144
9.94144987292716
10.14012165001329
9.814105825629676
9.891177099192223
9.550636020113833
9.615308480487545
9.870612566234277
9.903345064036952
9.707685257421163
9.709995860543794
9.793884328845477
9.938330089730195
7.551604937994776
7.404633982635799
7.506568587930192
7.200595946590926
6.684454335798757
6.628048496136043
6.603960977112317
6.350628041800675
6.213795251649629
5.9850769186721315
6.001858126108853
5.054561393499501
6.591001392957529
6.632339167998393
2.6398925113272136
0.313195430818694
0.0
0.313195430818694
0.0
0.9082667493742119
1.00222537861982
1.0648644647835588
1.8595052761904816
1.0555901466737256
7.292783641732253
9.625586746970356
11.828824329534315
14.33118335872338
17.359134721912078
20.659147846378282
25.391206957830725
30.14688601524973
35.46767581060031
40.23848587298891
45.31358179397193
50.95677592955904
56.743891469000594
59.884221475712174
61.438779017989916
61.46308930800644
61.195136679151275
60.21395267421406
59.15497192080201
57.39440173447805
54.8021497404578
52.514514352883296
50.9645629502751
50.173116062909656
49.14700565928207
48.26477019146359
46.80484492539646
45.09788533952499
43.933937012603366
42.22356339196706
40.42626780371695
38.514986212920896
36.198846142027456
33.30868218194253
29.307638794281278
26.35851365009499
18.158190182942654
7.255038463613965
5.683790861706164
4.846846313021522
4.79478369277442
3.624720830234251
2.992021713596387
4.324281127537131
8.915751301397838
10.227276607290895
10.40111218439841
10.392974317041812
9.892126040058393
10.131792908282785
9.788896238772617
9.696965724554476
9.495470528402448
9.67759008074093
10.170830748081881
10.311458967447486
7.641379375778156
7.466224541666151
7.488131237539869
7.251243028707412
6.8911249528986485
6.788094937768872
6.459950063211771
6.439658574466379
6.390735184264667
6.397190207812952
6.010151266251767
5.343261064473372
6.42444799307987
6.826454567619305
4.364257796577384
0.2505563446549552
0.0
0.2818758877368246
1.00222537861982
0.6890299478011265
1.9723904597936746
1.914129287992729
0.6263908616373878
1.395360501326859
4.703735868967852
8.17125774129059
11.444172790365679
14.536454740387061
17.30113912351238
21.102311453720077
25.747865654342338
30.602447249544653
35.69684508602153
40.46204416952437
45.92938228739799
51.609069791874774
57.22316875561717
59.66072664707879
60.59319975606725
60.16657131319399
59.70243348668711
57.97607017051375
56.54482270297871
53.635586141328616
51.500363479695174
44.903706446172144
44.57411603125492
47.11934400390536
46.309859481699924
45.871447431579426
44.71437457512957
43.77043702961368
42.833908841310134
41.772442911520265
39.84801307454791
38.25390700036459
35.77686269318358
32.341418703157096
15.396106539975484
13.54511848250374
15.849289070185565
7.5810919062939375
6.062697613322735
5.206767322006683
4.816722044918013
3.3406187335038484
3.5217084058094406
3.9363635382232203
8.846906328185362
10.619001934145363
10.717572675267757
10.649930688798081
10.293008611474868
10.265018868374357
9.868598326825092
9.759326772262249
9.74722678353364
9.97624759347728
10.039926975929198
10.333348993416228
7.442244036417925
7.268598756010628
7.524323258053062
7.111820415650821
6.938053454077211
6.853320038669678
6.74507498022952
6.673702194992302
6.296132843253653
6.296965554550536
6.1234561726602506
5.587452793834343
6.309507729087826
6.748250964771321
6.09456169948595
0.6520559646184773
0.0
0.0
0.0
0.0
0.9709058355379506
1.1588230940291668
0.7829885770467345
0.4384736031461716
0.5011126893099104
4.061796132879109
10.734006816321546
14.431877561702704
17.480653956218823
21.363632255819685
26.350189784680556
30.818966062577033
35.36043944280072
36.77396461397729
29.906679774168044
50.68267028997674
55.89700592129527
58.78328133253534
59.22237134132629
58.59129266329512
56.93329338813791
54.27700981495199
52.37646871455203
50.91682043783514
48.08150338582399
22.246342600567527
18.993938156911042
36.488407867162266
43.74696472224008
43.513245557533025
42.914549707253244
42.4065712722543
41.60066413924987
40.43772841815715
39.321983421419965
37.75521429185996
34.6842807212498
31.945632618320108
29.008288288638617
16.966645198298664
9.688448476090977
7.541342004861419
6.221381873351816
5.120688461469311
4.776751171336442
3.308510560519415
3.006088958229423
4.153874632849228
9.259987840390352
11.006317339307099
10.966972157004689
10.728926188284076
10.521854554420468
10.490514758325594
9.921488540497359
9.942440252776052
9.805863113061577
10.040736926840083
10.327611770281942
10.611981246779104
7.6865324002007425
7.575681933994994
7.216210251933482
7.211859333361235
7.015974969666368
6.806510496247812
6.601565153308809
6.392451110764525
6.411145631766756
6.2782974205581805
6.178427206234062
5.885120771353239
6.233619097917669
6.879148624911142
6.374658800306143
0.8877361585674626
0.0
0.156597715409347
0.9082667493742119
0.5011126893099104
0.9395862924560813
0.8769472062923426
0.0
0.0626390861637388
1.0371820817003874
2.5621710468990875
5.463094047303475
13.120401813286943
17.32929855916653
20.965482904634413
26.09234669366647
30.31535386870068
30.86258907992985
19.083907414176025
9.129136288693674
31.811788604128655
53.80178083293796
56.45735024130596
56.7988626185559
54.878711277818645
52.54338883770762
51.004565442173444
49.77515434692207
46.342829772098916
22.615617237619254
12.212911627855588
9.913730896611392
6.801090238026854
17.672345358167707
30.031199019222118
40.76492572345095
40.39167543716623
40.111249346531025
39.401078118767764
38.04738688044547
36.43272861769972
25.487676190303326
20.582085733582765
28.63720768697724
17.285363821295277
7.873513075277994
7.033188272257016
6.259009391757925
5.147214649090718
4.809802019671678
3.4946161619286396
3.3661112355038387
5.44247274708324
10.717729221031245
11.23406999935354
11.436374706396801
10.977000429148976
10.785680607146052
10.582636595614957
10.378610748774673
10.052838524842983
10.031943041964253
10.192848485195636
10.372787421356048
10.69699020585409
7.481142180591057
7.511025063670897
7.59412867881522
7.282213624166559
6.937126069128806
6.713818796352488
6.643200808665352
6.4397522812700325
6.412767851462961
6.62881275258232
6.670855788115046
6.1454392216182665
6.038002098477092
6.164362343758299
2.521455694306937
0.0
0.0
0.2505563446549552
0.0
0.0
0.0626390861637388
1.0060433821225059
0.4027555114293963
0.3758345169824328
0.5011126893099104
0.469793146228041
4.258326649646626
12.803871756579857
17.549833630742093
20.952735108051865
25.224362800362535
28.171630523921564
12.642974832656563
5.617313896615105
10.120687703746611
9.601360889749202
24.969701081674852
52.342057673057845
53.205732737173186
51.68428577180416
50.04993657623665
48.32737515321284
46.88644480694416
24.5313642409792
11.947681666888938
10.685868703086163
10.338836574602333
10.441998813415655
9.078254091568606
10.136873351910243
21.173477321112088
38.20866901427997
38.81170289741789
38.38484150765894
36.675610574102095
31.394298906484366
16.15038761371081
8.199980321996211
12.22443286824452
13.907599857180632
7.556068197255455
6.7665442438332795
5.711687357857143
5.118247648348164
4.664764876681552
3.7215869509396793
3.5988064032163334
7.567020674461385
12.371736459085572
11.842819960445597
12.209348151090756
11.38776358320139
11.017485955382217
10.471914442496136
10.548063296952392
10.384635779405476
10.206632231318528
10.684719962450954
10.730535778524391
10.69857177129758
7.18950790938524
7.2400186436997584
7.594128678815221
7.538253766720656
7.243934457156909
7.031168131280822
6.870752340981336
7.048014327782064
6.6614879494914
6.654913967186418
6.500558292655597
4.488481392526802
1.6833147989724124
3.135992994159931
3.287086123564688
0.46899048904760793
0.0
0.313195430818694
2.7239773295931813
3.7369982583055603
4.825275042489393
6.611379218129311
6.432244960432864
0.849419983777305
0.0626390861637388
1.2277971330852475
8.428043515722099
14.326404536812392
17.17936071912444
20.20180512928865
21.21561106216859
9.59121018807021
4.429786811422982
8.476134415408843
11.234906557743084
11.81083985957291
9.70813589792627
48.3918880549325
49.900032043487656
49.12913326042401
41.078818613328785
43.48169777265002
44.176184051340904
38.85904611886599
13.344401121414052
10.946168351558708
11.115446027750412
10.096082694756252
8.864855622367786
12.809444792233318
13.37441750386654
19.866700855449263
38.04924979664921
37.537796408047605
27.620932303085656
13.55622804725991
21.468172728695492
7.783026966799026
6.023279773453253
6.69831906644928
6.708808205998257
6.159602450741823
5.249068017780508
4.877131385496212
4.0919502610084475
3.5466435823534717
3.8397294496057888
10.9638903123712
13.239412987901616
12.754357500954294
12.856418626256534
12.074568041202548
11.29768348461891
10.743646208049771
10.587501395959425
10.449223826243774
10.544054965530343
10.81717866896425
10.936783107847546
10.908748754495587
7.392508679108762
7.523004773644011
7.574306598603956
7.545210932079514
7.200856802644817
7.096011103958494
6.773870010187971
6.598950218549127
6.595517509936706
6.595135381713568
6.444797750682463
6.201306560948974
1.6165398992446338
2.75978924475867
3.925855869682559
2.734657983736584
1.0558555462759862
5.23757785150722
7.061067699118907
7.420119824652786
7.857217111456172
8.268861367421989
8.51607177730886
3.208837129496899
2.3791927882472867
5.918045312292998
9.741913942560181
14.322286498193733
16.698098330307573
19.164437494659346
10.40308590899826
15.079497292810654
9.885321671961613
9.800697378967193
10.059555872763498
9.120342134485929
24.916923800408927
47.67695801252112
47.32431731783428
46.06659323512089
25.80960522935561
23.398427588051405
41.87732546127727
40.73939117228234
34.919515704006
14.507365231292841
9.960564328287976
11.056168149271725
32.81457770335078
21.117489258069693
28.985965473413966
18.1270428604637
30.565177109598995
36.26618416603216
32.78128117314347
17.580765139611454
6.529853669940189
6.510483559043997
6.948868375261577
6.6336572720208
6.971572635900014
5.77969431802786
5.196252570275278
4.236218350645333
3.812426173524287
2.7584403352087623
0.4254613861495903
7.593225149872368
12.396032739512998
13.093446545261124
13.047524409030029
12.415329256770109
11.934995348725636
11.282975093724207
11.032896219109716
10.752037111607502
10.623829933761312
10.839209545963437
11.084757219750635
11.192425973958922
7.197415406059326
7.299308495415885
7.481598042994719
7.444308209062941
7.1618223106697165
7.083643188851651
6.993081129793024
6.951677253713967
6.840679495200206
6.899202196143137
6.53311453080798
6.343578224468901
4.610184872775995
1.2147492072415649
2.3717628480408153
2.994541247106175
5.972686163187527
7.129143218101975
7.345195696537828
7.738915469651866
8.131280322362963
8.586853349156886
6.175732297646912
2.117745560240414
6.786394728904411
8.108160929984672
11.965663566034628
14.038112532635383
16.524808109239977
13.251071670134703
16.832544900330824
19.081275269804145
27.39410499306678
17.53399294001754
10.092733330440545
22.448586476345415
44.525356752582574
43.83591630700393
34.762051542604766
30.47645582405322
15.820099831461116
8.536402055830436
22.12390591200469
28.43657364979541
36.71809600116917
35.57882134144717
27.523351564975282
32.8877953536679
39.340858739699605
37.81079427032097
25.933953731531805
37.146304891790834
28.85504144072733
35.17742802623372
35.10086010973803
30.003645070162385
7.409882348121333
3.613663976090479
6.580514223839643
17.98753569963092
23.395091586289407
11.482090425580335
7.488769970391577
6.5217270233361235
3.3720932176467797
2.13262533520172
1.0758205931310205
5.977535615495093
6.923916134004862
8.154260797007122
11.692022577482591
12.854230353821174
12.379658126130222
11.697062311641641
11.177845768322518
10.936039776812974
10.78682638526037
11.030064653119695
11.125473590551593
11.077525064819644
6.946230738286011
7.269161915454225
7.412781250061763
7.334637893923682
7.151530407757947
6.986778721019936
7.009927326294266
6.976413083927644
6.738185277899504
6.533615617787817
6.636388908846974
6.2884882321383895
5.386449271077418
5.998634355409161
2.835808171045988
5.415346687302493
6.669688383569171
7.318034650757999
7.5736757818904215
7.841214222383953
8.312728674192794
7.23009421142671
4.306874055487683
7.176728639992121
7.916820550796154
10.232396528199988
12.00956304106355
13.985432278306615
15.827133327916634
16.38863467734274
21.459710238268837
22.102335227975757
30.30645105958908
34.15617701544473
37.051210358669636
40.77378339451211
31.611931658342197
13.222714152791205
11.802277430236174
12.606759674466023
10.497560054584676
9.420452383318853
8.832678251273583
7.323544058598047
9.061386607716196
24.83998201156066
37.507595057189675
38.57113778566984
38.025822904738
38.09271419282213
37.61409925807529
37.35581468839675
36.638406228377335
35.859465473700446
35.23621490487665
34.7148275889187
26.79180727125519
4.759979569519835
12.765365658667164
19.86442167824914
26.23090485873847
24.06204537919298
21.5958988535207
19.40977067463497
13.104493274534494
3.1889621657619456
6.361075072173003
8.557854735663057
6.3710841999965515
4.438072716925115
10.333044686439703
12.97409999862558
12.525783934263982
12.244117700555393
11.521200867713878
11.168639176370313
11.015193013823813
11.201907114309126
11.125060692089779
11.240280038799627
7.032314515950237
6.950039240960911
7.095975338278513
7.241668482260556
7.013898957471299
7.186786072085221
6.9575058973650625
6.809677021893419
6.804011506744456
6.702215137691924
6.596281766382982
6.439420656952983
5.447707418755369
5.4550987537285796
6.141975104888923
6.458591012982006
6.74533814969596
7.340120175031619
7.5609711409699125
7.9012902573933745
8.319336731542235
7.257185388244941
8.643124421898063
8.66414682331323
10.098987736844112
10.73267175678233
11.75850743449539
13.345806029431406
15.067941988555907
17.347583689103388
20.417094770811577
24.70818819609191
28.52363098850521
32.108595058032975
35.85706627770897
28.5151256662591
9.090666153891828
9.755708585533071
9.722976814022436
9.691565931799046
9.04133840556501
8.315427911854693
8.195863569362455
8.158790818090667
6.6120008631504374
7.25827062669808
23.132462873132795
36.95227520269729
37.27483181884709
37.70172267783752
37.71528683167065
37.45554138326762
36.56638607730486
36.10223047974481
35.21649332406351
34.413066705507404
33.25362614181989
19.27005071711633
13.01194087569045
19.144185233200822
23.978853952606073
24.174290554142267
21.80686859668578
19.6096786213663
18.046761992208573
13.214299536603358
8.828008985271715
5.787984022327956
1.9742442310479587
9.96479485975629
13.511146084459506
13.333427187163037
12.840280983177548
12.3406366991514
11.802799574219186
11.36413040809389
11.163906744771523
11.041917205343461
11.182594318782918
11.311118179781372
6.877564240799713
6.959472409699629
6.953042638104389
7.210120752228499
7.054538577104078
6.972331952890109
7.092297079010367
6.814850908958742
6.858766554097635
6.705478383641558
6.433203550918095
6.005750535640663
5.777646882195234
4.76410761311214
6.042037513649777
6.584715832072031
6.845252254321383
7.248889344501227
7.351433302611213
7.727167564970625
8.190997008122856
8.608674026176361
9.116381502704169
9.381046311702868
9.915011077023035
10.737471145694387
11.590741947896639
13.09448128143529
14.6626070260139
16.637496300998695
18.80218104895098
22.657048767892555
26.59387741346274
29.77234137728088
29.547652798055562
10.473960884276497
9.794421651256181
9.062815018470268
8.477207485124216
8.267683798161498
8.110086093476298
8.222709443095177
8.155760272476902
7.676968597077743
7.6910071080339435
6.045425611493959
9.45487644483824
33.039710461640446
37.14777254966036
37.82768282239161
37.63795588425751
37.47098173289017
36.69784503688876
36.230103308781864
35.683549064159926
34.9552413589055
33.76156652535065
31.588302074300064
16.227737838826716
19.077211211130585
19.98523415147704
20.15533957247286
21.69668099987519
19.547333275689773
17.593894299703432
16.429765915650652
8.789566969044209
5.4218412503799405
9.150903760377227
13.89387270140668
13.650210100485442
13.236580386073074
12.801880881495416
12.463555186554663
12.013719390762933
11.551190876059833
11.196277487425325
11.105794003046961
11.258727264961191
11.321775261617818
6.6936368074676
6.756328208015811
7.098578744237204
7.263715400026271
6.923446398273172
6.8921712966037525
7.058415730554334
6.797951083815875
6.694638981427271
6.601183025085671
6.1419347967640565
5.468618946912139
4.611047315798511
3.3429446733444683
4.697323661909696
6.291580136981693
6.665252282420868
7.218816498720094
7.191740959429537
7.579065446336397
8.099835028778651
8.495609385121634
8.869376775534027
9.381484621597787
9.988785026857872
10.42877832534044
11.12682750445526
12.44278171475836
13.93134304816231
15.899575801001758
18.005653972345446
21.148689308448517
24.833995116984468
20.90175406493941
8.49207108537094
6.645297834014318
8.347093569777039
8.72990536972287
8.92084109328934
8.453300578651591
7.915657329442772
7.798236179695832
7.212000711069379
6.650272557289885
7.41762274971324
6.317435310769851
7.629308590666416
28.5198597315767
37.491817703817055
38.02345069718571
37.83722176372006
37.86040620663512
37.366081558911205
36.61417513761971
36.08191922629615
35.23593708920788
34.04671575465517
31.949422494220183
30.53124882905176
22.449608034282626
26.25167705386315
22.354406888408107
21.240920045425533
19.235330188550698
17.523675347243874
16.24615072221873
14.164248645277715
9.5370487834597
11.482775363433332
13.189320012796273
13.276767540236527
12.93958088243941
12.650463466068283
12.447551757848949
11.81457655507779
11.50285646271513
11.355105012124751
11.125445565754774
11.158126028390582
11.206535363601681
6.59932288787607
6.553008098273383
6.892772424547897
7.000275157834542
6.999072901946251
6.839314110809785
6.976030955704507
6.648866323814316
6.575896570833938
6.095613779603249
5.374373469496074
4.276742244111384
2.7522416771199354
2.529123305686874
4.547737798534341
5.438239438410594
5.6426235467243355
6.263734233142495
6.676405358007685
6.549612658400739
7.638058085110922
7.952657760340902
8.451374104741616
9.021145140574689
9.63919985784245
10.192351773420661
10.762868431524476
11.967684795293867
13.372175644399741
14.90765782246784
17.0266410781363
19.140253587843915
22.241165397651184
8.747660826031701
5.911142713440903
6.105648674460974
7.134662042000563
8.2245547898392
8.3858640046017
8.277777852569558
8.272376480139647
7.993909480192694
7.452351020276896
6.692534592543619
6.631565452655923
5.995053185254452
5.426955469389269
27.334035184149798
37.910936074388395
38.44728157544105
38.17406829884079
38.25198045707299
38.22851070904793
37.601170090532285
36.87985903576179
35.69413828901001
34.35982337272162
32.327373224123846
30.516735171758317
28.17014654843573
26.04951793161335
23.238501625596328
20.479604902220817
16.905154426536733
14.290264071648519
11.915242573538416
9.8464061991005
7.2315731945376465
6.700066940267254
9.959904850356791
11.564017756366484
12.403949715501984
11.77942144522191
11.66126089975027
11.70801911771483
11.555416549987102
11.19200110615765
10.977647469095624
11.011249994080254
10.93360006507732
6.212342494616212
6.528808065888781
6.739409465080556
6.831847454405635
6.819479539298796
6.878875996548508
6.469330374231983
6.486721827458492
6.06857859448256
5.289394675431564
3.742627022994899
2.608282282159346
2.7598356726378905
5.14315709315653
6.112928632856475
6.445205130858646
6.544852941282091
6.71935589384856
6.681942734947882
6.128512603192275
6.571938326927114
6.682355725944605
7.039031022482933
7.748251526032416
8.532400628645844
9.276566779733674
10.059946266235652
10.964976150045112
12.533317625645221
13.723935032041807
15.95071180682414
17.631925893552616
16.57218211867257
4.486359232382075
5.505014064282939
5.6129115268622884
6.224135088080903
7.642264643621545
7.646878931062164
7.865317675348105
8.304474669864002
8.087074851391773
7.801070685697726
7.446495542426642
6.644876545768019
5.1408725170442535
6.801747655983645
18.11893385526678
37.15239612843179
38.32373445609761
38.83204173121518
39.14169106536684
38.761302566997706
38.050743324846394
37.0262151438178
35.54042066552208
33.71310353204187
30.421999189549016
26.29620054550639
22.311952728809416
19.32222580708997
16.84878426772476
15.278106131941675
15.093433211485939
15.084620184389804
14.598312778675934
13.529546537618101
11.306009966579694
8.660188194615678
6.806872113850329
7.888120223956743
10.114687699887064
10.648237718727922
10.867484743628752
10.917286669427842
10.943976851480937
10.829368603039866
10.882295966587124
10.547947332523542
10.524315644759806
6.535263089437065
6.321783474784002
6.63524252417756
6.4454430483720415
6.453231870197047
6.439013276776802
6.466524045516754
5.997422064247163
4.862157422424601
3.4037910604186434
2.406458525758623
3.0287849761163064
5.2228587607658685
6.228792077735881
6.424675724599859
6.396808079589815
6.768805622983153
6.899202196143138
7.161292076078175
6.839696239032923
7.213224717751656
7.574203175654044
7.426942530759108
7.565431088147415
7.731487838014321
7.779518429881319
8.247565279052658
8.88977650526095
9.818852573388318
11.380346870287404
13.157929745494126
14.083536634134381
8.922023686202945
6.5553342676854784
4.921241641686048
5.556696106188162
6.4215880288656715
7.329473293727707
8.27063268169281
8.155242033368532
8.274597323429077
8.075301272833546
7.527717049408524
7.453820860879331
6.530858201728636
6.021934570854684
7.857383650293978
10.207938388083242
26.157714743237698
35.0261831765822
34.92279442808439
33.135229781625966
31.63266235187808
29.924938221096518
27.863883777033237
26.208586970886333
24.603688893356747
24.527079908968343
24.519350661915464
23.72793084388306
22.42867458180699
20.529169504609335
19.09149898902697
17.611560723885454
16.30983287522625
14.497428890112024
13.281745693894186
12.47291502173935
10.997594781520784
8.939707383702677
6.658211211160139
6.271944323718756
8.539412963527509
9.619914006355167
10.062563097236326
10.39859557574725
10.474904526555006
10.326489048141037
10.327121565139457
10.148319951830883
6.151417524473947
6.156682960455256
6.419341833767943
6.444848254588552
6.3904720147982275
6.085748923670221
5.352104714050719
4.393345593864549
2.967209341055857
2.1648208044652772
3.7843240276224415
5.372691987129729
6.622527191696822
6.632949754838733
6.315162778799258
6.615188952945564
6.83348546715869
7.164280451087921
7.367121980141653
7.30758918883228
7.564008618781597
7.639616868515487
7.864732773154899
8.526220905063822
8.753107808538838
9.15726488368908
9.497860067272034
10.289801074571947
10.924490301582289
12.154652039044093
12.364738849083048
5.915258756582701
8.106478624176017
6.616942756547654
5.566861753160044
5.908191706971565
14.543482960783974
14.084267372893736
8.876496286108694
7.9725266571480775
7.915769415225814
8.63422369052769
7.8870486566067095
6.985854579418838
6.983918506812382
7.171540786226666
10.024072035746528
8.717034847093023
18.787225754708523
26.01871283343107
33.865437647086694
34.926693973246664
34.741038024699215
34.36707745644434
33.61152016403907
32.19694788588098
30.58498440622779
28.55725130410283
26.181031395175207
24.068058762982854
21.580435198525365
19.717419498484723
17.986449704095346
16.831542052796696
15.53347136166404
14.129324866104168
13.015852323321056
11.989395399062532
11.197477064823545
10.370387098845008
8.503042875346543
6.558571474781972
4.816404876364879
7.197383909708688
8.582177511260154
9.477895979542472
9.823809167806134
9.879819736892541
9.823507023752226
9.856562193668992
5.798337175013239
5.885752688170497
6.426629568613113
6.084790511496363
5.701297432211178
4.5553750696550095
3.765880568189173
2.4731270232001203
2.309635210975739
4.312102813100498
5.647979605468748
6.322309813716885
6.261478550378274
6.796053222256664
6.639642695900412
7.018800216173987
6.743086536602193
7.378015010997567
7.478364525571158
7.625800589085754
7.811112309636637
8.123449843165037
8.482300719550288
8.792965541344657
9.12948305866943
9.811030408221102
10.439538614542519
11.053774668449833
11.885090645346525
12.909540527582454
13.681957724201672
13.15199842674953
4.096049283020207
5.883966040208621
7.049158941699916
9.795597047701243
20.43204658584608
23.668519789656532
24.061719725110194
21.010775556796606
19.761943793152557
19.76501681063393
22.093353796109216
27.038653130605088
18.594912575822434
14.933647094291647
18.21677535163384
16.464394546304888
14.010627325742366
19.798135112140894
33.62810317809921
35.23814170895593
34.839815628848314
33.492057029652415
31.720554237823514
30.34517800841516
28.66645134019274
26.74683904865004
24.630464904040757
22.378344147985437
20.683917633447642
18.891966830797013
17.38954824056572
16.19465156087285
14.822676027030722
13.624456887986707
12.69084299034823
11.85989665742335
11.019053397579663
10.292323985620106
9.642797402826103
8.12545020288326
6.408013987050041
4.1464656770555735
5.477430866739596
7.556142348502951
8.61074312537447
9.215204538572223
9.252369061015687
9.36682677900141
5.1073131690435885
5.752974497242119
5.643189742232428
5.450428317486166
4.44891763939229
3.362452347583948
2.4937826975512434
2.635574156012675
4.610172868922768
5.974509170064853
6.472953817111994
6.391355230001201
6.608759181350324
6.864726628901995
6.867927094473718
7.113786927985387
6.958489153532345
7.206794946156416
7.702832306714614
7.583405230607254
8.025527053203405
8.21044121963138
8.891415390316686
9.207481239986407
9.48469126050686
10.069924994370162
10.685584408307076
11.234361786008582
11.924303207847506
12.653833296745674
13.375664327017265
13.88647036035482
11.674775588242586
4.158564437625013
4.076854783424123
10.269219662072613
18.43957204568934
20.633721457137522
22.292470046693367
23.301863215592107
24.38382704125485
25.467447764426105
26.193907888963153
26.18355697147136
15.307473339990638
12.71017470254994
10.443152488846385
7.900589175974752
16.320596479842177
30.31803420273707
31.751967592376918
33.10064918944825
32.54301909348284
31.685517572223397
30.059788224684976
28.743603468386066
27.006129656170817
24.98996513646319
22.944430694997916
20.90766293350066
19.6032125982104
17.71874440073858
16.7466971220786
15.420606694310218
14.172015362964187
13.200379683302089
12.167932188663222
11.41621834884242
10.649537009385817
10.055258549042492
9.531107240955844
9.026231821562915
7.938754757467056
6.481272597591937
4.487138638751359
4.452951562002569
6.93176254707286
7.823266150270706
8.448817555154946
8.7101323946627
4.541152356596419
4.93798827162546
4.344765348528494
3.486256280089252
3.19812909953446
2.3800948567676192
3.183615814332408
4.870736088351715
6.165861320119385
6.233874074834669
6.472045349955975
6.303539536855519
6.52163928980031
6.806181996666303
6.925685538970374
6.992817432911215
7.102277747051601
7.448673808013169
7.55094222969129
7.813474366484542
8.239495771595626
8.691203872423952
8.924080820717966
9.32319201961213
10.14831995183088
10.141578824979309
10.412955631296963
11.104697535134177
11.822094041645622
12.31799414030005
12.801790708329936
13.333460969881568
13.523137274806881
13.957716285764137
9.192728234477604
11.937895942871561
18.336961381706484
20.224079401314647
21.799067865948995
23.06681745503924
23.83058612714868
24.853856212948415
26.115130597809422
26.356329834412964
12.149857948137884
13.98952272721786
18.628345960298965
25.33387342596077
30.823965819207796
31.69948295666716
31.76810163391877
31.408823130371957
31.142529651372737
29.91290405114464
28.368847838122843
26.659485176919997
25.133985000354127
23.38735678393224
21.137229487381013
19.50149456228965
18.156601937473543
17.078174895493515
15.908936171766136
14.433304615928284
13.654707736186001
12.76375058753151
11.708998018549883
10.84176487549876
10.514388439573942
9.990453707599636
9.508528468588711
8.96861218933558
8.601164882088572
7.806556302147883
6.673364404723557
5.159785370100445
3.9885123114646137
5.737212782060678
6.965974894485344
7.849586379758833
3.8137079434175334
3.713450427729221
3.3051666077836597
2.575224532439892
2.33061014796437
3.195339606490812
4.771361764410623
6.1153348360637425
6.191002118231384
6.561220093331421
6.392689028277921
6.552760721863794
6.5755644492350624
6.975811955983499
6.91096898330583
7.0728596578562435
7.3535479213141866
7.707248994007358
7.757128911608339
8.071744104978446
8.451232038961912
8.807622762167464
9.189690595142109
9.627027036592855
10.029454047289022
10.154132777253825
10.303876888172107
10.6432867185132
11.250692962913645
11.578265893547222
12.036277215717696
12.823741347276915
13.38745019393102
13.556064232695283
14.211556745194889
16.097939942794067
17.451864600556558
18.696803049580254
20.40293682679853
21.67592965481212
22.526007701486385
23.672362659841983
24.898531230522874
25.37565034171818
24.34373221092845
26.434054351096638
28.32876999367653
29.736946908512166
30.46641481816544
30.569541641567792
30.204771552209834
29.547708045970555
28.70982212543541
27.73872203987309
26.074448482228533
24.9096121505024
23.284515623565934
21.624387791726065
20.09798237742807
18.271384428139246
17.284490871068137
16.447851772807976
14.933768509764668
13.785150943700408
12.981255948197688
12.311921805317343
11.297632352464305
10.618358963845509
10.290827022765564
9.65541169348755
9.453529969648935
9.225743127757823
8.584389016749217
8.305517423060698
7.525258117798965
6.918300483130507
5.1381637285201425
4.017075062409161
5.09742514741562
6.323460569333791
3.418056118840221
2.8421137514621204
2.034288791593318
2.096063317760287
3.2976598140017734
4.648195870245287
5.971485605087879
6.218224465551852
6.1164063553284755
6.323499401283861
6.586948638608575
6.708262781064027
6.70717002503624
7.1823138813437275
7.189507909385238
7.36633088949622
7.569351711259638
7.79529054109709
8.284656635582005
8.290601213105672
8.704281984392297
9.048693891329531
9.206750705746098
9.45701887477889
10.064562011949509
10.189420561915666
10.260262055525049
10.68129984043033
11.058080062190369
11.340965793151229
11.576275190837396
12.070432760917123
12.736761823189662
13.29836977573471
14.204147314825153
15.897965692674541
17.02656055288158
17.910990987620373
18.96943545908969
20.514950254281235
21.84225289723749
22.66277509232948
23.804002236309767
24.253680709525813
24.921931411633036
25.779449278952754
26.727124974344747
27.85220873468546
28.50769576550151
28.384843380421742
28.071476630920277
27.308507437695617
26.525011668919568
25.34505648871422
24.257102407192274
22.832428757733364
21.428479835643813
19.96260678613283
18.54956863901156
17.3720241281227
16.531208094167336
15.118594583915485
14.06349507385267
13.157760198522995
12.444347170942544
11.615051622018381
10.815458128707899
10.696236710014
10.21175918616623
9.718968136972228
9.529536034011096
9.08718413618698
8.554695756760598
8.31154092066256
7.995533644876521
7.636565551870851
6.913059781310016
5.023740034299959
3.495929379229554
3.8536675094729604
1.572510719726769
1.1275035509472975
1.4151516156812145
3.286498674827839
4.659980702601951
5.365305014779481
5.760056800626395
5.931697371652733
6.0953976032606985
6.260858504641741
6.601947281531946
6.6067295814779365
6.915651242287513
7.142002761292454
7.356459721315487
7.714671267521838
7.64575648626499
7.803872585624711
8.425360085395798
8.422270046622284
8.819734064769731
9.090949482159964
9.352892591519069
9.78277826829219
9.954480506475775
10.300949672030299
10.19895994904356
10.26008223552369
10.63493811624995
10.976800636780235
11.19173338887369
11.772472765484407
12.039808937913808
13.125989223665627
13.704874295067777
15.31548933416246
16.238063313395905
17.041927646710544
18.15846553350146
19.45294078430716
20.920440213222506
22.07524502968583
22.93719679503658
23.65037960236793
24.654999409175993
25.33046257122468
25.68709629732468
25.967444885823426
26.43344863558431
26.398803397601363
25.671112345924925
25.145394638040113
24.405406765698928
23.27618435623529
22.118313935839243
20.915089845925017
19.49071653741941
18.345929213073696
17.312258938113732
16.66519092977005
15.66108191455382
14.275401290392713
13.553944324174958
12.73825629398912
11.900644322454989
11.321395865827794
10.816577513805727
10.55982203800005
10.201024328603545
9.481897533749896
9.210439218780927
8.97634907686049
8.560726173777379
8.316481156337362
8.086709217567275
7.892544234943043
7.45703748136204
6.693614037136065
5.065969336163577
3.676340966924807
1.1194884765858064
2.2126269299064014
2.854733717179641
4.289724096165173
5.204235098048789
5.496885959028961
5.483312311070002
5.8852338627812
6.37668254272501
6.33031130110224
6.5555545781824565
6.895215542832378
6.833266467437682
7.090792519732367
7.39266507895063
7.6095325741618405
7.872059276329077
8.140634171471238
8.345448394319975
8.686007145401694
8.899932785808598
9.12983916155146
9.415619763119395
9.730072463070782
9.81172154070837
10.081280622215111
10.017294975165683
10.631119412391126
10.555761340656616
10.76357811890442
11.125322152590707
11.373573643941263
11.88788032459052
12.694622328029928
13.541225886913105
14.57372843281052
15.365312511068582
16.5623251774081
17.746768912473605
19.192414867925308
20.65286268575024
21.661109199315295
23.074249660493944
23.66361181472907
24.439365214014416
24.791120992256367
25.194261565324823
24.635161566517006
24.38419649445826
24.340668946532812
23.555381838590982
22.972478476726444
21.857228625109205
21.070178027579864
20.31539660511109
19.140710694129336
17.88703811842824
17.28899603317681
16.558065968161113
15.477325072327044
14.439136979639153
13.752815959645012
12.878336815147913
12.267671907966559
11.630098887018757
11.055824870406164
10.520181284282001
10.272893219362523
9.844025879828445
9.44161504100534
9.244066698621639
8.849254032882806
8.635243007600335
8.326618119034423
8.105443989922215
7.758515053287327
7.576148602686599
6.966269287384277
6.471450556172486
5.315347529803717
2.0953844662125287
3.132818736925786
4.060751209988991
4.663177377225602
5.009223468155607
5.7576131453666175
5.6699095630181695
5.886953020619131
6.267670404460119
6.487673497512073
6.521112950867429
7.046047815447499
6.9615423312417954
7.391004106088449
7.500994654820374
7.735222215734618
7.962838055581738
8.202294009242758
8.32091659826624
8.630652227135476
9.027530049654292
9.581245450310412
9.691652576278642
9.806546004461614
10.27965121492196
10.269505658222728
10.29220802119125
10.446880459093718
10.631794230684022
10.882613675098042
11.312019542255975
11.407903831617254
11.937494880488265
12.693766988127422
13.535371820533937
14.214431004303862
14.941644255886068
16.42696498886237
17.666207265270153
18.462485508782795
19.786386291909693
20.994840379294068
22.0085430816045
22.76319514183461
23.35740166153389
23.93409308296581
24.15696438480518
23.774476285565417
23.179941012756846
22.58920317267279
21.857174972592993
21.104749210081152
20.263439179572458
19.391071014867258
18.478833986060284
17.892241496536716
17.178879323224553
16.313358020652768
15.24210853557544
14.372985429311337
13.459497623392197
13.054513682949047
12.532213652123941
11.89414694850909
11.319644092583554
10.758303878657864
10.530611392825346
10.220466841577283
9.926740945581622
9.363507411616922
9.204381939024628
8.943858207868809
8.46085036908321
8.345786954006076
8.23740522451371
8.014788976107639
7.503943390060114
6.946597844375419
6.909822598636416
5.941113084066907
