5.169876682503238
5.566611186583156
5.204815958800069
4.863988978305026
3.6980529498874635
2.6197717218835095
3.049090683698738
6.237076086888351
8.159538816285954
8.918731673162627
9.198624191969849
9.389531473335024
9.552217943577322
9.70799802865118
9.800672829095083
9.794937340415528
9.766876767204124
9.885872117345727
9.684602147106508
9.637663761396588
9.69914045010275
9.267316890074692
9.245499324133165
9.081338459282755
8.496917960783962
8.394570949545574
8.254569032186158
8.03845918946754
7.546779588808561
7.560516776138156
7.124089595958162
6.541128486660016
3.993278026034053
1.8289377007259906
1.1966142999279994
2.216283280362718
4.384696523428674
6.759151275792436
7.206661492681358
7.7033597004782335
7.705132486754954
7.686624953898621
7.899051755611216
8.045146876089817
7.876691711056001
7.926687235374545
7.777119082533578
7.36012904910281
7.085609701186219
7.238487941728955
6.522115124827101
6.288845108408483
5.849715888419977
4.271914415246421
3.040575278393622
2.6703706162034457
3.2991779090377515
4.34037722151364
4.4195666311254485
4.5592190106224235
5.325626923703737
5.243088341996794
5.438051916206104
5.680566806460299
5.270813065566686
5.705801311375951
5.851152622518465
5.459366403090365
5.594388748785443
5.382518419717279
5.143619922605645
5.508740449149991
5.631047182920208
4.816152017495476
4.150564839828564
3.109763341160277
2.4581654976541545
3.229888845122659
4.335660972719412
5.5988365516297645
5.800517660806575
6.294727079344123
6.114546497563001
6.051560107079967
5.640202290333024
4.098218469249237
2.8156281246420103
2.668789908777265
5.402439103436089
7.934041803406636
8.761368697883135
8.802941515624875
9.187765546162236
9.163267098889962
9.068870997714942
9.232836427592458
9.077263804069416
9.198679517688106
9.073595243518799
8.919710172959437
8.639320534272533
8.202954545762532
7.496032106366209
5.686405549884962
3.1680341928789195
2.218217394393785
1.468924342069275
1.9981050670011358
2.08794872025916
2.3793039226543984
3.1091711203584604
2.6167277511136513
1.690608475330219
1.3714987071505216
1.5619384747285172
1.2040720488335312
0.9082667493742119
2.7569875742790635
5.268496656221864
6.424149385666979
7.016724203978913
7.202899889987827
7.519812393562354
7.523970427621777
7.5395983800802
7.605513337754782
7.532020034737291
7.411306365810838
6.8823151505567495
6.61595320939184
6.432370839621211
5.340898022699834
2.442382347016064
0.1879172584912164
0.0
0.0
0.0
0.0
0.485082540586928
0.7223400679766028
1.855229689833322
2.846104975068303
3.965045484047447
4.690091112186605
4.647550801346281
5.212309036659045
5.51081151725801
5.010090640339663
5.0545410548533365
5.087857306517874
5.329267688941238
5.49069614334919
4.957325006276721
3.9279457666163267
2.4686411782860898
2.9543167860163977
4.019589604978675
5.266212597156555
6.077718952993744
6.051282323846274
6.384687540892566
6.521877207313706
6.498791862249651
6.439420656952984
6.189019790927013
6.092930873971055
4.595468457741875
3.378124755200244
2.423848657117996
4.345810846046516
7.261834658393943
8.226512350610989
8.401700148282227
8.535761584640987
8.30499898976834
8.242563944426005
7.905659516455115
6.880743750398838
7.139497324026192
7.211882793585561
6.80725871593652
4.426137990879864
2.8098147042749524
1.298649906351436
1.8893020419999356
1.5812665484523554
0.5440844667519689
0.7669584283237523
0.38748675134262195
0.5011126893099104
0.5011126893099104
0.9861952298968376
0.7516690339648652
0.6263908616373878
0.8958737606499275
1.0451971560618785
1.3773191412381571
2.271711393159894
3.8729963184736684
5.093189832308258
5.604815921594549
6.6479858162911425
7.198126033863972
7.200137243359343
7.352300968265091
7.4190188561351516
7.239847235466467
7.006977557792414
6.5841705753467625
6.301729903552007
5.624769993207511
3.385974012153051
0.0
0.0
0.0
0.0
0.0
0.0
0.0
0.0
0.0
0.0
0.1879172584912164
2.050745471593267
3.9143350313083642
4.455202365286965
4.626146942394614
4.71382716090679
4.955003321030022
4.9782180684090225
5.113229580775357
4.689286524602753
3.712249646283693
2.7475517690256535
3.2406716846066006
4.649667165191745
5.889648282793406
6.410788755496663
6.218916476921193
6.308350878980881
6.391380481954244
6.4458251765951795
6.520730822644292
6.637657265773458
6.658600386369083
6.698309607553086
6.450182145420468
5.283537405349899
3.862121622559621
2.6794547791371848
3.542460824788014
6.321621682305522
7.484719457523398
7.688244461405454
7.556595591019075
6.439853396016229
2.894237677614168
1.728347046499909
1.0757759447796529
0.9315712180945902
1.4518877939435892
1.2287158659181894
0.8922366006512298
0.8215824401259999
0.1879172584912164
1.6576722517025655
2.1912924040075192
1.3757344611494042
0.0
0.5011126893099104
0.9199189837344011
0.0
0.0
0.0
0.1879172584912164
0.2192368015730858
1.2833605119925489
1.658454274610886
2.9338637131560055
3.8041385261719656
4.620160119815477
5.840296952017521
6.657839254658346
6.713865979598293
6.8572380412050835
6.778141764257932
6.56691086043343
6.344173018252392
6.002950317466616
5.463575236457653
4.501351261131215
2.8094586028003974
0.0
0.0
0.0
0.0
0.0
0.0
0.0
0.0
0.0
0.0
0.0
0.5011126893099104
3.0352660640292735
3.852806270157208
4.039516639269522
4.200734506381847
4.604194731732168
4.482699986189356
3.9119435210714775
2.74740732912087
2.0351028149586696
3.670042264700029
5.184062682941045
6.083884115567654
6.452330704049553
6.641672295772799
6.590957223212095
6.307539629410715
6.473573862848526
6.654103187182295
6.795288965810388
6.695785366096685
6.528808065888781
6.522115124827101
6.609523437796599
6.538025248406863
5.482683020627721
4.244970942430035
3.0214964282473167
2.2369970782979065
4.947512773216129
6.783265918340286
6.89890508675058
3.7754399166673713
1.5244202735578216
1.4836707592080494
0.9701650811738554
0.5637517754736491
0.2505563446549552
1.298649906351436
2.66941922532278
1.3989770270534447
0.0
1.1260014079469944
2.2206007357236692
1.4195088957718955
0.1879172584912164
0.5870562441940272
1.099821167864126
0.0
0.313195430818694
0.8769472062923426
0.732001725243185
1.2214621801929055
1.4617192845777458
2.53586928072442
3.9028277473871347
4.7945491326131044
5.855485535826483
6.78937275359155
7.20489607734947
7.513476408187534
7.359181558615505
7.406914637910127
7.260875131384927
7.02981776902413
6.262804304259754
5.793203234453471
4.189725503678852
2.421619173851008
0.0
0.0
0.0
0.0
0.0
0.0
0.0
0.0
0.0
0.0
0.0
0.48508254058692796
2.4938239660954684
2.878141357260582
3.495929379229554
4.5171227622020576
4.028864289655332
3.350229345158873
2.1851668118030805
3.1486303634533437
4.293652759134819
5.326150121028932
6.361818651615187
6.788358107235313
6.519634941880966
6.5475962936946654
6.737414576057407
6.745720277919098
6.809063114392796
6.905140339654736
7.080038663764032
7.0015310423644594
7.017340354056788
6.8420985082322545
6.657970992971522
6.580747325630536
6.426034774829624
5.669646992398912
4.365471841606355
2.1981102903686427
1.0504716308784727
4.55248888510408
6.51141376737086
1.9946086286638736
0.5324322323917797
0.469793146228041
0.8572798975706624
0.9432234524547793
1.3146800550744187
0.23088903593327492
1.914720893446595
1.3210485465308186
0.0
0.5324322323917797
0.7786106626839413
0.2505563446549552
0.469793146228041
1.00222537861982
1.0568493904220675
0.0
0.5987084785542163
1.5187213655619858
1.3371818666143642
1.0721387847809547
1.8768471504593134
2.94907057042644
4.362759648406944
5.915466927643838
7.041296905690463
7.419774181100605
7.56252829990465
7.575393277721151
7.505681971192854
7.297797845484977
7.543420407316931
7.257777256514673
6.582846235966236
5.9221803661071535
4.339435510067033
2.260448748985813
0.0
0.0
0.0
0.0
0.0
0.0
0.0
0.0
0.0
0.0
0.0
0.156597715409347
2.869981842994303
2.796431276834471
3.0154912564936653
3.7794741505039977
2.757568430617166
1.6860953891498325
3.548953818636534
4.35411241209374
5.665544470922271
6.1907859418888345
6.335717437011089
6.466999880543544
6.583797906019818
6.806237867885178
6.7896234506614235
6.868309222696856
7.050620574568676
7.197451171739304
6.989163127257621
6.891898668241119
6.874356866068958
6.814086652512467
6.709791293956578
6.542550824282235
6.323856277553955
6.093440527909371
5.606006311168893
4.663575429087022
3.349339900679454
1.8146286798269136
4.796539342911193
1.1332138251280528
0.0
0.8769472062923426
1.2134471058314142
1.177749648386752
1.3452175752479676
0.1252781723274776
0.91190390937291
1.4050015243213283
0.9628907611764594
0.8711680407489323
1.74359517231457
2.0030012489684803
1.6788623376966614
1.0765166991437478
0.9701444469017427
0.8529019832078691
2.2687710578881153
1.7406533712760996
1.9015157763378157
1.3371612323422515
1.8194299043830258
3.202006262175089
5.597918912601593
7.124504649033365
7.616432888538716
7.874175783581475
7.8102477812589
7.840656497566376
7.513140010387308
7.435251105379086
7.470548612296931
6.998418145360479
6.515303225008723
6.274745473744935
4.586272512717079
2.8052853362867944
0.0
0.0
0.0
0.0
0.0
0.0
0.0
0.0
0.0
0.0
0.0
0.0
2.8361853868232476
2.970079507053275
2.9462589814211624
2.2163763479097054
1.2817551976316834
3.1651582143568238
4.556897297181838
5.690884938578989
6.224034470854685
6.478597870534238
6.405004281591002
6.629075922048761
6.602711537978222
6.62429362210277
6.691266235617135
6.755563951569535
7.2121230302430455
7.003719395247951
7.181185359635957
6.832392711130902
6.951514125211837
6.723674942399489
6.661725867004796
6.52806906139555
6.259809617002307
6.192072747041665
5.725302204395426
5.182293391908166
4.722160022719036
5.873967847562067
5.679695535407205
0.5324322323917797
0.3758345169824328
2.1595669639207955
2.7616190136586916
1.7030633668708413
1.1761236997537732
0.9271933037317971
2.404933468945332
2.61751935331505
2.5090720919101304
1.4552476217607828
0.9271933037317971
1.0407986074269728
0.6300280216360857
0.8609170575693604
1.076569333872891
2.019395594414785
2.380397150674602
2.463260871015981
2.4872478552716752
3.3321028783245272
3.7350240894337157
6.395483354696231
7.145186142651974
7.590332001948061
7.985808916300766
8.121282519587334
8.135453981101524
7.865365093367083
7.949047604376804
7.692336726744378
7.601556386955723
7.200365174561175
6.591611979797867
6.493508475323825
5.390514866589272
3.47488770454511
0.0
0.0
0.0
0.0
0.0
0.0
0.0
0.0
0.0
0.0
0.0
0.0
2.4786515889318603
3.579866406249823
3.689214150782087
3.0745988336690644
2.819942088275973
3.883648668087859
4.71307349684904
5.435420495110726
5.7413678675087745
5.985902709225383
6.384042243202987
6.601565153308807
6.86770809475271
6.6715947926082775
7.034485005872083
7.04512043049909
7.270109405941533
7.172185106934088
7.174027097274423
7.189244212503433
6.874660884620547
6.656824608302108
6.5803651974073984
6.52111295086743
6.005869494397359
5.851203763972077
5.619050201088451
5.311582125707068
4.96020991001172
6.367676712922704
4.647133425702445
0.4922949577679861
1.14640947103277
2.3553065997781757
2.7843661569231095
1.774194595304457
1.2978472491710031
2.3810782817632363
2.5445079108115745
2.8450769775861544
2.8535849096207073
2.5142523530137
3.1654267310013773
3.7779799739405355
4.5143803579521995
4.8096080683167886
5.164566062536107
5.350927528369153
5.775459622955787
6.512213817748978
6.495457567886337
6.77971746039629
7.142953078865366
7.37047288190212
7.718400287119059
7.89449336596641
7.858544973183291
8.070575831406748
7.979266344437549
7.904857574088826
7.922794952339546
7.789985489319953
7.621280478843099
7.350941674527572
6.906668852547288
7.079671557674622
6.146122582370683
4.886740963030453
2.4454863197678884
1.2508964156394549
0.6874659019844858
0.39112391134131974
0.0
0.0
0.0
0.0
0.0
0.0
0.0
0.4720496893182341
2.5855877736240678
3.512306107545201
3.8581087238407386
3.179984999822502
3.655292427288839
4.470430889304869
4.457160866234739
4.325605002390057
4.735512631174341
5.933461803615539
6.080962833497902
6.534592539794443
6.725641454734057
6.976030955704507
6.988025674069031
6.936741698328419
7.630844219002008
7.476254950516675
7.257777256514672
7.120850343379766
7.0322050160897325
6.899966452589413
6.629577009028596
6.308040716390551
6.268528367710048
6.1969275715087155
5.08595534884435
4.62438478004863
3.9006301641065946
5.051734250418731
5.513758516722798
6.029918096518647
3.209368081595323
3.6853520634142027
4.7479781506660705
5.860932698432525
6.8649311046852555
6.925014615391527
6.977397595413631
7.015650251286365
5.409000968890977
3.935915350849081
2.86246773675373
2.0196073933581937
4.63105888495726
4.972381554733508
5.707314848239209
6.811114118142576
7.073345195286982
7.452082279746594
7.510900555418977
7.564536012545217
7.646609799554333
7.760159457222101
7.904652157158884
8.042389404675932
8.219860508025999
8.374819677474916
8.25044901358632
8.135281701675128
7.841582902751666
7.75686521472653
7.8127509331090375
7.252786603490379
7.224153514287548
6.9589807816159865
6.5542639828033
6.233041363537785
5.651368745308904
5.06835269074802
4.39176731294764
3.8854112950705684
2.920222568062624
2.423144230664299
2.0078653178837014
1.1681705282086199
0.7930767655902828
0.33649989953907217
1.0660730189688454
3.232581340508648
3.525052358545196
3.681206854306758
3.6346804539544504
3.382108570480409
3.1224049591101903
3.3137354814795157
1.619719993216929
0.0
0.6918644506193914
4.898363214601821
5.97298858658326
6.419936627551432
6.793682343246288
6.973585287682867
7.015373841722222
7.019182344397122
8.037036934879822
7.839041710200612
7.484974623138195
7.187315668669409
6.784699953506063
6.371301658769205
6.236123352043991
4.716488854402337
3.21702583576634
3.4303833467536027
4.3922374459688625
4.488054187691494
3.7825473023636897
4.864552196793324
5.788933197256539
7.560196228274354
7.398787422524057
7.4119707372793995
8.203635828917843
8.547236187127455
5.618255710732908
3.54182419314295
1.662874802960533
0.3228890885423066
0.0626390861637388
0.1252781723274776
0.5637517754736491
0.0
3.4494134043447184
4.576675435118025
6.456186647501431
7.20741629023144
6.671454406674554
5.810587849645458
5.1144275665500265
5.478079263842086
6.743677952492183
7.48439037839259
7.898485367960511
8.286487748010474
8.615897005597288
8.48183266338026
8.564019588424483
8.435518876588267
8.11242292673914
8.055424140877514
7.909426825666522
7.353998740069361
7.231394428568119
7.266703775036019
6.850207141665698
6.595899638159845
6.30294474307203
6.321783474784003
5.880265946886189
6.097675306639887
5.888851304550014
5.418923362158161
4.713197236212973
4.186037599820865
4.362173103330523
3.6910083913271468
4.134435126151221
3.910964270597591
3.9087349687737527
3.7789168250480385
4.017739091497113
3.1034024746583984
1.9157389799921958
0.269441630468315
0.0
0.0
0.0
3.9528083640602083
6.063424883158492
6.528808065888781
6.842076269779581
6.798728119818629
6.989163127257619
7.0984692443767
8.273012839627144
7.960336628440058
7.371022079958726
7.327716494244803
6.849041839203896
5.964178094689768
1.4332733362898902
0.7829885770467345
1.1580823396650717
0.0
1.2663345773564962
3.3032111892625657
3.541627653249838
4.728864231096575
5.570420078804489
7.832046504140839
8.364992194234311
8.646132770241726
9.31293269159066
9.300767901130765
0.3248476651788831
0.0313195430818694
0.313195430818694
0.649695330357766
0.3758345169824328
0.2505563446549552
0.2505563446549552
0.2505563446549552
2.0702955816765165
5.033917091637923
6.55575860828004
4.96734159349876
1.9615108273229769
1.824459047475147
1.0568493904220677
2.1643511861182576
5.711973099839663
7.25860915648857
7.881462028071152
8.259352217225455
8.592782234427423
8.615012739197027
8.53000821793301
8.450691577890742
8.109933626327757
8.002993244606971
8.075028198633666
7.5811603410129065
7.543134847684078
7.42492123396677
7.2639461720560226
6.889167899460277
6.897182055166945
6.735391421580841
6.666542877800024
6.50096567283178
6.398549258042716
6.21388119350217
5.89663018350073
5.5254193736794885
5.8001340930285465
5.0746333131459105
5.110114141273551
4.987669638161504
4.405163517916761
4.250295648628235
3.4007687271041025
1.356087786699836
0.0
0.0
0.0
0.0
0.0
3.9947823445415516
6.368010505697032
6.6833079511293425
6.894341786525599
7.139544620874244
6.994719142546082
6.783171440613512
8.400607061081985
8.00875495901851
7.6352717125827025
7.223483735568049
6.477761648455154
4.415668911748155
0.1252781723274776
1.346740352520383
0.9745429955366486
0.156597715409347
1.2396479801863953
0.0626390861637388
1.6064303683500416
4.0378185784165135
5.245753898160193
8.349281247361624
8.805321644863646
9.492389578881044
10.202816396194347
9.018578152571724
0.0
0.0
0.0
0.1252781723274776
0.0
0.0
0.0
0.2818758877368246
4.534861396902534
5.480005653776119
7.146937308367442
5.117961987157229
2.8923526572383875
2.2552155427134437
0.8529019832078694
1.211883060014774
4.879090051978485
6.9690314463540775
7.976187117399799
8.691437265741932
8.87065126787603
8.76818941900137
8.767771939237075
8.544902599392625
8.299755662449277
8.038224047441053
8.078057259632606
7.853195492893054
7.607551381449303
7.751461397176467
7.393791397837837
7.077213417256412
7.24688422565876
6.9229547701895315
6.677946153174887
6.560719006351585
6.389902472967783
6.385282334676053
6.24623281048944
6.114687197490544
6.104869334681403
5.714217485821115
5.49946623867073
5.069968275995024
4.561114131167825
3.8610781938056946
3.4192533068405884
1.3219543750718143
0.0
0.0
0.0
0.9845139854417657
3.108931118814789
5.661356421590871
6.351103876827467
6.731755506304265
6.862643707547891
6.855067551283238
7.198345033584983
7.25668954413537
8.988361733975536
8.480114706985479
7.96819691319004
7.311133289376706
6.267771473878722
2.131149973885331
0.0
1.5069752279284274
1.197416957108432
0.5593738611108559
1.4262052560412188
1.8885819219079527
0.1252781723274776
0.0
2.2945968237793757
8.092747935786337
9.383487827565128
10.304185852918408
11.003095219018018
8.362987328980335
0.0
0.0
0.8769472062923426
0.9811980872617478
1.7502280204252336
2.9734650104997002
3.8781245891227556
3.327779288355124
5.3254637924243236
7.464710020892903
9.162534110554846
6.001308666074016
3.1082247037772643
2.8536440279932056
2.409788451216509
2.5254804646343034
5.307920539064788
8.165142088834166
9.164865763008788
9.467057176042388
9.3167653984453
8.990170725126742
8.804166669351327
8.64936764391984
8.36507836604674
8.233586662113796
8.12506495497783
7.917123495215634
7.470879966448674
7.632948359430473
7.263188006262648
7.25380846616556
7.0883343793141576
7.166996197735037
6.837466029816547
6.741175895486503
6.573315380075625
6.654820260382764
6.514564220515492
6.261835426648367
6.378589393614374
6.170112324920304
5.80137154851095
5.224260987997035
5.172198367749935
4.391151491862981
3.383243855664441
1.137674276579296
0.0
0.0
0.1879172584912164
3.446533814509003
4.957524032207431
6.181715830011441
6.739046254649805
6.989654755341261
6.855067551283238
7.0584157305543345
7.307144460730007
7.163297194920639
9.358277761796742
8.864974805987254
8.450443275492269
7.593507107853644
6.237212204952568
1.1499599670833747
0.313195430818694
2.062711929040585
1.59217802844845
0.0
0.156597715409347
0.7982779714056215
0.4384736031461716
0.0
1.4178890081764242
8.205339974462277
9.944906521438082
11.09977129583637
11.76097665806644
10.258105870126286
5.331337483803247
3.790741565580512
6.8010027986675246
8.819171790776934
9.010909410821077
9.004671748402785
9.073436569890564
8.858425766465645
8.45320970687236
10.075535968512739
10.363153989578352
8.656638855452742
6.041179725021495
5.875292071203779
6.24932841955657
7.332899579490571
8.774537504913125
9.610195229359089
9.380733540472843
9.533627478109391
9.5762647856901
9.39500425847227
8.96708151802723
8.744297563058344
8.570284668293308
8.314939259275599
8.111505898871904
8.075494238586144
7.937183768530951
7.8191784296833475
7.832948966084365
7.454911414086554
7.369019801944176
7.266632243676062
6.947417972040573
6.8534295385301816
6.86024143834856
6.753271182230707
6.60118302508567
6.2660014710841505
6.633212924305172
6.418865998741151
6.178189288720668
5.759240952947435
5.1484379559890785
4.678405901243505
3.60039042139331
1.3990182955976698
0.0
0.0
0.0
3.2453144104051703
5.502124048792493
6.1701123249203045
6.815342537042384
6.950734846631831
6.958980781615987
7.10697786899493
7.226611654705755
7.359181558615508
9.76877312169448
9.410330975180695
8.719988539732137
7.817670218945843
6.466587058371899
1.1732644358037532
0.825960354488793
2.714968807673709
1.0721387847809547
0.44211076314486947
0.469793146228041
0.0
0.0
0.0
2.76315619461425
8.968838619209771
10.870876446969522
12.006761583890698
12.855021725676556
13.084921010204438
12.82182946098243
10.968036324966405
10.952044207927656
10.850371405078205
10.679688668399349
10.483328812407477
10.385420434693533
10.695572007832368
10.84987296826956
10.92859109393788
10.914316926128258
10.848541521032539
10.008652611150293
9.396412187899141
9.468379799412938
9.609699868360046
10.037417868270138
10.034500137936043
9.652112784620897
9.663025544001941
9.541771084679375
9.195207663486904
9.114589627310824
8.92373105312692
8.629693058049309
8.549755521085798
8.281643015266285
8.080535269034426
8.033578714461536
7.896870580594758
7.8212949369357565
7.5714985495660025
7.13383440856448
7.3492388590748154
6.9169607554590575
6.965902181294869
6.776622710261575
6.735510380337538
6.6416722957728
6.69441052281007
6.3715395762826
6.445086172101949
6.28698525064301
5.978178546149559
5.4778931573914
4.766365034688381
3.7820374191548622
1.8117588242100517
0.0
0.0
0.0
3.087909518429857
5.754171743921017
6.205220711651629
6.808530637224006
7.292422861416981
7.212505158466183
7.323112999349816
7.368528173860538
7.435778499142708
10.464735147490675
10.086454349349244
9.47275601741186
8.488416556629364
6.865910968329639
2.3271685846607695
0.8725692919295494
2.9711116208767443
0.9191782293703059
3.016219878560746
2.1462176100240975
0.6067235529157076
0.1879172584912164
0.0
3.713383400253804
9.951490691965054
11.958932606077436
13.222215731346527
13.79981160916003
14.010181912272945
13.512735442862478
13.224793961781256
12.744013471780706
12.36394567838715
12.184607282193781
12.013615634425019
11.79268987990859
11.669923820709352
11.713312845538011
11.698285623416918
11.756829476004809
11.264249551805731
10.856327157739607
10.76404406431303
10.601289606298582
10.542916983955857
9.976870098214272
10.056953585247042
9.920876011302328
9.75339798241045
9.599746800006933
9.311474438026499
9.2517311432159
9.038220109271968
8.626618086356338
8.485720724823045
8.290807984097157
8.360733181405488
7.917724934061375
7.855299633321516
7.927877337441652
7.783120940623059
7.2602353969328846
7.2701451716215155
7.30774054502567
7.0989547818074366
6.989163127257622
6.64358293688849
6.824816554866249
6.718601096298477
6.542168696059097
6.419579751281339
6.322785648743674
5.990537281804329
5.822191732735758
4.929900474496353
3.8773195216833107
1.8040509843893715
0.0
0.0
0.0
2.561431527158101
5.1784074500943555
6.335645191934154
6.945814670136756
7.386203415765442
7.356651886837338
7.267615499843343
7.634738947157152
7.333390940874588
11.244908509787441
10.848672746070404
10.351505270889536
9.730701178065045
8.195604439291749
3.047812208821216
2.4033167883995454
3.0165646388613574
0.9038888350114189
1.1744699251854958
2.5323480442719184
2.098918454850664
1.3772778726939323
0.3758345169824328
5.342316024307088
11.797913861219643
13.573099776491594
14.41629231675611
15.028395600502776
15.01122673764285
14.616919557489032
14.356359131257937
13.875480998911783
13.568552238777176
13.25588451765952
13.05960771396885
12.989438999241619
12.851185200870706
12.639402771152147
12.407642663127081
12.354819526941604
12.097542054001085
11.772214654457924
11.599012957663184
11.10157843052096
10.951272529496093
10.665039225775066
10.31838276829518
10.101737540901823
9.94232143435243
9.785481179441861
9.52675459422709
9.449954708306054
9.144092479666035
8.961746275855395
8.560566454894596
8.411760530685813
8.375502042490103
8.111666887288743
7.838939001735642
7.698904972484569
7.782101204290859
7.565327103190648
7.564272315663407
7.328999212973874
7.416752881238796
7.349043852725045
7.037106274792422
6.839423610670289
6.635887821867137
6.719484311501452
6.438011102817129
6.335263063711017
6.398192381772624
6.101597043670296
5.443928019813007
4.056394453393525
2.313921781965744
0.0
0.0
0.0
1.9181692521660243
5.413633400175733
6.58832348189519
6.898437939696862
7.172185106934086
7.328827099491923
7.325450519348444
7.528647328683845
7.718334190385123
12.304210237091393
12.112514335795685
11.745744838573176
11.25429271441038
10.181651454807856
8.25981513376522
6.011095218840833
4.944078055226707
4.798793975366045
4.405334206201813
2.954603537008367
1.4254874866025298
0.6613475647179551
0.7982779714056217
6.980790987356305
14.36265141492706
15.876416372858442
16.452120746613716
16.221166171323173
16.178610469607076
15.806438473868273
15.466234619700607
14.786792951482981
14.36836170918331
13.989117911180456
13.758062395144805
13.557619746255838
13.558607436475489
13.262799662507865
12.92583595725523
12.832519015470078
12.634205967613932
12.271879923082343
12.062132273059856
11.592738570239721
11.22087322577269
10.901625893044994
10.557434610795088
10.218480918300738
9.972007333197537
10.207006472032164
9.841160909984843
9.40817507785672
9.366901132368344
9.056475060607472
8.717097654485476
8.672908775118863
8.300716347307326
7.981646548571762
8.063785003344938
7.955548821586194
7.763067055119937
7.441642517496246
7.439414902077972
7.3957579101724
7.341595059282545
6.934448928989589
7.0076373977833555
6.920511651905051
6.556174623918991
6.771959369072281
6.633501345724657
6.213557334136233
6.424722717723749
6.336898980182829
5.443928019813008
4.351750645703947
2.843019580003116
0.0
0.0
0.0
1.5060873725665944
5.3348227889957816
6.573841719008506
6.971389545807974
7.370038823791442
7.445616742471377
7.5461941882467976
7.5740997527041305
7.604058824320918
13.67085999448619
13.452209854949313
13.321465083365192
13.149901040290159
12.339915197494191
11.62753434513732
11.064845897121991
10.624345691320713
9.932700277483516
8.098702177701965
6.125403507847038
4.856583992040738
5.341349822448029
6.467246342625823
10.732428040555137
17.770181904806623
17.681771691885263
17.60618901553744
17.308980455373796
17.1718911777669
16.864306045621902
16.47291700220196
15.92838720539854
15.461217038991736
15.048915978360984
14.612266057249048
14.318616052340902
13.906193691780919
13.655153404572845
13.383966584903893
13.18699129888194
12.837787397274841
12.587806868142232
12.477504758778515
11.86304990710304
11.670497477692022
11.25463994109773
10.962088065749752
10.66284142613333
10.302564985402576
10.116829069250628
9.662214941456895
9.492063546158397
9.404960636849854
9.034454763298985
8.741317137143035
8.506094533494577
8.395754139388815
8.044502922422458
8.059139670365418
7.744233602737879
7.838871344465708
7.559652656560861
7.59224553739067
7.378636190981609
7.39503835088693
7.304790776523818
6.976795212150783
6.83348546715869
6.826231719822642
6.662753292917511
6.640908039326524
6.487673497512074
6.410789034940788
6.263231986051894
5.7732717805320775
4.719721896926803
2.6031636134324563
0.0
0.0
0.0
0.9961455855298423
5.293199439348111
6.6757317948646895
7.1036817379499215
7.410479509485432
7.435514802260895
7.541310832262446
7.529698242121061
7.734830136510861
15.858747725200649
15.287719016735714
15.021439331778124
15.046263305590397
14.18456489380711
13.850539199965809
13.58036028933957
13.353288269971232
13.27549474173017
13.128153980968976
12.780137956639141
14.697432567325228
20.568468188050105
21.69560973881191
21.68477213608208
20.920478260747604
20.230119410176915
19.252324575748396
18.796702711026644
17.881376132245883
17.52602290036079
17.13666056300458
16.82670331461896
16.442541805858788
15.970632039737978
15.38388800532953
14.7749972107507
14.558243270219624
14.176313572742199
13.77791722565784
13.52148681676563
13.261897163530048
12.98909367765886
12.569378870140605
12.157950103830842
11.922796332021765
11.393331606266146
11.101382035247939
10.676745600901338
10.43504007797799
10.183619483208876
9.741866187201873
9.648449535924675
9.349415973362063
9.166753174919071
8.937800000094658
8.661836969615809
8.469786738427192
8.355270299598274
8.125605875733177
8.06460123643869
7.8417735077375275
7.904265512561143
7.41628233845716
7.392772375990571
7.337167565701849
6.941379260149295
6.931241554258834
6.982842855522883
6.902847570315909
6.698842391881788
6.562222267291093
6.525538374543327
6.579532486110514
6.7504247753534505
6.010466943942537
5.327582728268325
3.1692701627230315
0.3874867513426219
0.0
0.0
0.7101305081604544
5.201777421851881
6.69389997693404
7.093514357032385
7.190455399872547
7.158342307576327
7.615139363521704
7.652025983928325
7.651167236012968
18.284203677394963
17.805273235504686
17.561672985006485
17.249017781546033
16.741900685404257
16.368279232012686
16.129440207801004
16.203028671529513
16.26385363748788
16.63221194422478
16.818307544861355
20.563755566201294
28.85473775621726
27.897232451722463
26.581691323849558
25.016885969653647
23.27969942153106
21.816695063830387
20.375524253405718
19.353850179731886
18.438885289505617
17.949515175344217
17.254924041209154
17.04731016888658
16.63962713316555
15.910584204264469
15.622228972177096
15.198137444558222
14.573710362259096
14.301267628053251
13.77266842352958
13.533072904850142
13.257143639759535
12.844452271354125
12.373192505952742
12.135305490318382
11.606075888925497
11.010945458060467
10.731890429522998
10.560003688629582
10.252848049534856
10.01198695559615
9.972823790740923
9.392812314888271
9.060137292919043
8.938625434586534
8.72115081359415
8.421320294735805
8.357681949465526
8.410787680769861
7.958192722602221
7.69966101193496
7.512079851198141
7.2993084954158824
7.43085937747837
7.294655911461277
7.068289739562986
6.914464008532948
6.929384541784771
6.87397473784582
6.7748532663552545
6.860231979452366
6.62238298098708
6.486909241065798
6.5682699106631945
6.342648295586164
5.545142094818418
4.139294803397571
0.6722177761698238
0.0
0.0
1.4096145509365572
5.9829666176026945
6.951446245359605
6.977887968178568
7.246884225658762
7.390083463542613
7.5401883874652675
7.55345081616745
7.684882561639946
21.9768296460944
21.123558774398376
20.570991803055175
19.906374795092777
19.153812932237162
18.3063808468213
18.435947511412817
18.287818929735604
18.67944799822314
19.16972335934499
19.5613703443558
26.592041383168503
34.57371745442541
33.323569928946654
31.223478066349557
28.915244575541934
26.607853438292985
24.628345635599477
22.6429920411818
20.74942246949681
19.585853850650405
18.41812618925576
17.72833968614656
17.373556536465415
17.07288032766587
16.493626456463947
16.00380343362437
15.613942922497452
15.292415567467184
14.503694899489957
14.105892225495964
13.789329470100183
13.540556546068496
12.88528846171368
12.526267507062368
12.177129367538571
11.652891519182079
11.109023147827655
10.908581561508338
10.638529905663884
10.420650162283767
9.907955444486717
9.823202493609447
9.31947000529116
9.31504526604236
9.129124410813523
8.785274193372596
8.678450577004261
8.37114027499643
8.29611991696161
7.924914449097822
7.765077864401498
7.489713418830733
7.379809409850181
7.200738371303488
7.1872777001688615
7.095519475874853
6.86302583577103
6.972918058700525
6.763140107834189
6.805157891413869
6.556174623918991
6.508491325190345
6.581511582076812
6.370966523669956
6.281795291076711
6.020001615113409
5.290824746351259
3.738659097573248
2.758610168576333
4.068599450016919
5.841023843341003
6.82656406747981
7.142861495465507
7.161783704161818
7.378207176519412
7.599901176732996
7.701973558799247
7.76557020697008
7.704248779447556
27.432690493047723
26.555235789402396
25.22067985668915
23.826629509666148
22.76493052997994
21.899632460699284
21.44359550556932
21.278690446269056
21.58618209687892
23.238760609351985
23.43755464949194
32.856835229096625
41.082426836482384
39.43837398145491
36.61057337699682
33.339858970827244
30.315622087715635
27.575377709424963
24.75188907901478
22.551878161208894
20.859548182386614
19.803419991806983
18.477405830913252
17.57070696907812
17.29753807726291
16.92569215649511
16.56440241769112
16.152248838295357
15.654804428854607
14.923766139091539
14.230790962240485
13.895575301482808
13.766950649602348
13.151772426712794
12.700497538979985
12.408448766745744
11.83542922361485
11.264550129384999
11.144866502027751
10.715389954665747
10.411347944097228
10.003550792540022
9.855873447270607
9.437262394276583
9.169919194326162
9.016553434700745
8.990134678866722
8.586014009281506
8.401630487403668
8.230614396451898
7.944144637880626
7.725793790115563
7.7461790297704365
7.7595767730124825
7.275064293285848
7.036138040758868
7.126904077404774
6.872991481678537
6.921207257575973
6.944373725811949
6.7922855686669115
6.806510496247813
6.508491325190345
6.445324089615344
6.5841705753467625
6.602855748687965
6.231462905627396
5.775903201627455
5.332874824986405
4.523851606904469
5.15993360383429
6.771185653729812
6.958326025030215
7.145219067504035
7.049489212032988
7.3698957610715246
7.409439716607292
7.565161394632728
7.852005390825949
7.695546883844998
33.7395119981445
32.229453817660094
29.93164834383546
28.587326657877675
26.814295103798354
25.930937552041232
25.17868482268554
24.760933704674258
25.608497435065864
26.695192386948907
27.561326985991016
41.295781978631645
49.158710608683485
46.24980868362698
42.00775462334359
38.1809894637917
34.31730820502231
30.488021192140643
26.877267933046006
24.18277875280767
22.037853396001058
20.20789192105744
18.977872638407636
18.088221299567866
17.376091106806232
17.07805973466116
16.95509425632967
16.52183211071553
15.7819401450148
15.016816197096855
14.481320378418834
13.707746603080961
13.616918821113181
13.324285622683693
12.971852751769843
12.262716692029102
11.953407367657618
11.54623022424168
11.000329004832446
10.910480608728708
10.491895756751287
10.271791464644732
10.005254721465965
9.659356514965271
9.387983051157674
9.284858335134507
8.883481768761786
8.803969322293359
8.461662230582325
8.385639005187164
7.887995222616304
7.97910535602071
7.500007524563065
7.440205992723402
7.30524663892748
7.175629344347499
6.913480752365666
7.025229987769223
6.827819952009727
7.090893088112048
6.662107995227934
6.589733036031045
6.43344146843149
6.323380442527164
6.541429691565865
6.558833617188941
6.411459305139286
6.246784121931238
6.094168256669289
5.137759374696382
5.801175853264389
7.007797685457569
7.2674233343214905
7.419018856135152
7.2505563942740014
7.369775126909631
7.486677438590953
7.689434563472558
7.855962341625007
7.5663818907178895
39.56656029853094
36.93396386846892
35.13229515812322
32.7175601441253
30.621662711400823
29.19546298925976
28.36596611615819
28.04901336349093
28.602180331163996
30.036223485375814
31.194437368003385
49.00076212331982
57.87706287230948
54.242992123358626
48.58801336964462
42.949724979244586
38.222261650493394
33.47630918017777
28.77226174067512
25.554899462316204
23.34756786637577
21.595209369936814
19.630538191873
18.504857524491076
17.741896537988676
17.239396669761806
16.90737798993051
16.370124513721482
15.752497116172636
14.765136260924598
14.503670644607983
13.798886688719564
13.522245938033189
13.333839072831351
12.886698526509072
12.636907125196755
12.068397427522184
11.616046148651185
11.479588804914394
10.545915856929515
10.55743461079509
10.31302677515278
9.9372777297943
9.693166598283906
9.31304083915046
9.042074663522856
8.875008655022901
8.534369985426682
8.60063007089826
8.284883109485069
7.9943435428094105
7.6460201831467955
7.579613925402018
7.478473320182997
7.144007880134922
7.070292017577531
6.920402152044547
6.931241554258834
6.874738994292096
6.960988143035703
6.540903352632985
6.426629568613112
6.392689028277921
6.43987124002673
6.413005768976357
6.4329656334047
6.295300131956768
6.069483271412252
6.148746696582434
5.7922476626890536
5.841219326755017
7.166459872490595
7.225364701656662
7.1460838923299885
7.334637893923683
7.603993442071923
7.475168271399481
7.5124730999803555
7.501062312090311
7.527106284734886
45.05877305013704
41.39318184281662
38.95329121816393
36.186902157940466
33.919517243705485
32.08129631870843
31.130866399550545
30.787359348582633
31.385853239298648
33.28854245137766
34.822390012261145
52.64952359538902
62.788377509839464
61.540130318231434
55.80425807458181
48.45397438841845
39.727186399861196
35.683305789402915
30.346526911944366
23.04948532175564
23.713056254217218
22.35086189375224
20.379395272345768
18.79975712144057
17.771719921437565
16.190407019686592
16.339159182086995
15.864454046534298
15.215019456491037
14.482240418645288
14.046342270095552
13.468563079492185
13.41615966130096
13.2710387280094
12.937664318470125
12.429444675708726
11.986426334500088
11.705364551400333
11.187563076386763
10.792213627414895
10.556195924225333
10.201643489611513
10.13540350555888
9.79512890713304
9.383714872288703
9.134066553742294
8.777747913517299
8.475488259195375
8.385990999465228
8.115881147157426
7.982247987417507
7.994780594932
7.728689021189473
7.353735043187549
7.248361950737605
6.91827251120785
6.709791293956579
6.533352448321376
6.391856316981037
6.330787136129031
6.296251802010351
6.540164348139754
6.459330017475237
6.268528367710048
6.418530863641904
6.30294474307203
6.213081499109442
6.073339963553486
5.981281726726175
5.863295181830685
5.77350626919253
6.878265409708169
6.810441278339695
7.105648250284488
7.2681786592869475
7.313837929207058
7.299536426617715
7.422619493390437
7.449728595540408
7.6042929046337076
49.824691452924405
45.5253706649909
41.943004535233975
39.039468875336546
36.73358498853474
34.5589452502847
33.91206878648472
33.087089085697286
33.77305822324147
35.96727291048631
37.578792922967466
43.81738787151732
18.553432607595433
36.75853481731929
46.483721849186765
38.43042012239792
19.58239705908401
34.16066222570103
29.2651395275865
19.955039276985584
13.235444811564005
15.386716136905198
17.22592946160168
11.4197059895655
12.404004312669253
11.193090702965902
11.549399606340838
13.272186711513518
14.095301174342111
13.981723061165553
13.462167640622729
13.579724875817952
13.224826890798646
12.878812512263451
12.70745955388446
12.517544982773357
12.109012752176488
11.801133512589953
11.311790656950837
10.767607828930148
10.67859045704243
10.243244806834463
9.823017433524436
9.343812241713247
9.314337800696421
9.176519491630685
8.892993829707356
8.545881099189437
8.522174599226782
8.139010006787412
8.01216128729712
7.826927400172582
7.581823049316389
7.284292477189551
7.248889344501226
6.6696841514925875
6.613948861472497
6.525513122590282
6.449749513291241
6.102901514448418
6.493339012661038
6.2270621750162904
6.501203590345177
6.453282374103136
6.438919569973149
6.264570734665703
6.185141888466588
6.204126530708487
6.007286003188545
5.735674464416102
5.598009889104908
6.608759181350324
6.655077095688549
6.79075705577436
7.061021977340946
7.370566217555064
7.542101922907874
7.504698715025571
7.662583786542472
7.381615648252848
53.40226950677022
48.09809122006115
43.72727130356202
40.519371782313954
38.128316094726415
36.1897930207855
35.00594824829014
34.681358316767984
35.59100919045131
37.82264190931189
36.12966377922779
17.77306082641191
45.96695601213141
31.13667314978615
11.721693020159345
11.898896416763096
9.136124469008164
21.090367991957635
27.438439410252084
26.63432451096222
24.712854562546102
10.98768164974924
2.9417284338612237
4.23901753524232
6.394506106154028
6.764042627072431
8.604868926248255
8.99441085665906
11.289800165710712
13.197700269428113
13.61288393968408
13.239212592358
12.950453588572165
12.891811367047966
12.566528476977142
12.431835222948312
11.935556061832926
11.833650733154656
11.278605052272795
10.80290472788866
10.614574584347467
10.2181066775871
10.128865692140979
9.592729708120416
9.393355934462397
9.245307351149926
8.987069512847688
8.671579550578045
8.540781144631858
8.14109530822635
7.931326504988915
7.619862445574156
7.438132183348896
7.206830711836394
6.696167494319823
6.5819189622529946
6.4806236801803
5.803612716829278
5.381296786521724
5.298201721525895
5.7568533166941895
5.682285964298232
5.620017803900691
5.489027004945138
5.985902709225382
5.669194018694799
5.7677484776497145
5.738357026965091
5.602371276558956
5.28195673373324
4.95533430173306
6.254608381702695
6.453163415346437
6.65453183896328
6.66122478002496
7.1222218184230925
7.382706201460071
7.214438745948687
7.34309961856054
7.488167003219852
53.89869407802905
48.24556033675311
43.71561231054889
40.29505330558127
38.13695794480286
36.38269584461506
35.36955426986849
35.210620403444395
36.62854566270059
38.768625920762055
25.32209207987275
37.87535517188723
45.49253991435176
20.984163224937827
16.25110561085218
16.18196841606142
9.646132483989192
5.7262532885560935
20.81889589905525
26.49411977041146
24.32158145844177
8.963543179957936
4.890253481997032
3.3931893707867617
2.54635811385348
2.254483821685687
5.405743286584962
8.774006439030034
9.074926990136476
12.201379961571345
13.26465679636862
13.485913623738925
13.35972805788825
12.988398767193846
12.641293803738302
12.18186199435487
12.042483354086897
11.584210896463428
11.345330767685812
11.014948485838199
10.658511219919035
10.46369984622234
10.124363035032836
9.577910564726093
9.421074480943235
9.052692630620498
9.02277796839149
8.67663711767887
8.241163547070386
8.03628089542943
7.814069417518089
7.5534561878293776
7.416261253155154
7.039727543712761
6.640143782880248
6.309399766620315
5.658494357200151
4.345618417103388
1.997983472061277
0.8035318119501033
1.5330371148120538
1.174293256203239
1.302731443378196
3.4987807967121376
4.908556512815969
4.7248553967864755
4.879613875114089
4.8545005240586026
4.827226292127595
4.893698990289894
4.291628986257922
5.882415665626039
6.1587645096637225
6.487579790708421
6.453996126643322
6.752573333982537
7.030199897247268
7.316823463388887
7.084854376220767
7.3653476333289385
52.15065653462262
47.224660541679306
42.87875586138877
39.762916868508285
37.50559670938866
35.8467422846919
35.28881999128148
35.23888024965278
36.847462501244124
33.551916690226214
22.528197335551585
41.15021409036712
54.201951742938455
38.72276917356177
15.212763330712342
18.14379862204928
8.20557600842273
8.74624628107701
26.96206253365691
28.90291499129462
19.04774124241691
7.383126298183753
6.7688549438454215
5.498094788600965
2.920960556976089
3.286186777383029
7.078081316420623
10.46492071685386
11.526547388268174
12.50675666722772
13.74687027799814
13.725903060252596
13.390684019596376
13.236929917978173
12.797329854855775
12.403300069069362
12.021762052241685
11.63629617651062
11.249917674304452
10.87683711319016
10.761957214687333
10.307895721589828
10.00251129886032
9.651923603992268
9.236447758159494
9.017953794608648
8.691482192266811
8.639136760207338
8.302090498373024
8.15701056818737
7.662975865766226
7.378506639081208
7.2379963136453105
7.015974969666367
6.690122864448093
6.1717342651723825
3.814387936219892
2.121687974436415
0.3168325908173919
0.0
0.0
1.5964913789019548
3.6534644162108174
3.713872352747149
3.8453624728407414
3.8536088516488385
2.920129820615503
3.95216901228356
4.406314743951762
3.6443774196171193
3.0847535432799185
4.783144186816821
5.2632116931620025
5.827128063906998
6.151570761066333
6.73060912163485
6.957233269002429
7.016451575616279
7.164881579032067
7.458512051341839
50.510130411853666
45.79433877007203
41.67954367003006
38.85529516619526
36.61812229378418
35.26172622388242
34.58666210438325
34.98107746247893
36.64566566744895
38.63090615109587
40.29689177678776
60.367628408662966
79.96927061582862
80.53702606921354
34.52136787724741
14.179181924767033
9.1017009723338
8.790778069697911
10.631412415974124
11.162491929778438
9.163647181066292
6.711662540890424
5.807532734860671
4.927261428126624
1.9773546056851694
4.905968524724902
9.578535655951635
12.17147585685826
13.607400019986923
14.02498051774675
14.169991654909767
13.890365267963354
13.52692481110833
13.12276686869794
12.81633558280981
12.454726423923425
12.163250320733576
11.706666580704312
11.13004068263872
10.862726600038878
10.53961677182089
10.550398358235968
10.220658408294797
9.767374598519162
9.327857437570906
8.99691520747134
8.805840968755293
8.395494904018777
8.340546569993002
7.990058551811524
7.653840753598006
7.426327427685657
7.23652142939439
7.066906492210919
6.481679371546433
5.845282386240299
3.1503584930024124
0.1879172584912164
0.0
0.0
0.0
1.314881457161717
3.758726776731579
3.8157701262600416
3.2278160869891064
1.7857230240319701
0.09395862924560819
0.40641330570020673
0.3794716769811307
1.1258569680422066
0.6890299478011265
3.107953456193051
4.200734506381847
4.436362568936217
5.68289534881155
7.051277573731696
7.141620633069316
6.842208008092758
7.191474421719807
7.1890162813016
48.342799777865075
44.08082517810097
40.280562492535424
37.88567848732902
35.683822465670076
34.06374725823789
34.25707568983755
34.17720443026405
35.84815960054609
38.28151423168491
39.38059469081513
55.55638902846558
77.03419650864059
80.05040546675852
75.0441667756546
27.39285305892136
13.301679563987776
10.318970545955635
8.057722601120117
6.063902979354028
4.694196298375676
7.39613724770271
5.276605830449248
3.4810029647105583
4.892666986380976
8.132841491069932
10.976296965761462
12.435616076161478
13.590816273647166
13.879701891528924
14.046285854494688
13.799528381945812
13.511525557895444
13.204817491525496
12.7651941534054
12.393948196717073
11.796282278407205
11.373896103356604
11.049029901988542
10.645415869433375
10.693208788876928
10.321500306434027
9.881827469669217
9.22665048513561
9.278626516051766
9.029244775665077
8.591354276571991
8.291047440780291
8.241900106562241
7.987916046235105
7.781611851228151
7.466488238547959
7.19298791247863
7.0322050160897325
6.471068427949349
5.603988250811028
4.572150184240414
1.1929885061142196
0.0
0.0
0.16824994976953608
2.192764644648516
3.3550369608717214
3.0030134511400557
1.0094996986172158
0.0
0.09395862924560819
0.0
0.0
1.4517293267609328
1.153663156758053
1.0870862830490493
4.288516571946227
4.474956140182479
5.737728856674646
6.654149710740142
6.816858270378456
6.9312415542588335
7.448673808013167
7.253162641060611
46.745244699402555
42.662708463992196
39.320866445933106
37.40078476714443
35.065179363994
33.862632121753904
33.99397871273028
34.265593518913334
35.557398561339596
37.840501916807064
38.80651340916327
51.35817280605305
74.18898894850012
78.13770026698467
58.050159748538
16.774597028679494
12.804060777645509
9.556777156129817
7.700729975348007
6.3670274177387105
5.342356092307596
3.4910137497852927
5.500612053830828
5.178548365573731
5.482447213041976
8.906817021855822
11.151150842492882
11.938215005424386
13.011234984263293
13.568691042799493
13.745195287236253
13.772017626253577
13.421416418269077
13.061815896410835
12.616721900657705
12.140072064956787
11.64464726770883
11.287641310923838
11.085933803613363
10.578340713761438
10.338905151828685
9.967214278751648
9.83535571073444
9.416642172175468
8.875147814944333
8.741734616907326
8.712367714099184
8.395851767903256
8.073943794537406
7.968248805329717
7.545930491364988
6.933753323318669
6.724179350039611
6.784208325422423
6.313065003520388
5.64931062045728
4.497390417927992
3.6521534116458443
0.485082540586928
0.3678194426209416
2.563090721274798
2.8895872488996486
2.083661060948809
2.1626581646484535
1.2440258945491884
0.0
0.0
0.0
0.0
1.325529632254175
0.9111631550088148
0.817142622946869
4.410094640795139
4.491190965043862
5.726027691593087
6.65644248007897
6.818277283410507
7.133715977223152
6.965902181294869
7.1712018507668045
45.195681540038116
41.521953354686836
38.99967220836655
37.004089304274146
34.82989615586326
33.636468091457566
33.66295506591679
34.18681570364795
35.390734613278376
37.2261764588581
38.323447499665306
47.62701733111219
70.55158998124259
75.5316963175631
39.48430689892982
16.038978614054514
12.171767065765046
9.168890573061377
7.392993839304277
5.983406579652971
5.179237520870719
3.6458230913076073
4.012032461885794
5.017566834489676
4.9962367313281435
6.060704205919401
10.31044292624814
11.26849897419919
12.031755244444222
13.0706265991689
13.300698552533827
13.326743535189085
13.198258969799353
13.132621151838213
12.467821923389499
12.204958256495125
11.636302541166616
11.30292349726602
10.837654856145514
10.34421727011347
10.369958056214738
9.852520658373415
9.80735660700666
9.123715481248778
8.81175052331518
8.793938034177929
8.485238991658866
8.165545194696017
7.783384637504879
7.650443802637473
7.167724688501335
6.84182587986962
6.895174693747229
6.5468320372483895
6.171615306415686
5.923427764463848
4.629324628635436
4.029421615111292
3.328429807959812
3.4015633612240275
3.5134207584571193
2.7035022817625345
0.8062930457671127
0.0
0.0
0.0
0.0
0.1879172584912164
2.9891331480251058
3.5709334752506416
3.0926093506810126
2.6685966244801183
3.742923214146518
5.493287256319699
6.226506967508974
6.607255920410816
6.747114038998101
7.071384773605318
7.2828533586186035
7.238715872930783
43.96543002598541
40.45391633698709
38.30529435805488
36.08219530839923
34.19472858282708
32.89876898084773
32.9276876679142
33.055367033548904
34.462126558087675
36.550440521331105
38.03565136279565
44.132356526293194
68.62178243878813
72.96288844136537
32.934499084324344
15.18672322143349
11.737475910498484
8.999085409347853
6.874556276589606
5.713071380595827
5.2833350443272105
4.363535016370334
2.8762711516979644
3.0294442834486626
3.5017365858170613
5.027239425637278
8.572076309096099
10.780507739936471
11.600630814783747
12.349859573567123
13.012768614088312
13.126617893490646
12.899932943344957
12.80411180045868
12.344035471387887
11.727208137599545
11.325876010850935
10.73793324464936
10.731740140733367
10.455975455091032
10.048957904565942
9.840535367524813
9.505511374639823
9.133181020796615
8.734999940236667
8.269513951723912
7.9791053560207095
7.769723197381016
7.5394330624998185
7.376960223470325
7.407669962875579
6.808530637224006
6.941502774895792
6.646598806428533
6.135933867071718
5.893578144377726
4.979221681923583
4.105014755131636
3.545019048232724
2.8196738427385153
2.645323647050038
0.8055522914030173
0.0
0.0
0.0
0.0
0.0
2.3268654919712097
4.196260179030342
3.4214826086644248
3.371591621304251
4.166678699573688
5.672774826081389
5.98534732223803
6.444394160732607
6.701833009468787
6.659477267411401
6.805157891413869
6.955376256528367
7.152860026468391
43.08251701471843
39.859981115916035
37.354624129200076
35.24277789327821
33.47748697470422
32.04979452861662
31.744072950273168
32.41124790852373
33.80522331508815
35.63156079006751
37.546940904778644
40.79266817944121
66.39837075530602
70.37458586540608
35.963511715378544
14.33719669279572
11.364431574999848
8.67698791031513
6.695152784311427
5.468971977334057
5.307329007990721
4.16555318153772
1.7415540585895433
2.987619990811214
3.912397164632702
4.387540219530138
7.239329509605001
10.502913993305368
11.215723493881042
11.96767516869902
12.632134187886727
12.993376367337738
12.628325499325646
12.230725990484325
11.620439591373112
11.184525303861374
10.921772106983664
10.666913437453532
10.40623799787771
10.07466720650855
9.75041184477381
9.32930586954894
8.935429988910931
8.470065058270055
8.109730123089308
7.790899527681314
7.329490841057514
7.220993025795847
7.231566542050071
7.139544620874247
6.899365324645268
6.643200808665351
6.803629378521318
6.565739223810971
6.0294408604816105
5.710870520402368
4.710068276053502
4.036744360392746
3.152779252910408
2.691932584490795
1.267330363269567
0.0
0.0
0.0
0.0
0.0
0.0
1.3685055842179645
4.125595009922726
3.4414018561048216
3.744308549363705
4.488330697633734
5.674066508787139
6.181562872863182
6.336384196427385
6.521231909624127
6.721504452477645
7.121238562255812
7.066414864127276
6.957724897086069
42.30876616994841
39.14304050559422
37.00026081442286
34.57580212935197
32.869938510746856
31.416004284153644
31.43877159442378
31.64304353896175
32.94179843317296
35.39984998490375
36.66647221828749
37.03957061880054
64.76129675140604
67.83013992534963
48.19132673841061
13.444167491146143
10.732412742983254
8.46351194855108
6.48184294770165
5.3817950672552755
5.174639180871086
4.27612395229778
2.101030558036071
3.983804336723965
2.4373299842476825
3.23682219089246
6.228494951079383
10.180176173007906
10.795913585893288
11.693470140438327
12.37177575296108
12.584092380016468
11.979978668577537
11.650220633425043
10.84172270503316
10.363359899941761
9.98916165366039
10.07011894717656
9.982354285147434
9.68049263569481
9.288939281438358
8.94854322173022
8.435432794692966
7.91065110556156
7.452025743035742
6.091979618913764
5.673403776949028
6.482214106079465
6.50825340767695
6.947417972040572
6.868077443419369
6.845580753902894
6.757474592685225
6.355818001366975
5.805268033588313
5.069849148120573
4.468472388357096
3.473454299975824
0.4967347749471171
0.0
0.3445149739005634
0.0
0.0
0.0
0.0
0.0
0.0
0.6838081077136752
3.9713990151089416
3.075857924485771
3.2725011093432665
4.216142851347654
5.703794084346829
6.1568236603827975
6.316092707681995
6.7133271682688465
6.808148509000867
6.732234354831428
7.259710843997178
7.255319116096464
42.37298076483994
39.03272171963969
36.41146967632702
34.116421938114485
32.164870731206534
31.142433592119005
30.93212331097892
30.97111734033706
32.09038224951613
34.30460998720049
35.64542188654131
34.035556711626064
61.249888737382754
65.8076525543257
64.80994743986665
16.841964863554526
10.314850175268873
8.078392497493518
6.435177895433653
5.264312767893525
5.135171286915984
4.2900531478760735
1.383749535510895
1.2262872601047776
0.7749735026852435
1.8316714646562056
5.894413418297354
9.696141460186725
10.571759138223568
11.574546630095805
12.427075654508922
12.399409386871753
11.42682735164743
9.510402451862314
5.032592237992404
8.044129525235164
8.78076630323925
9.104444112676351
9.240687809817045
9.271113541889575
8.822764109937822
8.197397430558768
7.857452859440078
7.220500404206785
6.134660952216502
2.0670370493980688
2.137950012274946
3.945619988529054
5.239011463401836
6.169367992807756
6.016746989727593
6.397283914616605
6.483571094869735
6.168274208325676
5.219621721000422
4.42191426946149
3.8438258969108956
2.900124832347919
1.6548171146121877
0.3561672082607525
0.09395862924560819
0.0
0.0
0.0
0.0
0.0
0.0
0.594330564191423
4.255126629068546
3.1250277753477147
4.054929840815116
4.80507774286336
5.883208970126786
6.023677848302668
6.425796857316228
6.799698596429434
6.7192463939880565
6.931460553979841
7.096502732042132
7.311220548119061
42.60826367176189
39.208042304769585
36.92878277965192
34.19402366798696
31.829477136088936
30.876465741069133
30.589356270355943
30.520695923294593
31.08759275608913
33.14193607197577
34.790450537357685
33.52822261506914
56.61263367860109
63.1990470811969
63.549646128284294
16.343107830068877
10.0850397348361
8.1677313166271
6.527768805354501
5.288164239846312
4.979221681923583
3.312687134972074
0.09395862924560819
0.0
1.5659771540934684
2.052309517409908
2.274226582022688
8.27110587900014
10.750156299325301
11.59897058792506
12.258595372996927
11.965619220399184
9.631195499419604
3.7813607230492403
1.2776019807212513
3.3016445114069066
5.64274665810655
7.040220337074633
7.716819773499314
7.982837956980543
7.527913089020397
7.36334535531439
6.810419039887024
5.851321421998186
1.533407338178529
0.0
0.0
0.8758645558374548
3.9159748769455787
5.314862393974565
5.60203515168389
5.460469213742412
5.550588917364409
5.1767131050514585
3.8549001715430125
3.6468693794984874
1.7231045721403433
0.8725692919295494
1.8478530418302925
0.5324322323917797
0.0
0.0
0.0
0.0
0.0
0.0
0.0
1.4175891552070319
3.760581595784618
2.9461764443327136
4.340783074703823
4.607907577833031
5.838006449691686
6.116525314085172
6.688472379298472
6.646573554475488
6.8504261413867065
6.937602675078719
7.070019389214899
7.300895720355229
41.53468788151399
39.06967030180718
36.657171840862205
34.59342377759466
32.360572070404785
30.792802653993434
30.520379694632847
29.98320227693723
30.522810603167855
32.291691475878665
34.21979178208238
34.36242054356509
52.47977828700588
56.140008717175675
31.538194863398854
7.646404600807109
7.953338983186886
7.512537609459879
6.069546823656006
5.120688461469315
4.094784330535376
4.095777481428823
1.8719015955321452
0.4384736031461716
1.8165334987484232
0.4384736031461716
3.000115350712093
6.3921390154064275
10.1080231868293
11.30123934998241
11.999720143391668
10.844860317669717
2.3006666335749384
0.0
0.1252781723274776
1.0757553105075404
1.8637838878511723
4.377511397919247
5.812751374590229
5.970862934234959
6.437178391520246
6.452424410853205
5.955904730099796
2.200461756166092
0.1879172584912164
0.0
0.0
0.0
1.6100262598045139
4.576161215995269
4.969696685187886
5.193661457304768
5.127594628196789
4.678483875139203
3.8030238752600467
1.9450727051711325
0.1879172584912164
0.0
0.0
0.5637517754736491
0.0
0.0
0.0
0.0
0.0
0.0
0.0
2.967136383260483
3.645802170833698
3.238720959990956
4.284536985450476
5.0249763096505395
5.549009395164848
6.229172486960005
6.5513764196809845
6.749134179974294
6.75897140822891
7.070893145521676
6.854303294836961
7.112567587884894
38.623884937421224
37.1344775659379
35.68291646275267
33.88290970859475
32.07642529853134
30.78447710469797
30.42092430851226
30.091032997919754
30.34374089791463
31.628484676519616
32.91153379387903
26.4840248232206
21.20399344046245
33.518250302484255
36.120732056193305
10.386495797695614
7.817838415889776
7.97896890358776
7.511550930548862
12.418549368262445
16.913365686405783
15.512170826350488
11.255522765206763
3.768402623758158
1.115110562223013
1.8737459140089232
7.302479459622248
8.066736193323965
9.2466612144967
10.520153319502034
9.759834816512372
2.2524142373045897
0.0
0.0
0.5011126893099104
0.6263908616373878
1.8463209964706833
3.8653134388244395
4.059706687585984
5.144676374752605
4.686872018624005
4.551300098166595
4.265684977017317
3.1812041324068936
0.4027555114293963
0.0
0.0
0.0
0.7483711089640094
2.795803616905746
5.383285105494264
5.570114562811112
4.974459183555735
4.663548378717428
2.333505863175681
0.2505563446549552
0.0
0.0
0.0
0.0
0.0
0.0
0.0
0.0
0.0
0.0
0.6433382050862837
4.296907901193283
3.5253863253722226
2.9700382385090514
4.247969356331978
5.4622550547978665
5.860385634418407
6.185120147295745
6.479145671193838
6.707116396394613
6.640525911103386
7.054444099377303
7.097485988209418
7.155502038934979
34.376725115380964
33.494398396580365
32.68352559839219
31.57839962044312
30.498852841232726
29.472411202100687
28.920159703479875
28.944162995107646
29.21987022076773
30.391831360695644
31.597918805236898
32.6232824313149
15.266651515621842
32.26328512703291
36.138881253057924
26.071095265409053
10.591700997735954
21.540956404439868
16.800674005184465
26.461183091643488
25.535357993727537
23.78692833373901
20.64007849810659
7.696015594068987
6.207449764416254
13.04139583696518
10.944523445229903
10.86519211455022
11.086396451256544
10.370124496324406
3.526576159379497
5.763607404831367
3.015354314936242
0.0
0.0
1.1318855625889888
3.8963295349925438
3.945588269985757
4.682101956406285
4.789999518694818
2.467874340035914
3.122966612019518
3.5682348061617466
3.486813605545211
2.76479479938729
0.41079122006300006
0.0
2.2309705839020895
4.223195012900182
2.3608483493492343
4.666308774778532
6.080353532643027
6.038566711921409
5.430893514263434
4.096574693169088
1.343086579839668
0.0
0.0
0.0
0.44211076314486947
0.3598043682594504
0.0
0.0
0.0
0.0
0.0
0.0
2.8738492609678103
3.4786832560376606
3.2890145012315717
4.218966053750533
5.3110757702456795
5.8348119188579535
6.2549182648488975
6.533853535301212
6.732506983194063
6.686943866405921
7.023278497568387
6.934831057212729
6.985185405427685
28.82186164602333
28.81124527645171
29.059874500842902
28.74013107574973
27.981731397876885
27.642790329419846
27.608810391185514
27.494791243388423
27.797265021106977
28.851563906951224
30.299922875392706
31.71553607316895
29.78089097504418
15.784360918478377
25.4082632907659
24.531568200288543
31.987544024158115
27.79720166846764
25.645312924094714
28.64522317838046
25.941983365551458
23.675388474810237
15.728187979018527
5.139602267812084
16.600490104807353
16.84450786929031
14.649300987563919
13.715830865436738
12.794436636721533
7.704849627591284
8.184064622288018
11.60897743397591
10.64229757284444
4.014768601384837
2.7790938839912087
6.67130766486339
5.269268956739523
4.716679034321103
3.5652430947863984
2.293958449433392
0.3598043682594504
1.1508812886689315
2.399860396216036
2.803705596831868
3.1689107251903845
2.8887020546307633
2.7017956910219607
4.487267460132084
5.616426626873445
5.92089147910595
3.885880617279422
6.116892935236925
6.007621138287795
5.868791865989283
4.986899247742674
3.429207447966978
0.156597715409347
0.0
0.896667149743166
3.5687857088860815
3.5611671196830743
1.5356797191472948
0.7206061887923875
0.4376709459657385
0.0
0.0
0.156597715409347
1.2352081630072649
1.7463677723164965
2.496914120351328
4.260054599981278
4.4219795413906136
5.318015726228974
6.1051072521947995
6.439276446243242
6.600190310022193
6.52111295086743
6.594371125267293
6.801718737405628
6.904648711571095
23.46842383524931
24.150666360026932
24.962196639127463
25.028219289038176
25.249456915642334
25.238357054318804
25.483899045598378
25.63694657649359
25.96623892797055
27.05414203756307
28.30568177246554
29.997394274577474
29.25739987798241
45.93864438743471
21.515012551143162
35.804513954171775
39.359638573230576
28.66082800886377
22.653390416889835
26.827761847459445
25.114301333821842
19.276448780613364
10.880080066898081
17.179650435157658
17.964289676916643
17.17672153575521
16.10807103696031
14.205238501080753
12.955874066017905
11.024608533641597
12.650181206498432
12.216968673438295
11.162401558532713
10.048192096094127
8.855781862944616
7.896760332756118
5.097131643936701
0.8524791840479308
0.0
0.0
0.0626390861637388
0.0
0.0
0.4107912200630001
2.5679203100831893
3.633680569208452
3.4984452056332875
3.9011874895625516
4.91640193259086
5.986136551193225
6.076974998163423
5.952531145957282
6.127954120857207
5.778978773704489
5.853522593146417
5.61388964180492
3.826200013245134
0.35920577425926614
3.7227285206352514
4.900447039975107
4.851769615760552
4.1551556379601315
4.364890124915833
3.9153349160543627
2.8513461827008646
0.49229495776798615
2.224237895722366
2.7178010309511
1.4929562905711646
1.5999546543622376
4.015111191532973
4.601372074736187
5.32787651903281
6.160247468987275
6.317758130275764
6.522115124827101
6.587941353672052
6.665650203700857
6.662107995227934
7.155353932566577
19.081840407257786
20.265549497532323
20.914240708792768
21.25260625593871
21.897984166111574
22.371296386118075
22.841089207274237
23.178709513173565
24.051709958628763
25.02133454518679
26.411792980833468
27.836939491358066
26.96181605097713
40.49329440595042
39.959653960914494
39.43469038700719
37.32061767476408
34.24596398611915
29.128961348818677
24.301309767502246
24.63911835937773
18.15672090558216
19.983943404474694
19.163564738741393
18.05718500200252
17.188996606034344
16.71903767056295
14.622286221824929
14.501563558744216
14.003519812059409
13.286104252851734
12.374144992213148
11.478971689185277
10.108111201739815
8.670094450566424
5.804046095173829
0.6133786446408065
0.0
0.313195430818694
0.5637517754736491
0.0
0.0
0.0
0.0
0.16824994976953608
2.3059157942482957
3.3289871334157715
3.891060746861026
4.640127551383178
5.3737181034549115
5.936615135869949
5.915249507532078
5.823429188218163
6.220726110224703
5.718086362398898
5.889465482957812
5.703845225800439
2.735308983491021
1.9631086380269664
5.399606277232942
5.3993242802598616
5.061166960528258
5.0419493537514475
4.472217414691528
4.687063725795146
3.6255864680223824
2.2990081791355355
1.8114468304785658
0.7043345716607816
4.207023591099173
5.090165133245723
5.320845502857589
6.065057641076398
6.294344951120986
6.3047245908094585
6.666244997484346
6.774352179375419
6.694638981427271
6.82166280877712
7.0132442008855245
16.509805750539485
17.089470869306666
17.824154955244968
18.531904016150214
19.33582553894453
20.211767634601728
20.514914366626193
20.95075814511012
21.94326021009475
23.15821988059115
24.146720079070484
24.976166070775847
25.721757067590314
33.006571038856734
38.28381978117071
36.60629998928801
34.72795947713764
32.26839226824245
29.554267364573427
26.516014517475845
24.316924011952334
21.723323574409058
19.928149390826597
18.463130156995863
17.85573497635841
17.22517854027208
16.653465824332116
15.840884779145753
15.015789270874823
14.338525974423348
13.564315930452862
12.767038221597286
11.622215189315384
9.955355020760633
7.648056183932496
1.7333548838565962
0.5011126893099104
0.0
0.0
0.0
0.0
0.0
0.0
0.0
0.0
0.4384736031461716
2.823434808369884
3.510076805721363
3.9733575160567143
4.845300490062301
5.513746563242219
5.993067409768299
6.06323223976997
6.094786583406807
6.120424957716442
5.908080731443608
5.793087434250679
5.627729231721986
2.439508150924043
3.7688703438667717
5.799771349429716
5.564278668007713
5.362761957492845
5.31138849254273
5.0431032671153675
4.8028819944253485
2.3032409159929625
1.4069161713207297
4.0696744474697315
5.609159643423304
5.510984603916693
5.763810793993031
6.144010830872082
6.287723975692114
6.571712078171809
6.7684234947600155
6.608759181350324
6.773782441620227
6.830876977794829
6.772504625797549
14.15216116537722
15.33235834567228
16.17911744955783
16.823711388349615
17.362905800994547
17.78536340570031
18.5185163136085
19.371662496384427
19.816591301089865
21.06256650345757
21.38792370332571
21.81772348513742
21.515039352314435
23.611687641273218
32.691928606170656
33.96475793347063
32.215221211598326
30.32237229542492
27.928294310478094
25.73143192400658
23.366669283790255
20.90063902179179
19.35070737095472
18.408295549612284
17.64372776929594
17.2068977893807
16.602193878604986
15.93549003527789
15.077590490274085
14.187718205385288
13.729737320002716
13.068725849077833
11.859678080517716
7.102270180049461
1.7675264310994403
0.4384736031461716
0.0
0.0
0.0
0.0
0.0
0.0
0.0626390861637388
0.0
0.0
0.0
2.228627176270079
2.9827844895090463
3.9678530147052182
4.536362807858979
5.3564894901490465
5.9236965218149
5.979346392545693
6.112178810697418
5.802714445454481
5.9162766540006695
5.848503535797796
6.18535806480914
6.043659453901855
4.446775056288088
5.569068531244033
5.297817869773879
5.272715023240211
5.218075148541453
5.0973928077753925
4.808623743267082
4.315177583202747
2.3899560683179297
4.163894399967033
5.015409307611188
5.576943138478965
5.889818283682352
6.23791792917568
6.488055625735211
6.4729285651589485
6.685067936139468
6.6245692639657765
6.542431865525537
6.933371195095531
6.6696841514925875
12.88240388650465
13.772441611916236
14.34645659999308
15.027897054550458
16.00494929454751
16.61498994585607
17.11595887503021
17.59655922772373
17.979619226876544
18.484081800012458
18.57730923150799
17.44435932247018
16.57942672513599
17.524924783513455
28.56853514388677
30.688266962444164
29.31934512810837
27.43767739423108
25.38433248057374
21.609929117492886
21.799316391892397
20.31547064149565
18.903262693494035
17.920285255488103
17.577738251624737
16.86443340874294
16.3861432319571
15.578151454755403
14.83364676149854
14.132763736360609
13.595883250298394
13.04897984972785
11.852889396855142
3.341699075458727
1.017514772978707
0.5011126893099104
0.1252781723274776
0.0
0.0
0.0
0.0
0.0
0.0
0.0
0.0
0.0
0.4376709459657385
2.9224822039830753
4.031380116059068
4.509524359464756
5.467206439153148
5.837150304762132
5.923326471332443
6.295538049470164
5.865729883991988
5.899573206741327
6.206388558047763
6.126948715559462
5.811340856129291
5.544489705797046
5.869025707957125
5.105422044698806
5.1591412291293715
4.116251524378598
3.9236866149548333
2.6033875671538205
2.5822548310247253
1.717114304685135
2.312022828604628
3.635243953113316
4.740121804502717
5.787220871715155
6.095278644504
6.2273000925296875
6.289320943435273
6.500439333898901
6.453639250373228
6.665624951747812
6.548216339431198
6.432821422694957
12.09730212263974
12.836745382073271
13.249779594159198
13.713654745427537
14.215765244692545
14.997812330518311
15.813711946896012
16.1771656958388
16.27743303354283
15.886670328217336
15.005154008692497
15.207765272844856
19.00553308710127
27.800696483747753
30.841660848846608
30.825963256338582
29.17608130185219
26.76816930143542
24.124614330793598
20.49923273556623
18.89347108991106
18.026908410903793
16.798039759721917
16.351804378277684
16.402607164826108
16.03624068739663
15.71650679670836
15.12863172779893
14.44295641018977
13.831583907915855
13.563302070325243
12.981775620546365
9.570036328897213
0.32571171414227157
0.2505563446549552
0.0
0.0
0.0
0.0
0.0
0.0
0.0
0.0
0.0
0.0
0.0
0.0
2.4474601789360335
4.218830653312501
4.465125413884081
5.462950296246691
5.635255270142792
5.418588245541759
5.62183097099911
5.942972941832382
5.822907277059131
5.70125411282993
5.211024263827805
4.430207250876497
4.216174009482341
3.427323190702039
3.0291835581070816
3.085385999052344
3.3514399757681645
3.9709770900910137
4.092794111044305
4.3368660728082755
3.857094378525529
2.7148862705852608
1.7909035955751966
3.0525571985498208
4.291462168754677
5.43995529042181
6.281103279707368
6.501679425371968
6.572194247359256
6.357414689666009
6.702597265915063
6.6764960513109655
6.61404256827615
11.295623171137544
11.91524715622732
12.597848756566563
13.087289216456869
13.517253612077331
13.891798538455483
14.079989156399934
13.74269628995834
12.874468829270219
12.819473791801496
13.400196581388117
18.767775565228128
25.275366835038913
27.793311682546364
28.697112827839028
29.1498147154005
27.932411732030076
26.14296776872689
23.762196220592088
21.693755976483285
20.420495123794204
18.622902574983733
17.558183372693158
16.336488337387134
15.169378036058607
14.262380834656808
13.453067223100096
12.855474552683187
12.532738730019155
12.077179811806657
11.643167184064618
10.329425454260168
4.275572934039582
2.8527521233130813
0.1252781723274776
0.0
0.5769861045184429
0.0
0.0
0.0
0.0
0.0
0.0
0.0
0.0
0.0
0.0
1.3448756791571745
3.704244339070268
3.605178278300592
3.7924428256326443
4.453544096649731
3.892034530972368
3.446238901760976
3.1734227584871326
3.4492684539057574
3.5481789524680467
3.487785079686968
3.9993114458309873
4.299393163018192
4.588018675783678
4.72411852366681
4.802685655823558
4.595960784552905
4.803640543256773
4.136669284554847
4.541838061396131
4.373833923039059
4.130556534221285
3.176862803086454
2.0415012087743762
2.2645699654392155
3.83469999642271
5.265218240739383
6.190310106862044
6.535738924463857
6.350628041800676
6.358034735402542
6.4450609201489035
6.212962540352744
10.648765665362701
11.207142503429933
11.871523145248661
12.351457091160174
12.44152530144111
12.333735133798541
11.893928743948194
10.829443255142648
11.020539102695164
11.89649464389666
18.00334146030731
22.79423328633834
24.99540336669493
26.245509632847504
27.00734742754687
27.001700717545244
25.809784321914705
24.721050002358147
23.312253163488325
21.7333869774454
19.904441043873938
18.69295020790481
17.51463126275597
17.04995824033359
16.34437442162438
15.681547772247086
14.65181702739261
13.934632009374015
13.268179887175936
12.60485594685081
11.146271030550842
3.2257156272476935
4.990939341273246
5.358780655373169
3.459024713698221
2.9451273858865057
4.6995292311668235
1.91749615736094
0.2308890359332749
0.0
0.0
0.0
0.0
0.828753588762833
0.27386081337533336
0.0
0.0
0.0
2.235445062631201
3.1018586313765644
3.5142563216266733
4.036443487409831
4.2810327182277055
4.99049498248641
5.0345818838942344
5.205668943658345
5.21040707898552
5.133450801066729
5.245440791309203
5.109156237704496
4.98412062162194
4.6720559034197064
4.718527074674436
4.360364874038221
4.769050921546934
4.562028109712591
4.613509531347222
4.631304805294963
4.482920687831821
4.378898940826269
3.3006638698279094
2.141128843656514
1.7443152924065521
3.433001133381342
4.785701778393905
6.017984456084272
6.004604430415374
6.389614051548298
6.3355262331774576
6.458973141205143
10.084516978777573
10.72755726078782
10.829026152186009
11.110840913775794
11.115673817944538
10.27123646139921
9.203530844451802
8.998165682999042
10.961242169668122
17.34349361029635
20.78263005418899
22.481508637901577
23.81721388683913
24.863980271956763
25.021461546742813
24.684682816293048
24.07254627311587
23.22129375672529
21.70389227299286
20.408932207969492
19.490899743898527
18.349312063181596
17.79703272355026
17.03929504400303
16.611842815111252
15.850060467263162
15.034910091273945
14.345243613532018
13.681112895170633
13.155714228691371
12.177183656811513
10.192086764277136
1.713344838746107
4.795403183179277
4.885965515977544
5.301428167531316
6.011448816286253
5.419516064496846
4.912690438080868
3.1934965201090924
2.6761461062859975
2.8012542923142645
3.6458198636531574
3.2148798000867314
1.192236385565206
1.3933492899611393
1.835460053106008
1.005862538618518
1.3576425644292827
4.015409589057514
4.39878646972337
4.478941101336069
4.878683350721554
4.958339453120029
5.219078762056015
5.421063255827929
5.475950891593008
5.618955765061601
5.274302522696159
4.488253213622201
5.041609524234533
4.848000226385445
4.772201557418159
4.878841467763815
4.543662808342317
4.732626048369089
4.607740732135893
4.656628353471095
4.7154390234034125
5.20317259552161
4.755151302589913
3.8686909449460165
3.0511862814658146
2.013839459963317
3.0776229406524074
4.335964796230087
5.583838510619433
5.982784708221556
6.164446530327215
6.3229983143040265
9.680858635321213
9.662655423831922
9.993118870585691
9.693450330423921
8.644310002644334
8.062730236653875
7.553767489826434
10.571956148094785
16.881297535714616
19.17077141974111
20.783034663958077
22.03891701834814
22.953648171195272
23.39654227027261
23.299122178346998
23.201049734012603
22.814833594522597
21.487234226203654
20.473235953995832
19.58570258336641
18.501364089168376
17.687998590566707
17.30127904775334
16.95091399862883
16.322494780985917
15.508071920253569
14.830986965051398
14.10627914922802
13.588425366128522
12.7763062514325
12.108798944528314
11.450012708978011
8.263631523678484
1.9664165565603584
1.5723378553621603
5.911197263123235
6.366197361611322
6.342720261218973
5.592195735472353
5.0969487171615455
4.537921059500582
4.444787263163015
4.388992318548055
3.6277060239030425
1.4685165366667563
1.201012848562905
0.5280543180289865
0.6740797884400815
3.21134955423302
4.516482606270614
4.687150673436023
4.710278473174144
5.119100962013364
5.229907972004995
5.206823185829191
5.686585401777929
5.5260699567721305
5.870039264345976
5.641795875940816
5.27553396654008
5.433843828983521
5.073388339590061
5.029577674840282
5.0509216365206635
4.949670795239641
4.963997270456731
4.728881022034658
4.6475508013462825
4.917106042821905
4.957758592368749
4.807525364918744
5.1555326441254445
4.337904092195053
3.5974052277245185
2.2672096731644245
2.67819568832048
3.925810596686299
4.815206626325417
5.728364186392721
6.0035772839467825
8.877185142551003
8.776036027221505
8.43581567443856
7.437588220657867
6.7479096277840025
6.401200905940653
11.190345837463632
16.456968025267617
18.14035436519999
19.485754973585202
20.750641917766888
21.733982699910396
22.417172231906797
22.010356269304594
21.82847785892954
21.841873076522987
21.262107620291022
20.522622616913914
19.739365133074344
18.732095131488197
17.76843083612102
17.304328033716804
17.059436338415267
16.73623814681957
16.050856522240426
15.182677397979543
14.530572128495589
13.809947860882277
13.2500194740671
12.675906531051833
11.689163293735504
11.17086287256502
10.230827458426338
9.13016915293174
4.980641233665576
7.31300189915359
7.134248414635257
6.295011710537284
6.308015743881632
5.946060797667324
5.788710163809434
5.3817772325122295
5.288037303833227
4.433962937987708
1.376153953694819
1.8699204901920254
2.484645599171495
3.394854821480405
4.174366435802703
4.814973741090882
4.771246669984946
5.098641485973093
5.463264754464267
5.568906482803467
5.660204791636989
5.825029387299398
5.72932660132796
5.873091303468981
5.478388679524048
5.164016134593975
5.634058023463892
4.950524108904842
5.140025196120575
5.094732301270443
5.070105046132455
5.164229698495278
4.898926246724677
4.984753233644675
5.145941607852344
5.358374156204408
4.781394541829839
5.267218339081613
5.174066128258441
4.119125606500363
3.108936308477335
2.2955226507048105
1.5367100909215439
3.4695444912974946
4.473172293070474
5.3168479543461995
7.781704523278188
7.104337476964283
6.472398690389935
5.595619902564175
5.8760533045628165
11.291826487790647
15.833812394728929
17.444023404672723
18.48822858456023
19.548713719178
20.496384230164505
20.87516754010637
21.153621793845254
21.049851587638962
21.042251742409512
20.68294219239457
19.97431224351449
19.45091050506926
18.883695449566662
18.183774440673886
17.440799771658387
17.08375057306294
16.73926350245329
16.24929971545313
15.556130897283602
14.563288953733815
13.960724662533389
13.611843301519642
13.215541948609038
12.498566982534134
11.676746291078311
10.957253478073921
10.291836634472386
9.270068301564292
8.20492507212696
7.925732166806403
7.449837390152246
6.885951065833325
6.724921368033215
6.626817863559172
6.5415486503225635
6.161916402363244
5.790100053876855
5.310934238997614
4.693220072346077
4.686149747250383
4.272187745419425
4.47576341509525
4.916014385251262
5.51547767456073
5.501809590574916
5.7370643544835245
5.760960110785367
5.888553219700366
6.0023122199647965
5.914773672505287
5.980135621500888
6.0817520624530985
5.6952896454142845
5.651995049302809
5.621536044703366
5.6329119182386025
4.788597853318837
5.163226084980716
5.0771472244433475
5.198304827798165
5.159361930771832
5.255126921223003
5.299825096803003
5.16644611438638
4.990620919295098
5.07064692677019
5.124758779350066
5.175268097306239
4.129121805343646
3.3505783572240464
2.0364031743195996
1.568873559728071
2.853841331247573
3.838878721015357
5.923820358124519
5.283148995929283
4.305844372007774
5.8442970299605275
11.74503658840042
15.084433112871286
16.82362481101135
17.680083248410785
18.908437257586762
19.553395894031432
20.226501853369008
20.319204584526915
20.287339530329994
20.503014927532334
20.15563387175905
19.77778686374321
19.31960871414018
19.067534832322583
18.39188499206846
17.533417666861908
17.196662468955818
16.63200508675433
16.415215532522126
15.828821228734789
15.042206464835173
14.221009862042228
13.590816273647164
13.402010142665121
12.636933161416888
12.057694010967234
11.482962334846667
10.737345116638629
10.324211335797463
9.576684904005463
8.870662030702915
8.23818309245951
7.799021835715251
7.256971143735513
6.823682949753314
6.785836879279283
6.390259349237876
6.284671019577462
6.35467161669756
5.842702106598534
5.96084602727104
5.773234328479569
5.796522591372638
5.911064953263525
5.675785666625073
6.200900972555977
6.149103572852527
5.928483944846239
6.126926974388616
6.176113254612643
6.045832705595735
6.065717093609068
6.156250607770155
6.192764758411007
5.790833263825518
5.619674395154707
5.794559648692573
5.686585401777929
5.4988931860580825
5.693516260353006
5.672632334370661
5.390397027984409
5.186741432058437
5.213592911226161
5.148112993249683
4.9983942582066305
5.055369676670939
5.394631504233376
5.084801435480429
4.965381631430918
4.917228195886467
4.924592311746648
3.3217261787844676
2.9892350863165897
2.0612097860402825
2.7204607882794827
4.291241467112211
3.2733717673541394
6.464427641895767
11.368102482597509
14.045906319338863
15.70714304075584
16.910993577298317
17.804059460720136
18.37880821797378
19.20040907469133
19.629666627274755
19.606745807691155
19.652850217979427
19.46160111185997
19.01447222218247
18.913042528859247
18.71699882072489
18.07831703470753
17.656680493004398
17.473159481843282
17.06460405560356
16.554379243468603
15.94024429290306
15.018526763789893
14.432936233796305
13.868583715662893
13.437195232115743
12.8646628796167
12.611108600767928
11.984614644277432
11.311475734430273
10.650536858369417
9.949625982546268
9.380930887530813
9.21700433301417
8.68092620917365
7.972835858357366
7.622764608845969
7.319619672876787
6.834140223744462
6.695021109650409
6.783597738582084
6.802100865628765
6.350747000557373
6.583065346922409
6.3567261890788656
6.294442168706839
6.288726149651787
6.259117605632964
6.29565700822686
6.080605957227811
6.227538010043082
6.253596021749616
6.391117312487807
6.281056286583479
6.22577536986346
5.978146060097056
6.108545567870663
6.04908733098155
5.791717918583381
5.7957057539178605
5.622006913730151
5.75933230320455
5.590089311305744
5.659343669833153
5.471793945824037
5.495451784612485
5.38180287539391
5.308657913051604
5.509980990402132
5.433413268081606
5.329067654751864
5.293475098979206
4.848349552165514
4.806056993337246
4.937309620850295
4.583870929414123
3.7455586007136548
3.212671132535005
2.1759823753765204
3.252077687760219
6.7564608947249445
10.632094375198704
12.90467953626118
14.307485766558152
15.69044434796917
16.878547327396472
17.69609432860141
18.051414699955902
18.621421240149996
18.800641768872016
18.974379834227395
19.113139795774032
19.098036251997275
18.651436505227366
18.47052820347492
18.31641699227692
17.631733745531974
17.2926572610032
16.99601205289352
16.716184705169123
16.503921888745246
15.552436545437997
14.85741500349545
14.149516124470477
13.735646611559185
13.176138893620047
12.778998375839487
12.419071859237611
11.633116549142766
11.17305510260986
10.536704815112667
9.949062561204007
9.86349076669446
9.47984910777741
9.014152402375645
8.335097122777755
7.841258889598288
7.615010981179749
7.320075535280449
7.0418153282165745
6.925616888195018
6.944592725532956
6.700348666321668
6.701450881245649
6.634860395954422
6.65453183896328
6.493721140884175
6.5758460669278485
6.720740196031369
6.6139236095194525
6.226824257502894
6.302587866801937
6.485265559642873
6.3505090830439785
6.321044749734897
6.0504713537202335
6.068128262816341
6.024942912284653
5.840729221044179
6.116049479058383
6.119898898227689
5.920406981045875
5.904253053445148
5.7163672045609655
5.579428982093881
5.669790604261471
5.494973168026693
5.386382573926162
5.235835217065509
5.525314104323891
5.35208304739323
5.151179697615874
4.955017179548877
4.974039455982562
4.690658452280219
4.112984159360765
4.232132583332013
3.2243027326230838
2.971049718060407
6.480985358286194
9.831210061745363
11.72273717173535
13.142074629156125
14.172030052897572
15.588159409556797
16.650435418369014
17.156235981333
17.66396130995214
17.996006320085897
18.392359720011964
18.463390353611903
18.523861252818442
18.21724210769262
18.347301365896488
18.067605903483688
17.81072585532958
17.519177436644885
17.309466057787837
17.00296397185091
16.5969842552321
16.07157689060363
15.213609783690018
14.611945412457752
14.035886492490373
13.591193535861159
13.13786528891823
12.724637842670994
11.992788608415482
11.53200474635747
11.142490195421992
10.693034240353427
10.409425758301245
9.766244718111595
9.32385615330606
8.905026399169438
8.689132381119293
8.336389447906988
7.667590090242753
7.662448472002607
7.435488282332866
7.225136770454834
7.241932179142363
6.744997177717882
6.7221497501672225
6.660122565100979
6.756860685184602
6.782723982275302
6.69919282275606
6.799316468206297
6.6798687971211015
6.505960638338122
6.841825879869619
6.473191734625388
6.362680125647316
6.329954424832147
6.391712106271294
6.233636157321274
6.121142221038828
6.0161739371149485
6.201165861021432
5.86673349750655
5.903106948219859
5.725590273586616
5.767032933326344
5.860256732787419
5.666993158501338
5.56255951016978
5.3711269904844015
5.435756619985792
5.194245343246157
5.003740642515864
4.997824230784093
4.822463793759745
4.751228597229603
4.699165976982499
4.01919119051503
3.758440252151681
3.746386727045677
3.7434489756240152
