6.505960638338122
6.792614068248423
6.755946079792673
6.491082592385207
5.20801941519516
4.0027400225175835
5.135913186386619
8.493402918166744
10.531653884570318
11.685700942018288
12.049048733528812
12.290005574065324
12.240298319221571
12.38026994416747
12.502598159965041
12.482081085735777
12.457903921134372
12.479263735619107
12.229798236435505
11.881123243272535
11.398529027479867
10.9598492955541
10.292503146898806
9.450752911973657
9.25515097888396
8.60758857143444
8.150635797090144
7.791734983875763
7.374076278548677
7.035908574893929
6.8872164092594375
6.179702052323701
3.873395219124089
1.6985410126032605
1.456089115012928
2.65170789819963
4.354483913218337
6.243781631258385
7.00430266023045
6.868691350919994
7.021803613317463
7.213488414633467
7.448973270574958
6.996685654880647
6.916797626956927
7.249982100529015
7.035412390820493
6.727060467766106
6.493721140884176
6.2273000925296875
6.219116427193343
5.48674461510738
4.615439004027067
3.6655705046452245
2.623036651694802
2.798080325877721
2.6433991187829853
2.8648718291741515
3.1870135563581186
3.9500736816084485
4.330688050545592
4.041339739779265
3.8022274674713215
4.127131585852573
3.822637393137742
3.8303711963130773
4.292939975771632
3.8439103738228244
4.192597983171392
3.748767153011379
4.165975106555649
4.44075406581224
4.0929295114823345
4.071760212691987
3.1803772511015627
2.380012319679169
2.061929906132264
2.663858150237486
3.6090368278125955
4.275381949314131
6.8868342810362995
7.151420907897442
7.3636448178761835
7.519812393562354
6.967303321098948
6.080457402402663
4.455336209637674
4.828023671392407
8.078077562219573
10.505888108420375
11.37157886214585
11.730060567254561
11.767642136249108
11.753181630099014
11.845237465163851
11.851288532255008
11.435801701535508
11.442926566845278
11.064266242359839
10.489798847302117
10.032049498550666
9.271223104136276
8.114807626476471
6.017200007003521
3.400958168809136
2.508189459974934
2.0737527660278032
1.8579057353881985
1.5726020245545236
2.1300228497017604
3.0703789878182164
2.381039521380327
2.157965824081663
1.145648082396562
1.0910034363222023
0.8689321319308515
0.3445149739005634
2.73662093266915
5.252438416444104
6.116536058966833
6.492005214384318
6.648102067368039
6.80689262447095
7.007306057373926
6.952482359245391
6.958530002617493
6.878002240241728
6.405573823421445
6.281149993387131
6.112849080895914
5.635540253564244
4.442335062251957
1.5906139826318093
0.0
0.0
0.0
0.0
0.0
0.3051803564572028
0.7268211536999587
1.2817551976316828
2.0354214156843993
3.302764453896763
3.766305974486075
3.7316819750979078
3.8781633717191655
3.646869379498488
3.834423598646656
4.082834487324103
3.857551398384778
4.139216829501876
4.045981186112101
3.744308549363704
2.582835807894254
1.5178454393802965
2.08824303849185
3.405421152727172
3.9737093125657337
4.443519841672787
4.776380169844619
7.1879346458328905
7.455464936800666
7.738432504401352
7.864347081743341
7.639424702993636
7.358806135703734
6.537708951953835
5.24373462005832
4.53023057925842
6.746538464568076
9.67547147129041
10.821396334646918
10.955106412573253
10.9708568288121
10.827941750051643
10.816740231512378
9.681568995138615
8.029323020369267
8.280834656285771
8.299252597290721
7.422017560053016
4.948813109693037
2.6986363420830144
1.9708264139770337
1.4086386843200263
1.345999598156288
0.8143081201286039
1.1805428826607918
0.4384736031461716
0.5011126893099104
1.005862538618518
0.7829885770467345
0.2505563446549552
1.0451971560618785
0.5324322323917797
0.6263908616373878
0.825960354488793
2.0728620204004704
3.3193614765226003
4.875959571110394
5.7408418808041874
6.309651660353444
6.653648623760306
6.722268708923921
6.739036795753612
6.679302380026195
6.4994624118922735
6.304771863377472
6.218963470045083
5.887577214685387
4.401767817362397
2.929739708181587
0.0
0.0
0.0
0.0
0.0
0.0
0.0
0.0
0.0
0.0
0.1879172584912164
1.6693657546069796
3.587039402690226
3.3644392591359615
3.4370580186230684
3.8569940729288184
4.150681310608624
4.1906394822236175
4.200126257399785
4.171850609398972
2.8531189316147163
1.8471122874661972
2.849412524204856
3.7732769232585106
4.411058037336806
4.894716462323308
5.087228390082726
5.163001687750669
7.825151624389983
7.788040062287395
8.199093468541012
8.415566928027824
8.190146561711177
8.148041061339844
7.995231907293795
6.935815122261805
5.733249654523681
3.838483027169533
5.276283606404114
8.372799272184146
9.792046148499015
10.167641135111683
9.750101260785042
8.099324161036588
3.728182161065788
2.7441889997558073
2.027271169505315
1.7881103613011564
2.160692981017633
1.1930184084735265
0.9774394011712516
0.8529019832078694
0.26220857901514427
1.559415965641738
2.6532652709671236
1.722312925096325
0.0
0.9002516750127207
1.0408192416990854
0.0
0.0
0.469793146228041
0.313195430818694
0.5324322323917797
0.6263908616373878
1.0648644647835588
2.361168302410034
3.3797281445147056
5.369746869068733
5.959309487129428
6.209397544786589
6.376307497672696
6.241939762901719
6.3057359442211975
6.064797909607988
5.726645028554788
5.503543413656033
5.084338356483745
3.920637369737892
2.6244451702274074
0.0
0.0
0.0
0.0
0.0
0.0
0.0
0.0
0.0
0.0
0.0
0.4071540600643022
3.144491605558088
3.348307786855986
3.050303519669444
3.5280169179418746
3.621090352918599
3.7349062510994666
3.170139557599279
1.9663659625257905
1.6503360288888322
3.2469054359827134
4.1390784073265845
5.056957176126888
5.2443319084390465
5.5183262617744715
5.114500342968327
5.3122418062079335
8.065254567424113
8.051411349319986
8.294976331543713
8.42475978871926
8.330461453235738
8.505255193619194
8.481971823301693
8.156070894102566
7.295871846928243
5.737107242155339
3.6736303771700802
3.743054102997708
7.011273493704075
8.645361834668531
8.567420033172207
5.239594822003207
3.3372747807680936
2.969914432876376
2.923986626524255
1.4784695533927106
1.5914166398122416
2.0676608145851323
3.1913077627405437
2.083273212811919
0.0
1.2809112719070253
2.688317953745065
2.1043763585753945
0.4384736031461716
1.4363210674031976
0.8529019832078693
0.0
0.6693626390794463
1.2592946546359634
0.5870562441940272
1.3853342155996482
1.6576103488862275
1.9904730884266024
3.35744419481244
4.165553181537719
6.318291038580659
7.095246847512217
7.347341037272295
7.202367452575725
6.974446571593078
6.900075952449917
6.961141812641639
6.643965065111628
6.1895208779068485
5.357208120242152
3.9312017611611814
1.9836459339782853
0.0
0.0
0.0
0.0
0.0
0.0
0.0
0.0
0.0
0.0
0.0
0.4071540600643022
2.1340402321081307
2.6567282701448782
2.877336420539275
3.4475324361203743
3.1689313594624973
2.8546511800911945
1.2833605119925489
2.2325715708095872
3.6114172537782965
4.090630081149588
4.927732105234861
5.36635668397792
5.335173267344264
5.552712247077873
5.63310555140294
5.66871231633927
8.420250672355177
8.280035433434886
8.445977816119006
8.390513755375743
8.689088724128474
8.631492836544915
8.40594294802567
8.269693825330172
7.8377653792837325
7.15865578502411
5.801560410818233
3.4567877166797025
2.942301708034181
6.42057267538013
8.334149791346697
2.8011066058011043
1.1733717340239584
1.3801949126006472
1.8587645218263864
1.665666691791944
1.5636310853685078
0.7384733880601477
3.0304652230193794
2.3008245954082014
0.555736701112158
1.1805428826607918
1.9824580140651105
1.0721387847809547
1.1508080196676758
1.1966349342001117
0.5987084785542165
0.0
1.3066649807129274
1.5198360164739038
0.7902628970441306
1.3066237121687023
2.146350683743967
2.519777229185099
3.6575869398680707
5.458755252860454
6.928941324336969
7.165221850922322
7.609967351263499
7.422199396666754
7.381423482730997
7.028437362499981
6.967963171356212
6.84182587986962
6.439420656952984
5.470493395407442
3.90829383877302
1.922797870624424
0.0
0.0
0.0
0.0
0.0
0.0
0.0
0.0
0.0
0.0
0.0
0.0
1.9825611854256726
2.69180877885812
2.5285330579106864
3.2638049038931416
1.7785725096672496
0.2192368015730858
2.5671888238062874
3.2819034076075067
4.193623300591594
4.872368887128366
5.202294239363996
5.431435515848603
5.680997367362217
5.789425708132805
5.8296680354238966
5.600930930814821
8.708845286480896
8.469991383834849
8.515252996394825
8.39037459545431
8.405656439233832
8.385939153525433
8.47026970367771
8.241095164478045
8.108945867331316
7.53642747627809
7.007921971127186
6.078795935624207
4.181454401120737
3.549801331954502
6.486981311582861
1.531957125450117
0.28551304773552244
1.95843342525275
2.6918706816744558
2.153542466652912
1.300823912353179
0.04297177744205849
1.3955049412316463
2.0280454124742326
2.3613837317752004
1.4369929304046387
2.0661770263160655
2.583628763696154
0.973162378628144
0.8922366006512296
0.8645542175680584
0.7938587884986033
1.509951738178968
1.8559785268776223
1.9048274999961028
1.368480775424121
1.3270730437987026
2.6707018120982733
5.621832941797729
6.988457582858142
7.610307951167194
7.4641507322916425
7.668345087194761
7.378858045272851
7.58866107808526
7.048772493575436
6.94486535389559
6.919365267235637
6.471951643152322
5.929791437755018
3.928688839233505
2.6070095958020767
0.0
0.0
0.0
0.0
0.0
0.0
0.0
0.0
0.0
0.0
0.0
0.0
1.946122973616915
2.056111751585505
2.4122170570299186
1.4938414848400479
0.9235561437330991
2.6744576365020936
3.6363998725694584
4.182534677556458
4.4927784644998106
4.808190157175056
5.397900939172129
5.735674464416103
5.965700851738092
5.936065616211335
5.746836943167789
5.809743438607057
8.897909363585434
8.817975057005922
8.57236153838107
8.299900068013693
8.292211097274064
8.420844248900206
8.296002585535588
8.058219652992312
7.84926815866302
7.608708877441522
6.898328439836358
6.872446224953268
6.353055543774219
7.185323307998424
7.314062787030757
1.0517100874230667
1.3488134667024403
3.076419577395098
3.67661962892076
3.7063862787357182
1.413423662987218
1.5002925133848979
3.1184211438300258
3.2326483845525376
3.0765015298146063
2.342000590849706
2.2359933014431186
2.618480477678137
1.9584127909806368
1.3218924722554768
1.3218427802444206
2.6859339136434275
2.758234006614571
2.451391475926899
2.5518438231350205
3.161041287084893
4.350819113765679
6.506823456304893
7.386979498019457
7.658755218085362
7.903075410494038
7.942198496363125
7.854109531254414
7.7484239193647895
7.647044576655991
7.384145320031013
7.334481494081809
7.180581390863894
6.740029510817089
5.948130415346178
4.954426545666997
3.112300310816263
0.0
0.0
0.0
0.0
0.0
0.0
0.0
0.0
0.0
0.0
0.0
0.0
1.8832569104599388
2.819781341552443
3.087489524573848
3.121228405381934
2.9478071521563662
3.455262758016736
3.9364724963014135
4.046538511568059
4.629518279908304
4.908556512815971
5.078301137807269
5.697202436416554
5.868649374278555
5.972415533970616
6.265857539818534
6.23813410551823
8.906915718333702
8.886802468975311
8.62128219941265
8.419558643902484
8.194512478878506
8.21077977931748
8.128851215594947
8.170676482431926
7.81509010703647
7.7644828133679376
7.2060753868709435
7.05939898672162
6.545783339730871
8.127818544624727
6.944788877760135
1.42778473825746
2.7676221862311707
3.94352608714325
4.481081620676501
4.449539255589886
2.6130529881123183
3.740897472109305
4.00896243709625
4.085331396403827
4.371536882998232
4.705282158596407
4.935440780285171
5.3070947192689815
5.821701403053483
6.0622567082110175
6.689116581512728
6.774138790474952
6.660689393912598
6.943519311304084
7.152126600865333
7.325793294588078
7.362599317218285
7.7522494983160275
7.610008488605404
7.74208132980549
7.981389953987082
8.009259752764436
7.982836650638873
7.856255655075836
7.777089465964556
7.838883711289645
7.539433062499816
7.216358358301887
6.913590252226169
6.500320375142202
6.27295758161227
5.068152959721241
2.146762672632506
0.8512966688470033
0.5120035350338914
0.1879172584912164
0.0
0.0
0.0
0.0
0.0
0.0
0.0
0.37947167698113066
1.856418453101425
2.7953991630110036
3.497887880177328
2.5753896066167923
2.773415687923667
3.711643050923312
4.014127819164266
3.318428331026446
3.599715525181311
4.392673719389809
5.097788172307892
5.747098393635215
6.127067674316159
5.973442680439207
6.440015450736474
6.2612406328648795
9.132882471394504
8.870323641161491
8.540240683560684
8.269377094139477
7.8102477812589015
7.93906524228439
7.969557380992051
7.664195584402356
7.547776369537663
7.5426293166714995
7.304565048142553
6.630451403110379
5.55404800924331
6.4224586919413325
7.066453125281071
9.269658544293716
5.908135933680977
6.661690989046477
7.734112446051714
8.747414609505725
9.50392018623302
9.364249127619884
9.40313497004875
9.026748215518166
7.5482125023959235
5.7420492810256665
4.198388844028746
3.241327277897226
5.636731772836198
5.748053384957215
6.542289917187264
8.067964490265737
8.354009918213853
8.345786621686758
8.05818641225154
8.190322933773887
8.130824431250842
8.419420753515118
8.375231911596224
8.312874268126293
8.351166497940579
8.325521217560938
8.355645596860278
8.079779229584036
7.882754838603224
7.731927973239047
7.673006274616746
7.2498726006685095
7.038853787405982
6.548216339431199
6.337599035947409
6.109356537996701
5.243164136556269
4.485588156455472
4.273775244875375
3.9322448542748853
3.197351404079506
2.779735181681
2.296682897614323
1.2448192836424272
0.605941530007387
0.2505563446549552
1.0669169446935038
2.903700089530278
3.346635810488108
3.1456681592863434
3.48681360554521
2.749966779298503
2.8431227513636776
3.4070614398439005
1.4903025555680856
0.0
0.5979264556458959
3.7863960528460474
4.872938914550898
5.573280594690806
6.191834829528268
6.137436848567098
6.412054098922775
6.393801837154926
9.38575534544063
8.790192600551986
8.490521800576419
7.984891888433533
7.781875548109961
7.569325191331617
7.406746389873254
6.436595429555364
4.696798218299662
4.9472313156192715
6.661725867004796
6.35039012428728
4.791220129209993
6.320644955886469
7.487781982330807
11.849829973768175
12.142676234119964
12.03329737450702
12.357179982331411
12.675801057728082
8.439651031578338
4.902730352494999
3.2007793634722925
1.5184375553702667
1.00222537861982
1.1588230940291668
0.8456276632104732
0.313195430818694
3.907731844863228
5.601177115649793
7.092338194961917
8.81649783676544
7.849652418062614
6.692165215890407
5.648391754202186
6.453993478858183
7.281984845103888
8.162780785157466
8.691090962628081
8.546190668563028
8.69733417271814
8.305934902824992
8.275736849090446
8.259900667962198
8.120108954172771
8.033132200667476
7.670724058806429
7.152404164064728
6.964536796904448
6.831246326461489
6.732488065401674
6.564364380524356
6.337972840331182
5.955474169197878
5.396835060810023
5.360896603302339
5.131363338120156
4.679489412814326
3.90225121694837
3.9667892873194015
3.5766578539520992
3.1073675034700203
3.4984452056332866
3.27911678032771
3.6778422672988884
3.848013699682509
3.200482206990971
3.0985018963896285
1.5351047765606778
0.1682499497695361
0.0
0.0
0.0
2.772923979556956
5.181208872078684
5.870120771050164
6.028986766625665
6.2419147903928005
6.341956004772698
6.511608202542566
9.67728721039498
8.98601068503783
8.5562443308351
8.121443508004173
7.402264256776085
6.925773097271795
2.2428620103511347
1.3459995981562876
2.124610260840229
0.7829885770467345
1.9799068247438785
4.596228465319154
4.436222857325295
6.586113495854998
7.762333537738137
13.699799404667958
14.319892938194021
14.848670380735028
15.309358581766555
14.705525096636267
1.7997213271171204
2.1712191982809856
2.2258432100832337
2.470540131647204
2.062711929040585
2.039407460320207
1.00222537861982
0.2505563446549552
2.7789483995820046
5.212012540457105
7.276153277240122
5.492429705067241
2.7641294661372613
2.319010548333327
1.1034583278628238
1.4447597315890022
5.693890133670925
7.836476699242142
8.695238013203088
8.84232993226609
8.714127679015947
8.471110313087147
8.215998334835144
8.138800115736775
8.066757269006834
7.858134139323404
7.887837223705334
7.523567933087608
7.180166337788698
7.147434254586687
6.763522236057327
6.834130764848268
6.245994892976044
6.102328461835774
6.133046862837653
6.021504596608789
5.6471097602638185
5.5329232848672065
5.0125487669168685
5.074706411322198
4.559692649663657
4.193577233645279
4.2935482247536925
4.050200707427008
3.3849158320323167
3.331773760695568
2.5985496354323834
1.223576562919188
0.0
0.0
0.0
0.0
0.0
2.6036215971857817
5.442103592619479
5.8358567309518365
6.051498500188823
6.19042906561874
6.13581490831502
6.316092707681996
10.104555641972725
9.730141254821586
8.778210319806469
8.069980780373196
7.352508142178357
6.252939022723399
0.313195430818694
2.2760480389784616
2.7032340362250715
0.8994696521044003
2.263610118987827
1.0488495455613447
2.4854627665858327
5.788483591407301
7.648323082133008
15.93409128568373
17.02003787012173
17.744049648215945
18.104481133433932
15.604471628132304
1.439958227401896
2.167540769738063
2.147914729560607
2.1559298039220987
2.1326253352017197
1.5033380679297297
1.346740352520383
0.6067235529157076
4.0065914242242515
5.331881875682835
7.494662028253866
6.014238145758861
3.3497334135391097
2.5526721842685274
1.2315503687364542
1.544147205554963
4.5337708953370015
7.4994684488446435
8.592660715464444
8.975231417142245
8.87983282880574
8.681238660970621
8.520449723417082
8.405869273590463
8.299638331023253
7.986577731375538
7.88076426857262
7.636057431566208
7.1088706471489695
7.207736345990816
6.970966568499687
6.736656765006953
6.787211722565899
6.709791293956579
6.5269479286791805
6.267933573926561
5.853444832969041
5.843631045705454
5.549128353921546
5.299825096803001
5.3818245420513975
4.940999112169143
4.42768306867282
4.2036722578035075
4.1370354294668825
4.059404168166624
3.3256225464079043
0.9235561437330991
0.0
0.0
0.0
0.73483622806145
2.2725964059856247
4.51097363946152
5.686063490618897
5.945265152282957
6.095970655873343
6.089039797298268
6.211935393884155
6.080605957227811
10.486851393470497
9.908323830202004
9.090967523326901
8.283996099062227
7.525196623382308
3.37083884316964
0.6533324903564639
3.1166047275573607
2.9810299760527195
2.4118862467643436
4.68450973920675
3.835821577507264
2.1258394492976276
2.3073263135161075
4.229216500421591
18.10078296657594
20.151790263042557
21.049145374251438
21.1991649182727
16.56413654337481
2.237454175899196
2.3189579136041822
2.801065457369349
3.153936717565613
4.122094248032335
5.169184020248314
6.293739352389146
5.089453948772367
5.42440966812146
8.376682417137753
10.249993856362302
6.379161871967339
3.3372813064423283
3.4915442732035746
2.6088212528840664
2.4225068762812048
5.03291498353485
8.263410503303737
9.134299947060276
9.04101646936961
9.121708509382993
8.883118095787228
8.58322177906155
8.310918795490613
8.180996262041237
8.06657146258871
7.829638958458543
7.789634717537319
7.587362181406311
7.47374486646861
7.188634153078465
7.078306173284201
6.79299619647156
6.64107750198931
6.473573862848527
6.459211058718539
6.384925458405961
6.176924224738682
5.539996635153011
5.693045490647584
5.560982844042575
4.755525329271849
4.991979899915683
4.6813707030347596
4.117036561694343
3.5412057282319105
2.7615983793865797
0.9191782293703059
0.0
0.0
0.0
2.0945405404878708
3.8192969216809596
5.362035579840732
5.76688735584588
6.106826410032731
6.045378611739787
6.308469837737578
6.309994560403804
6.30246890804524
11.265920018701573
10.711974125906552
9.851162352430094
9.008233038078522
7.916076031195336
2.343674608774913
1.7244827565763368
4.4285412671116955
3.765944298662804
2.143593777380324
2.8723527205131107
3.6627058231851257
3.1554833431017553
1.466899856120972
4.916498699154554
22.556571153231832
24.842050626465554
25.91982144596822
26.409622206894397
22.737959236910463
13.086635145287518
8.738687181523016
13.812038155077508
16.684989620975404
16.335756153051086
15.221540823921558
14.149521361321389
12.904021453167935
10.946110424819897
12.38015490309141
11.845356103237888
9.841996029096771
6.324103135140005
6.29738011974256
6.436512851645777
7.345860063019915
9.012003286998334
9.596303967263044
9.68208684613126
9.31323818620843
9.162143463952063
9.13354660508844
8.708778531460608
8.395784156833203
8.39051375537574
8.107755765264208
7.782329849977631
7.571864954912783
7.6355300378025905
7.432985130482728
7.106904134814402
7.175665110027478
6.85659606417579
6.965137924848593
6.754035438676983
6.723032965370197
6.555172449959319
6.3321378625194304
6.156704701626098
5.696147681448383
5.347859404473002
5.523489677130363
5.244612169491602
4.98751900950522
4.399036419180184
4.07599545771073
2.9013220203482852
1.126022042219107
0.0
0.0
0.0
2.9831876752357176
3.4820478430455286
5.041116698485073
5.668997299760723
6.061316362997964
6.137198931053702
6.370681613032671
6.304439680172173
6.514156840339309
12.204674046793734
11.896446990074482
11.081885911163878
9.866572101377509
8.92482711757021
3.843621552486575
3.37106531911049
5.723061135398463
3.922370266976457
3.1705073540440276
3.110166988689799
3.384880737190998
3.552681293609843
3.413500517534888
8.495002414714182
27.80304639549662
29.91420748784254
31.892673529420858
32.27533261390204
32.0697621057555
30.430428061406786
25.360706674756674
25.093676056850647
22.281344910374322
19.894419240019296
18.086556080015683
16.603562511947334
15.444395670436291
14.32339634328907
13.483820032717384
13.136644034769283
12.375807081873738
10.925476785016441
10.177069797894378
10.042801278340276
10.056893775560264
10.001003834010097
9.886624719316616
10.024148413808375
9.455145394398569
9.283753630698753
9.207985984199661
8.975536902980268
8.65866526674152
8.351231983426805
8.2561505343545
8.119609452269708
7.8501629109595905
7.812190933270524
7.596072608275886
7.358882096053717
7.260235396932881
7.08091242007081
6.9161428703711545
6.735892508560677
6.793378324694698
6.704125778807614
6.540333810802542
6.404885322834304
5.9625976711614745
6.008313149657135
5.632674990501025
5.7306563968432975
5.384547313403889
4.585420207310544
3.596051494479835
2.9588607925163726
1.4653770788485565
0.0
0.0
0.0
2.244336063174381
3.7540978439592334
5.204589535584309
5.807614471262236
6.150487595591211
6.315710579458857
6.4558476605694315
6.459211058718539
6.718973765625422
13.510312870792564
13.302736488887561
12.889473972916429
11.77875233117429
10.85658095073186
5.675134613195373
5.153196020225224
7.314124359311444
4.905990505470124
7.688704458285668
7.406366091867192
5.868263830605738
5.100675229325907
4.243444105454368
13.504989115124891
34.15275223133434
36.50272471384551
37.90860872019341
38.58516784944393
37.86122983387144
36.32984644187091
33.850090303817126
30.59691963953196
27.116477976440194
24.164178651847422
21.49889905475324
19.05633888631396
17.535358996083808
16.404937607722566
15.125150201659515
14.007428770563783
13.262108994017936
12.3013999666078
11.616954678037004
11.10343067051598
10.777474015698955
10.60472104229598
10.156997747097423
10.184051072862514
9.862987080381084
9.549779629309691
9.257693522720636
8.964810797102578
8.83451207195628
8.395825069801433
8.256333351266747
8.110233774666026
7.945068053560046
7.651906847338336
7.656939670966645
7.3509774402075525
7.231566542050074
6.9426262131983885
6.955376256528365
6.7880949377688715
6.581655792786555
6.528306978908946
6.398048171062881
6.3208285733923475
6.426153733586322
5.9651277991254466
5.659810562635746
5.393358462995005
5.21558930492654
4.761689493015676
4.214746532435625
3.552572701146829
1.8367511443797455
0.0
0.0
0.0
1.8788996303692582
4.222340078593142
5.198637927483119
6.1187310518315545
6.479145671193837
6.309875601647106
6.586209634115344
6.626927363419675
6.471306345462744
15.469402577665678
15.57736080607263
15.490385308875616
15.11391900590911
14.071132392044994
7.758922656254482
6.566066195318815
8.14224266628427
4.7438402967069875
5.067577033567557
8.143883494659667
8.508999087326846
7.255671606760557
4.6309608541727325
19.084809549787874
40.89433404283159
42.858894651090786
44.652913382192324
44.96587051569167
44.29057768452857
42.33433243520321
39.20221050266401
35.8872918175343
32.16440418317151
28.540215289173194
25.397540664701605
22.01063734110241
19.554582513151296
17.639419292696317
16.623335637571024
15.299554475970133
14.105956595936686
13.277919245558559
12.536367553110185
11.951770486700639
11.402246296982026
10.998502911403335
10.733112833292575
10.45582549523418
10.092316972197546
9.629041961279196
9.311195168082621
9.086695208674502
8.794832687888523
8.611001696447364
8.531032913788758
8.30211923753119
7.981321582232213
7.793488138251348
7.691674018440892
7.302752732829293
7.239471197896237
7.036138040758867
7.100693362940172
6.574461764745039
6.534974668017581
6.206626475561158
6.77300903343767
6.416577019628651
6.113802542732682
6.118467882365115
5.842502606105458
5.480968959165813
5.252696941430599
4.842316699888211
4.14028055688769
3.5986503685061906
2.04363622577277
0.0
0.0
0.0
1.4689317017588042
4.222456274048367
5.440115007057734
5.908772742812949
6.402830471008872
6.328761326482969
6.648556630790027
6.719236935091862
6.46537766084734
17.268821236959244
17.631156496438653
18.437144335358397
18.42518413763012
18.45099854707614
16.5194139827372
13.168919761716609
11.422311532022391
10.54626623423124
10.057429617848687
8.651699281070956
6.51483443587041
6.050341536653378
5.961403341915429
25.60272834919872
48.04771870831513
51.00660730296503
52.163848891270824
52.053605671113864
50.718877074479494
48.59541166461697
45.15885229048453
40.95586434279399
37.0641928140423
32.92191456773064
28.72782261937819
25.062195436860865
22.071048147401633
19.48000706365559
17.56715131031744
16.385691070737394
14.899393174577245
13.698131819650827
13.176281914216975
12.130924638443656
11.749825682486065
11.216304984514313
10.873809192053084
10.403842593739052
10.25551572284304
9.812602505458418
9.658041574472696
9.30069517013091
8.814187570156424
8.640161414779726
8.480084689541092
8.223223225513669
8.136520706376036
7.845735893162607
7.815259519585201
7.321550419531369
7.234255454498029
6.966870415328424
6.934667928710598
6.681660479480093
6.608258094370488
6.656824608302108
6.690501979170859
6.406074910401281
6.311965611974863
6.086725845676846
5.974015733051851
6.002175595582807
5.514083808269118
5.1852097964249975
4.251209627172998
3.814098149892163
2.3144881940657456
0.0
0.0
0.0
1.3937139184217684
3.74784969318764
5.099561167982619
5.985109404724634
6.444941961392206
6.316806460222182
6.3095187253770115
6.5860812164624525
6.734890334601005
19.676397696433302
20.46105770477644
21.81892833048555
22.557647171682575
22.410726421297227
22.276923352067396
22.41188336674634
22.337146984429538
21.545063788876273
18.14421652714427
15.222864107344842
12.593159112626587
14.836320921796919
20.61730545752621
35.90561158966883
57.50134107292677
59.11473731080029
59.868507892457615
59.47055208257986
57.84205730578333
55.25976580788169
51.11665427262778
46.71921513964427
41.789377557895776
37.43634276108511
32.97939341860698
28.623687258558892
24.61734987160306
21.353243666883728
19.109730106546262
17.236313622236562
15.815570689996092
14.263766937703968
13.601916214418688
12.913204607083083
12.160468501681388
11.526580624358834
10.971899834705248
10.58048318496091
10.219228155007526
9.799500347467257
9.577515870610158
9.180823716759678
8.918476138968131
8.550077497919474
8.384757240407305
8.295893443058544
8.086269909307571
7.6520259839283264
7.844545791095495
7.638896594745079
7.333498237914527
7.0566682179407785
7.145592264246352
6.978693073709993
6.721122324254507
6.566622439013945
6.399263010582903
6.439038528729847
6.274269638718146
6.156845401553642
6.0779786116779855
6.095970655873342
5.677585440712738
5.0982217583999185
4.7007534764384475
3.8875973885267023
1.9699205854360389
0.0
0.0
0.0
1.0311575844325032
3.7643377063902332
5.582673763926767
6.280245316457439
6.3152599963851115
6.487460831951722
6.330668177372332
6.55378814777651
6.688591338055169
22.74363586432341
24.231782285453644
24.916119350296988
25.90099631609445
26.10388356640657
26.38381317942629
26.73871053712711
27.140704488586646
28.12365930704985
29.216365082801598
30.47869188715017
40.09446691758788
59.17408826234673
65.9275682231954
65.35149642840186
65.31233732150784
65.86170826470838
65.7428758064054
65.18435948996444
63.893691509437254
61.0698279365489
57.387038906801514
52.480604259366864
47.0838083431396
41.351232013229925
36.68141463456599
31.629211869508342
27.174959599031766
23.667985910111298
20.444608750366505
17.989311641910675
16.62535323954522
15.103601483658156
13.896805891484428
13.374061349305219
12.389331727530312
11.665406581595771
11.201927443920166
10.86220370231594
10.388652087761209
10.12768035914805
9.828378029856204
9.42651662766714
8.961664036525073
8.671112763942078
8.458333948333555
8.074921016047997
7.920154040829394
7.76240434681644
7.573504701670578
7.157320444901142
7.266440078154206
7.341894521844333
7.071876401688962
6.8815508941104735
6.884322511976464
6.6470998934083685
6.453138163393393
6.617481722284392
6.144129789628779
6.59023412301088
6.018012053709579
5.964673705269501
5.7473864628264035
5.615076055155075
4.988299234048397
4.110853682851873
3.1172445901017687
0.2505563446549552
0.0
0.0
0.5083870093073062
3.8609332433667367
5.511206591725319
6.239042293230124
6.485813360302473
6.6396774067496525
6.445396334692278
6.62716528093307
6.659486726307594
26.31167410470386
27.44857605515228
27.948027748474452
29.00112676701367
28.80731511035164
29.366677266839748
30.259958010388857
31.025939201037023
32.45583865213001
34.66819611497054
36.664286649694304
50.29238498271271
75.95490581866447
74.3314034602426
71.284881623256
71.21356602043267
71.0790507203018
71.32835333081943
70.22642454810409
68.85998407121542
66.0479796064367
62.24218066510595
57.91712333160107
51.99183910498031
45.83862320368296
40.05140135328429
34.864878960602795
29.59703345455907
25.36931673173899
21.635774859297054
19.19625202424427
17.256847111883253
15.665334506299832
14.362531860067156
13.565225502321065
12.668467196882059
11.967100503103905
11.264425648081358
10.849730088089185
10.486610901681281
10.189303352766341
9.500633777676251
9.3372217747746
9.043636324228704
8.902698448261212
8.522496197125685
8.349523448067341
8.042067427842248
7.865570510297027
7.574431106855874
7.331493119072063
7.142751995605005
7.086320328990868
7.118741815329703
6.906505724045157
6.779024979460905
6.540139096186709
6.507276485670324
6.322165603007141
6.014216861763622
6.28848823213839
6.232965887122776
6.048298102026355
5.8955116867750235
5.7572337259183115
5.017499786693606
4.155322756941459
3.4978878801773274
0.594330564191423
0.0
0.0
0.6469340965407565
4.593751450880232
5.744302838979627
5.976426902259124
6.555792495695853
6.343816141982297
6.600087144322346
6.777869135895298
6.62716528093307
29.47378441850464
30.083224070316195
30.94021329426503
31.434640135157313
31.92311620905041
32.1787041903741
33.38620464003235
34.04778203081405
35.7662836358603
37.811123051614445
38.99331457366033
56.22345050693974
75.50047868402349
75.2550741278728
73.8144927354686
73.24119190418592
73.60200734192716
73.11713621243258
72.89996501586646
71.57563859613259
70.00128485065184
66.58073028112706
62.446441640055106
57.17971305307633
50.161276411780555
43.5807170165385
37.80134454768498
32.37396843125437
27.535076054313826
23.50951978861953
20.14513602342037
17.8042004321775
16.35690842244996
14.731434718912057
13.512186635426104
12.876407312679195
12.070474961530572
11.498552288467215
11.07601367221584
10.455253321090844
10.14968920354041
9.905151329212046
9.561955760583755
9.0480297576356
8.713229194851083
8.415508361956517
8.340663901419024
7.952685652201463
7.9015159135742765
7.649848751603915
7.536163779396278
7.401767585043959
7.349307549606855
7.176266237971625
6.96556090215688
6.770311897423031
6.439514363756636
6.494366438573754
6.378232517344281
6.170923295046344
6.261240632864879
6.1927647584110055
6.1791409587742505
5.543537233736099
5.547367767806913
5.393668198843684
4.822267455157958
4.194859003538525
3.3045267452392504
2.474207012562056
3.072062297304417
4.141439628309479
5.422096344138611
6.091007617531251
6.081297968597152
6.350984918070769
6.357558900375751
6.527661681219367
6.671682054016109
6.605617907657761
32.21813595108519
33.10843349054169
34.01565990520874
34.293918064612235
34.74096028427054
34.97522701813323
35.53424850210738
36.36052142535595
37.61967899458991
39.07485204163325
40.15143729961895
59.804081458644134
76.3556048784001
75.87148805415464
74.07218175529016
72.62840629491427
72.74320293863725
72.8748591931697
73.97019636519671
73.57312931840954
72.62402503504984
70.39275288188688
65.81763490991682
61.183650556458716
54.700139533662
47.4949289223007
40.61085469616245
35.03346795883506
29.299549963833954
25.032638103165397
21.126950445991994
18.604574487778464
16.77424324839784
15.172616498191525
13.922765210561918
13.057446065111431
12.155358161637032
11.588524223235419
10.847033618723424
10.48938054653357
10.07085205107831
9.771056640820836
9.164161447271391
8.918441005159488
8.693160872017575
8.505533513462057
8.282988813907368
7.8320457896559015
7.790911894505248
7.653210651369416
7.547776369537667
7.2691619154542275
7.012424073220371
6.82896633667914
6.776785838763703
6.649630580260592
6.5264215897463
6.50825340767695
6.56212856048744
6.178211029891513
6.307824540047999
5.797383713176471
5.925045629170374
5.654420038287201
5.675406247176766
5.489382047841242
5.277463663089204
5.021759305434985
4.372483671073351
3.6911664780269557
3.8827538945259006
5.0966792803834675
5.80569859449023
5.973896774295152
6.262311261675158
6.547120458667874
6.411051924963103
6.431224454951797
6.535237837484021
6.65479500842972
34.96115785980164
35.750602713337365
36.6601241890867
36.869786213988256
36.58941146693063
36.620599865032275
37.12195295439156
37.67695357114554
38.58036075286345
39.93293099600136
40.762486216682696
62.48006927311315
77.2490881187052
75.8134782416539
73.94555489253874
73.01508843679417
71.63402840158892
71.72301215073873
72.60197572323399
73.36181939217613
74.06690233506758
73.02561513627556
69.23920804661135
64.1768702486049
58.55797363941011
51.035572184615006
43.75561730278817
37.75433852223723
31.764318507765672
26.986284480594275
22.659074055583066
19.27496605013449
17.04327019100514
15.603891698646093
14.032312431494974
13.316907970951325
12.413930795132812
11.683280572103794
10.938214384501405
10.474005756338109
10.181556712923191
9.8462725906591
9.65685434512513
9.144020387145995
8.903500784723619
8.44119856886104
8.313503598832602
8.00683064599642
7.863354284085523
7.5772033902138425
7.488202768899831
7.361183836630053
7.008561941903844
6.862643707547892
6.766512853644325
6.7812830379504945
6.773324753462703
6.5307280546654995
6.335526233177458
5.943643212030879
6.1445946283663835
5.9755982665077925
5.879449109431413
5.821710030380231
5.6297585859841925
5.305116025198931
5.4292346556551445
5.09187176057612
5.1492669066136045
4.2477973807708596
4.332755419639858
5.746003429863536
5.996073372759063
6.1018526268089825
6.327258065543463
6.3576778591324485
6.39864296484637
6.834249723604966
6.746340323655631
6.604972609968184
37.08480370074199
37.861718167680245
38.36102566296196
37.96737306526071
37.844715387125525
37.82591934593303
37.75247909699661
38.12241190747244
38.79299758815955
39.98104360505976
40.570794835919436
63.591310182053135
76.29612720848095
74.3572279786036
72.79524047021869
71.51808262268189
70.39737882229873
69.97870710473491
71.09779900816224
72.74458726393495
74.51283198602908
75.07314941192152
71.85627308524963
67.35521377196372
61.6093313434904
54.746118661962235
47.12115889399998
40.01964691662169
34.07733626356308
28.463658611813297
23.83354162522282
19.833828830204578
17.432090524012455
15.742862327805861
14.237572971789874
13.52133884048488
12.384255285281085
11.652796697083321
10.904800337908746
10.36569521829037
10.266826216370028
9.554508902840974
9.394773410128163
9.090752135102
8.713346213895994
8.435658036509697
8.164153436727128
7.796782380746919
7.770122208802685
7.518349348861481
7.283496342895631
7.3723047986877965
7.173168363101373
6.943280969784163
6.683452161839085
6.590991934061335
6.4109582181594496
6.425915816072926
6.1784272062340655
6.144367707142174
6.011805692556346
6.176589089639435
5.729889711066315
5.726718713186614
5.661975090928531
5.5963015397877145
5.13109794384512
4.883617824650516
4.683168399611351
4.412306442250311
4.293623266230164
5.9886666791571965
5.998938635822283
6.115379208859886
6.227419051286385
6.358034735402542
6.3779440959247955
6.329954424832147
6.559215745412079
6.755326034056139
38.5580152785594
38.86469253117943
39.05074837205282
38.79540610735178
38.445567921882066
38.19831918771195
38.227118595662795
38.207228727421125
38.83789643078217
39.7030157641863
40.48491520746815
61.16658214601016
72.79843160510904
73.42160721897211
71.30208256310826
70.17893150690648
66.04984063339643
68.15253373504073
69.32253245736852
62.1740273029467
73.80438209639657
75.38746423639996
73.35471344634334
69.40860432942985
63.2746611112648
50.08843284579342
49.064431842821335
41.98006888071707
35.6470354588996
29.557755986677886
24.382751631683043
20.38211368973562
17.783402985161235
15.945353349575953
14.194345048421598
13.386720210206718
12.414514060539485
11.645821047742366
11.028730150162824
10.3956801063216
10.191539436420882
9.658864463990694
9.533460485337786
9.000357951848432
8.697779130858695
8.345969770918323
8.015207273594099
7.879782572941334
7.625433469254029
7.580504564907342
7.255019653534677
7.144991136302201
6.938435582300349
6.906887852268295
6.477260282031192
6.245850682266302
6.568414121372936
6.431343413708494
6.178092071134817
5.769467635487648
5.814660213048456
5.850149009003904
5.735816956126829
5.6018926599731635
5.292635643832859
5.22500600711653
5.258710814379332
5.026964886158019
4.877431985194935
4.217684283857286
4.417593747979354
5.845367869168679
5.9861582923640695
6.155796513914208
5.979800486401638
6.316806460222182
6.095375862089854
6.289439902191973
6.439633322513335
6.487817708221816
38.82822996561991
39.061551329818656
38.859025647184325
38.727223413069616
38.286666262975984
37.87039513940611
37.53121352457681
37.52308398761105
38.23622652427798
39.345698354719296
39.763710276011516
45.97141487443503
20.121736353154116
40.63071932041474
53.60141334601675
49.62185526569607
29.108120226245074
64.59854543046121
66.0651731217827
51.288649632245466
37.63640213498176
50.55520360889703
62.976560965012446
38.90217446384777
41.90092228578051
21.96800907556979
29.30098711846934
38.50148074170168
36.100674082669784
29.533010933800785
24.335638509513206
20.120259092360214
17.550132031384578
15.808552603243058
14.340706658702361
13.334783375845316
12.23763579191223
11.460706831245542
10.840189956248409
10.603742133706403
10.170714783653036
9.799500347467255
9.342443471774216
8.755010075933644
8.466470225750616
8.45031775511727
8.19451247887851
7.937280089183727
7.56856062061421
7.448146414249545
7.449201201776786
6.932497438788752
6.921207257575972
6.706913189730456
6.357439941619052
6.365322470247712
6.315472661945462
6.168609343424923
5.775540458028623
5.531682743615068
5.237013493470105
5.196567028492857
5.310887858654636
5.466611719883016
5.425325470952499
5.314084874868838
5.2034978870679325
4.816152017495478
4.516514513219995
4.6407377245258035
4.387782841678213
6.002528396307349
5.7766323360305645
5.931403435132807
6.007740097044492
6.087201680703638
6.403501020651494
6.336528407137129
6.6162416308113245
6.621117637560968
38.52767454965214
38.732608913546066
38.361888029108584
38.04023182230174
37.54508530505572
36.912987005291455
36.644077972735815
36.560124080018305
37.51022501912447
38.75327617711089
36.055489779044144
17.127696295788922
43.987319339413204
30.56481699774713
14.137178816860915
14.381346336652667
10.390371385495987
39.991721625847354
62.7863835201268
66.49041970911533
69.40076592609415
33.65472177335198
10.70855784610034
13.214919171850976
8.64498873547328
11.48504544222341
21.444892587468964
15.252843181451704
27.46223999654084
28.328859110993697
23.495164864923733
19.70769427874997
17.32999278814225
15.638370917060678
14.119315936729869
13.185101236003765
12.166895073879655
11.296805311442652
10.931292753822307
10.502291540933857
10.11507429801718
9.682776244163803
9.302061679223035
8.840408978932487
8.646920759660789
8.2637244760051
8.116269705446655
7.8747708346150285
7.403593875486527
7.3893996699371245
7.242651738427838
6.9563595126956494
6.622000852763942
6.720120150294836
6.528069061395549
6.472690647645552
5.702887787739485
5.130986624109303
4.733902776001823
4.597964986391917
5.020171805979037
4.806032630296574
4.5453044085374525
4.759658700075585
5.308857618434054
5.118681234440192
4.670296428402643
4.585221181379833
4.213159032979676
4.0535286653233005
3.8866660398416593
5.4377638470149146
5.41591960209125
5.687640156746101
5.700809862526911
5.997219477984351
5.950422625796754
6.288369273381693
6.261597509134972
6.413124727733055
37.58485247671153
37.67884136110087
37.49953625414091
37.13293253643673
36.454864478682715
35.76309735020731
35.55251762786211
35.32718823635579
36.605221994665335
38.11919234201695
23.932452711034593
34.61001373366387
40.90444291929632
19.68856616373287
16.90201880837345
17.21684068236112
11.588079077463124
8.757822301949163
46.591599336610564
63.82933948885935
62.64640071579525
24.651840980741284
14.26435448764607
14.766866156016212
8.538031592694706
4.033670897945201
9.47638339944532
20.533592579533586
13.930323593557032
24.188172476319078
22.458630962089597
18.799171073012158
16.893725397292677
15.182783475414988
13.753275677415361
12.970289068040106
12.153206624012334
11.264443729767926
10.88536527838973
10.479893268262028
9.952703009229134
9.495075834286519
9.270397839596093
8.818441843641889
8.49093928034071
8.396010630736264
8.190377185287902
7.761085862407401
7.3083914137791
7.353663511827592
7.0007667859181835
7.021039356871186
6.8872164092594375
6.39061622550797
6.105680304807444
5.677918709515445
4.887316812232518
4.053560383866596
2.2795727595294037
0.5665862782919141
1.3602313037857665
1.0936794719578105
1.0166361857040682
2.334968941483833
4.342741575651597
4.241791334069294
3.997599966706754
3.9398481675804673
4.129090086800348
3.944187094493941
3.579356523040995
4.8581264225185805
4.703274187615857
5.004908414398641
5.546927493728085
5.834371415081747
6.036155542714136
6.2680742738541015
6.540308558849497
6.309280807863617
34.918770457843806
35.56749983770691
35.89858743822661
35.375788743928254
35.13583571712495
34.68369043386033
34.63041076356082
34.86142621640578
35.96172087881603
31.908314548473395
20.863889101886734
37.43890799046794
46.72094222778698
33.304519809343454
14.230026957876634
17.709682774744685
8.954982796962312
9.739412163358292
51.399883800390846
62.082780176608445
43.78540747001262
18.176497295530517
17.600457058094392
18.63432480060911
10.45656592433033
4.578573142424297
12.11247403206796
27.550400097439088
21.66195325634665
18.11374494275326
20.545900541783986
18.25732088562243
16.343607644000123
14.579002273146454
13.518638489896423
12.687750125465897
11.74188941030467
11.062416749537924
10.54855350209488
10.220350877148432
9.735752337265067
9.528139170632615
9.274312460556915
8.722629802640844
8.35672885878733
8.171427230039454
7.847257349381461
7.717144088318012
7.309937829389985
7.298325239248599
7.205997764858078
6.9511319969887
6.772704707726169
6.403955393951566
6.000809238469415
5.5063429693438195
3.024095577002167
1.6917437605142496
0.1879172584912164
0.0
0.0
1.3140928272591523
3.6541365078326957
3.4713529617524865
3.5239377076332774
3.28070621960714
2.408294963122942
3.509709516167785
3.608630626498501
3.4126710523794386
2.636443475200121
4.249445743382557
3.987823185671717
4.363976146371068
5.060863335639426
5.8027791042036645
6.052547387828258
6.439301698196286
6.275102350015031
6.472690647645553
32.177762515841245
33.420542085895704
33.80626906842058
33.71694638306926
33.380128006866634
33.11255365366057
33.250603716882786
33.234345361269185
35.06517657253854
36.50744416183453
37.58769024310662
55.6238183079144
69.3898265879723
66.2958178538641
28.715155407875663
13.250168847011176
10.862046381075146
14.153318593580483
20.672930830200702
23.944521269353523
15.89848129449756
12.458780897550474
16.2961271350455
16.236077063096083
4.085332403202491
6.932782817468988
32.050545022433234
33.945228969652476
28.913966219278375
24.02799420636901
20.099900193451987
17.787553477589846
15.968344277990713
14.319911948884432
13.169482777728163
12.165097154483407
11.517035043529768
10.80810466914016
10.379265514484931
10.01024631716775
9.771924592305883
9.372128521341628
8.76637157932918
8.564437068188774
8.28070415890364
8.02985040934925
7.874108126311546
7.818357722468897
7.346451567325433
7.1825865097063595
6.765815005396154
6.774361638271613
6.716985321998094
6.267479480070612
5.7160643258168395
4.817526387411555
2.527849265729101
0.0
0.0
0.0
0.0
1.1600522824865662
3.1224049591101903
3.0874482560296244
2.738314544938314
1.2593152889080754
0.0
0.3248476651788831
0.4421107631448695
0.5477216267506667
0.469793146228041
3.0541186589623113
3.4081790322084715
3.9959279903388785
4.227333321434996
5.326351284424404
5.4132635278900105
6.085363564109008
5.9284839448462385
6.3091618491069195
29.003936204174895
30.3087792427168
31.007894755243925
31.208928768397666
30.981494558254514
31.284026901473197
31.736727698169823
31.971866248236548
33.9003970599606
35.81377263073956
37.32384030628357
51.771784148525846
67.94191985541745
66.15133650311198
60.51752883907131
26.51019982157649
17.056896420562424
16.445542184841507
15.893924918798264
14.007681683800486
10.075033533626387
7.025962669867552
9.453335974856653
7.003310727387019
13.344787127877236
22.843865656466978
36.45458407895543
32.049362432546914
27.284712668665108
22.958320272568063
19.438796806943333
17.183362431040933
15.52133657564489
13.896842751260595
12.947358279678786
11.963192682496882
11.037943351533809
10.798177764994067
10.314538997440904
10.046665716691885
9.534514223199894
9.112113323835194
8.6358720521872
8.312206702825323
8.39989467862241
8.02989931198305
7.641665718497964
7.446899461200449
7.359445255497321
7.333654637756402
7.047522699698423
6.572958503805532
6.390327804088484
6.1270459331453155
5.649248645674925
4.7017597772819295
3.476296656369053
1.1519753053087372
0.0
0.0
0.156597715409347
1.7580819094930238
2.656645733056431
2.504735446091562
0.6263908616373878
0.0
0.0
0.0
0.0
0.9701650811738555
0.9709058355379506
0.6943456911619459
3.6791129529209523
4.213767281961739
4.015696113637411
5.006527085829501
5.348757748631971
5.615466307932125
5.967776885846116
6.288964067165181
25.727082052145853
27.065485440812967
27.817670835956076
28.759226549147797
28.86923180662206
29.163506555003192
30.291553433794984
30.995224774575103
32.568464084320055
34.83673510864805
36.36112355508376
48.64105467749744
66.85227573046933
65.67431590734712
47.89982639701606
19.193046901818292
17.15273962249356
15.2446996594528
15.027547034636337
13.465261971230696
12.947138575226747
7.084515504799779
6.0073832207744
5.407088521763172
6.974765999345022
28.464943057501372
33.868145849840914
29.853239653754944
25.553770959715653
21.326451761897722
18.310668471773646
16.54599835922296
14.587746309639769
13.477383772475854
12.456934735103596
11.575418858217535
10.61685903847009
10.485294087760883
10.201140293032392
9.621065347480814
9.288024354541601
9.007672334490406
8.610607314712544
8.29185930227941
8.042116330476055
7.682833711657481
7.479104136896532
7.097977616293059
7.1173055375866765
6.960440643733186
6.956086884333014
6.590315715748844
6.4109329662064045
6.0634031419876475
5.834608442140688
4.94655434747917
4.161333660222813
3.1811786632553054
0.2505563446549552
0.156597715409347
1.871749116004537
2.1937829126372677
2.041574477775632
1.9162849392632364
0.5637517754736491
0.0
0.0
0.0
0.0
0.4617780718665498
0.9781801555353468
0.5011126893099104
3.6894945016590786
3.6014576300580985
4.624583805979338
5.007485668850298
5.227013234145652
5.6816450943825005
5.967776885846117
6.10175540922313
22.285708822633627
23.815827719581446
24.91942515806943
25.74388833636257
26.291769913770715
27.001697155085807
27.789554519956518
29.099501321879227
31.02117226069821
33.39158487182798
35.139842409649056
44.40289007753471
64.41576767066053
64.50251614459417
34.789401348291456
17.84492472130122
16.403706591150208
14.475534490199363
13.660475120084136
12.621260780397396
11.632752633419328
8.75233346061318
4.904132835706373
4.686542424453962
5.161698721961815
9.788635424348431
30.101711942671546
27.18293862665203
23.365253504987685
19.67884813413275
17.402556676065633
15.915060413087348
14.172690713846082
13.115963995108592
11.963869903479354
11.09003964283082
10.634281339517655
9.954432050257159
9.595544649190575
9.307765401071181
8.92368612660204
8.734810516290606
8.540591408304687
8.21418610759609
7.742676380839049
7.470181492465207
7.432337102557217
7.131148336944439
7.20236745257572
6.841061623423344
6.601565153308808
6.416861650821811
6.281081538536524
5.8507220616165485
5.396754833946839
4.983291999804335
4.247969356331978
3.953589392758182
3.2126504982628936
2.4857057203734145
2.208207746999384
2.1318845808376246
0.5440844667519689
0.0
0.0
0.0
0.0
0.1879172584912164
2.574513498991951
3.1445535083744245
2.712482626497329
2.231580112349884
2.84554764961234
3.965356393284291
4.1987760054340715
4.729688296947428
5.144623536120208
5.572019506933011
6.28076814460812
6.5423129067688395
19.14044416663894
19.985835032096503
21.65572919972109
22.37802359639965
23.33454991829302
24.523114147663183
25.31047519799813
26.576031513928054
28.382625793605396
30.912069068626312
33.04661245389556
39.531598615912884
60.42439734008548
61.47439379353461
29.954859666257317
17.102670629135105
15.700413539641888
14.067102336081602
12.841179779286067
11.768309845494494
10.886055357291648
9.4133483807104
5.205911993958249
2.628462986699809
3.0079729354115656
4.982435197035615
20.058664603452584
24.664053106990075
21.256696944885135
18.549166750089668
16.77237166692726
14.844809399582093
13.661136758722238
12.621835428005289
11.534942978467859
10.875067972075378
10.321099059570646
9.99508567133442
9.591115859916348
9.021499358285913
8.549821006572023
8.315621220052908
8.288767157371211
7.77411421079679
7.625501126523966
7.369582961387778
7.11431716257693
6.954612000082088
7.053952471293661
6.651043147896819
6.5396380092068735
6.357558900375752
6.3027068255586345
6.191261776915625
5.727791133780077
4.9612030190044605
4.361952373494171
3.4788599250199157
3.006088958229425
2.750028682114841
2.144277569561909
0.5324322323917797
0.0
0.0
0.0
0.0
0.0
1.8886388840904633
3.41925330684059
2.936237454884627
3.2556678717025456
4.055351765833042
4.179936209083324
4.251209627172997
4.518538286096893
5.005478441821176
4.9981491935234885
5.323340443880724
5.969335886348029
6.060505392871927
17.002538298324986
17.6681182724105
18.417079980932574
19.32645313860916
20.37632617325578
20.9868358369539
22.644730718561075
24.038284509166633
26.085823798853603
27.78411235116804
30.16116000317006
33.476897139143446
54.60288720942991
57.36087063997779
30.684146652364575
15.94317493718109
14.470710583238604
13.032806578530494
11.280983446992522
10.679745096023215
9.904017979895022
8.416659645461028
4.581887519152903
3.160977678937201
3.314568906047899
4.012622961777718
12.812693336876851
21.912787156894098
19.23371039194788
17.497122258715322
15.768510796136049
14.109846114630637
12.837536811523613
11.658365299041716
10.738017320215265
10.224338241147358
9.664838315809538
9.314453224868473
9.018355774116575
8.601309691890863
8.313137965008107
8.18610271377728
7.691679453066918
7.528978682835587
7.279518621065697
6.911078483166334
6.939418838467633
6.447065268068247
6.3165685427087865
6.246427245661146
6.412529933949567
6.0928674752967265
6.009005161026478
5.594585467719518
5.185618690669426
4.499499463815436
4.066561440903194
3.6220696033924877
2.7615364765702437
2.2141909757230445
1.0335449217016894
0.0
0.0
0.0
0.0
0.0
0.0
1.0840064485063103
3.4856989546332917
2.78614563210492
3.3395040825919304
3.8073945207168194
3.5289961684157625
4.2993026755620045
4.421306020479428
5.218914603687801
5.132671584782213
5.2959609425941165
5.875824017695762
5.991434724634564
15.380154672791921
16.00170737014852
16.683999276594086
17.305808750231602
17.71829475275142
18.5493647725405
19.818237611131106
21.10259391382608
23.312280832408362
25.498869190114803
27.019465414374476
26.984166141819653
46.98380609394661
49.837629419885005
36.381936766919395
14.046415276061994
12.734738873914623
11.665604883628504
10.020523151215832
9.051758776324888
8.590554580130778
7.668085333004997
3.664034314049004
2.9710909866046338
1.7118718303255704
2.7467158362959547
9.828731821457305
18.90999851464299
17.59367612463517
16.04968593588858
14.417220688873545
13.241849680571129
11.798110077281642
10.816116664200623
9.909210500634613
9.193560924115628
8.873375514824993
8.561143653541668
8.480919649069676
8.284926766475884
8.16559708683569
7.598116023632335
7.28251308672835
6.960550143593687
6.710568022799421
5.136900313946401
4.694709547770498
5.273984359836732
5.8130284292434515
6.257830800480133
6.052677091466615
5.9081996902003056
5.806702208004791
5.572498123518802
4.67819570412286
3.889237646351284
3.3190275096955735
2.6837318016802905
0.39112391134131974
0.0
0.0
0.0
0.0
0.0
0.0
0.0
0.0
0.594330564191423
3.3814893422081127
2.8315943226361635
3.574293151690231
3.6114172537782974
3.5599471588094254
4.441733316286126
4.767664645466448
4.895884234206084
5.346349435497052
5.5613622634908815
5.638981655009844
6.0193743352774165
13.551980261189051
14.187449364966156
14.988686874592297
15.722958910432371
16.4398600025457
17.066138984863947
17.742873640994723
18.91921697666762
20.305323493047297
22.27317940490967
23.66405285768955
22.203558262922034
38.75322604061353
42.335940418515506
42.7911057616305
14.657829063103902
11.168331724536271
10.032958831370795
8.639620691505204
7.9503731053371824
7.592644548812349
6.4312047661710565
2.698602057019126
1.4161284336825888
0.6103607129144055
1.628526714622439
9.166124601280206
17.063476221751895
16.035859317481304
14.731192459808941
13.564618869365496
12.34153302369212
10.900349200829144
8.85000067315179
4.451765844963416
7.716002737441091
7.773377747602592
7.956116962653822
8.013894387983534
7.89762662004515
7.401204425600358
7.2558515535085695
6.771677281813454
6.333113624415295
5.354638897784414
1.1879150000935845
1.4965934505698635
3.5113268570713134
4.568996615949963
5.357601069402389
5.799771349429716
5.999708407369002
5.600509627010298
5.232020468389713
4.679014150225569
3.8906705403863953
3.305166607783661
2.5862988070720108
1.8434751274674992
0.5637517754736491
0.0
0.0
0.0
0.0
0.0
0.0
0.0
0.2855130477355225
3.4214413401202006
2.877501494716173
3.234200453526944
3.5871748031282564
4.207283530136355
4.390742268811628
4.70060806136276
5.2788328762749535
5.410212379221461
5.4929659409975695
5.696578242350299
5.795705753917861
12.658356861160469
13.097270843792627
13.584204472854239
14.145041252616032
14.573900685751957
15.175197912990173
16.18433128760273
17.008865933380303
17.862952681194173
19.20561069833392
20.113229284049282
18.96606171575908
30.581627890650537
35.87903130094752
36.89149507763561
11.618691279171147
9.746503904317171
8.838787854883977
8.101030376488742
7.517332381156831
6.884608464680369
4.5189802981758325
0.2622085790151443
0.30518035645720276
3.3822986063827885
1.8134879442035916
2.8960615123746076
12.84263181716115
14.460934179308959
13.590567907531183
12.752310976117567
11.428258473722694
8.987175001642148
3.377773620051371
0.6263908616373878
2.847616008802708
5.511913153514609
6.936189305662605
6.929275041924266
7.0995648412324055
6.811847511815265
6.750662692866847
6.409042611043754
5.189129761409006
1.2273393681704718
0.0
0.0
0.4457066545993423
2.296985804701766
3.565427544609838
3.9038069978610217
4.15477977988852
4.747682596825876
4.272071549964196
3.743735500203912
3.6130892301461754
1.7302550865050657
0.9082667493742119
1.7181969551400218
0.6183757872758967
0.0
0.0
0.0
0.0
0.0
0.0
0.0
0.8041304059502877
3.5001171820011656
2.8198595511875255
3.43478618512038
3.879986472228909
3.990052487495555
3.954146718214141
4.6362663295935205
5.137748541367641
5.480207034499466
5.544489705797046
5.653846985674558
5.777259615866557
11.867939446267211
12.186236300495654
12.453243885019948
13.06258377586579
13.493094700043438
13.726215056106467
14.264466708282807
15.27309192447575
16.42778337550073
17.262532986347402
17.715687746810076
16.833765035898402
22.86556833727164
26.691630408519085
16.858591350420078
5.020077041145261
5.900939274564441
6.821544171243531
6.626143851181159
5.909673902442613
5.088190406202826
3.2540910644789705
0.7246305330220556
2.2213941248169076
2.8074023801060286
0.8295975144874909
1.8575799779226387
5.904324380024049
12.193677030559513
12.575532846891292
11.884272898269097
9.867631279445472
1.9630275253884766
0.0
0.156597715409347
0.5011126893099104
1.0460937165156798
3.715786810396628
4.844722635970396
5.35901148261315
5.9083449743443115
5.871066410814567
5.4428594450677155
1.4927079417052358
0.0
0.0
0.0
0.0
0.9737816069004409
3.9102715447036003
4.3013822285447905
4.085918506307845
4.336308747352316
4.0535286653233005
3.0991417589340364
1.8169806642975017
0.1879172584912164
0.0
0.469793146228041
0.4071540600643022
0.0
0.0
0.0
0.0
0.0
0.0
0.0
2.322299205246988
3.4203679577525072
2.1994106497295722
3.380436594112532
3.6103026028663794
3.6353731798484414
3.9758032139515387
4.4296415696205935
5.086658362660191
5.145357721910955
5.61609050199838
5.631908304724043
5.7408861651532455
11.100851052929107
11.397145679470778
11.66695501002486
12.061971685685283
12.468829578697152
12.90760561042653
13.49150384720828
14.058897424314287
14.74774317082383
15.522242289256589
15.58104732824771
12.314788231168821
9.322070476517581
13.425252791324576
14.987078259148042
5.4175090003005
4.66613166544077
4.722712506154444
4.991495518996622
10.240972724271927
14.843969628011052
11.082709990345721
7.76644422183471
3.9364171800504377
1.568873559728071
1.0133454174430436
5.209137287663312
6.467094722404026
8.75081056499047
10.69355506747466
9.51712628420691
2.1135535750414944
0.0
0.0
0.09395862924560819
0.0
0.7276238108803917
3.0629672335809888
3.4862562800892514
4.551761109993244
4.082808340387028
3.933462385946248
4.1620071811339985
3.044268890839751
0.34011642526565755
0.0
0.0
0.0
0.3874867513426219
2.0574114977659783
4.052006437796475
4.789342543631409
4.511989262342387
4.088709990167425
1.760418710130791
0.0
0.0
0.0
0.0
0.0
0.0
0.0
0.0
0.0
0.0
0.0
0.48508254058692796
3.423154585032303
3.3803953255683075
2.818579826098708
3.3494637063121298
3.6219342029544555
3.8295430699810558
4.112511310816734
4.4656683909370205
4.917550133435754
5.17727532433536
5.489476483868094
5.72831304493911
5.661781457764195
10.467592213215536
10.833655304199239
10.978804561186724
11.446120704343652
11.639869680170156
11.948876705830962
12.502700565731196
13.207657227331065
13.445152637745732
13.880051226496205
13.771066165540908
12.841926030037863
6.29891706743156
11.403529177673521
13.560938626653206
11.011699348491323
5.649538845892398
11.06473826648398
9.767684133329846
19.154657640104237
20.827022023082172
19.739892200695223
18.332720066438203
7.317474331873127
5.642113198331675
10.783702971141075
7.573336452031444
9.030013827625648
9.775178184596145
8.851406557656844
2.761004420348074
4.833096740813335
2.2117563071372053
0.0
0.0
0.6641614332641074
2.792369683656532
3.5017891583690424
3.992281789319391
4.099900460254769
1.9536833563913527
2.712865791132347
3.0486315433015663
3.3662478990764972
2.6556705814154693
0.3714359683475269
0.0
1.8186798819317362
3.532972716343938
1.3639443938786713
3.9931976307104216
5.088396161965499
5.152054349131638
4.8138352170224525
3.4932496660947443
1.0017413221651166
0.0
0.0
0.0
0.3874867513426219
0.1879172584912164
0.0
0.0
0.0
0.0
0.0
0.0
2.4919679476389955
3.122384324838077
3.12240495911019
3.444188483384619
3.8932900486848636
3.8413100705071623
4.279958123717845
4.676818401787557
4.9851380936553555
5.128398536328903
5.18334203591649
5.304318167447038
5.739451990736769
10.100175455925934
10.329453113705606
10.516228408282318
10.784253195733749
11.331464766580511
11.46051417271779
11.786729160683368
12.010672555460824
12.585371935334404
12.685715624460519
12.84504999348542
12.132454879232272
9.495745217841776
6.535057879298959
9.616565568791941
9.850053488857316
13.503495637531822
14.508360012890215
14.204963021686073
17.931475235951837
18.058065448818045
17.670750228672546
12.822610538546366
4.393565595742848
14.206999104421127
13.957737916312759
10.947073562983839
10.617381883707937
10.219845023214917
5.617054952908233
5.984661754112745
9.627727335043513
8.71858531685805
2.5994020296345157
2.306361990627594
4.562330564066636
3.693395779850792
3.861213594243727
2.6899977717302974
2.0364159265052333
0.2971652820957116
1.331918757982687
2.3682476458712243
1.756050063855192
2.4181107601188105
3.0070239987064333
2.516373700351169
4.2666881006477135
4.2655877981388155
4.6463878273184305
3.5994078835047087
5.237174955455138
5.090973416417157
4.9340790869228135
4.335700498370254
2.9503176046349346
0.156597715409347
0.0
0.45735888895953136
2.8138121401066516
2.6064935388903407
0.6847321380542707
0.2855130477355225
0.3284641909054684
0.0
0.0
0.0
0.9745429955366487
1.3765783868740615
2.250617258351657
3.487928256457129
3.522823056721359
3.8272471209272827
4.279720876227606
4.656219130419743
5.258605545023734
5.224691548898951
5.284233388486173
5.31744267361633
5.81107631989213
9.674936352101925
10.048651639968435
10.188790898912021
10.34583019739686
10.645866735802267
10.948683358209067
11.171587219192343
11.126018696116471
11.607050181534209
11.751588174073527
11.681398163336631
10.962865656263826
9.362232197828387
12.532618786980754
7.751454778345106
13.005881346478313
15.865333062624327
13.130946221410472
12.15910874016246
15.599275385632021
16.1288798376326
13.490446200469531
7.991115179664729
13.305581804444765
14.346845763052894
13.471625514231365
11.789945852858514
10.18971488677823
8.483635621149324
7.697217872568314
10.215272831068551
9.903836388719474
9.188824373972095
8.150624489012346
7.197717071441681
6.540905190359676
2.78579015827828
0.5906727699206127
0.0
0.0
0.0
0.0
0.0
0.3445149739005634
1.3226951294359093
2.3137773420609564
3.4946161619286396
3.2841327094313426
4.018277211970265
5.15946720012743
5.279529779130946
4.963650632005578
5.2021689820070485
5.022643791075098
4.697008450104015
4.393146567933839
2.9243388423281673
0.3678194426209416
3.1969288943926366
3.899332670509514
3.74765250209946
3.063132307757888
3.38324385566444
3.008508295955641
2.2750363779839526
0.3911032770692073
1.3809356669647426
2.1768263011011766
1.2512176774581343
1.172355389527578
2.678830610231061
3.701683427203114
3.327315157047894
3.6880933261672633
4.679188813115602
5.136116011417925
5.513995444460376
5.642616689619784
5.373707270126169
5.652656596100213
9.417616620492328
9.580105743676665
9.675080470763499
9.903281208464444
10.182807146209099
10.342080142259597
10.595233764024433
10.601935114643519
10.77637430394207
11.187861912836329
10.751347521528867
10.553486622228126
8.798623927710707
10.950601322628383
12.336657054496012
13.673026413874625
14.064039103836459
14.355391819720609
13.563767869585169
13.310328568184662
14.623098590971031
11.664021846044553
13.91697195356162
13.770860557314492
13.617893351524554
12.788617227771992
12.279612686487503
9.600002959500463
10.025132086369682
10.431384879926153
10.062125000950186
9.67912034626224
8.988931634272909
7.8387113092350456
6.762908328556703
3.972551482640923
0.09395862924560819
0.0
0.0
0.0
0.0
0.0
0.0
0.0
0.0
1.7640651382166832
2.8314911512756016
3.3958869353038734
3.5633542774961455
4.224298579540916
4.963794131974973
5.148263293099042
5.186891731907801
5.405471547511103
5.053362449641814
4.760952619896008
4.236960353628983
1.6948249038148695
1.2865592115341358
4.084195823561002
3.8362466991564
3.834845523664584
3.561061809721344
3.834152797770594
3.9682941447059505
2.6721202226838683
1.6307512572556027
1.2279751115540936
0.37143596834752696
2.94533441358891
3.2486805837111534
3.720488023731593
4.0536957843046295
4.100016655709994
4.37352819347636
5.189647003246524
5.2613019273498445
5.168873068988674
5.397222617203886
5.696435750639573
9.042182802302918
9.393166156923403
9.782594942661913
9.679120346262241
9.936575970130914
9.943318831437217
10.113269804016282
10.392858352612967
10.528740518189961
10.547633434664986
10.051522626710275
9.2896141970537
8.15789980420765
8.983437494829248
11.478113855622775
12.414186849003263
13.081205739144693
13.516807943690486
13.649764432098598
13.503538757863852
13.814977806237051
13.42547499793514
13.418469350138176
13.189641801348023
13.060169705697374
12.558488298825546
12.136749911357157
11.174591648815865
10.996781951035382
10.634616241457696
9.995970756628086
9.63704727054294
8.70185538799684
7.606020570694103
5.468665180054282
0.7088544934558497
0.0
0.0
0.0
0.0
0.0
0.0
0.0
0.0
0.0
0.09395862924560819
2.35687292513569
3.120093120197904
4.004032795006037
3.9577771955297933
4.912130820067982
5.168873068988675
5.027556589292305
5.441442176198094
5.352293586104422
4.952831935632686
4.76156086887807
4.660769813971556
1.8919683005682097
2.4361135155757045
4.154478906905603
4.288349452964899
3.4879282564571286
3.3483490554002104
3.168931359462496
3.5660055043379106
1.476884873303958
1.140384973764886
3.0750384515064537
3.4242692359442213
3.533475406335549
3.800826291979507
3.8823986167379076
4.541704307394544
4.924791337677355
5.284233388486173
5.046862151968658
5.405404850359848
5.42777409221228
5.742317253799989
8.565575356847285
8.959447744163725
9.287404186156293
9.50259232794226
9.611320173588359
9.63820002408469
9.897990974337686
10.132231004568927
10.179004982215499
10.090007672343233
9.389516854996971
8.548800666822743
7.037129915482417
6.1382586534692525
9.075057949360582
11.139069579481195
12.040064582035175
12.677646796570967
13.018007854495718
13.14554706301379
13.216367177629662
12.839561593172105
12.844665675523608
12.633129044012994
12.33076723816572
12.049174592204745
11.6540343577677
11.150053980131219
10.999716535697154
10.634119308731382
10.04112006027511
9.641148456640304
8.827121184703591
5.232461748485125
0.5176220040981001
0.0
0.0
0.0
0.0
0.0
0.0
0.0
0.0
0.0
0.0
0.0
1.173371734023959
2.8886170378925153
3.822385797244486
4.1352681090630306
4.674625340678463
5.175233571334293
5.145207422061594
5.348384401401774
5.012597492998216
4.85133602966852
4.749444759171863
4.659631376821878
4.579651408099215
3.191418554978455
4.209850280066189
4.463881865550361
4.212230706031893
3.9676014188119613
3.7776667736980882
3.6496560067782826
2.6827640703229596
1.9504802537075954
3.1097662069241268
3.2259747089909596
3.3428480353276853
3.857312316052013
3.5134207584571193
4.29805179991955
4.567425907432093
4.999152807038051
5.128839930559565
5.161869112237311
5.224349022998853
5.2048051254713235
8.386808131910428
8.74847086375891
8.895750604843174
9.234917403295547
9.46626778781053
9.713614047272964
9.696644786895117
10.011986955596152
9.61171560868107
9.20837084794972
8.22995323670863
6.630345953737259
4.999932014268297
4.836960358486862
9.263025521311423
11.054680488075714
11.103575611612298
11.342906743648609
11.71772080692095
10.930770462300925
12.019599221910038
12.212290047772134
12.100681217279437
11.955710119487993
11.815252126616032
11.60747855426417
11.25945689047751
11.024666015597711
10.72216291652727
10.292518406332384
9.953675795648536
9.44400178667342
8.654468391809155
1.8233611442823243
0.0
0.0
0.0
0.0
0.0
0.0
0.0
0.0
0.0
0.0
0.0
0.0
0.156597715409347
2.4294763942103015
3.6496560067782813
3.815770126260042
4.570535634414872
4.943345160456517
4.9346656601931205
5.318683214868471
5.098207899881063
5.03611014369275
4.952681635783325
5.110009551369695
4.66043865173465
4.012622961777717
4.3358868223343885
4.21278803148785
3.6351965108661854
2.9276281139763216
2.4769383440197594
2.2175735359100726
1.8052871613930892
1.2905729291736072
1.3262910208903822
3.111954240203739
3.4757393309130933
3.9154385979490973
4.148300884642921
4.164860455643732
4.5467995856946875
4.960769432912431
4.716194884905915
5.155767204286762
4.898650010066628
5.266561683770858
8.159417846459977
8.306446615985834
8.52220334713711
8.898654782445366
9.205635568918572
9.135984317330168
9.319744185287282
8.892321797593462
8.719661870170555
7.773823153226199
6.733922148150455
5.690306919966338
7.154317405803694
11.260371252656714
12.619209684769373
13.108062925305402
12.857641793786868
12.571051558233487
12.084162274954565
11.021490560516932
11.000377990303582
10.578911421627314
10.469729230186053
10.500258422998517
10.637688648699639
10.906996032904814
10.766315527089148
10.506548084013785
10.087033587428737
9.957304622137947
9.568849858779245
9.142997605596154
7.041677069702061
0.2658251047417296
0.0
0.0
0.0
0.0
0.0
0.0
0.0
0.0
0.0
0.0
0.0
0.0
0.0
1.9639167224402674
3.871141499420629
3.8489929501563935
4.583025432941823
4.733433323281862
4.6827209550004705
4.990620919295094
4.727293522578707
4.497169961375836
4.565402134555198
3.9996576286097008
3.4694718691423447
2.98861724249098
2.6787571882981687
2.518930286318985
2.7007843644022413
2.932466789428754
3.333889559488112
3.2824607330634663
3.565365641793501
2.9594593865165533
1.9206422193539177
1.0255298473401981
2.088637569311785
3.2697144820634705
4.064045614499459
4.490870887078142
4.537007080955816
4.714001823796825
4.608957230100017
4.914836108846666
4.871935301036337
5.0216997369706275
7.515509408233581
8.06268515856546
8.455631813565546
8.617665538397805
8.694329108141545
8.890827817316984
8.56680315364324
8.15471734100705
7.166452397354733
6.655555416800341
6.187114791211028
8.631868477731098
12.086341594792987
13.401112515205615
13.49085692782633
13.879579368174987
13.885186048212839
13.4668599370713
13.19681893328073
12.607651324864653
12.361521900175438
11.973863465325334
11.34361070704202
10.768965436435066
10.211534887314315
9.656057460187931
9.496853115138912
9.076383223152863
8.587814860735394
8.537183722578314
8.459931056960313
7.224727576993596
2.568956599034116
1.2075127481449819
0.0
0.0
0.1252781723274776
0.0
0.0
0.0
0.0
0.0
0.0
0.0
0.0
0.0
0.0
1.1356331628542695
3.069519153945526
3.2773112985026587
3.3822168690720797
3.067774031927284
3.394967985017103
3.544251898776669
3.2745252194144165
3.0888162765035942
3.096256287747047
3.426326948839625
3.4966555973356397
4.02984354012922
3.9335347448797537
3.771473027731573
3.626950132058089
3.790277624260053
3.6917238034829136
3.91432394703718
3.655849752744798
3.465779707192894
3.705878832966936
2.6341552877014003
1.6271347315290163
1.2709468889961522
2.5540528011770327
3.8568586724907874
4.687930897979202
4.7890037223731525
4.627930780452352
4.724901435538906
4.560440610256641
4.931921560044331
7.232286101335546
7.872390630480816
8.049250963866951
8.192886011857693
8.11059411664766
8.052223229528849
7.553339328838725
6.80264227427838
6.618067694946689
6.631143609061367
10.049176444472668
12.485503589269804
13.382301576384586
13.7357605919708
14.515007006063481
14.458958991899596
14.095463787035044
14.132503491059351
13.912100096815148
13.380170505660132
12.959511554071389
12.45788719495082
12.047622947147774
11.648794566815853
11.173530035335045
10.976547028279079
10.266913929928661
10.012049002056028
9.380385007109792
8.964411690895973
8.275790494643703
2.106524106164899
3.1835790520386644
3.5080193920334906
1.8016566083886352
1.5364689337188022
2.3975213160373907
1.1375711052187332
0.1879172584912164
0.0
0.0
0.0
0.0
0.156597715409347
0.0
0.0
0.1252781723274776
0.0
1.7579374695882366
3.2834850705548053
3.510634131177322
3.371591621304252
3.6858640243434273
3.878449896299063
4.163217176081891
4.188123655819884
4.103024535640568
4.33460505244114
4.173387185328817
3.7207348140375216
4.146039864275789
3.0991417589340373
3.6557143523067666
3.678420227026961
3.6468693794984874
3.6352377794104105
3.130651337918287
3.2929570479675117
3.812983498980246
3.6136465556021347
2.612974469794498
2.0298077058699624
1.3146594208023055
2.712727958221806
3.774974278312099
4.4560096401997376
4.909947673670134
4.65331960055761
4.385080173232293
4.264613404244716
6.932115310565614
7.282817592938621
7.384145320031017
7.543550287230776
7.495526663112877
6.60330107856565
6.0831685712442845
5.71473699698731
6.721841679903985
10.562595013612933
12.726816904779097
13.428010180397736
14.03629940400235
14.442506938429988
14.622258304610282
14.475338334140616
14.388555037315413
14.004198258595192
13.74013685352733
13.548983934202937
13.21576551164445
12.777489339537523
12.268382431025783
12.084660300976214
11.545377289660502
11.216720130900592
10.887636741165837
10.433961487759735
10.113951575876275
9.679682033149767
9.181210171319295
7.68450902151346
0.5234831956965786
3.2023783370679997
3.2272220495475303
3.2685717725186403
3.418118021656558
3.5001171820011647
3.0725577199440393
2.184811473103362
2.188019440732144
2.4848155854707046
2.399275829493719
1.9467605566204484
0.156597715409347
0.469793146228041
0.5950713185555184
0.2818758877368246
0.6003664276442251
3.3843585065763584
3.4715515281414824
3.9359804427745777
3.9437651694760163
4.214746532435626
4.3563777436337645
4.444128090654848
4.411448243811435
4.319729971368702
3.952745542722327
4.001126762127673
4.044412891638958
3.9349167153887628
3.737692878379261
3.567120155249828
3.7703583768196536
4.002074294058263
3.9219031447916763
3.749324478467339
3.888544920457292
3.9338212694596484
3.7105284000113947
3.40535113638445
1.9744429397036192
0.9315712180945902
1.8680706874616142
3.1788909831826944
3.6941359479919136
4.2535900531387005
4.559698607272991
4.6906966738397475
6.453231870197046
6.6761139230878275
7.0412969056904595
6.7398229834926475
6.201831161704007
5.490251016525448
5.4652700436712705
7.0239378918954625
10.818746136828699
12.752501700900021
13.385295047122126
13.644867851459853
14.149392280386351
14.365913079093191
14.338093424276959
14.224893894044577
14.278634213045208
13.820640901875766
13.47927491668762
13.375094986066589
13.000251208593836
12.771164060014215
12.389278089291581
12.162188681143897
11.789669345497403
11.407514936107493
10.944257006250195
10.453374469521757
10.20621226320061
9.601345727897364
9.175336042939511
8.279276273925332
5.88099189994251
1.3052478955947266
0.8938945497412385
4.000926584921277
3.8994680709475453
3.9527772612656236
4.065582190429304
3.749324478467339
3.4436311579286594
3.1689107251903836
3.455820083472696
2.947807152156367
0.2192368015730858
0.7516690339648652
0.32484766517888314
0.3874867513426219
2.519930755733928
3.4081790322084715
3.7936215769958066
4.254147378594661
4.210829530540076
4.335886822334388
4.538158306990822
4.831988790495443
4.488662436673553
4.60399570580146
4.251209627173
4.0939087619562216
4.34989884838817
4.103024535640567
3.887279145403509
3.7133150272911903
3.7542681730839034
3.8793254648782156
3.9898853685142264
3.362767282768083
3.8035812007160064
3.992958520373919
3.937587147213331
3.6091879519544605
3.3278312139596284
2.7031308648645087
1.1660974140265628
1.5681328053639756
2.9920217135963885
3.7454232002756225
4.147130453625112
4.231998829330426
6.208453316422476
6.238134105518231
5.791170364542669
4.959261323520042
4.632232887152439
4.376818844096828
7.592931666706036
10.919624863472961
12.389650932907559
12.953815857066393
13.486644885968449
13.76194863149429
14.164798557296049
13.954655675440367
14.116198851689273
13.922623302903588
13.879268213714068
13.649062875641798
13.262577557156433
13.13074749647744
12.80184519124635
12.525759689558287
12.380043454371707
12.121832708254207
11.625320127241316
11.254579933063564
10.923698877961087
10.585978414610587
10.184449948376873
9.596984840081376
8.867187027394266
8.376337002018685
7.792855046516881
6.959284800167576
3.6263453994820134
5.211872237136867
4.680854286467249
4.948526378138875
4.320658298316487
4.448653341532458
4.2974652266492415
3.879699947649013
3.8921753977729443
3.5793090807938643
1.0794131047783506
1.5482911543782014
1.960428329799725
2.8723599121762953
3.373284231944243
3.7794741505039973
3.8771841212452807
4.220924554698308
4.313738273070156
4.596666457503778
4.3390745232128625
4.494974212937826
4.473804914147477
4.446522865023569
4.44865334153246
4.676856623347086
4.449632592006345
3.7261966787292162
3.910406945141631
3.7743070972584998
4.24699010585809
3.8459197982967024
3.712497985230353
3.658500979586562
3.6042442573378946
3.753273198906184
3.931440843493947
4.380183920862859
4.171428684381043
3.1223843248380776
2.6255944355120198
2.212668198450627
1.182127562749545
2.757137927935336
3.6984653249044612
4.002074294058262
5.478345384950807
4.685163221537638
4.016686448382481
3.8588806105251545
3.8851289922352636
7.899250185840304
10.571307970375667
11.984514980239725
12.604639008147712
13.221912147702282
13.75032952085044
13.82629545457217
13.938679126436957
13.965623988808213
13.906213076085326
13.71398643340276
13.632697634959845
13.450011738681578
12.994658426949327
12.775593475766117
12.658068753511111
12.267923973431738
12.069851107367128
11.720606776494078
11.498767397721968
11.097979901714918
10.738867669967595
10.463262007001237
10.086890134204396
9.694041056401455
8.855011779937584
8.520265636970775
7.834329673137335
7.109584115781541
6.075411932990233
6.062064393373838
6.18071221649688
5.894792066906099
5.509980990402132
5.068951132768531
4.525829312835049
4.380448218722691
4.432617542601784
4.167798207065392
3.549357975146199
3.486813605545211
3.926512872581214
3.84647712375266
3.6878018910190873
3.660506922781469
4.522256262061734
4.8335762899513925
4.533357587063444
4.627029503874162
4.537140834957405
5.136699897359316
4.801703718020752
4.843671314109622
4.239156102066992
4.610915731047792
4.804308689510118
4.093351436500264
3.8938790926841196
3.9029439428423607
3.8212554226287345
3.962975967318589
4.129090086800349
3.9849891161447917
4.048497012515835
3.8635940202094288
3.9353194354238825
4.196817504486298
4.351857349335941
3.605358908249812
3.0940432927419534
3.0403851644934687
2.586876766800081
1.9097513736299359
2.634645951150352
2.986677991368633
3.7144296782031083
3.499559856545205
3.215375222726354
4.017884911236681
7.86897354742623
10.356067261742872
11.298162375784614
11.88829249492334
12.700453010255197
13.246007297007676
13.379592621767157
13.469462959208185
13.836420864932316
13.563302070325243
13.612190926169585
13.53733173836536
13.558367309180145
13.384309031550666
13.214861554982653
12.813063527615682
12.299939380860565
11.9987205289915
11.742448028944974
11.465772488746728
11.149613056872585
10.705657427257204
10.551207182518318
10.219766956288938
10.090320911479136
9.419151692810262
9.034293462501042
8.810341896170396
8.087277194462434
7.540783438498823
7.051331202373324
6.851152562248204
6.425414729093089
6.201475744167636
5.665128423182942
5.1892272756733515
4.858665277966208
4.981379208802065
4.624185754117922
4.6459633018903315
4.5133777358676275
3.9313515100022327
4.335496615859759
4.100879710728655
4.768851895616226
4.800116218564803
4.589138183275382
4.7959237476194865
4.632720329189795
4.856415673582868
4.969640141913638
5.128192372657033
4.917077896037107
4.949506636871425
4.84151378723114
4.544603837256672
4.488864149933184
4.529413534798301
4.399830992126379
4.23039212489167
3.9737794410746425
4.18641996090871
3.6993030012374124
4.324575300212034
4.049476262989724
4.082834487324106
4.145363133221259
4.2440523544364295
4.179262688172139
4.022128941936691
3.668460603306761
3.8741266930894196
2.8199214540038606
2.587000572432755
1.6475427946147918
1.6868774120581524
2.808145414011
2.107818723481037
4.258063338570761
7.62458760294553
9.609822468321031
10.579394787180782
11.411278195047643
12.15422273635369
12.63047984300627
13.097335601572603
13.122956649014835
13.274843350195463
13.590617950387967
13.793176869632184
13.537892536373723
13.42211797472588
13.397924392632886
13.381522749970587
12.765146284828033
12.404094377193921
12.27281351259591
12.006481743861768
11.6031948679183
11.249357518017545
10.839849846517978
10.727455572856622
10.547805020667607
10.203382883319431
9.737999084815188
9.476421513246073
9.112777457529127
8.72383955121792
8.215541579800975
7.634537472919254
7.3594145334658245
7.032314515950239
6.762757979611051
6.567411947413266
6.099513423234518
6.078895825272519
5.749054578532088
5.56714701684067
5.6306677634719025
4.987389377108949
5.21214487829083
5.113404243665393
5.174475022502871
5.257448606469703
5.254532201952874
5.25010582846009
5.3197457173956515
5.219767917352999
4.796262568877739
5.174544416037309
5.268805838537562
5.249304945518086
5.0302668301372675
4.865749461580755
4.8054270686434295
5.1502705201281636
4.656827379401804
4.049611663427754
4.238176851593108
4.393281968371872
4.144081363328016
4.426133790776402
4.239527103558817
4.61726841620051
4.3228540467544985
3.973914841512675
3.9225958706856683
4.3407830747038245
3.9729355910387874
4.032223966094922
3.5224011317034303
4.025202093796384
3.1522631959986738
2.819900819731749
2.2607999131637992
1.9090106192658414
1.2512589460023595
4.526303630874172
7.270461541794204
8.961081639626041
9.663529881949469
10.346464910524473
11.014443008278418
11.821635929339331
12.521623896949729
12.900471368226354
13.170056907631295
13.155828661354288
13.370465134859913
13.47550261953609
13.236500249466628
13.283523238125923
13.19935124909406
13.194819830674968
12.799245962492572
12.399836541703026
12.294249345300129
11.788708036078658
11.431746678799511
11.168182325331696
10.644941947091066
10.70137277798977
10.19309501476427
10.029454047289025
9.529116765949267
9.35063355699599
8.893448862777147
8.410831337760678
8.311014298421226
7.956484604089557
7.693101297461782
7.487711140816186
7.271620055872437
6.9650284249880885
6.879912881357418
6.42998436347873
6.426629568613112
6.308325627027835
6.309994560403804
5.876295777177003
5.776398494062723
5.805065458199778
5.745952288409927
5.632247515368842
5.865729883991988
5.81480835653609
5.584148246468112
5.757545328063531
5.447942473871251
5.631477743822125
5.2196487894785495
5.34960803710706
5.301832323832122
5.186522137529571
4.8229112383706285
4.879858939797229
5.090916873142909
4.547235859115634
4.354795100757602
4.539944832377478
4.725296800071404
4.622401916060184
4.701770948471863
4.703199174333273
4.365999919247965
3.7255356713785224
3.8994680709475453
3.8489929501563935
3.6701325796746396
3.988178463459709
4.044412891638957
4.037255618902388
3.798820348784603
3.6346804539544495
3.12240495911019
2.4237042172132104
4.846682843617918
6.785836879279284
7.935165249602437
8.992317782323031
9.534307134142855
10.515745872699567
11.049029901988542
11.436323184134606
12.004114187068634
12.596584244514252
12.779475359622637
12.890806865402972
13.017901698492603
13.258190974131582
13.0984158313226
13.190478192572776
13.037230704139375
12.891345290284372
12.690751277354812
12.389631178328768
12.209150876391094
11.820746992011596
11.4978755446902
11.1590480907394
10.943893023541039
10.600954704358545
10.091559598048892
9.955101276758036
9.806360944376605
9.400110247172861
8.793548702253688
8.579470609569823
8.241534472737746
8.037316396891887
7.740559873586644
7.568860083175999
7.092187579149862
6.834412852107097
6.662490123451071
6.513060959575984
6.4111708837198025
6.439420656952984
6.631105521921147
6.0468889001187955
6.249800829803658
6.4109799593302945
6.204171824012195
6.131468404927263
5.9784164636629535
5.9908616720219205
5.758759250591906
5.784332966152359
5.788852655520161
5.732378640450966
5.305846777890368
5.186052276761452
5.078136979439055
5.248779948589317
5.209567623839174
4.925001534797999
5.013426443622743
4.997390644692065
4.720373497332375
5.0627094294904404
5.000296215880154
5.006331755486375
4.397436217757658
4.343228772598649
4.163663162662412
4.24405235443643
3.7825473023636897
4.005736489917212
3.912500846527437
4.026181344270271
3.8489929501563944
4.208568510172942
4.05450791579719
3.536126633177313
3.2730584347992258
2.924564586252325
