8.774087595511642
8.958885742286324
8.984462427180079
8.282863538273222
6.891813171200055
5.691026968253573
7.2798422901885855
11.480382375200062
14.14624668611785
15.508875661032537
16.406912946017584
16.980404292893578
16.987379793392947
17.076623769890745
16.997103842313763
16.99567358407036
16.888191294740714
16.826504692780368
16.566433113640155
15.75760131525732
14.627959107022749
13.576308357207967
12.799876979357157
12.132984843485124
11.31480356274022
10.16168518129769
9.623154881606055
9.168085388487276
8.725539724685595
8.17978431099751
7.781818817808537
6.7314175738180335
4.607239436605536
2.5895113768826534
1.4350272377936768
2.8911335155487645
4.587564217148776
6.512171962783355
6.999119314268932
6.965137924848593
6.99358168935749
7.383162063863731
7.086249435638263
7.077705045340053
7.281038202477424
7.061181257767421
6.818987911215155
6.587941353672052
6.52754272246267
6.342839219975671
6.103939405798667
5.309755962593019
4.463912672882405
3.4959098000907978
2.2469138680832543
2.021517397424691
2.2979322886065288
3.1417572569589316
3.7102418754314974
4.037255618902387
4.042318990253152
3.6242109470254236
4.199147006925898
3.811160398470503
3.8473209737885163
3.731833099239774
3.8345747227885205
3.8644378702452844
3.9245860901767387
3.842002796401153
3.7825473023636897
4.061529788095726
3.7044700544829094
3.544971605985594
3.2608076064388536
2.2393688228985984
2.0458997574092823
2.648217773143764
3.6610642482374267
4.378526292897998
9.43249481363838
9.470221022969376
9.77242893025341
9.984887952949316
9.471432120003737
8.099848738831025
6.612791868125712
7.3366351043380735
11.066665000573064
14.285552821708757
15.807859197882863
16.522017258949653
16.96400234686691
17.02928760569917
16.977022437339897
16.984577270750318
17.01092948809266
16.538408321731083
15.83699635294382
14.677639671141169
13.280099330168404
12.039961345044999
10.604857004271198
7.989656206673483
4.968586637943092
3.7172303662226143
2.7895194028056323
3.001947144370697
2.8529230846290496
2.7282945182151352
3.8523652025118857
2.953988841514673
2.5615088865416142
2.4360666416664105
1.6468020402506969
0.6890299478011265
1.0371820817003874
3.064511338368278
5.564802841174994
6.357439941619054
6.7141914656794315
6.937780825714577
7.079929163903525
7.22338925784127
6.91412272939496
6.762407241576867
6.7862095486062275
6.651040134396446
6.451804365116673
6.219179646387635
5.637313638625524
4.424042576719512
1.6721383546089068
0.0
0.0
0.0
0.0
0.0
0.156597715409347
0.6802328505313149
1.1609374767554492
1.9656871109780327
2.9700425659624217
3.235377007255199
3.3971047575763538
3.4785259581928885
3.2481232582551947
3.5089621548094456
3.621934202954456
3.5338973313534763
4.09433068697415
4.082834487324104
3.5721360843534615
3.3599187526719496
1.964375385432184
2.1756291131008085
3.6298940571826557
4.11452073529061
4.834931916574945
4.6567786533204565
10.01174042602752
9.978563399964097
10.376417413349213
10.376571471921302
10.480189381625012
10.231561954499002
8.920399568920573
7.1782090382358
7.021072878584454
10.528954850069365
14.136257391670911
16.054183698244056
16.81634834375195
16.965346027772043
16.952528508479183
16.66217688405238
14.86661945414148
12.47272227029222
12.787985550229843
12.457075931556602
11.000169997216895
7.986216842675465
5.5003386208120695
3.7664907892290973
3.2513511633209577
2.6623296121452236
1.9154410135385782
2.6628226948761413
0.8019151314043195
0.649695330357766
1.58052579408826
0.8492648232091712
0.7203494908829958
0.5950713185555184
1.3656669068779679
1.3379226209784587
1.8760857618231055
2.037164562955809
3.068743194127954
5.343923287619088
5.987005969656504
6.496932004484177
6.8589666360262544
6.983137415178279
6.596162807626285
6.572695334339092
6.536913574586688
6.274864432501635
6.246686904345385
5.760610468614731
4.5458203352207995
3.162916855924778
0.0
0.0
0.0
0.0
0.0
0.0
0.0
0.0
0.0
0.0
0.1879172584912164
1.27815930617721
3.3919237542958216
3.837918675524276
3.3539223099598026
3.667345952394843
3.8448051473847826
3.8138116253122676
4.119974313116004
3.503889233457754
1.7320048407707183
1.052450841787162
2.9840316009603747
4.087897858674867
4.64163707694343
4.807843518723906
5.324344057395285
5.483885363682646
10.160430910461052
10.590360986746266
10.957948389819354
10.967868077826356
11.22103275189184
11.262715675684316
11.090906637042394
10.050979378690254
8.387303364947613
7.102342024462885
9.280068473926402
13.937942378768238
16.2559157435708
17.013429171270907
16.851802159071674
14.172687089044036
8.18115578134672
6.372461666180428
5.244773434264853
4.36142026817351
5.575894733649161
4.546728266243982
3.4881964859908634
3.1985900864829073
1.3715399756947466
4.055308317514718
4.149875894392615
2.8902734428041787
0.0
0.8412497488476801
1.3335240723435535
0.0
0.1995694928514055
0.6169951703673919
0.7669377940516398
0.4734303062267389
1.7354769265925165
1.8747946705493685
2.8075261857387015
3.890352297263201
5.46136930145124
6.250719463774249
6.552831754060246
6.666126038727649
6.446853519727023
6.460893129981862
5.998319129795167
5.879449109431412
5.33693942129386
4.580458683011986
3.7769583241002636
2.3665137666870075
0.0
0.0
0.0
0.0
0.0
0.0
0.0
0.0
0.0
0.0
0.0
0.2818758877368246
2.8432052884521277
2.9479309577890396
3.2143224746307713
3.0837030125480513
3.6020149555140577
3.881101123140827
3.1794276743665413
2.031798282963569
1.2922102439915044
3.220445202625392
4.018243658584439
5.148263293099043
5.431263549341756
5.595297926273153
5.448840818030216
5.509744062664551
10.5075268122095
10.911777578353341
11.110939333107561
11.574262740269086
11.723002127173196
12.062363377827229
11.99066305086564
11.947721493178534
11.106068932881469
9.406580976268874
7.447286210415571
8.295176435575604
13.459433942240857
16.69875901586133
17.414981316331136
11.15643988249723
7.388114101896976
7.350007014723418
7.03984838327421
5.486990917934785
4.999806991050093
5.866343211533721
6.49473831097844
4.658015334925379
0.2855130477355225
3.431723358694763
5.339766833696207
3.4847104156572573
1.0404773456082927
1.750745686679291
1.555574742462791
0.0
0.9368663271832972
1.9824992826093357
1.749011807495076
1.063300418966918
1.945937265167902
1.9985706998765431
3.4541068385605933
4.271383157835572
6.466817235988116
7.243179132191459
7.358550741901975
7.242569072766489
7.226611654705757
7.231607351378538
7.206558083473763
6.738654667530474
5.978146060097057
5.233772126213879
4.041591335672521
2.4696087282002686
0.0
0.0
0.0
0.0
0.0
0.0
0.0
0.0
0.0
0.0
0.0
0.4384736031461716
2.0566940387669446
2.947889689244816
3.05261535858173
3.02929025558924
2.9460526387000403
2.079292414673209
0.7829885770467345
1.9298452136285837
3.0271022223096278
4.004922711988209
4.850087351470823
5.264627226111102
5.31382930566388
5.623163852284183
5.693424910095888
5.608823518548239
10.7793485284172
11.236239043114816
11.465255186283414
11.793806469069686
11.970022753793163
12.406760868565382
12.697082040559959
12.764178109076942
12.68142636908741
12.093876860479641
10.865495803091125
8.526429691954876
8.283578818442333
14.8428913771245
19.52437804237879
7.65194864637831
6.120327018725141
6.449429937787147
6.354285058194849
6.3012445326231825
5.389845547417214
4.581537019195514
6.620625513421442
5.72886888892089
2.723257133897154
4.083355808285959
3.8550314184368593
3.492654616654059
2.882934489443495
1.710030452327426
1.7780861736716698
0.0
2.031766330168628
2.925639734604372
2.701175953769525
1.809830149932782
2.3069844174253156
2.5358899149965306
3.7733614001704385
5.232847684208116
7.1156863392171665
7.742814854983997
7.867273908668607
7.831878413426866
7.484660152184991
7.498496874632163
7.509373727538203
7.0220226130384695
6.535182134474106
5.679953617828318
4.261583848602391
2.2853839255298443
0.0
0.0
0.0
0.0
0.0
0.0
0.0
0.0
0.0
0.0
0.0
0.0
2.3416247993210275
2.761660282202919
2.912974254708475
2.8897523230765447
1.844046098649253
0.5083870093073062
2.3792509310429586
3.4492675784392155
3.9736091119499712
4.807794792642559
4.9861417071699154
5.585738732372437
5.6422264368427335
5.732310823147879
5.674782053110511
5.747959515439049
11.209766567402186
11.470617241228071
11.725663281471194
11.91411501005217
12.173025764346262
12.536894232285523
13.064036217027459
13.398167660814734
13.362413230413447
13.403548090346671
13.148136109410165
12.465900187637926
10.860377998157347
10.814889871870138
16.782626433966968
5.954145057611174
4.778159933369195
8.322302718436113
8.436389007899038
7.02630903936212
5.218582161752715
3.906509870041407
6.6743587519477785
7.12771437924567
6.986480269397753
5.19089034875155
5.969242240589815
5.546634852761347
4.461231834223893
2.7404769500042843
1.578284791704717
1.9529912151663051
3.1426682246236033
2.9928107746566246
2.9104971089216747
1.668277928001186
1.3219337407997016
3.226807295814299
5.9352545910472765
7.578050226378784
8.151483841074914
8.117914556456675
8.179000400167766
8.009420741181275
7.854002931207998
7.594288952747121
7.478509085862976
7.002514298531743
6.388637129541673
6.07452178616935
4.358721594476384
3.0500212468541137
0.0
0.0
0.0
0.0
0.0
0.0
0.0
0.0
0.0
0.0
0.0
0.0
2.1177418378476878
2.7965138139229206
2.5170458977273955
1.5207624792870118
0.7625805139609592
2.5752658009841163
3.499539222273094
4.366305648810667
4.7591660945093475
4.833576289951395
5.44109997910492
5.783380494091411
5.711973331054415
5.947658655864939
6.0511018648942985
6.23144116445655
11.608257295827205
11.800965067980286
11.836234184479608
12.364429010774499
12.597710689021824
12.976421700597262
13.53778594969451
13.74054319219792
14.019370068580038
14.215804911404604
14.449002881226793
14.444476130110099
14.915289627906892
18.715661196518262
19.4413593937137
5.383054366953547
7.588662337156424
10.362775150230073
10.983573109500625
9.731925375513631
6.6916371680998195
6.85231484687788
9.32668481442087
9.035150286649797
8.325061988865254
7.125953902382657
6.531449258665611
5.909158400354172
5.3369471138947135
3.5571363218853285
2.907430264109438
5.746210470209051
4.936270201479242
4.406223080466241
4.363150964796437
4.503402374457824
5.0413648448333745
7.011838976691783
8.000350382522923
8.16204630679279
8.697399279269593
8.530286537775872
8.470482538034341
8.335349842970746
8.108260559010132
7.824229161896737
7.768410147597977
7.020820357150178
6.920893780128189
6.458973141205146
5.206740821501244
3.7468339185831288
0.0
0.0
0.0
0.0
0.0
0.0
0.0
0.0
0.0
0.0
0.0
0.0
1.7226687727761836
2.6218541041527597
2.7382939106662003
2.5987147096092813
2.6917675103138943
3.505556299257353
3.7787814246100067
4.367151145282965
4.308842020700719
4.713044249034693
5.263787770964758
5.792267438241995
5.7508247785022695
5.989293958993188
5.840156168431535
6.087752992145437
12.14953068797444
12.32677031762588
12.28672009822814
12.470632791049226
12.720285002220795
13.306030648869184
14.046239131046027
14.404207888503864
14.705362837189384
15.43807249702293
15.4798489747575
15.553960327982825
15.505867436714857
22.120021020101348
18.685640234145406
7.1952954466802055
11.513502580698434
13.12747974913251
14.415919084088076
12.943199221465575
9.077443243136319
12.61532168309284
12.771084126251786
13.44330122912551
14.193111757788735
14.164222070284342
13.844307924286486
13.809450731303361
13.317888102564506
12.500515695221607
11.317130954749103
10.608758527237383
9.883925863538215
9.410978151816558
9.179349126061632
8.810468255000231
8.860007700900862
8.713631765534885
8.783928253282399
8.971407884032732
8.912848671569925
8.587598455635716
8.655612435925066
8.430534983922644
8.14561801793698
8.148664004233959
7.801598079461339
7.449221253816689
6.930749926175192
6.539901178673313
6.128548914640695
5.424128012671247
2.181178054335057
1.233689713188216
0.7697929311420173
0.16824994976953608
0.0
0.0
0.0
0.0
0.0
0.0
0.0
0.3830675684356035
2.3024437084264973
2.8432465569963514
2.808248585371559
2.6336095098735104
2.7268480190271367
3.1334585994701953
3.3771855101359565
3.64014511605103
3.937633214159648
4.702949224876461
5.0957359147850045
5.710297467789723
5.852518979631856
5.882415665626039
5.997554613083599
6.302112031775145
12.65610477729695
12.845029749620027
12.972445659567668
13.133935536484357
13.292473564604396
13.720434840243398
14.398798644432333
15.2759835434291
15.723776479334013
15.894554475056028
15.6431093711604
14.268975707762278
11.220584634626626
11.980881635473938
12.899079585748687
28.200630781661058
19.217420030175862
23.376470100761438
27.374215397109804
30.667439987394037
32.569911597560534
31.88494898767912
30.623242205029896
28.067733859650858
22.484275888029444
16.600895816163664
11.421561803734448
7.947017607413212
9.579394313727597
8.065863319507667
9.267794094494642
12.341757402661782
11.445839408967801
10.871332000058192
10.553186044648857
10.163093343685572
9.891674930507252
9.58697862755897
9.493940173538494
9.241741263552179
9.058414331415255
8.92169372552025
8.712973660656587
8.455749144991568
8.240295468036836
8.22418391037172
7.87833516180461
7.372269033007817
7.276574943216755
7.0675701802775155
6.775877371607687
6.399144051826205
5.717757888618521
5.02709031497401
4.20691252864453
3.9013228900005847
3.1926360252796044
2.794334867287351
2.2116292961897632
1.3086968263507592
0.6453174159949728
0.2505563446549552
1.041653899336549
2.7570966593911113
2.9775233043697407
3.1456681592863425
3.246451281887317
2.7501524877475148
3.15729975937442
2.8021186372022395
1.2956956194905909
0.0
0.8171632572189814
3.7347406663883937
5.014720152314206
5.536412741996682
5.9732047629258105
6.123099296390157
6.500727755318386
6.225202317250817
13.325524195056625
13.575907633743773
13.649310220769438
13.574212230779876
13.75201300145102
14.112531515316837
14.868500158978884
13.664822989388629
11.541286578206536
10.244961578592315
12.692889655498735
11.463825012927208
8.6469149542017
10.908657077714123
14.140040319911888
35.88391444987052
37.13791135766326
37.876709792189935
38.78050135731554
39.201399307156784
26.178076471228383
17.5867950677958
11.094909748035835
6.184349238956477
4.5682245374066115
4.216802023855819
3.819448045822824
2.8087689697366636
5.381487862900097
6.7467319107749635
9.613305867801644
13.346419472899884
11.273333763867944
9.230432171625804
7.501944963899371
7.865825437542081
8.364491487811819
9.254657154120324
9.532045554645903
9.486178974111493
9.41072566929662
9.204033121534595
8.982523658907711
8.660952703215552
8.250770990419996
7.995430936411547
8.010948585212315
7.573376319328637
7.095137347651714
7.078688301507339
6.677905605446819
6.419341833767944
6.296132843253652
6.3689659659769395
5.802812580031982
5.519255200881394
5.002453742758639
4.750857595737777
4.570293530344847
3.6845232102124545
3.5432996296177155
3.5409192036520136
3.3483490554002104
3.300708004135985
3.567677480705788
3.721316150063615
3.4918295346488435
2.617393652701518
1.430337838679539
0.1879172584912164
0.0
0.0
0.0
3.4089089915449504
4.953265521724714
5.758759250591906
6.030154613021797
6.323142525013769
5.974588785664493
6.206864393074553
14.144805845884799
14.416214026154568
14.275818433146659
14.122740508901815
14.263565047742228
14.727215708842008
7.0339425790718755
6.901380437098608
7.500188151063684
3.444541443689703
5.621822149416535
9.56359433103948
8.072331852557083
10.458181280157731
14.497377139308757
40.46757343933823
41.45630236926084
42.42795070135915
43.2373539232047
41.66564523103376
6.039030506896549
6.412003595016685
6.316687501465484
5.819633996272206
5.418836006608084
5.163960270771468
4.332038302511305
2.9459288330673643
3.2993121558699525
6.508526204248544
10.207543477572925
8.973816263185308
4.3971287998366675
3.6317504867458483
2.008596985603755
2.713251192155944
6.331064002371078
8.79854709654957
9.667454333276158
9.585435985722079
9.32370213790011
9.21237213221456
8.875345162002299
8.451225119546997
8.487123623799068
8.172595503611154
7.962011552411827
7.808530285428175
7.567081862273259
7.204333964910291
6.84095212356284
6.768805622983153
6.729080608742299
6.322331554887729
6.233398239807879
6.149535925537627
5.9863568030813274
5.697008803252217
5.758186197979263
5.1968892948490675
4.662001788149927
4.5240427874483915
4.5871796823276085
4.517559035623004
3.9414004672141463
3.6813422547447896
2.6684630415935167
0.9970654413487063
0.0
0.0
0.0
0.0
0.0
2.663259172162085
5.168453341415503
6.042967442532514
6.105514352926855
6.100230686556903
6.484263385683201
6.42520206353274
16.024226194672988
16.3023550866373
16.08583978720184
15.820699047737097
15.430267582483056
14.474762939167613
4.4288548003217345
7.661612177635082
7.864493749604522
5.005454185134791
6.7201023522626935
5.0225992179302175
6.340014742338159
9.78025651137568
13.688687896111084
43.910461018847826
45.52361762346967
46.829055346623846
47.50907279010159
41.82109203490327
5.685684894512951
6.2887008976987415
6.210789288658866
5.690556561262933
5.238520766062872
4.219945304224422
3.8379186755242767
2.9810093417806076
5.446296626658017
6.249601501416115
11.151910476460335
9.851490203747542
5.067028903978604
3.9303003724168035
2.236811652261837
2.0173528143293407
5.17106524913641
8.497373588561327
9.518118936682528
9.612258487278408
9.450579966639117
9.16260042022216
8.93706377388069
8.641113705734332
8.6990128524689
8.430043829723152
8.19098352733101
7.869518083778021
7.5923131946606
7.459267376307287
7.303735988996576
7.0535703430705246
6.938272453798219
6.587703436158657
6.533997746010954
6.4594742281849795
6.2739345036188965
6.017806622248685
5.7492481123750645
5.630331638596837
5.358535289382512
4.85867913648506
4.972871684099784
4.400373969179318
4.349898848388166
3.3938962052786303
2.9565489536040865
1.3030278207142292
0.0
0.0
0.0
0.6757723990800714
2.6029085818834803
4.509456918284768
5.726695180232584
6.078432705533931
6.081276227426306
6.142078728029673
6.552904932573536
6.254190815533105
17.40795457916126
17.789778095797306
17.562527252939685
17.172308009934163
16.722156941308146
10.284018329206184
4.9448154310287915
9.104098799695176
8.668584856830734
6.538802834228344
11.568765783967626
9.91595376230314
6.709093378608081
5.686602890076864
7.691832097230265
45.72538066723047
48.84336440124065
50.027669062669084
50.49593323454658
40.36535471285916
6.020426646727715
6.821825251474164
7.135028328125895
7.334170589711502
9.032373279130033
12.530700598655516
14.773974027323488
11.653310313964644
8.707434268225825
13.695082652872566
16.89176483928209
10.29805680934032
4.849386230730053
3.914686099586232
3.1062776264285916
2.6646649819396497
5.221116162331385
8.813302469100053
9.785036576523218
9.949111017422622
9.845781265976571
9.640784116810737
9.149544740882792
8.902791724504805
8.720208672438464
8.554739413751417
8.260886124621651
7.990454249280284
7.546265719606756
7.534617363785391
7.29809730804677
7.113552906130651
6.95772489708607
6.907160480630929
6.527661681219367
6.5823010904761325
6.350628041800676
6.119639239543447
6.077243117966954
5.7256414150402275
5.694622156774789
5.065929458896105
5.102820098399551
4.8777014129187455
4.553719610941019
3.835299167225808
2.9047734718979705
0.5637517754736491
0.0
0.0
0.2505563446549552
3.004788598868493
3.5404923680658067
4.739109555104171
5.795041351048099
6.232133175825893
6.218509376189136
6.371395365572858
6.445349341568389
6.220726110224706
19.825440835951095
19.90750013949792
19.384852632603327
18.423181666902924
18.01501786208253
8.160368508085178
6.943805825688323
10.969202519446027
8.942301782118019
4.617072107337374
6.159720945087301
8.331696759237227
9.139969655662181
4.859656487049134
8.975100932987113
49.26173755925383
50.69110748439868
52.257554563868936
53.14811496376276
46.240579385898855
26.581542208543745
17.71008081482264
31.25152495101044
39.929159339012685
40.818014505833666
38.26408634820275
34.22086932244227
29.3810202524428
21.950310947337968
21.81960684609268
19.361380036379863
15.174949380414015
9.760345291622997
8.633052536932544
8.223447331477404
8.756105866194702
10.111854125043527
10.582456775613599
10.470974322483604
10.328618527993996
10.08196524806988
9.551458909631824
9.430523001879733
8.99266093398587
8.882664569762918
8.630930546978338
8.285982954264552
7.673536050536427
7.581826923406415
7.575357512041169
7.431914165005614
7.272224024644503
6.958038374533852
6.827819952009726
6.627547409156208
6.6994559922225
6.649774790970334
6.336528407137129
6.404550187735054
6.086509669334295
6.219677222585268
5.647041942960732
5.042099653600807
4.840087092146372
4.3383260172129825
3.978946494320141
3.070936127275944
0.9890916355314404
0.0
0.0
0.0
2.9253969643489133
3.9486931403887455
4.9629269597909165
5.657482020284495
6.2466399112214965
6.1972627066079635
6.226824257502896
6.480003634443767
6.376992425871214
22.621065073777906
22.69796836796454
22.29397805641495
20.892586901320566
19.975115816068833
10.607301758484677
9.199724304623063
13.207073105437681
8.936442470743309
6.410938112789816
5.71443639573705
5.900469569969924
5.737925619823039
6.148098504753007
14.819538474876598
50.226606005072654
51.36560945288798
53.06468793728488
55.248621405496095
56.82415689061687
57.6113475443881
51.31789084661
53.47108095465642
50.26048488879232
46.25022802245062
41.788655869719605
37.67143780659959
32.933450506161435
28.241493972571728
24.38402499006106
20.64949674665246
18.09912447767633
15.635382102448066
13.606042636237353
12.545523578033977
11.906715003331458
11.316458836975427
10.964052404932065
10.59995625251297
10.461854990081248
10.086828664720779
9.74935883320376
9.294220127364325
9.15189578982049
8.788329834354917
8.670183571016944
8.335745494239632
8.09853583043438
7.781212839806471
7.623591465171384
7.556285322169337
7.109853903316255
7.0134073293876575
6.813748694034762
6.657783082082388
6.6082580943704885
6.527398511752928
6.337123200920618
6.252568875281027
6.177875894792265
5.865014339668616
5.661781457764193
5.3369435666358065
5.2963356396735275
4.613337555786108
3.631607302094758
2.901342654620398
1.4858264104785568
0.0
0.0
0.0
2.587215464306267
4.580259657081278
5.357213841815449
6.024942912284655
6.210886506244719
6.40400210763133
6.308541803370387
6.5011783383921316
6.653767582517004
25.847560295194786
26.022277581654762
25.6085793331611
23.897066965350227
22.918130222368557
12.652445391026959
11.3667599109388
15.285422044164529
8.894983123148112
12.801201064461452
12.004915573657719
8.874879744746437
7.321163957644798
6.601979396940778
20.3676998821024
50.91618354751903
52.39149732977318
53.92351308367881
55.97235491255663
58.17486341692324
59.200166680393146
59.15728326049037
57.41594513110145
53.425473753681764
49.81685439324235
45.1982170654894
40.113252092788606
35.22827886687695
30.401721548355194
26.15334309833134
21.921886527000954
18.709260372595402
16.75465819148171
14.905005277411576
13.594500475657119
12.96814852690738
11.894939813318167
11.40197874771217
10.992502397571451
10.69110899349413
10.001201907360116
9.632584005462908
9.46717260021444
9.129713590569123
8.673844242687068
8.658314541997516
8.307091839187256
7.965491333915827
7.754033090880695
7.75363862950089
7.603263076498501
7.501889168415719
7.049746818261895
7.0262668725781365
6.72326189355344
6.554289234756345
6.661725867004796
6.323142525013768
6.444585085122112
6.129059027503173
5.959462004532358
5.610163256937864
5.827064222828101
5.269722824163904
5.04743217939119
4.068822461270326
3.4441884833846195
1.4552476217607828
0.0
0.0
0.0
1.960182998075251
3.9574714659670893
5.102411204155123
5.899953615965449
6.273743299785266
6.46590399978022
6.364846635220921
6.592257277487446
6.452280200143464
28.931754858265755
28.91488842383514
29.14511323845389
27.838229559516048
26.73559231528471
14.864954037005592
12.806344377348346
14.795695824662085
7.532164822692569
7.967937668049339
12.110509696398951
12.109074587804248
9.549970748189207
6.900448650552343
25.92876515022368
53.22711352789471
53.41592601989873
55.695728063002335
57.65440573126651
59.35198385221569
60.367906307139435
60.57284615652918
60.05922259894911
57.30160937949722
52.782705242645115
47.81708965193981
42.17512392662035
37.244487883956204
32.14387099500225
26.903675841455364
22.951487560500393
19.64337820872736
17.346816679378545
15.626739909922334
14.000188982336077
13.138215923408982
12.285243555786009
11.700991935321108
11.187983955133875
10.713880000464696
10.422701185853297
10.024586510094514
9.690843708188329
9.122695244672816
8.801089199873593
8.762153352103732
8.38111624927665
7.953274315422824
7.7329867034583355
7.717739139351565
7.38400509813902
7.222592076542937
7.225628398538475
7.164991078892572
6.920787293768058
6.569297336575911
6.552735469910749
6.408878114380974
6.391261523197548
6.246016634146888
6.170231283677002
5.975042879520441
5.509171010051908
5.589434522291533
5.21632349071729
4.199755255907961
3.311053194898167
2.180463461099876
0.0
0.0
0.0
1.5459337194683218
4.209881998609486
5.357347755880524
6.09015696116495
6.245994892976044
6.464256528130971
6.599416594679723
6.488055625735212
6.548598467654337
31.759239079031968
31.99655836488824
32.3465219851107
32.07638337513744
31.09928488485753
27.356981269878137
20.737274253633483
16.422256726703942
13.281440685985512
12.210091427811884
10.49167463125313
7.928973271642485
7.729907334078489
7.1505440217475975
29.970725247886605
54.791633431926705
57.36499273922705
58.43981083243207
58.99772303923538
60.25587003176434
61.825280755660735
62.963023837521206
62.29460777183586
59.908865355252054
55.45470098890563
49.57782553294688
43.815455839750555
38.156569749944126
33.06146297211374
28.004099883765225
23.489137092920313
20.16825827930535
17.78960707043723
16.15967947476549
14.417230809067595
13.535678437511027
12.583522995803566
11.567416055982033
11.10512037670624
10.640899291308239
10.470301515212746
9.776040610350082
9.663217110719453
9.251687811563889
8.871221168173406
8.66106019722376
8.365951736923154
7.993432902754371
7.746113040171621
7.599637479851189
7.39312481544432
7.340911265677053
7.025775244494495
6.990255883285408
6.866780709804304
6.80689262447095
6.755563951569534
6.4972980602063375
6.331381929912519
6.2819142498334095
6.191575170844031
5.934268698196026
5.710582451211178
5.70193243479817
5.115551266022056
4.556327269759303
3.5976037941135153
2.4391586857489966
0.0
0.0
0.0
1.3516479695207049
4.24625079020336
5.2024347050890105
5.952077052101335
6.302944743072031
6.343243089369653
6.363988671970992
6.593115240737375
6.740674808506666
34.53648596802364
35.315634703446804
35.70214566568985
35.42898093161652
34.25914717807264
32.9410506508638
31.806784903045763
30.01987051724289
27.569953452489074
22.272745256721645
18.32195924846296
15.383461009999497
16.033286083557357
20.937401873742527
37.345909861729695
59.049411677201576
60.40036650594948
60.69583175573316
60.41008335635631
61.167878484733734
63.25804502568147
64.7546093397851
64.39751858438495
61.79550949650538
57.7916896913315
51.21637887008078
45.3084338281601
39.30061326699936
33.657386704705544
28.472430366657996
23.564263091066806
20.078515250621702
17.57578662731824
16.110981785137817
14.427403775702778
13.398263643118606
12.59016118950768
11.930134962462402
11.090928623189075
10.63565227331644
10.401447189600399
10.023269835147211
9.68055649126732
9.386419195007585
9.15499700209954
8.799468394878259
8.298042914249757
7.990782613926153
7.78516979060553
7.77141573381971
7.447882717367734
7.212013530382541
7.0196739724807635
7.014117957192304
7.013939806556445
6.513969426732003
6.446063094108574
6.281770039123665
6.198051935563158
6.185714941079233
6.101398532953036
6.070117824220172
5.998873904288931
5.738448377222206
5.325812428976782
4.96684697782231
3.7488145952585104
2.656687001600654
0.0
0.0
0.0
0.9030861778309859
3.821709066189957
5.452318161989942
6.288250314624995
6.416836398868765
6.422527165970774
6.586319133975848
6.4740749498283625
6.593988997044155
36.833780540000994
37.52234980184283
37.54277048509653
37.39018658861016
36.42529620619131
35.026409510219686
34.498287393322144
33.52216278668741
33.09363079632614
33.088570053834644
34.63388238403084
48.37583537082941
66.86945344994051
68.67213884201631
63.8907034002866
62.35335963510666
62.44745667682756
62.48346575060962
62.41460511393627
63.378789097270506
65.85327763357294
67.16594423629125
67.03447320476874
63.03772235511738
58.709798776515534
52.22373681077058
46.22126270617904
39.47132033639035
34.17535209753629
28.449851035661403
23.906652738058526
20.25052806396946
17.785038158250316
16.06678837976015
14.677398651623243
13.503094401289296
12.55250649719936
11.687977265563228
11.019085380817009
10.589986746032633
10.103243739203192
9.851697042563366
9.657473380952664
9.28947787646739
8.85704910754425
8.741451916717669
8.401141872272298
8.20094296495869
7.683459093744988
7.521586740375068
7.548567460183094
7.431650468123801
7.313909460567015
7.07437314861507
6.736155678027117
6.753152223474009
6.846235510488666
6.649248452037454
6.287558303255653
6.418984957497851
6.052428429071561
5.914581029116765
5.796851859143149
5.643620303134344
5.440884389217903
4.854650823907963
4.345201621949441
2.950205855610472
0.2505563446549552
0.0
0.0
0.6949236508900176
4.339697120597945
5.4999634967238995
6.15636956652685
6.432583505181562
6.411790929456335
6.526778466016394
6.634622478441027
6.520204483711411
37.73495553525681
38.39730034284926
38.214950127322055
38.11450622784104
37.542553444900044
36.33191538316475
35.768224274467805
35.33705228215137
35.47521019014653
36.9308212541676
38.89557418878301
55.89549967663977
81.12571604464806
73.36163750951496
66.67146304101009
65.49371759631659
64.4331091372813
64.56888527422736
64.79910342648286
65.26569995070814
67.47390889703418
69.20274976959105
68.18897902140836
64.13495653065338
59.43609268782385
52.51869634122763
46.05367402633387
39.77438362716908
33.99637489981413
28.42186942725143
24.039189304216364
19.963119308876507
17.602829327184477
16.148555011177567
14.5205444491595
13.490800749212228
12.71425485402527
11.88787685150539
11.235359350504122
10.698058637161775
10.200520767470604
9.748982206401237
9.754342802733003
9.25623271540286
8.882032070238331
8.575181246977294
8.365921719478765
8.014017171526993
7.637179813399292
7.5176866405579945
7.535900082514469
7.257516400460783
7.163788823004284
6.985777601891008
6.627666367912907
6.594371125267292
6.502851699769428
6.656060351855831
6.542074989255444
6.211199900173123
6.1581104655356285
6.1419347967640565
6.001285073496207
5.692370155127717
5.459271967063513
5.001425757149136
4.437063140216995
3.5523596741886276
0.4967141406750045
0.0
0.0
0.9061247438294994
4.419612396593685
5.7499126145661865
5.904253053445148
6.27617297882531
6.33647790323104
6.500533040702553
6.712434494169678
6.741175895486503
38.013494871054235
38.39866133819137
38.35346271490835
38.118607959522144
37.70204794256035
37.08228385611449
36.310672376467416
36.07331975345152
36.33722854259196
37.78994416866402
39.06286978845289
57.023563239675596
73.163043208957
68.96425546157292
66.91772348001432
65.64417964956307
65.48501302071635
66.58844715984141
67.00903266700281
67.83738310353623
69.72998807258546
70.34129521090661
69.29094372694813
64.31250720757788
59.31785927438597
52.50266315459713
45.86520679892673
39.30142403132641
33.60621207218409
28.028779017013864
23.620776596671675
19.92504536258666
17.59508463964665
15.997496991018505
14.302889121366436
13.196450534851065
12.511911825730747
11.710954214761488
11.168996025238483
10.631627659094217
10.157676664962649
9.736128964067586
9.724277890996493
9.218847174981162
8.939712073163404
8.507207812866017
8.251421863502273
7.961167977769986
7.714866592648764
7.719787989334037
7.384409016912825
7.367121980141651
7.2656819123608365
7.007306057373927
6.802865122075042
6.686298568716341
6.689355594501445
6.464732363157761
6.669064105756053
6.413124727733054
6.295083955614218
6.163776260128718
6.015146790646359
5.717082748884336
5.604042378713012
5.213551313831708
4.682150927577938
4.009231566794831
3.5174380659493796
2.6036590360720764
2.8302526947310076
4.113350304272801
5.292387882766534
5.949665882894061
6.1781892887206675
6.371038489302765
6.2958949257402566
6.582037921009693
6.498791862249651
6.624168217950251
37.259898051846555
37.99010835482605
38.04347666296607
37.87407386133996
37.22153616243112
36.64340496444833
36.27457737892633
36.311994171993035
36.92199055146632
38.305460009494794
38.68135132700725
57.09768147228292
71.12463861973455
68.49580334077991
66.52092073387503
65.59244523346158
66.55720581191214
67.36833854925979
68.12449391457505
69.90185775109441
71.50526651302665
71.7348901375085
69.4627171083393
64.56279543195856
59.14309215845516
51.892668908937566
44.99395182579293
38.717482016049836
33.138187380560176
27.844401757849685
22.920945457459002
19.531470408365223
17.336863659106694
15.658546070038819
14.182577337661431
13.486676689378298
12.271685145369643
11.615801398970303
10.941271233155982
10.438239585117687
10.169208460171228
9.75066726706383
9.642678811504249
9.086645257030975
8.871535534276285
8.339656616264163
8.395014682790844
7.840495509149537
7.843631752734142
7.805487372990471
7.261677356331747
6.923446398273172
7.27211168395608
7.182056275114821
6.836160364720656
6.742735798568011
6.5879666056250965
6.287817682495768
6.280962579779827
6.109356537996705
6.12242902619166
6.038231576822162
5.853444832969042
5.564515595745291
5.519112709170667
5.4068870804602005
5.138004110572596
4.505268263026762
4.353881122212839
3.6201111024447137
4.163287304590801
5.5286794211448305
5.841498992590897
6.092137496686137
6.419103916254548
6.669446233979192
6.433084592161396
6.378470434857676
6.548216339431199
6.740302139179723
35.868979781458975
36.48474106835248
36.74730929335004
36.8016400974804
36.34960288274553
36.04007093025703
36.04219118233806
35.99732449462356
36.97472745343664
38.03271028993082
38.379258064718236
57.97816647755671
71.21033504063718
68.82825281965349
66.56126583536943
65.96202300781913
66.64380555431504
66.90437844770423
68.5157463771111
70.61040617644723
72.24023520012949
72.18854615784188
69.10450845486457
63.37458533150691
57.95297343820036
50.6250357899238
43.754901068280624
37.90136216985031
32.34084108617766
26.767910428309584
22.34856284027102
19.07585748917135
16.900551762807503
15.387567330967798
13.812477178164162
12.990018042697406
12.321345292910515
11.641090800663793
10.952164197606967
10.475056317040027
10.206129034739407
9.579890329305293
9.42037025096386
9.15020887457672
8.577241360232327
8.475978143860809
8.339752119194781
8.08032238847791
7.711727903944017
7.42980458995113
7.238224244847144
6.852064154139761
6.920893780128189
6.916743998315298
6.4789762085310505
6.384687540892564
6.376873467114517
6.534116704767652
6.252687834037723
5.871317918407701
6.092845734125883
5.81320250567795
5.55185112527404
5.427084936915295
5.451768055875793
5.729316658453671
5.402576809651759
5.1489524483960265
4.931700858401866
3.979906539811222
4.292955722067937
5.837863957980959
5.950238935506706
6.309017638397177
6.198765688103345
6.4255336878497875
6.635029858617209
6.4793583367541885
6.613431981435811
6.324421285771361
33.05168483831689
34.1595053905957
34.78168225701712
34.96172396105898
34.842316056454955
34.75026009303444
34.99756398563508
35.27822288895635
36.42386835417133
37.73660885658876
38.042829131670146
59.13424649259482
71.22716340771085
69.51981744429874
67.048545406111
66.44912472608122
66.7406999528499
67.90518314800649
69.84096003571923
72.08509242877437
72.73113274568958
71.07075444538653
67.24376547289421
61.346463521460315
55.76650329599167
48.650534695123646
42.15829114411222
36.80452005028876
31.199117777222387
26.423375022840826
21.639784226847773
18.61078729650691
16.634352892034514
15.016229337240572
13.636493110454568
12.909080481515636
12.079630029588342
11.460259923317176
10.890087766878265
10.386630924336195
10.007751467494174
9.589800919423785
9.327890938857045
8.917336338373373
8.825362176939784
8.4006507180728
8.153814130959402
7.789854117472138
7.708506753344394
7.469141385315942
7.381495014090955
6.9255760391098695
6.859367682041781
6.629194880805458
6.57065373163618
6.467025132496589
6.205577587921723
6.310895044771008
6.037063730426028
5.938842614787175
5.971150469988631
5.835452788773685
5.762251793491118
5.596783242143243
5.62024744776735
5.6485674676343285
5.261301927349843
5.25770720086477
4.962776659941558
4.765652533663653
4.400640954368071
5.894168862615662
6.205912723020972
6.038566711921408
6.241518685949932
6.3104703954305945
6.192764758411006
6.241399727193234
6.500558292655598
6.583303264435804
30.150205269475087
30.976098214889966
32.115020722191936
32.39602923545804
32.50039747838463
32.623587735895434
32.93437396342284
33.816476053531325
35.54916840130709
36.86160525958827
37.41991710689081
56.09890575057768
68.76331175419838
70.33750563896717
67.88135297910132
66.88822226567467
66.12443325777126
69.3638043724001
71.23831940835713
62.307533844127796
70.31871234262553
68.43257676146334
63.54690884756915
58.54773791601455
51.59624841524973
42.077004903091236
39.63647473933295
35.06746448983958
29.615491355482114
24.824596671142427
20.397671702017295
18.086699069893132
16.162510819779857
14.49848541383273
13.532379891335648
12.672676001742799
11.521180379811831
11.183219540297735
10.636026514030075
10.422150637855733
9.944127047893378
9.571043461184246
9.147507096831715
8.775880766973433
8.67195210381746
8.305451891374595
8.026070212097286
7.7789002929421995
7.674987467329296
7.51782195509786
7.140036248957888
6.866561710083297
6.690119850947721
6.759700953825947
6.548360550140941
6.321664516027306
6.322688431157822
6.213474092770112
5.8668759892172755
5.777544599288012
5.594192129172731
5.734240289999625
5.390827588886325
5.462950296246692
5.202752867948439
5.220729933473109
5.140175495969935
5.015209273421816
4.914336483217237
4.482191386814744
4.7245615969677255
6.040891408424488
6.06942581285083
6.094348715621264
6.053909669396097
6.350271165530582
6.226943216259593
6.363631795700899
6.4922063247672295
6.2066264755611575
26.352225292559446
27.43294748685526
28.2742534895881
29.036687308734383
29.60700006752747
30.28424721301431
30.935110108959705
31.67918637221977
33.542235280054975
35.38142831251213
36.19043684427852
41.185067801901454
18.44814238540442
39.03457772090549
52.7553444600101
49.2400899250096
29.190143169202667
68.57961300567443
69.5140900708247
51.27701927384177
34.01030826461231
43.930721271133336
50.871323508256715
30.99049727932342
32.96106481107171
18.27414823557641
24.779264158382436
29.614585286631492
27.140338675401175
22.589332075482275
19.263643039318566
17.24135900415385
15.542697027743811
13.919159992756969
13.286067307965945
12.204029223340648
11.696396798592746
11.020366368681243
10.594253353739463
10.140479596270719
9.840601609186201
9.363453298043497
9.247929750982898
8.67728799076114
8.63638376534804
8.30378705920583
7.780280999995161
7.53510899186904
7.708763455064195
7.332532192959224
7.204333964910287
7.0736088921687905
6.741175895486504
6.520348694421154
6.295300131956767
6.399144051826205
6.086271751820901
5.9684041656821085
5.530485496936168
5.422756024639472
5.289146186703383
5.291069811034399
4.9736058698905365
4.971472706052725
5.30647569432552
5.2796350484865435
4.981039379285151
4.682150927577941
4.830505552136426
4.4179972675659425
4.353141806558107
5.668712316339269
5.653558916483366
5.796187456273388
5.892110494132928
5.978146060097057
6.355316634943014
6.453996126643322
6.39221319325113
6.322879355547328
22.620064678567434
23.915550640869643
24.75095892366892
25.642154788296022
26.35205072734866
27.196007849159425
27.993169184464364
29.00512089880086
30.783585951679967
32.8320710182248
31.175544841030774
13.587620262196817
39.702788805662784
28.732231502966567
13.778844558265673
13.860687297159147
9.335420853977368
41.8940928239391
64.43975769057757
63.62351997081554
60.024931485837705
26.130734050459935
8.413456040064816
9.441107606563955
7.701083093467174
10.012494092101003
15.600682818124373
12.612721631875441
19.936313816534412
19.595766404347383
17.56307395737831
16.09413819717566
14.503081151477934
13.479289552088504
12.559175298280786
11.926679909581358
11.244607710512923
10.594103064949833
10.492127685608988
10.011040400818866
9.589552003766265
9.327742013398844
9.049986112457375
8.691976457279045
8.16264135782634
8.210940767734318
7.789654135168213
7.735621227156294
7.441788174014264
7.490240812594355
7.022404741261607
6.907269980491433
6.965902181294869
6.541548650322563
6.259070612509075
6.038121643948107
5.512754903208236
4.982406177098637
4.533945058211186
4.605474855188971
4.8230476797011335
4.720373497332375
4.557144559309729
4.362548045271302
4.899045374599129
4.686913425945787
4.71169399706898
4.334214845966512
4.36910964623074
3.912365446089405
3.8053961805141268
5.28889842563706
5.376298383096677
5.556632265109266
5.7362475170287475
5.953915168695967
6.100944439097091
6.30161094479531
6.315353703188763
6.2761729788253104
19.451606455778684
20.276491783478356
20.904639242768546
21.57063590818023
22.702311335175622
23.389008785410063
24.661262169877073
26.1461820577419
27.718333117958913
29.486983232646384
19.18763566076757
26.400412977475764
34.03798539439797
17.704362144094876
16.205522492495223
16.4477411951429
10.28834982047141
7.981833512583667
44.88072015586027
56.87150373977157
49.93747823268228
16.463954977501167
9.359757999526371
8.912426432173486
5.494207278259218
3.0186055215790986
7.256588138824497
13.829872997152815
11.166610841808936
16.74711794715559
16.240545726613814
14.626875663302746
13.575549235940409
12.767189835861004
11.81904340308665
11.625109988708525
10.849018780417923
10.4279482038451
10.325250361571287
9.766691707119122
9.418421442696923
9.151034309068592
8.77361953934161
8.39047009838492
8.07295304603509
7.839686617054142
7.805796451571559
7.634339935735479
7.3658750270925575
7.18950790938524
6.913248973088178
6.925412910607739
6.636388908846974
6.220369233954612
5.781844036767708
5.859189377515325
4.7203274585799475
3.635237779410409
1.3853455817845668
0.3401164252656575
1.2017303075619368
1.006105209250041
1.1354359352887031
2.8360305851821828
3.756529193451038
3.661892374569449
3.753137798468151
4.024222843322496
4.2450316049103165
4.281916624665618
3.7349379696427616
4.813956269057466
4.978661150764205
5.271441982001838
5.5698156602911775
5.841953086446843
5.897895247482715
6.175665028085433
6.156823660382797
6.192169964627516
17.385941521011425
17.782172550763523
18.096580123105426
18.514636783068998
19.254710899599203
20.14178326105975
21.07848244227752
22.668771625020117
24.576138063267823
22.824913726025382
14.723279063572654
25.147332170767726
33.85386755854273
26.081972854214293
11.888877337111465
15.067020489527998
7.165811975849094
7.808509828014202
41.69534369433253
47.651738062016
30.307068378798853
10.712188883590867
9.964648001014442
9.410429196560559
5.42636814810992
3.339416365760203
8.224363537405205
14.660815779393362
13.010092721979072
11.948430539340949
14.14642967812987
13.515110610136627
12.705286793153267
12.06969863961007
11.53186696518459
11.096743842845134
10.490425141323831
10.22002874529115
9.92136733598485
9.559041803833956
9.07107786161257
8.856757527089735
8.632003280171698
8.325974165367068
8.21455698706357
7.841251548599925
7.688839512439007
7.448937504894977
7.28251308672835
7.163406694781143
6.889988027125428
6.667009253930622
6.4805299733766475
6.163873477714572
6.015936019601553
5.046123877206403
3.0219187620418206
2.206049434635928
0.1879172584912164
0.0
0.0
1.1287121051325841
3.587493556785623
3.39989138485615
3.4248265614001805
2.9305179126166783
2.2907684073216847
3.073009394389639
3.692416529376905
3.6528245536664103
2.774657858741171
3.863102414489003
4.26032540085734
4.297465226649241
4.673422701233193
5.591235416531034
5.636831936269996
6.005447886593915
5.953915168695965
6.102901514448418
15.64456541964243
16.14649525015859
16.403809033950566
16.930080625356656
17.31242855709966
17.798269493177884
18.431074290572475
19.675129479509692
21.20479300309166
22.670527316135136
22.751733787103543
31.101283209373353
43.048540132743646
45.67639836473325
20.67554829563354
9.703235906822163
7.312006652570148
9.220566015477008
14.454525634340865
16.52575724101278
10.961632740264779
7.6046158706644045
8.020839685584182
7.667044607679091
2.225204114417143
5.065716713193991
15.255810064384118
16.986618552840852
15.734740010088537
14.551282218319493
13.459064574893459
12.821252867528836
12.184514811852393
11.431299549175879
10.897309535308478
10.541379658961132
10.226047738142533
10.035264018717202
9.514329547295507
8.957527435601973
9.112149370095215
8.703881952776621
8.292211097274066
8.063350940728224
7.987916046235106
7.690692322809593
7.348939396513027
7.248507216278085
6.9753343427858505
6.800735481238346
6.616335337614977
6.682161566459929
6.33031130110224
6.18994971980975
5.70665944673141
4.6041947317321705
2.5857019551210447
0.0
0.0
0.0
0.0
0.9031480806473234
3.176001184542338
2.994354186780787
2.504632274731
1.3219543750718141
0.0
0.156597715409347
0.38748675134262195
0.4994661064048192
0.3758345169824328
2.9334709243852886
3.697782149011399
3.747095176643502
4.351314372283001
5.477958118622131
4.960049105640539
5.612076047940136
5.664073668214771
6.024704994771259
13.842782630505605
13.87827383625612
14.378139246595696
14.653901362930139
15.161299824071977
15.82689706675969
16.541993283235982
17.194421222368838
18.40580655194396
19.562763602775245
19.227768418321013
24.546486100244945
35.202960129336226
38.53193933190042
38.179771192778354
17.224552897317537
9.908372901664755
8.527641893911982
7.89328950172467
6.931827779242707
5.203910702884588
4.498583867028113
5.1126258078513995
4.160200167107679
6.590893286561712
10.514455888741452
15.877691496103747
15.189413250578532
14.38423315311012
13.80444490799641
13.053733373498359
12.15253893199732
11.325930097619619
10.696637343744138
10.476014478613163
10.42001764528535
10.018791938020223
9.675706013223534
9.267567978212304
8.983721646639001
8.807016815610066
8.511782414716333
8.210296814066965
7.92967598065164
7.803910626325631
7.718597887266927
7.404612897333788
7.287467974072663
7.055444211258497
6.784599912541755
6.519584437974878
6.458234136711914
6.419698710038037
6.261359591621577
5.531241349384406
4.2232492005581195
3.837361350068317
1.3158060721712548
0.0
0.0
0.0
1.6030895084445431
2.75011121920329
2.5324384634468466
0.8288567601233956
0.0
0.156597715409347
0.0
0.0
1.168507483665585
0.8805843662910406
0.7459105026935672
3.222011527982908
3.9486614218454488
4.073161388183801
5.086224776568164
5.457541975896835
5.511320728791759
5.855844203879761
6.091959287584835
12.951909998968727
12.912051978686529
13.157186068619847
13.165715269529091
13.528315304133818
14.01546123093274
14.568894478699535
15.595669448124262
16.40755353176338
16.954288718844175
16.671059727889432
18.946747421831553
28.029624813822608
31.031755361930916
24.925720687875966
9.98232835462611
8.198809171924468
7.111718826281092
6.612565308299855
5.767492894511028
5.110065415192202
2.9300359325859837
3.582565075338719
3.3610953064002063
5.1349963344831755
12.222889908727131
14.171297852977503
13.673234061839217
13.305809999087794
12.818973224300374
12.218030129965657
11.392865951565428
11.048645250018815
10.577829504537469
10.169393520256234
10.10702365448497
9.54044879339214
9.249233997920857
9.163605452357517
8.764877599052697
8.477046496707374
8.390696572287991
8.099291869884775
7.972082808412847
7.620949124691349
7.34832429343957
7.184774862589852
7.085118073102577
6.834171613933418
6.668155638600036
6.588997045038186
6.377136636580957
5.9510281644619
5.707486127739115
5.379882276253006
4.40826838831975
3.837918675524278
3.07660961329748
0.0
0.156597715409347
1.8296006300150234
2.115854432114642
1.5010332677489937
1.740760669496305
0.3758345169824328
0.0
0.0
0.0
0.0
0.9898323898955357
1.0211519329774053
0.469793146228041
3.1986864249904188
3.735463576555425
4.082342433797269
4.295269478211231
5.389393414469846
5.355783043233896
5.742890306412631
5.742605322991177
12.050940236307534
11.9905541992662
12.072773944731768
12.096498395700605
12.281026462941991
12.68356496460574
13.242710101275545
13.536862067077221
14.330235848832391
14.700089820541733
14.358808323711756
14.712734972555975
21.990225781210135
24.458163762269905
14.655665761431141
8.010758375098765
6.7550743297385285
5.674836280333858
5.236782966757561
4.668488227304227
4.1160982201089045
3.089275175012594
2.219901249903799
3.2347784132550172
3.492585426493799
6.2676870016833615
12.236968762396653
12.359566481246308
12.11558072283529
11.753672157600615
11.34035795544659
10.931636628615689
10.400324467459493
10.167220150805795
9.891177750826381
9.63458834398802
9.199483127747865
8.965510977056525
8.819653736756683
8.490734634933053
8.315449740350102
8.076931825329558
7.879419565900873
7.488430700101662
7.306721523178407
7.253088906880086
7.042567812354107
6.920511651905051
6.69327359703685
6.520586611934549
6.66313542114065
6.273123533492859
6.123218255146856
5.763540390427132
5.206075141519589
4.388083196583077
4.022264342374722
3.8453624728407414
2.9593355808838817
2.7149894419458227
2.6452411099615887
2.0451590030451867
0.0626390861637388
0.0
0.0
0.0
0.0
0.1879172584912164
2.5088358468296996
3.0968299200217495
2.338907313698042
2.4973749571297703
2.5827392435279335
3.601640472743261
4.008960765918768
4.389062447056964
5.185629523998168
5.2923211856152825
5.673205386983305
5.747721597925653
11.237978898823044
11.005583624811072
11.168605166903765
11.129740810840193
11.407133924688175
11.627685040146705
11.817923230785704
12.137946549528772
12.608129106750688
13.107937488677969
12.490279979406534
12.211559819965753
17.794911473880735
19.372940020614074
10.326159756017171
6.091014924414881
5.255021651867408
5.107149010675372
4.52225626206173
3.9457236704237886
3.4319995578405837
3.323909301495801
1.616223251532923
1.8530173567400074
2.336678011874205
3.862414949854779
8.930490914399963
10.967696285499128
10.927540510813227
10.965077550833913
10.71371964704816
10.592524462027221
10.100724744463148
9.897288563040144
9.520838091348246
9.346755331824838
9.00541774747873
8.71628298282049
8.660580149976134
8.134503833729328
7.896442905790234
7.727438194050347
7.406315712786546
7.1746818538601955
7.100210666337355
6.837895097777737
6.700686624799373
6.425104845946886
6.255380403100084
6.296489719523746
6.005296441784715
6.203836688912945
5.942972941832382
5.379492023475953
5.013835666674095
4.516143511728172
4.159072639855679
3.6114172537782983
2.8547749857238656
2.0371851972279202
2.167540769738063
0.4384736031461716
0.0
0.0
0.0
0.0
0.0
1.804096580386964
3.4807552600167266
2.9135771761620273
2.822216986097404
3.1405490588221476
3.666366701920957
3.987926867566453
3.759419502625568
4.669118151998049
5.3127929020979
5.529416922190879
5.905022824991865
5.883538237897296
10.515768933392502
10.462229230794888
10.479017075689752
10.675992232041356
10.62520262632053
10.661838086855047
10.776146058756629
10.884460522381781
11.350270721165193
11.411101390774308
10.758920636335088
9.779828442531642
15.16612406733318
16.650756473115703
9.477985993351496
4.653101586244064
4.33429932287844
4.183482209487046
3.5161351512498484
3.4319995578405833
3.6158758574259715
2.621647761431637
0.7829885770467345
0.9628907611764596
2.659562772963142
3.431442232384624
6.469879923737459
9.726275648231205
10.420328030426488
10.34398501232298
10.234131769276551
10.116142057306973
9.607344153662117
9.263099907311501
9.095301812444315
8.80151962786843
8.350522544273224
8.371022943570408
8.115763769531522
8.065084201689208
7.729946780526508
7.530033470362831
7.131832130549933
6.739299965220052
6.459211058718539
6.467144091253287
6.362297997424179
6.141815838007359
6.021601814194643
6.293177104724854
6.298125635995557
5.935469030644662
5.6468511658687515
5.332582154373753
4.84360091231652
4.151303907993703
3.66538745144707
3.177095201182144
2.5206830577260972
2.190886507002666
1.00222537861982
0.0
0.0
0.0
0.0
0.0
0.0
0.8243963086721523
3.2463481105267564
2.7615983793865806
3.12240495911019
3.500117182001165
3.461456503983252
3.9115373197573833
4.156437407853379
4.822676678209309
4.80820401569391
5.4427819145877185
5.742357561924854
5.93580416574391
10.165093524947602
10.137402420272066
10.029447540656518
10.027071999140821
10.017413793589306
9.97163482693863
10.184304109063646
10.332211011841745
10.178008726499124
10.411641342438553
9.782767641116076
8.49422471116577
12.938266885870128
14.179082337040144
10.337720135940444
3.7658840494681476
3.6774409765530742
2.965249486507581
2.3655874853170507
2.179234272642475
2.458660920293779
2.5169220920947226
0.2505563446549552
1.032804167337594
1.0408192416990854
1.9381262539866597
5.3445927323624876
8.820072454311159
9.37207666861511
9.521279548242942
9.760577857182314
9.60096910109484
9.241303237784237
8.639566231049223
8.133719856218491
7.880700553994738
7.693783593495384
7.649449740182237
7.600330519208635
7.677134305635662
7.334868665953433
6.963609411956042
6.9825165985186235
6.424506261937073
6.21088650624472
4.9165904956311905
4.287286910919987
5.059461332402255
5.454493912998021
5.951940427719346
5.56308450709855
5.340834109871075
5.535266636771397
5.356366929175287
4.398294416196533
3.8103322721384814
3.302896037415598
2.3607026006865666
0.4071540600643022
0.1252781723274776
0.0
0.0
0.0
0.0
0.0
0.0
0.0
0.594330564191423
3.122363690565965
2.8426066944519435
3.1451108338303837
3.6496560067782813
3.7677071499778885
4.038401988357605
4.517930037114831
4.71402349950858
4.580259657081276
5.135496249655378
5.470531737914409
5.497510153095217
9.515267860985555
9.464622008774532
9.487826323601691
9.497239082405157
9.284230247700595
9.449720942494295
9.695208641890037
9.638512795314707
9.667127704618975
9.533448198364834
9.018882342761938
7.812650574525257
11.21356998383926
12.533540342893255
12.199696693781563
4.096602611141463
2.3656493881333898
2.0896535577596613
2.1792342726424754
2.0044507572396393
2.0044507572396393
1.8791725849121619
0.313195430818694
0.8842215262897384
0.0
0.9074847264658915
4.679433153960275
8.007666084699444
8.838345410739729
9.240208363714357
9.213556214562344
9.03420810936935
8.296888121469904
6.676430964436918
3.5319869757736093
6.588291026823541
6.719975939585093
6.964850274352229
7.007291035240198
7.006704929429781
6.772614125658054
6.623291448143098
6.572291744389235
5.7843388334810975
4.774341598325384
1.3253172228499284
1.540347250920242
3.144880375558177
4.3545131574326605
5.33191736211744
5.313829305663881
5.597000408261609
5.072279456719904
5.022587247800849
3.974894091986561
3.3843585065763584
2.9827225866927094
2.2315122157197633
1.8747946705493685
0.5324322323917797
0.0
0.0
0.0
0.0
0.0
0.0
0.0
0.594330564191423
3.5566032060736705
2.5286568635433633
3.3051666077836597
3.626392806602129
3.9708099711096843
4.333741997422481
4.77459364445796
4.725856322972117
5.20523568637324
5.358462520013149
5.334820236922342
5.558856658256756
9.077069001985329
8.95869440219189
9.178355332332652
9.037061991203034
9.274466475962859
9.140495719882992
9.056901344692275
8.829580404165227
8.901463457116947
8.875942228294834
8.37352412292025
7.555333957592004
9.907225418465408
11.374523509391642
11.279120199254962
2.646696740520031
2.2061346328173284
2.1326253352017206
1.8595052761904816
2.1442775695619094
1.8434751274674992
0.1252781723274776
0.0
0.0
0.0
0.5637517754736491
1.2774531131595293
6.285181459155549
8.555017733594276
8.82855697784354
9.012991105676225
8.576416238121555
6.51495774234517
2.1381404145370273
0.7829885770467345
2.47809966060749
5.035901770691041
5.895581981638193
6.852392653721272
6.520993992110733
6.452925497833043
6.1665550504877436
5.81778800174255
4.233943396751332
1.1223477881979151
0.0
0.0
0.6139978729131034
2.7413227768402137
4.289328703438785
4.272800850981274
4.390594166407023
4.256472024454471
4.466238418359551
3.611417253778297
3.273553857438849
1.4930181933875024
0.3758345169824328
1.0335449217016894
0.469793146228041
0.0
0.0
0.0
0.0
0.0
0.0
0.0
1.345453638885247
3.166702057638659
2.423910559934334
3.3987767339442314
3.5200364294415625
3.616074423814969
3.745272076133759
4.440953091742948
4.523238199864537
5.027990175384335
5.416244893637572
5.436854669527205
5.425909356893883
8.69770799549161
8.747869297548311
8.85218000723653
8.644776218683134
8.677988170715091
8.586715458769516
8.666755376795201
8.69859099235781
8.643398332042493
8.375919522254394
7.765171195548402
7.409030740442685
8.714134743324458
9.580342274575633
5.023450308818728
0.0
0.156597715409347
1.7145597951413243
1.5033380679297297
1.7538944125846845
0.3758345169824328
1.0744202123537943
0.3082189224557164
0.0
0.0
0.0
0.8324526515778685
4.022967608818228
7.863093194318687
8.318356520525773
8.499875649684691
7.258662278627058
1.1332219149386868
0.0
0.0
0.2818758877368246
1.0866255219594088
3.6279086192633594
3.987853285972455
4.72571639117797
5.5049017935130395
4.754381920429745
4.793370856208506
1.5349323577889555
0.0
0.0
0.0
0.0
1.2489931348249714
3.6357744705942565
3.981884245741801
4.179565207591499
4.213767281961739
3.8634903383146932
2.9127679119873524
1.8412528643752133
0.156597715409347
0.0
0.0
0.0
0.0
0.0
0.0
0.0
0.0
0.0
0.0
2.507236783414572
3.167135577461945
2.597685075435615
3.499002531089247
3.7336404760456827
3.837918675524277
4.323038724282187
4.67777597654969
5.310384879028169
5.373812539481764
5.46094306921757
5.137164655426251
5.534004428861768
8.339276073359178
8.286605079436496
8.264475269812504
8.340524741497592
8.146196532317987
8.186670708671022
8.260959799056849
8.2759414944981
7.920154040829397
8.013422120493441
7.843754700450071
5.709017396596883
3.335125648785218
5.8070350918693245
5.797650084452785
0.9988772480250747
0.0626390861637388
0.8609170575693602
1.8833588166475341
3.6837261852139562
5.660425538178099
6.346365400750087
4.906538677501102
0.9630121343366224
0.0
0.5923307190106215
3.7296560760965747
4.888324802528059
6.664394925641005
7.779573914668746
6.6989654327735995
1.1821555576311635
0.0
0.0
0.0
0.0
0.9468606124534773
2.912313757891953
3.0868909305736647
3.9486931403887477
3.2413298246394144
3.695411265861388
3.8783144958610305
2.6667339215999757
0.2935281220970137
0.0
0.0
0.0
0.4967347749471171
2.1906494486328523
3.9437651694760145
4.554737082974436
3.998021891724682
3.9253982216692958
1.7906236023007425
0.0313195430818694
0.0
0.0
0.0
0.0
0.0
0.0
0.0
0.0
0.0
0.0
0.38306756843560347
3.4214826086644248
2.7383351792104267
2.2466571701738625
3.004933038773281
3.063132307757888
3.823906649470499
4.3388245737560505
4.585829430361898
4.668310877085276
5.000296215880152
5.246608563191979
5.2876714140968515
5.647489179712125
7.944848785191345
7.669834979837108
7.96225876967844
7.9208518003279185
7.940847405879178
8.227949827108251
7.846011956868357
7.826068652257218
7.888751262066692
7.911185351704032
7.484239668989812
6.990851146634938
2.231547133334064
4.987401904885412
6.772035032773061
4.594094264036623
1.468918105910661
5.77413016920673
6.423614182276079
8.240478580690366
9.031105302217428
9.213789607880333
9.042852121688904
3.128642299609796
2.5439824102156323
6.4791878460795065
5.6470655173569515
6.44563946795508
6.9495476128772715
6.4213377505340405
1.6918806866553102
3.605145371912051
1.6990386589417021
0.0
0.0
0.1879172584912164
2.384596576763087
2.878017551627906
3.340061408047889
3.792506926083889
1.7881217274860752
1.8259015671999892
2.9142170387064357
3.2707672301590525
2.7126726623997093
0.3714359683475269
0.0
1.8869147047307495
3.4280363768325306
1.097101202591342
3.420417951745865
4.900632874055079
4.2844324510693506
4.490448962060213
2.987192124787994
0.4304585287846804
0.0
0.0
0.0
0.156597715409347
0.1252781723274776
0.0
0.0
0.0
0.0
0.0
0.0
1.4384560844015923
2.6830919391358825
2.9001248323479167
3.2835753839753847
4.059404168166622
3.8785852967370955
4.245031604910317
4.354688397125607
4.672293150909947
4.985708121077887
5.260193044479683
5.506970149858447
5.393722326745669
7.398591382912179
7.378734570283038
7.62418114454301
7.58697010218256
7.844226803767697
7.733044983410203
7.84606724731435
7.749804626417755
7.555162877372162
7.604257138953736
7.340839734317094
6.858384425874497
5.360283957282208
2.068239117446042
4.292334854879352
5.53656385670708
7.656837446770389
8.124800887449101
7.808145449892298
9.015530653150908
9.23911157832721
9.111798007631304
6.581618709291779
1.8243627946211656
8.236884011503298
8.675254572709731
7.280394872846292
7.634134259394111
7.497306772565055
4.186400631483364
4.687236939579177
7.519209039448752
6.829243649139876
1.9992522514279405
1.153932218404362
3.7965820796595793
3.2602296467107816
3.2812635450630987
2.483198904924924
1.3051834719847366
0.19956949285140552
1.05608800178586
1.9584127909806368
1.854386607463593
2.773229979474656
2.493956858372186
2.262372664072408
3.8152128008040824
4.163292161170587
4.076844106148676
3.028133293934954
4.816152017495479
4.6475508013462825
4.714023499508579
4.269138655122324
2.144208678199254
0.0
0.0
0.48869906631351334
2.3855368854109105
2.1564801408317384
1.0042778585297647
0.5011126893099104
0.340095790993545
0.0
0.0
0.0
0.5557367011121579
1.2789825976297555
2.1123821648496914
3.4906942494648128
3.858395248420633
3.1561438399182755
4.181569775485588
4.363910874441946
4.749641097773653
5.09790730018234
5.090472782529059
5.243013836706909
5.392882871599323
7.043699174889792
7.183306068991832
7.569946762293197
7.6441743049741255
7.399693775669452
7.461656826193455
7.615734414555254
7.436305892906324
7.193971168645912
7.1731683631013725
7.240303097870134
6.707498524617751
6.256039397565267
7.822588706657935
3.923124572218646
7.5787894978850705
9.056284008202216
8.321949611806714
7.858874738090583
8.945175996902641
9.342179724169869
7.858979009717578
4.175296702579449
8.290657455754493
9.31371225823639
8.942655163274996
8.088166551678919
7.673055543011862
6.998638793002056
6.198504077203398
7.985552321716086
7.5155451739135595
7.268178659286946
6.625305423167595
5.50023292444771
4.6066453144006685
1.5198979192902413
0.3168325908173919
0.0
0.0
0.0
0.0
0.0
0.0626390861637388
1.5033380679297297
2.377260353949353
2.9362993577009644
3.351135682680007
3.641988850832884
4.612530280873336
4.695808497987665
4.788038330418127
4.848594616848652
4.813585267565642
4.272628875420159
3.9216640624589107
2.675179422954494
0.0626390861637388
3.293355397260674
3.362209957312125
3.6252781556902116
3.613646555602135
3.133995290654042
3.0641437873092454
1.7387721905004216
0.16824994976953608
0.923556143733099
1.3649261525138727
0.7356388852418828
0.8041097716781751
2.8481811836346473
3.6485413558663637
4.046371392586732
4.506220463131057
4.388320444073316
4.55750285883498
4.597645707977664
5.188698924747548
5.339198554731252
5.008230687969791
6.906505724045157
7.0020226704481
7.159817191827249
7.194044902826438
7.053564252417617
7.38910020737533
7.210763736505526
7.327752259924778
7.2189349300614225
7.007469185876058
6.9829523553833885
6.725522495977359
5.976964623621183
7.27688859740829
8.101379081940024
8.694430952268897
8.807671456011162
9.117045636398098
8.727640616809692
8.60425461231661
9.33193081435578
7.528827829273166
9.085465492844438
9.387242084525589
9.253576814283745
9.131823643584646
8.766294990726717
7.45591865124347
7.734837787274319
8.01823247032765
8.165436098418853
7.698212647612065
7.0732803925872805
6.538924256666687
5.744662571322077
2.5021123074711795
0.0
0.0
0.0
0.0
0.0
0.0
0.0
0.0
0.0
1.7837324469383637
2.9117977009802196
3.2619841601671085
3.4851416291773343
4.260696402349167
4.351077124792765
5.091721460726762
4.590316459679978
4.785495943528962
4.509831735463905
4.223254057137906
3.906911868264011
1.6775525573169008
1.325765695891454
3.7005687762911954
3.8903522972632016
3.8581087238407363
3.294649658607501
3.670689905130598
3.8030238752600467
2.5002537471877475
0.732001725243185
0.5790411698325361
0.399138985702811
2.541331943639824
3.445303134296537
3.980904995267916
3.756768275783804
4.36025817040623
4.8102112427230335
4.726723495156174
4.5754971587134285
4.9340790869228135
5.078885023748656
5.001149529545354
6.688209209832031
6.786456925015817
7.007469185876056
6.910696354943197
7.236248801031754
6.964918925127585
7.211785599180711
7.180465800350485
7.018418087950845
7.154862304482934
6.9825702271602506
6.390140390481179
5.66137639543421
6.29720165742233
7.802190140989028
8.292511802933735
8.539427552527508
8.902347723517204
9.03920684456179
8.833877977558833
9.06546429959787
9.010167600212057
9.244024960387955
9.227060931123207
9.29998770478497
9.0401853443586
8.566602521792236
8.347177355604876
8.52917325840443
8.207438890325218
7.80450567735918
7.606242142792205
6.694137894447436
6.0585442528493205
3.6760650767713425
0.6519312391758465
0.0
0.0
0.0
0.0
0.0
0.0
0.0
0.0
0.0
0.4384736031461716
2.3335890906874255
2.9711941579651953
3.5333400058975166
3.913902022019251
3.781989976907731
4.456617889181802
4.639441328505416
4.422522518443553
4.57578532972977
4.467692163813917
4.6799934006994555
4.287962398455915
2.14588864756209
2.380993312202274
4.193975097100611
3.1572997593744203
3.388744875736964
3.8700268485087093
3.71331502729119
3.6442181526567214
1.3747733367863146
1.0766106024171158
2.885874158806743
3.4248059271280678
3.2248600580790425
3.5665628297938685
3.869469523052751
4.21542005334681
4.464517164902014
4.767872645142338
4.7371539865756205
4.589746432257443
4.934662972864201
5.035084863520701
6.404690608218472
6.425771605363184
6.896853555585434
6.981314342630332
6.956250012835144
6.895174693747229
6.956522641197778
6.752191205759398
6.801117609461484
6.60761279668091
6.4590920999618415
6.04239438991987
4.935891983227327
4.251081602865116
6.3464279120790525
7.634143896123605
7.92210657015909
8.540913385138367
8.777047733563352
8.757935124878292
9.07828913059313
9.009072694398306
9.1715340170499
9.151308489064713
9.323309988758059
9.084204999815368
8.712830120388356
8.513650830794255
8.463604349791021
8.013695194693318
7.8950207597300315
7.598354761122115
6.952100231022254
3.8275960872345336
0.4376709459657385
0.0
0.0
0.0
0.0
0.0
0.0
0.0
0.0
0.0
0.0
0.0
1.5528434110050888
2.0766619750351927
3.6485413558663637
3.911808120633446
4.369916921143512
4.849003839900005
4.668310877085274
4.726276050545292
4.849451284510888
4.718215970453892
4.524823011991568
4.629755527398542
4.3951751973905235
3.349675251953163
4.344700076599371
3.8046958516279235
3.979925744794028
3.626950132058089
3.362767282768082
3.4680090090167326
2.8851680659926284
1.7560500638551921
2.0864222947658178
3.522823056721359
3.577079778970028
4.171428684381043
3.8572805975087148
4.140196079975763
4.615097030803173
4.852178838811902
4.92023903643015
4.658215852927046
5.343796894730884
4.896502987709965
6.485694401545776
6.426391651099717
6.735892508560677
6.832110623872075
6.643200808665352
6.768423494760015
6.933261695235028
6.86945560736627
6.808148509000868
6.569560506042351
5.611519539283578
4.323118344614328
2.8176005756248204
2.986377661290564
6.538726902271462
7.483695715535055
7.4355148022608955
7.948275352720908
8.149397351266893
7.495341429449129
8.450031897420729
8.577492201698922
8.637945113672783
8.893969456202848
8.752455697666376
8.59047001017173
8.466208084522307
8.470599869460365
8.269049871662812
8.122742706348442
7.763134712389872
7.506772524400078
6.9575372875540165
1.0991870788782994
0.0
0.0
0.0
0.0
0.0
0.0
0.0
0.0
0.0
0.0
0.0
0.0
0.3911239113413198
2.4333588859334734
3.458049385296532
3.915438597949097
3.9558186945820193
4.124308383449693
4.430962601965846
4.763893058646587
4.461143140059409
4.710848500596678
4.185486777381138
4.607170704713361
4.572731382852884
3.934916715388762
3.915438597949098
4.103701266695092
3.888535370456365
2.9083566463864883
2.4562845174722034
1.91561517435952
1.5594572341859625
0.9235561437330991
0.33649989953907217
1.8753037389147844
3.2551930833350364
3.8337308727526667
4.049898188007648
4.243373976945459
4.4720183887608185
4.835537478228084
4.778908698214928
4.819329703736297
4.362824920336064
4.377988172424846
6.3436971832256
6.322785648743676
6.50825340767695
6.759964123292387
6.601565153308808
6.808148509000868
6.792231940025285
6.43960807056029
6.34049973695708
5.463989393092435
3.8892693648945795
3.0703375332757608
4.257557380588684
7.0708712907041935
8.393811517377168
8.79109900782876
8.505978471602615
8.544261147345669
8.063787052500437
7.380708211946246
7.47863879096569
7.385962539551081
7.411349552789323
7.751098549802436
8.030435359086646
8.224505887205396
8.112996149277283
8.232347657412884
8.101125925619236
7.754788415846148
7.522445488290432
7.273853105916735
5.221333845169181
0.0
0.0
0.0
0.0
0.0
0.0
0.0
0.0
0.0
0.0
0.0
0.0
0.0
0.0
2.0390519686888524
3.44363115792866
4.0010950435843755
4.032359366532953
4.191061407241544
4.260696402349166
4.444365338145085
4.556695583922208
4.541467059904306
4.143524037872054
4.0612383529475515
3.3158979699187374
3.1734089206182925
2.8230075109808244
2.3276448509671117
2.3683600853189777
2.584032995894622
2.811316363306089
3.5137547252841457
3.313949677775603
2.749884242210053
1.7291084351361155
0.2818758877368246
1.4545068673966872
2.853495260635051
3.8520978205593837
4.29194152031494
4.533938785675913
4.816910566326902
4.587354345217642
4.682150927577939
4.362931623968057
4.34696109696651
6.045594788082338
6.294824296929978
6.350602789847631
6.4236230467340985
6.688209209832031
6.588085564381795
6.430986537438401
6.1422554247919185
4.4748142311268
3.420925283208466
3.3145342095745653
5.283949707101843
7.818336051625489
8.766381072622009
8.92489801971683
9.318632283826332
9.201651400411599
8.960454054727553
8.800496201546746
8.712134320781201
8.678382864831024
8.416284556130389
8.230679549618806
7.8923173367464425
7.634640662858997
7.286155938583924
7.112766845391392
7.035912062310679
6.831951802745316
6.573978305648945
6.517133115922903
5.680882822110727
1.9213256940357208
0.9934695498942336
0.0
0.0
0.0
0.0
0.0
0.0
0.0
0.0
0.0
0.0
0.0
0.0
0.0
0.8986669949239675
2.9807543102316316
3.1179901036565405
2.6974451708571623
3.2925340308545357
3.1539566079704393
3.1522051116555687
2.8778834615017876
2.7155413177878147
2.552185263604006
3.029096695119295
3.3835275144804866
3.3012034267756083
3.5466435823534717
3.6293780002709224
3.499559856545206
3.4064657872963697
3.6485413558663637
3.6706899051305983
3.0980064737500053
3.454705432560777
2.9960923934183685
2.0166739627815824
1.0335449217016894
1.2315297344643414
3.017452312780042
3.723545451887451
4.248136475313306
4.41603876661817
4.159254107240026
4.216770305312524
4.420935018987603
4.110839334448856
5.937523323581842
6.3505090830439785
6.206745434317855
6.2748644325016345
6.205912723020971
6.1358366494858645
5.426309322847848
4.414972568503402
3.2648133191257567
3.2326607826068683
6.417695639133681
8.273274789262214
9.234570814334987
9.230531255280647
9.240441757032338
9.535573051009756
9.3278574375709
9.362202213123435
9.10884324066568
9.202776946666765
8.898196876074257
8.613222106803358
8.772193271238374
8.658625990097505
8.542207141637343
8.385325217302462
7.9731393206485555
7.717012716470196
7.510444693015319
7.156212666739629
6.455687338804617
1.4122192390100405
2.5831486478001344
2.736316130600851
1.278138671905098
1.0283643501584634
1.5600764624582597
0.6300280216360856
0.0
0.0
0.0
0.0
0.0
0.0
0.0
0.0
0.0
0.2505563446549552
1.8439222930165788
2.723788281264855
3.279699067509151
3.496195269537339
3.873282843053564
4.035886161953871
3.9571161881790986
4.112426833904805
3.923017795703595
3.8340173973325617
4.048329893534505
3.836804024612358
3.8906388218430994
3.2458320536150214
3.793064251539848
3.453570147376746
3.891060746861026
3.624720830234253
3.6473387467635434
4.015107069638154
4.04735064306062
3.671804556042516
2.5350459892718735
1.783732446938363
1.2468603973674537
2.725673944948681
3.4285937022884907
4.066561440903194
4.438795564864467
4.365192644335193
4.404606192460802
4.146342383695148
5.774560377468092
6.01318971529503
5.983357760834201
6.0028852725774415
5.627371939506767
4.621575652764575
3.6474535129294625
3.33498357612792
3.5237732581741126
6.938531262847142
8.739711470404869
9.053464903094484
9.399402781826913
9.58786694310368
9.749977869031293
9.82869730771872
9.656228802665098
9.454434782052846
9.449090682580284
9.063543991036115
9.135320183636239
9.134766733696237
9.116542803502114
8.954440128706425
8.833753704865797
8.65859286184038
8.46045197379174
8.186328530913993
7.86006004158995
7.559125262797238
7.292961375739678
6.100360111136918
0.5001486683367911
2.0668485332690008
2.2278337871768406
2.7059034648664384
3.1428815320065455
3.1218269993821193
2.369440074680916
1.7275031207752505
1.2352287972793772
1.3983394440499115
1.6721177203367947
1.7479730866773635
0.5637517754736491
0.09395862924560819
1.088168933503937
0.5950713185555184
0.9380016123673279
3.1340365591982664
3.620262226586579
3.9796549439179634
4.011611992760533
4.381163171336745
4.579850434029923
4.682189149137469
4.5264105114475175
4.104154910256317
4.225820807067743
4.150259385590696
4.360059144475519
3.6795348779388792
3.8489929501563935
3.815770126260043
3.926512872581215
3.890352297263201
3.132364582830389
3.2952069840634612
3.510634131177322
3.671159272395657
3.6983188401952463
3.1072849663815716
1.329208060797098
0.4384736031461716
1.5717286968184485
3.453570147376746
3.7816154941369344
4.131637631747378
4.482683440341581
4.115667104745826
5.410901534518446
5.522266041425077
5.5643298094613245
4.77338740592535
3.8293418747994763
3.1550704575505835
3.017555484140603
4.529696534208124
7.572477503619668
8.77970613401121
9.087701539866957
9.419672527616997
9.578536107186128
9.73278426694184
9.78030564319511
9.788957708256234
9.65703940521014
9.45146925670349
9.139124120843112
8.97117449071475
9.21022634938343
9.238062580883224
9.104974147374671
9.131626296526681
9.053231509776497
8.85552349309843
8.364344155091754
8.258724846410518
7.898514984529533
7.793347389085462
7.22513677045483
7.021039356871186
4.892759861223133
0.8628058757613946
0.5477216267506667
2.94907907240154
3.4912722091928847
3.7792033496279345
3.6596156304984815
3.2004203041746333
2.7615158422981274
2.5869593038885297
2.784882213834848
2.2440290100767224
0.46177807186654984
0.313195430818694
0.0626390861637388
0.48508254058692796
2.613373328067802
3.348865112311944
3.4774113072809714
4.184461459960934
4.195535734593053
4.681408924594289
4.747483570895168
4.6790141502255675
4.426133790776401
3.8777414467012385
3.549987535089226
4.3417623251777115
4.3144150041246805
4.188123655819885
3.8320431726809554
3.8313504467869635
4.1652506621183605
4.02618134427027
3.813118899418278
4.16653243201161
3.322012703364363
3.499559856545206
3.8590879743146242
4.034317867480727
3.5404923680658067
2.679915540226824
0.7516690339648652
1.3685220439683454
3.036215640764296
3.5903833554259803
3.8369394250503897
3.800950495980166
4.496561712393774
4.678233925682391
3.9740101855486474
3.3687843597523432
3.1689313594624964
2.9069494013920854
5.369738668160711
7.737162600500589
8.845815818140888
9.395001713498392
9.376034621227923
9.599270183005096
9.903087907292209
9.799685407552268
9.680881549470287
9.732012946023385
9.555070589728501
9.290459521809453
9.139913509074976
9.340005759532477
9.22934717293287
9.049914019937333
8.852444453439766
8.786929474447017
8.81342920306594
8.769028758876754
8.391296868964528
8.234534849594622
7.934475199750864
7.5103373959753785
7.140492111361551
6.761655764687069
6.065241258582277
5.5334092015989365
2.560903422003393
3.8485670641715006
3.8271626440153526
3.902827747387133
3.9647990678283307
3.6579436541306043
3.9912865440060408
3.481449249045344
3.9999803926724566
3.0992286234758537
0.6693626390794463
1.2665277060891342
1.461574844672958
2.8804781578983496
3.6922811289388746
3.9981572921627153
3.759284102187536
4.189660231749729
3.942785919002127
4.5365325859753405
4.568443379465511
4.500344960287734
4.6396133040665335
4.910157870790774
4.22386230611997
4.225144076013216
4.457398113724978
4.387777467020374
4.178888476536973
4.119416987660046
4.163292161170586
4.085772238745765
3.9547040436701013
4.035297117954614
4.212788031487851
4.008674241338873
4.032359366532953
4.352836599809828
3.815770126260042
3.50892088626522
2.3925497483082387
1.8222850414734042
1.1078362422256172
2.497234149100931
3.189965257814812
3.8019092243481296
3.4552627580167368
3.302379980503864
3.0404264330376938
2.9246058547965514
2.784956402705155
5.807139358332745
7.916993059062565
9.009425009951878
9.165740223735103
9.599130184887128
9.59934138937225
9.765440622199055
9.897914105500181
9.720098017379792
9.817963101790188
9.381671854162906
9.503352932341954
9.25687063320264
9.459843711617582
9.220416121078996
9.470359231908821
9.121439069804989
9.117206937196043
9.052728676880516
8.751150184183004
8.61032772533562
8.396428110500555
8.125605875733179
7.893566960781112
7.719647240168153
7.345794621661407
7.167597325679183
6.517605621452705
5.894599423517579
5.010869518762985
4.571122207685179
4.474587826019575
4.836516728701974
4.823047679701135
4.4088814938816006
4.333625801967253
3.941113942634251
4.290610473332033
3.7894337742241975
3.3045061109671385
3.154451229278286
3.2430041577909985
3.3068385841515386
3.6590583050425214
4.098805014325658
4.062087113551686
4.294963748648527
4.324812547702272
4.57390965925748
4.855923865146337
4.9718680705852245
4.698574273848212
4.352836599809829
4.006715740391099
4.590604630696319
4.68295820249071
4.624859275029105
4.322551527335137
4.395175197390524
4.074865083094977
4.2245867505572585
4.1179121302734965
4.258551577437259
4.455810614269028
4.229904927944622
4.179262688172139
4.210527011120717
3.610859928322338
3.644640077674649
3.326200506135975
2.5754102408889037
2.372944342402897
1.8274449787445168
1.5178660736524092
2.6440645562333334
2.9432453771481306
2.7151957846669466
2.5929745330692207
3.0237905996296024
6.074930615290296
7.971437383473626
9.05929354095299
9.465496466892082
9.54378120354494
9.6342117171855
9.680428780122313
9.950685500748822
9.978184387072687
9.977865760844328
9.690345876873298
9.62953401225377
9.664653255724533
9.599781871747279
9.31668347555939
9.247775735576958
9.106865695068404
8.978960716855214
9.006671693817077
8.796053461268171
8.607551673730212
8.601025722167146
8.284405389877541
8.172308948619433
7.996559769020913
7.671759321567651
7.595017820748642
7.033789400201163
6.533208237611634
6.437250636597179
5.942126713239927
5.633142773758073
5.6002107244903625
5.145941607852346
5.0309658105043304
4.548403293137221
4.297465226649244
4.677426650769619
4.283453200595464
3.9713990151089407
4.03278129155088
4.1578385833451925
3.7451683942390246
4.203536857365477
4.542446310378193
4.391202415389086
4.759763172301477
4.91173151172787
4.820860659917999
5.031948086168328
4.952436571100186
5.154075105872689
4.848136667715949
4.701361725420511
4.627559778960531
4.480154911971274
4.819736239458729
4.463947137479485
4.041339739779266
4.032359366532954
4.204396702240796
4.472997639234705
3.7174292202749184
3.8321736625507077
3.82684440089216
4.108458908483153
3.8484356247004348
3.7483452279934513
3.9928548384791833
3.8921753977729443
3.8907550172983245
4.0623387094449415
3.3760927566307757
3.0601806063011927
1.5965559428112426
1.4588847817594806
2.3379257365059924
1.9431646651659746
3.1758562594828113
5.851415807389042
7.147016360683566
8.376263526866888
8.811794467995167
9.285993995882526
9.661091567681833
9.845845121549074
9.759767254637271
10.022332173091314
10.200146526756969
10.256332180386428
10.178877271070489
10.175703525360053
9.858002459217687
9.880523882644807
9.727590663381678
9.362945724729396
9.56029769457481
9.138998866305187
8.70661434739121
8.566551945386502
8.504654896942656
8.373580672774006
8.279686382462817
8.111673275100935
7.8657897786657305
7.637113716665347
7.6123048575198125
7.430631446276539
7.064353874065932
6.713953548166036
6.486552364795704
6.258306635506925
5.72295885249124
5.863240954607337
5.6919395942258
5.657841678113589
5.19222425769818
4.811365156086956
5.0367671278104265
4.87135141509495
4.788188630267485
4.698337026357975
5.0411410705800135
4.933075473408253
5.110324009587271
5.254543035281618
5.269809452052125
5.121422647260063
5.150270520128165
5.380627295372499
5.234527649855191
5.194231484727302
4.803441517326062
4.813956269057467
4.960769432912432
4.744916820965329
4.717397524351187
4.4781964110234975
4.231998829330426
4.11906033457124
4.322551527335137
4.374071170529299
3.8344009123848775
4.140164361432466
3.9235751211595535
4.147321634169034
4.357798124108386
3.4896002328250066
3.4935015110167216
3.904953367316237
3.9269665161424396
3.687957925729232
3.7138723527471504
3.588711379058103
2.9943954553250096
1.8812663333663315
1.7065447207798328
3.045243630961533
5.5511230971356404
6.979259734312652
7.666777199810375
8.15380883911654
8.675773451523314
9.236450303133365
9.433325655976939
9.863422790578339
9.972456056659793
10.155554137819708
10.364856862796296
10.107100523322467
10.022459884236318
10.130414763851864
10.137959334981822
10.199644574898326
9.703696950521973
9.61107125793084
9.471640671115251
9.107917237486262
8.726889542319388
8.758541071435687
8.651905921860466
8.546730588863737
8.256467219345314
8.270422790642169
8.016784791781236
7.631966663799185
7.529170848357442
7.236521429394391
7.01787058864833
6.969382184388261
6.661343738781658
6.570224610289153
6.398549258042717
6.107286371217415
5.926156403145078
5.680617947913911
5.6590586864117
5.644817549813242
5.684917385393608
5.447315293356623
5.399974863352503
5.803118314848464
5.696505459047205
5.458389408299569
5.639175288174183
5.5211296493767
5.558493914657926
5.341552739964183
5.311574317568434
5.620153011740499
5.5000904327369815
5.263623612596541
5.117569326379923
4.829397677524932
4.766086119755679
4.917846949390352
4.969126657765352
4.636217603512172
4.990904205537762
4.609616402608184
4.233957330278198
4.167511682485495
4.250972379682762
4.370088896704628
4.409860744355488
4.3821424218106335
4.029031408636663
3.7447147506778
4.0129094863576125
4.028658760708392
4.169470183433269
4.04735064306062
3.6596156304984815
3.515650060280956
3.4663370326488536
3.028051799044647
3.2306706801759875
5.295407268539293
6.530515389105148
7.088598076195971
7.545666794483179
8.226433844017093
8.768400983823948
9.029230870281566
9.376462816630001
9.713856456297973
10.059197784808381
10.299674136037776
10.223095419294118
10.205135268463986
10.360306217375422
10.328640776705837
10.206632231318528
10.16758140008279
10.081344477787617
9.805856606429078
9.811287564965848
9.412536268624118
9.355019705010895
8.981559064494403
8.801380780328108
8.588408668665995
8.238739732145234
8.094550987774765
7.952084213355722
7.8899413641338
7.5828778368436325
7.409040390914484
7.222640023528724
6.98393561155067
6.945848610062873
6.796435350479802
6.3212823878041675
6.528689107132084
6.480767890890043
6.17575637834255
6.019428562500764
5.953994720656526
6.157952099982793
5.889251098398445
5.742317253799989
5.944531942334295
6.224391347124777
6.274053462375595
6.261121674108181
6.134690544260576
5.624455534989934
5.819871913785601
5.530200513514714
5.434179953858587
5.362703068480228
5.526186059456472
5.079455051171192
5.020916825098532
4.7688518956162245
4.648120828768817
5.030836857559803
4.965951658853454
4.816277954304162
4.826222678613033
4.830985176980881
4.664592901120435
4.34145659561501
4.1896602317497305
4.148722809660849
4.219758980260287
4.073718713639761
3.914323947037179
3.597827152742447
3.3051253392394346
3.578751755337905
3.624720830234251
3.1445535083744245
3.1905225832707718
3.555488555161752
3.30183424985326
