6.725184537499654
6.983061855243892
6.905030839794232
6.538771056626792
5.477213285119694
4.045301984328626
5.337560791984384
7.986140927484151
9.863367026777285
10.734261573927785
10.995211699568669
11.249059830739238
11.22525694707963
11.50593533633363
11.630840451260902
11.392111276358698
11.354655221799776
11.34103156415987
11.024420338440843
10.890329760362878
10.44888358095814
10.069327592339773
9.676568184368122
9.365197734449767
8.932024034156306
8.354212167679323
7.867707457679582
7.64967360177093
7.536973364658276
7.492484605962509
7.0749354337267
6.345767111932436
3.5409763754582575
1.7353457763650189
0.9332498014567115
2.620729509560591
4.178480295973526
6.8872790886054736
7.283163955481782
7.354226671271191
7.63618731148005
7.650044791215794
7.512710667911676
7.7345664396290505
7.737075026105212
7.585288372031808
7.464150732291644
7.21870699885959
6.907050980770426
6.549362724100613
6.445349341568388
5.960759554566847
5.437750027237797
4.054235054148748
2.9856752535975164
2.8164775336462826
2.6843504167721304
3.605866093626305
3.8289952873407858
3.935774913827636
4.433490089443677
4.876113913462796
4.487036715658076
4.860465661871723
4.931242909269164
4.77340419686343
4.563244607676714
4.5871796823276085
4.363910874441944
4.398786469723371
4.425460269865216
4.586980656396899
4.634479804206861
4.22611032045464
3.2957436752473077
2.9691775726743113
1.8615990246446517
2.9151732224356977
4.060260559956857
4.308636491753777
7.036395646987776
7.13614117904699
7.236331466693101
7.373509518168785
6.938983852525991
6.154789995839132
4.411687933540287
5.031824802772922
7.315842070391169
9.540797463198555
10.545076946519394
10.577523912545395
10.771949777141094
10.801619265618376
11.00985805619999
10.689341918074502
10.612839217396926
10.469291501848309
10.26512308608706
9.66827812265593
9.041485909681453
8.353215761702424
7.6105381226289675
5.397564701172873
2.5145358295433433
2.5871879116790115
1.6790832762498742
1.8602753937440584
2.41476680125264
2.244899373928414
2.8680900517541046
2.5423865395389758
1.9428227690751834
1.8310589190669546
1.5010332677489937
0.3168119565452793
0.8492648232091713
3.2859319706218963
5.77110929461556
6.952278381658114
7.15490091099083
7.290509325974373
7.535372688750842
7.494069381051471
7.253844231845536
6.9817500994950965
6.965137924848593
6.903283327180673
6.662753292917512
6.344648853279182
5.908182024575014
5.029719320697123
1.8261169965651554
0.0
0.0
0.0
0.0
0.0
0.2505563446549552
0.6336651816347836
1.4413155489453373
2.702269894720529
3.519257790161101
3.85842696696393
4.23402260220732
4.65804387736593
4.472018388760818
4.167511682485494
4.046371392586732
4.1857432298541815
4.546600559763978
4.541096058412481
3.9160276419483546
3.3815512450244496
2.03344486586866
2.4354596229339607
3.189543332796884
4.105360048624423
5.153176091316251
4.991054505387123
7.477857183847439
7.511588223114501
7.927195343073385
8.004077648703232
7.793781451702177
7.5396522507925905
6.58490722602758
5.413225931527752
4.59365317442503
6.345818567199971
8.823489161798983
9.763352715675936
10.09599142504615
10.275256237347477
9.870159796886298
9.713365220958075
8.756178827880095
7.547652207296449
7.622096603721685
7.409981494515913
6.542069011739851
4.48067881009126
2.6911030395693696
1.4895644622969406
1.6620501660653588
1.0488343160605766
0.4384736031461716
1.0308249564289054
0.485082540586928
0.6577104047192571
0.7669584283237524
0.2818758877368246
0.8143081201286039
1.373681981239459
0.469793146228041
0.6300280216360858
1.278961963357643
2.562911801263182
3.9390059685289005
5.644428873267545
6.619325955201977
7.106030378507626
7.229561423207605
7.2320581701337145
6.978746702351619
7.017597960285693
7.052080436685868
6.5807725775835815
6.494629608040194
5.879903203287359
5.013402080582068
3.2718365017362068
0.0
0.0
0.0
0.0
0.0
0.0
0.0
0.0
0.0
0.0
0.1879172584912164
1.6082608119005752
3.536554731898147
3.5832103589855784
3.6979018257455967
4.048329893534505
4.251209627173
4.649686652513008
3.9961987912149404
3.9673148942320635
2.714865636313152
1.7370822409533822
2.4607340344758333
3.846809715278874
4.885776476138093
5.403397623330725
5.281233381271236
5.385809521313522
7.76564639550702
7.947792387470386
8.222870431512018
8.283612612851247
8.215911020853511
7.951073854341576
7.610986296404352
6.734322555515447
5.335512964866258
3.3190187581925468
4.57475927467789
7.694373418773588
8.956088212334526
9.457019158905867
8.771507711197154
7.1310583127139715
3.595619723203911
2.324713783782531
1.7246479836848727
0.7232252622454859
1.9406875991451529
0.9031068121030985
0.8295975144874911
0.9747790591739278
0.5637517754736491
1.977359979610335
2.3904259445631273
2.0205995407870008
0.0626390861637388
0.6263908616373878
1.1367271794940754
0.0
0.0
0.2192368015730858
0.2818758877368246
1.00222537861982
1.678121583332566
1.4909450792054457
2.4424929386602505
4.01665615912849
5.977439753433464
6.560462640611843
7.10435050942169
7.033285044493187
6.841984529471881
6.647626232341248
6.528106785745162
6.065933269951619
5.54692637357625
5.038504927115735
4.198776005434072
2.476401652835911
0.0
0.0
0.0
0.0
0.0
0.0
0.0
0.0
0.0
0.0
0.0
0.399138985702811
3.27742416968772
3.745001275257696
3.724946627379267
3.6868432748173134
3.5111914566332825
3.474760080439207
3.400367436358288
2.401521006398996
1.5514215255523598
3.0811507540336027
3.957096983196293
5.041295066016958
5.497938604069484
5.526759112069116
5.579910684449406
5.60007906610838
8.280955404608111
8.370803389082264
8.361347117628458
8.471162159026946
8.411074189561702
8.321942563656052
8.235216072440604
7.750264362911443
7.311408598922016
5.628120390785954
3.480486006923055
3.1553605110800107
6.352318541132818
7.745466811483335
7.52864345459382
4.340128216088658
2.924048529340593
2.4237867543016582
2.0918092090301683
1.0837497505969187
1.372941226875364
1.5530588403702559
3.23705651248052
1.820250534742621
0.0
0.9504771381800627
3.246826100298338
2.2142023419079626
0.8448869088463781
1.6993643040558055
0.8529019832078691
0.0
1.2708849861798146
1.5330935651949584
1.4741122733020307
0.605941530007387
1.6961423091491554
2.0113695856056815
4.0140558558128285
5.367696422367544
7.206564952876109
7.570080516297065
8.001868524788858
7.825817322199345
7.699272806801226
7.507957191841161
7.077705045340057
6.6791581693164535
6.478118245281121
5.484378645511622
3.8086445720667697
2.0198866896010386
0.0
0.0
0.0
0.0
0.0
0.0
0.0
0.0
0.0
0.0
0.0
0.5870562441940272
2.784882213834844
2.91293298616425
3.5322253549855978
3.5110939484414523
3.382645261664256
2.979211127307544
1.3335859751598906
2.1845201136439885
3.563047118644136
4.495582461919888
5.091301733153589
5.641755567815949
5.6180465875738905
5.8655873922812605
5.968566114801311
6.408499776384161
8.521246675835707
8.585713860943239
8.482096074142628
8.41053118942241
8.562223306149948
8.612076968708847
8.236337745715492
8.026010018453924
7.663766893447568
6.982679727020754
5.518314444995069
3.683032287584655
2.863864854912041
5.789344648821425
7.376654670255626
1.8529256847770015
1.0874281791398415
1.0561086360579721
0.8529019832078691
1.3728999583311388
1.6066441313547914
0.9468399781813646
3.1241632910397477
2.2343743890185475
0.5011126893099104
0.4930976149484192
1.2636932032708688
1.1929977742014137
1.3263322894346077
1.6736817661534353
1.1303999565819003
0.0
1.7202700693220794
2.6195580345675626
2.540570123266309
1.3801330097843099
1.5724488169104316
2.4113937655773743
4.282764808466838
5.948205954850869
7.456487633992686
8.080374280617585
8.124576762082906
8.155922888465795
8.161069085282199
7.798954178445319
7.480226581693707
7.094382022686262
6.884685722407213
6.110030883740753
4.5614927047622436
2.584968545351772
0.0
0.0
0.0
0.0
0.0
0.0
0.0
0.0
0.0
0.0
0.0
0.0
2.1579822838320433
2.5002727150994444
3.353364984503843
2.8197770140990754
2.3670620054989246
0.7822478226826395
2.4631533722020493
3.657653648271736
4.751311455898972
5.2207715308675615
5.30675595537808
5.956834658982532
5.8648953809119195
6.046914079287672
6.149773843051024
6.079557069588376
8.625594660034649
8.548986047043439
8.580166409176973
8.490521800576419
8.365490600168046
8.38555169120553
8.310214601980014
7.961006989353147
7.790776579965394
7.141273223521742
6.715456809105543
5.719676798210051
3.8098289757269868
3.152419477701131
5.549136322645672
1.5944321390661305
0.09395862924560819
1.1857647227482428
2.7266416763060115
2.196555512639196
1.3094582149869671
0.2505563446549552
1.8724898703686321
2.1354542803170045
2.559269114407682
1.718230233508755
3.079657294451551
2.879752741124036
2.8231054289476463
1.9289139916248008
1.1240015627661928
1.0336594592471702
3.02697882750677
2.9824685526957357
2.7633402515657535
2.3294722773761927
1.5732514740908639
3.3777245082033778
6.486120327057147
7.787741196189873
8.254616626958308
8.462208341534355
8.602077896399157
8.435942006233416
8.143086202703987
8.12873912981191
7.667331827986962
7.298325239248603
6.927323551723429
6.396808079589814
5.377350052295116
3.1205230382107905
0.0
0.0
0.0
0.0
0.0
0.0
0.0
0.0
0.0
0.0
0.0
0.0
2.6522993874133585
3.129970206829652
2.936196186340401
1.806213624206196
1.0713980304168595
2.7883749339287554
3.098027108022119
4.474413163129538
4.987459778902051
5.163540543198294
5.477578699173824
5.8661604448939055
5.856960908822282
6.107518421402074
6.363321912554693
6.08458515281964
8.762719797463395
8.718556201529909
8.587644651694655
8.31119711533347
8.092973469587632
8.033720863888844
8.275733905784454
8.012942144748799
7.601085844174085
7.187541397050676
6.812066511536273
6.494247479817056
5.748153148603386
6.371321877208402
6.322769896126739
1.2162816086496797
0.5826370612870089
2.9362374548846266
3.3603721790860366
2.846314432501575
2.1216043515649083
1.6575386690025558
3.4037352247702266
3.749369587200852
3.4876515053521957
3.1599113776205385
3.5343248532713947
3.281253193246089
3.1616358205240456
1.8196313064703242
1.845001632184612
3.9519232894559417
3.9372233691466243
3.617200784522833
3.8888904572116716
4.484646119607964
4.6413102610966455
7.169744236406959
8.17319765694184
8.465401872904051
8.746464844982787
8.873187048031886
8.879599435487759
8.636105445505182
8.42337028688748
8.073026766670173
7.939657303812071
7.646283880028611
6.939199838746625
6.646097719448696
5.490492666631923
3.883893811957341
0.0
0.0
0.0
0.0
0.0
0.0
0.0
0.0
0.0
0.0
0.0
0.0
1.7230633035961196
3.0513769020371364
2.843225922724239
2.936134283524065
3.295206984063461
3.2325697457032923
3.6645436014112147
3.934649395791671
4.544579474216001
5.168722769139315
5.51648128807529
6.04895070659956
6.213557334136235
6.477977824797705
6.562510688710577
6.1985277705899495
9.090716088841978
8.895005530108222
8.724112221179924
8.217644281814497
7.862164182018413
8.010610843248383
8.074850284918785
7.89848536796051
7.663111180306094
7.259482912795345
6.996998604913061
6.349698112917937
5.401489264632165
6.937151434988153
5.817730324045363
1.4678110005539693
1.7106084120554965
3.2237454071671237
3.8641987879125193
3.4003245799619117
2.16375635580999
3.7197363013002263
4.193458145840712
4.721481592795671
5.739510419967063
6.003978076525234
6.683430266799362
7.250871515496361
8.206468264569944
8.409288347130827
8.527030845932206
8.856863689430355
8.922744557177078
8.602101301470848
8.822465725988359
8.72864542744365
8.717099963394686
8.869237615612597
9.223180509934256
9.178793358100595
9.032031621841249
9.052606600973084
8.938051122198484
8.617059591840407
8.60049218051089
8.373594107365971
8.130797357112446
7.741363331056019
7.329759581587814
6.85016629258055
6.352667548222343
5.499141223620662
2.433153720920484
1.2880411519996335
0.512024169306004
0.4653945975931351
0.0
0.0
0.0
0.0
0.0
0.0
0.0
0.3597837339873378
2.5954095644337234
3.620819552042537
3.6812068543067573
3.43763597835114
3.3301017843276903
3.7470951766435023
3.4923868601048027
3.5875141910577346
3.8417127905422843
4.689558149771321
5.762967337814488
5.891977945296491
5.982784708221556
6.102663596935023
6.24725995695803
6.18192298047135
9.136617145182198
9.036622085861705
8.661465685910455
8.127885285093912
7.978166052582822
7.511883811586264
7.506405404568357
7.439115439516179
7.500570684006666
6.996576155020144
6.904595082929467
6.145416343374081
4.7733094320296505
5.852217002216461
6.521335207596562
7.7007372967788505
4.371232717701142
5.342023212258386
6.4863352358245985
7.96699557658723
9.29641053939512
9.70783314810521
10.404448005746582
10.462044115864586
9.242717409662244
7.74710056507167
6.039990952363361
4.113729755152257
7.065476542558595
6.599439114217202
8.010886233454332
10.857157416902002
10.679480228134473
10.60964417447349
10.453625134373866
10.224974196205308
10.099046227152522
10.0516544583989
10.024337594436998
9.818144041331578
9.664601687124978
9.472184290689377
9.188501772376213
8.81678687494857
8.625688893431201
8.371140274996433
8.1329108286591
7.650112448485722
7.466032376144301
7.197412565231408
6.978802573570499
6.580399908256638
5.863798307212592
5.08113456877666
4.166942259006196
4.482634742454122
3.6646327105705536
2.9098677516107125
2.5170797931652826
1.7957050997623034
1.0654950592407737
0.7931180341345079
1.132594596855756
2.87795564881157
3.1888299726307814
3.336852855750166
3.248123258255195
3.276043628468017
3.5179425280557575
3.5215968718937742
1.284098605263694
0.0
0.5003306664015899
3.998961190777463
5.034910200630665
5.965938769251486
6.246903080687935
6.28955886094867
6.220012357684517
6.370205778005881
9.663651086461977
9.236334878961319
8.923700031985545
8.066928730711062
7.471107897650503
6.946007890489349
6.950745054538192
5.781896798009124
3.924722200819068
4.2030222141699065
6.212962540352745
5.419113242470527
4.256171151471556
6.044024147455671
6.971389628025008
9.36636700838841
9.566290218680473
10.093077740825871
11.210081153369265
12.1811610528367
8.491113701330576
5.735643744439812
4.148636905571467
2.5672910678182426
2.457858263113342
2.609004681792201
2.3538939824126355
1.6278754858931117
4.361028771947479
5.972439066924646
8.804084981686684
12.178042462011058
10.834191308038019
8.968795799225422
7.284493327340249
7.879267737473759
8.661006678418932
9.982979153203058
10.336608843411005
10.25134343867941
9.907650951063394
9.628984612339188
9.480538505809951
9.180544446815803
8.80063536146818
8.786696081129035
8.388919608136307
8.102537209746544
7.722155826644318
7.463260092786327
7.178990916099562
6.998255016858348
6.792012940304278
6.44228031295276
6.17901072428424
6.090791441188702
5.9446546584920785
5.441221930635147
4.826525965640674
4.4073592663547725
3.8530673038852044
3.832783340822076
3.8148829556902957
3.6944224725718104
3.737135552923302
3.890352297263203
3.803716601154038
2.8651268607231244
1.442031341583953
0.1682499497695361
0.0
0.0
0.0
2.956889650291444
4.960873694009366
5.867879602731838
6.163970695300423
6.534736750504186
6.587227601131866
6.338193829730898
9.74778847042117
9.275345674498524
8.660133651203767
7.693856622427238
6.869978625638867
6.46060526745063
1.8563387053086828
0.7516690339648652
1.7334863494989088
0.0313195430818694
1.8868127812103999
3.867526901641649
4.371267173109223
6.0855168007013924
6.984699347355023
10.373868557895324
11.425961669758872
12.645833445209394
13.835288478237715
13.94013001992269
2.4852078652612803
2.9816285700529024
3.0177205583175004
3.4303275814727052
2.971194157965195
2.9711941579651944
3.285247360343262
2.388089296856996
2.8848024835649135
5.966273904350735
9.735560389957508
8.93483857401234
4.882506954775835
4.1436603956071645
2.957663019847061
2.625580803879285
6.520489783129483
9.783749409508854
10.81215560289645
10.4386741686864
10.267944839795685
10.067482128372491
9.920109744432285
9.444396764916327
8.917336338373373
8.753788345401032
8.620677522389315
8.305599286444888
8.114256982473599
7.698998303631475
7.5779430015392135
7.371057845638704
6.949002356152001
6.822536565083899
6.634860395954422
6.457181738290278
6.2198933989278204
6.203933906498798
6.191261776915623
5.540603163593974
5.009657054247635
4.922396563308633
5.029997402413455
4.504089986622169
4.265221653226776
3.8428466464370086
3.2712213842544506
1.4777700675728407
0.0
0.0
0.0
0.0
0.0
3.0754892794749273
5.393028449079785
6.066744240077658
6.518679761045186
6.486076529768914
6.730740552788115
6.449004174637352
10.071238038508096
9.44137938684045
8.850790410155522
7.725660143246817
6.832339082489276
5.22399813374814
0.0
1.5499470053704858
1.7363827551335111
0.41079122006300006
1.8162192756612947
0.8245797375802884
2.1886661388912354
5.033811780271121
6.601816850434381
11.776911295466915
13.41155949068114
14.781040092618046
16.327945795079838
15.09828823903881
2.539153178447407
2.9479309577890414
3.2387209599909563
3.482984561840563
3.615875857425971
3.1102160335661537
3.2736157602551854
2.313736073516731
4.5090447346203
6.12434759607558
11.322557807248588
10.302489852242154
6.008639981540053
5.071521302529069
3.7041400714083297
1.7648378930378097
5.4142463839430555
9.848692048471158
11.297974340783167
10.922191651638615
10.765588342874864
10.331162281767991
9.793756617700467
9.615097276002427
9.15119560986654
9.07765280766621
8.714234860643053
8.296324562369266
8.12144350800417
7.767654108147589
7.688679238507105
7.583250328337279
7.23402468246828
7.107887390981688
6.902017983754563
6.634240350217889
6.656060351855831
6.616980635304556
6.266931399966888
6.010249032938053
5.9383342937078805
5.7015018738962535
5.476575085659264
5.2259398982897265
4.4520926383041886
3.843961297348927
3.221392299710613
0.9628907611764594
0.0
0.0
0.0
0.7151895536118822
2.212019067819023
5.073145247845254
5.768179038551632
6.067101116347751
6.183710872604016
6.507489151230674
6.734508206377868
6.533471407078075
10.43799935039351
9.748905989197889
9.013473413197193
7.794640306752663
6.336778562692408
2.2715652346301134
0.0
2.2061759013615525
2.100565037755754
1.986095174063808
3.4932636918185835
2.1680498381034785
1.1704753283893559
0.7203494908829958
3.2433006586491246
12.543515420677577
15.273167635307534
17.188520754229692
18.96559144655565
15.862956509663817
3.2009363610863666
3.6918874411852713
4.451042986037198
5.150903147444639
6.901470123988277
9.714848853263241
12.289827645175373
10.483243552747377
8.30560479950842
13.945474569260845
18.01846760674257
11.693376386478251
6.8071976367335
6.056849408595092
5.277316195882905
4.180045323737051
6.5485747440785715
11.324782886838426
12.122905221694559
11.596266790792667
11.340068230826144
10.776962859972663
10.453834814519729
9.749907506826283
9.550156256112214
9.170867338382095
8.729153609666199
8.36970187053085
8.134305576133862
7.820597177437229
7.809321376073607
7.660203582408261
7.403593875486526
7.206940211696898
6.8895500276834145
6.975921455844003
6.635624652400698
6.504670042958966
6.370825823742413
6.206507516804461
6.5415486503225635
6.039950734660094
5.637143538415215
5.370456476654795
4.766086119755679
4.246076127313327
3.36718588100616
1.016774018614612
0.0
0.0
0.1252781723274776
2.6892905972247094
4.049144523949902
5.336513005733887
5.883849840042516
6.246542693635643
6.309875601647106
6.593870038287457
6.636388908846974
6.6500157219841025
10.903764833823812
10.203446738891934
9.058824300327167
7.727419015120687
6.365992696213442
1.0165702317168894
0.21122172721159457
2.645076035784689
2.192877084096273
1.4857851419343318
2.155085725265804
2.268908890798659
2.5672300923505142
0.1252781723274776
2.918426854572784
14.766544932619341
17.880053865027822
20.547478923914497
23.019065587590397
21.790020517408745
14.122700153890342
10.169416248090295
18.88563233644288
25.115146899478372
26.865237455351515
27.153063126401708
26.459965743334177
25.659091327786477
21.654628417695704
23.58950285544968
22.47631681695667
18.324315102282164
13.307883736854114
12.740444878192879
12.36414792336392
12.635583600435004
13.831452445506105
13.788695342126639
13.037164083048362
12.447886818222075
11.676367792798553
10.984730972056084
10.353973326665477
10.137840516558205
9.812155516450895
9.401871450380915
9.122031110978886
8.694372765132366
8.27044461913758
8.203549596796092
7.916329415064324
7.8089900219218595
7.546493650808588
7.412061690776291
7.164772079171566
7.083261060628517
6.995921398434372
7.028070256410571
6.573196421318928
6.5083723664336475
6.418577577321668
6.254547691803198
5.91983392843323
5.482561205798666
5.119565720080302
4.33166730101948
3.530491475801384
1.1806460540213544
0.0
0.0
0.0
2.6406125671919907
4.209542904067043
5.228885098150942
6.230057141717867
6.491121999181344
6.322854103594284
6.406312827914676
6.528306978908945
6.542550824282235
11.474054579344026
10.800059431302696
9.447684361329694
7.948795625477651
6.571148125248949
1.8133431919691891
0.6693626390794463
2.808248585371559
2.6193565567914625
2.2875531723409126
2.4786261954690727
2.4225895663012897
2.1049429521185488
2.112217272115944
5.65625614498239
17.528492391503505
20.855865815139538
24.992803056928835
28.13980569101268
30.86522486040827
32.71379878422975
30.758534537402458
33.749355938950245
33.94737651303394
33.91823139152554
33.387172118683665
32.82919816531976
31.568977876154044
29.977646493690127
28.23412464509243
26.53894177478416
24.4612294374667
21.71888510074089
19.57841490219552
18.073213367480598
17.114597782689344
16.178835931142512
14.89794548645923
13.928865431645171
13.162204593746043
12.339868871471575
11.492201700622406
10.912652435465557
10.547546744382824
9.847019337631638
9.49705245186594
9.004518625593953
8.766699206043715
8.514835516630535
8.298631045868394
7.927121297991261
7.86513644768031
7.6101276251953935
7.4214798373812805
7.1795981346966125
7.137533411378877
6.960659643454193
6.840482426771961
6.796053222256663
6.534498832990789
6.451779113163629
6.370944782499112
6.071718023301406
6.070606195911805
5.34610774664884
4.3576914204763915
3.3838540444699805
1.5046704277476914
0.0
0.0
0.0
2.4416114099329596
4.651489723747442
5.98151964423957
6.267933573926559
6.6749675384184135
6.646191426252351
6.600036640416257
6.651541221376282
6.5694162953326085
12.281201107997843
11.682343690849525
10.47003753951415
8.645102846955712
7.161181843484381
2.3642350266448373
1.5242551993809224
3.5582751824415473
2.990287834412173
6.3922968815557875
5.638119370940603
3.959287734478287
3.0231919046511573
2.489239709011551
8.210353252935374
21.269562472079183
25.955394181778296
30.087907395040663
33.677572811046744
36.365481467466424
38.27420908611664
39.28834139832025
39.778338035632444
39.92214968968575
40.125960331440524
39.51907466241483
38.36421462120933
37.29720379677115
35.580533974017655
33.34311783055468
30.815718613485522
28.258052398545797
25.566116117939043
22.629057947083567
20.552149636885805
18.760277094898107
17.461526444502095
16.25130955288186
14.870333375260861
13.705454207138127
12.926334667745326
12.039590110511162
11.345735970961831
10.672636384090163
10.100350503749512
9.805357040659322
9.455175748684931
8.901274990323842
8.490338983664174
8.531150245214782
8.047629788689004
7.772469806862013
7.628177089229152
7.559848696172741
7.5096374244200135
7.313187060453626
6.930258298091551
6.917126126538436
6.786065337896486
6.553023891330233
6.439539615709682
6.418509122471059
6.233993033591366
6.164468271498061
5.514474061046169
4.7822722185357165
3.8902168968251702
2.263870479619344
0.0
0.0
0.0
1.7695484354042008
4.452027366375067
5.672556539811189
6.092986434053425
6.433203550918095
6.623147237433356
6.818987911215155
6.859749810264918
7.059126358358985
12.975087593738737
12.647612855549479
12.013701510694933
10.577230618205155
8.847861738255961
3.37377593207253
2.3007444907922636
4.265657926647725
2.7943580097207787
4.3912161491305755
6.022317535546028
5.708064377307736
4.388067559775517
3.1845389984986094
12.051929906667658
26.640535521854112
31.240543972003525
35.73620945258645
39.3684294852081
42.12039829142573
44.03857921914309
45.57522588077348
45.83782807912298
45.824427516184755
45.70575143122942
44.963100695780824
43.90493767682153
42.21094440361343
40.22314490001397
37.724441404582386
35.23853786514102
32.303269337213905
29.185651505963403
26.03673818534892
23.611298117191616
20.894822016055148
18.573339903156878
17.25874516125982
16.038148394999183
14.642534310925393
13.508916422262281
12.526058387063179
11.760278864319222
10.906558391780791
10.450600725954219
10.018466153525202
9.427044813268525
9.011567960119963
8.649998229138516
8.550751469031217
7.978510304987157
7.860115332035943
7.756337820962904
7.568963506125914
7.22411774860757
7.515575567931612
6.82672719598194
7.014500085415444
6.658221382881483
6.492863177634247
6.729080608742299
6.412410975192868
6.192429623311758
6.114456586860776
5.824313942297389
4.828964091432906
3.736845547064433
2.222611947089389
0.0
0.0
0.0
1.421458204321278
4.398042024204658
5.628324411567714
6.206864393074552
6.4126488927062635
6.53206185294222
6.6419449241354345
7.131257836804942
7.252822369170356
13.697431412403917
13.614096123070894
13.646621603179229
13.256764411105314
12.458378773529883
10.434346543864638
7.392325590584837
6.541127198105721
6.364496825136264
5.796295920684166
4.91945929179318
3.968201867102402
3.743952940113822
3.676181375202197
15.533538472274513
31.55197447392833
37.09275910282156
41.54663853512968
45.72762369014507
48.81422281588622
50.473665908893686
51.6673498202267
51.994298363847
51.82345058981335
51.10648898142732
50.475958793077226
49.06017816613828
47.204840009633365
44.785190609515816
42.10017796548161
39.060409258156014
36.00201506660483
32.703029933945004
29.57376835636129
26.221593158653135
23.21978816337639
20.501962960265026
18.355083584751515
16.86531509587964
15.475608930278371
13.837955365641335
12.824406806234201
12.139546531612835
11.186100038190817
10.70571734209241
10.218480918300736
9.880381423780072
9.438282630852536
8.816903893993484
8.446489529279848
8.354775169289853
8.144874189744367
7.768736067123702
7.7630670551199366
7.183042372110023
7.195182356015031
7.172185106934088
7.239580697756742
6.8546854230601
6.426391651099717
6.634240350217889
6.499675077452625
6.453401332859833
6.137079972297005
5.900292826610251
5.402207233756379
4.5862004318537215
3.1071817950210083
0.0
0.0
0.0
1.3465682897971651
4.008533984321055
5.447589443449332
6.281438414806617
6.693110468534719
6.616335337614978
6.86530582555338
6.744615049494745
6.7794388050329095
14.285266614426414
14.497743355431844
14.76575181785017
15.050997210596172
15.144496471594598
14.534036313321433
14.604828027026977
14.133496619865765
12.97425283270564
10.13489333333638
7.580004647391823
5.6881557401786464
7.235530454154139
10.434742707576396
21.219202171413215
37.417400131749325
42.9541605990859
48.46082936435664
52.574763897393346
55.78291031898074
57.8602446639356
58.48763767136766
58.86740534128311
58.317516327175966
57.319814730793674
56.51514617483048
54.33246034741049
51.92111328116355
49.054583637084654
45.998489530878224
42.65547333968952
39.3699608987471
35.99428779368751
32.438657192294684
28.747289768631187
25.655676078559893
22.315977816593815
19.78280522894567
17.702242352675814
16.474687519772132
14.62484908088274
13.627853309120901
12.552163997932066
11.488045472352876
10.635501416202361
10.27239412149864
9.862288789627163
9.288616395715492
9.128022251351645
8.849765746043653
8.455375322218092
7.988350108851819
7.750068323299566
7.709034147108016
7.307935551375439
7.2625421811577
7.2622405157753445
7.1954460528968385
6.928442134702636
6.949657112737775
6.761229466718499
6.4676199262800775
6.583303264435804
6.562366478000835
6.202355448588409
5.843126800171712
4.404349739987759
3.221949625166572
0.2505563446549552
0.0
0.0
0.9557309787245444
3.972081973854865
5.364042806869853
6.272265570242928
6.6502189286482585
6.622000852763942
6.814578280596108
6.757856720908362
7.121238562255811
15.00781276528805
15.454628844307049
16.103353077858394
16.425307344965177
16.528822515068796
16.62596894739181
16.990626197829577
17.053534451720864
17.00825444912055
16.374881768232587
15.153669220098887
15.370920979017415
24.88751148199441
32.47668284838579
37.7635247125089
43.43343498663683
49.81675025331961
55.406718542746574
59.81461780702811
61.66483981828881
62.39038131656558
63.29896748393185
62.77482125547286
62.41875740538739
61.64368138801736
60.830188531252006
59.24251452871952
56.89837554605031
54.0246436034761
50.79924896946201
47.142970128366834
43.293680388280315
39.26314272905411
35.36611683412958
31.44328301678215
27.792601046297317
24.47891626771049
21.24016932061217
18.84839805175761
17.132924421216483
15.339834721662276
14.076266750161949
13.235608830334776
12.075367047340126
11.191078771695532
10.560808743129465
10.128351993566184
9.389167133505461
9.022041742177521
8.642535894137643
8.435986932758297
8.143928413966812
7.907624422820781
7.81716762040179
7.369176201786053
7.20554799310732
7.1662469634224895
7.017980088508835
6.834030723883959
6.791849811802146
6.458684719785659
6.295512797517119
6.5697984235557465
6.211816435127457
6.267003645043822
5.749712149105299
4.685156638257642
3.042910153230049
0.2505563446549552
0.0
0.0
0.6873833648960354
3.836700342717624
5.7378506715037005
6.3783514761009785
6.595160633666613
6.655296095409556
6.930367797952055
6.752191205759398
6.656824608302108
15.443987516201357
16.101116876011233
16.77084905884723
17.050758409640324
17.350308897008333
17.66680553167745
18.285973556862967
18.65471783298805
19.053769625857278
18.83196081919263
17.816014950072717
20.028058119799898
32.972822873853744
37.95640634973461
42.90653647626919
49.72112859696179
56.68998156198312
61.64662660253543
64.44078293164307
65.88848153811394
65.7717301710134
65.7950093289744
65.52092888967427
65.33171650752334
64.59229949682454
63.66609093012431
62.4943224492178
60.52404764174053
58.18040772537972
55.20732500003512
51.1560436742468
47.004765267703114
42.21723188486659
38.52354030561314
34.293414044540974
30.059158684310166
26.518671304115678
22.768975474447846
19.921018487850993
17.57267837953009
16.218048923792352
14.620481066071537
13.497737171138246
12.37172250924455
11.368024589344124
10.636337156236241
10.047520025106138
9.685042629481535
9.159462528026474
8.749703302877359
8.590794526073529
8.349971150230488
8.00062880560301
7.842433941020081
7.663902270951522
7.53386203881994
7.302261104745652
7.190038143976781
6.918313360292998
6.52163928980031
6.621236596317666
6.620854468094528
6.2680525326832575
6.371182700012508
6.134192968062941
6.02635942107584
5.098740354303651
3.3611018784710947
0.6023250042808017
0.0
0.0
1.102199084114482
4.515015030491287
6.110007350786723
6.53232502240866
6.601947281531946
6.661115280164457
6.904539211710592
6.966870415328423
7.04762610890602
15.940510249820875
16.374989507514115
16.959404253175993
17.5530540577052
17.873828997909005
18.51782925541141
19.44621244511346
20.098449160056784
20.69725862177608
20.652763757199466
19.40813374103627
22.657254274848075
34.63769488801908
40.79541107780266
48.21015436182655
56.299391095229865
61.84137491354403
65.38679832125948
67.30184015393701
67.39154469388912
67.47821676235016
66.40565076696254
66.40151604069112
66.05458543248866
65.86579659692319
65.51110125948327
64.78973645832767
63.675404953916164
61.32920540343725
59.028285590917385
55.158358250359164
50.27993596672717
45.681674867386754
40.94171221136337
36.538520523636606
32.29319561476518
28.324355986625225
24.459565833689943
20.81220708081868
18.12106571758922
16.546075819695997
14.848542388649498
13.595270350621728
12.640536247660638
11.889642612653578
10.693276233838032
10.207571034742829
9.742855343199427
9.10703361585786
8.661509342901272
8.608659496030647
8.150514596620964
7.8556309874732655
7.8226437523987675
7.440205992723397
7.200365174561176
7.105390644055582
7.334901590805493
7.016848725973147
6.752506925784432
6.82896633667914
6.640789080569826
6.535738924463857
6.5278563958352
6.288369273381693
6.09425149803541
5.810907209457637
5.1084670824075085
3.584794377162556
2.43703920945725
3.2128314946985177
4.767836375937258
5.509525776394353
6.499437159939229
6.438036354770174
6.568269910663195
6.850535641247209
7.03176925922497
7.007797685457567
6.834412852107096
16.33638013045387
16.588892192751196
17.147955577810073
17.660742446913115
18.428176453803964
19.258847685590062
20.448331439886246
21.261625879863004
22.00250208106346
22.184119704534737
20.45631143524933
24.957994346571336
37.3713642155171
44.4321663892988
53.23889104008856
60.58404486952659
65.16269086382093
67.7855076656371
68.28672707825531
67.46504477172611
67.31312471523835
67.13823270662216
66.25808458005943
65.56479588403145
66.01373399368369
66.78327101496923
66.59874566679068
66.21339332187759
64.76729053724213
62.3584215445456
58.866372308303816
53.93160937730065
48.80726235795314
43.681471154466806
39.01324123252345
34.207008071108845
29.854024485866123
25.806511758542364
21.842498421861105
18.937162538761054
17.24889353054324
15.618238821028713
13.924678144236243
12.733135339417862
11.796461609404286
10.96407789522788
10.394261599750491
9.830439717321317
9.125053579002515
8.696961619478726
8.425682062229477
8.056666906606582
7.9979138490107315
7.762539661356314
7.3700388237914405
7.275327990167657
7.216701880017125
7.323816394427728
7.026266872578134
6.640287993589991
6.6689198950463116
6.364608717707526
6.644729321557905
6.554934532445924
6.268528367710047
6.225559193520911
5.961419079883686
5.496743467318236
4.456964527632948
4.104003786114452
3.894058913632023
5.659706413431985
6.133666629130059
6.378470434857675
6.53311453080798
6.5682699106631945
6.825580811312526
6.842630985401046
6.735892508560677
6.818017434604349
16.587638058119165
16.94514689941805
17.37093881567207
17.814211118210828
18.672546019203875
19.44412577087187
20.6350166213909
21.988061412837897
23.11529051616835
23.274724292056302
21.900929996731747
27.712773580040462
39.97449519215537
48.059761971361304
57.48281860796687
63.97258973057312
67.52966899966208
68.43274264927037
67.5103169326308
66.76082986978115
66.34454016916983
65.89900334336254
65.30682477685684
65.31142639888677
66.01572591697465
67.14618003820836
68.08650851714772
68.9063437571273
68.90131287749742
65.7629113946245
62.02557807253222
57.77971994571552
51.59837454772877
46.1411708760313
40.94682694134779
36.13164368125929
31.216369109932177
26.948004053934106
22.782803080065268
19.71123644723415
17.582674931372143
15.809388459022516
14.258323489367502
13.104645164256516
11.950826187546216
11.096477496427688
10.437449753894784
9.643662187161349
9.113492208267068
8.769122992273306
8.3211949181091
8.336132956559535
8.082751495245926
7.818290065198963
7.6117774637561935
7.165983266540678
7.082387304321736
6.846235510488666
7.073241786079382
6.645045041582936
6.6700662797157255
6.610669822466014
6.342839219975672
6.48041101461995
6.35708306534896
6.170588159947095
6.037420606696121
5.8176444348683765
5.216662311975538
4.821064815712688
4.692503519764039
6.23705996592575
6.286750834123997
6.431606583174935
6.573578549542065
6.689355594501445
6.617481722284391
6.650776964930006
6.834140223744463
6.886233153092154
16.585305956716915
17.020788538127757
17.483767638322792
18.055705086602465
18.913657483340025
19.491230966936406
20.93077221126341
22.20601407862675
23.57306475452861
24.193057064724016
22.29356295191021
29.60704939332156
41.600154969993206
50.67017574767329
59.73263191858444
65.44829882758881
67.6806518348014
67.57025142953658
66.56202170349655
66.00392259228835
65.52825124480228
65.4012871579107
64.8497916909805
64.51365860541
65.8310830563288
67.73711227214653
70.2387557836085
71.34046909421373
72.3453835445485
69.50708537384367
65.26572545802846
60.35920867150187
54.14634108245516
48.17559200191588
42.27552923307689
37.37009722555778
32.28031504700407
27.91312845884525
23.788647509411778
20.468041140579594
17.954812165738616
16.329068406002172
14.450395921202695
13.195184849117418
12.144848820044798
11.063530166116424
10.365253352221773
9.742793873715804
9.312925414978407
8.774377906432095
8.510802645385462
8.037370202723057
7.791770642420618
7.643418980008675
7.442244036417925
7.2043368057382065
7.047359571196291
6.936688069686791
6.834249723604966
6.733981867444987
6.520229735664456
6.6414343782594045
6.33031130110224
6.240448057139652
6.192288923384215
6.171734265172386
6.15541438569107
5.921034260881866
5.68946060771544
5.352352475117041
5.105053875917028
6.3906667294140584
6.479239377997491
6.4801225932004645
6.678528664683725
6.925303410747235
6.418220701051574
6.542550824282235
6.739036795753611
6.7907698353308374
16.319020219805502
16.67379814461527
17.50571738103192
17.685124539537238
18.571857361634482
19.39017106754183
20.95464562807672
22.41684134807122
23.740465162321183
24.11714933569106
22.552295821403742
29.60492933417724
41.77981707109723
52.29157490014706
60.63417277838266
65.23257113885379
63.704201818362456
65.77110742678595
65.16887337349948
56.20839426663951
63.64650572292247
64.28577617270446
64.54368082699038
64.50940580612641
64.63460072094614
59.22267635860188
70.19956782924237
73.32886723283532
74.25434185110603
72.96169993205794
68.08375761463228
62.235435847418145
56.25255336953892
49.47692758231411
43.46427045076481
38.04231300564498
32.83526083317849
28.659972996570062
24.586172995358435
20.72942500792034
18.32982143588891
16.45396033984576
14.541029802426578
13.015101696574442
12.027751364997524
11.047615952298873
10.382887858477183
9.813093830140941
9.3891367792191
8.909877738947445
8.331288223815342
8.047468800272165
7.697685253848445
7.672386264191161
7.437132749231739
7.087084585437145
6.866016453358028
6.721122324254507
6.649893749727032
6.348861611394729
6.554527152269741
6.51382521602226
6.329121713535262
6.080703174813665
6.143080901989345
6.27059312608476
5.964100652656857
5.764544003941693
5.566285895036835
5.4842509633538326
5.103268621317108
6.3023716904593865
6.109832373023495
6.547502586891013
6.576491364617427
6.699812868492594
6.479596254267584
6.687062825162617
6.582657966746226
6.918382011068354
15.940784882445923
16.50544360116537
16.90929221160742
17.236416433160134
17.731826974887504
18.806166861360055
20.576682034168165
21.850911592966096
23.371954785681027
23.981224239846657
22.486505959465738
23.896453488869856
14.20387871907186
30.390158228935068
46.95691749611163
46.45341980119949
27.96581001238753
63.51011968914836
62.84522936135651
47.24699480211793
36.02981826035619
44.5271665233807
55.73985976057861
36.39788767237242
40.68767494039739
25.192960481030322
40.48449548496541
67.74671274073681
74.57102703329161
73.46856394093027
69.03150645693793
62.72057682699707
57.02058797456042
49.75674810194704
43.71970310431751
38.561044988531094
33.449680839854345
28.919753661729928
24.88676248408691
20.97117244970787
17.90520544619608
16.563504115415633
14.83839575524243
13.22757057248063
11.95394615013087
11.039895667396246
10.46733042421333
9.800240587807297
9.167660532296855
8.948579267990242
8.554739413751419
8.043966151340774
7.6684542727841345
7.565327103190646
7.266549578014712
7.1002017348565305
6.48009734124742
6.6753496666415515
6.364345548241085
6.1992197819592905
6.158348383049024
6.113757268607808
5.957353484371829
6.274269638718146
6.1273593270737186
5.726593887101179
6.058451099934745
5.6999252077690485
5.543275783268669
5.228775396491636
4.655333627466702
5.888672178457064
6.012800352972436
6.2658575398185326
6.389066250888699
6.471951643152321
6.480479469470557
6.447184226824944
6.582275838523089
6.576610323374124
15.872373177873568
16.07055234543644
16.511539217747135
16.944304759462742
17.439829959220695
18.17942744527706
19.274694904449834
20.846890320465707
22.67512606316279
23.552184268847725
21.146183722903192
11.517938327438673
27.031222034827778
22.960348620289988
13.628399986488905
12.548333936383667
7.782595493856205
39.31917646827294
60.465899617998936
60.653924014372116
60.032172817774104
35.849290004056904
13.284414046903679
14.474458009656352
8.991994158586415
13.460558207192083
27.65545729636641
21.38414463522768
59.71479173596653
70.5611238432466
66.88126889240458
61.35207715525534
55.83846402574026
48.84490658211462
43.30999907822017
38.47511474046531
33.338797602169784
28.7290460603688
24.754532413449745
20.96341181936674
18.314783776328408
16.65541451802726
14.735460439248216
13.112527722633459
12.02040569722055
11.173231198885487
10.293693237329636
9.648188333294208
9.398728817767111
8.967912009381628
8.391231383478303
7.923178523078008
7.730205042782305
7.37060198323504
7.074974276559213
6.73221543703904
6.3635128369442
5.9549128512427085
4.932803498189606
5.2355522505755
5.558402564400809
5.575223980641033
5.466754211593744
5.520392348761485
5.868163695698837
5.482881750168085
5.477958118622129
5.565139789811546
5.3283091059204395
5.117730459558029
4.20599690366332
5.858856034199262
5.993781162308487
5.90024168515664
6.479909927640113
6.357677859132449
6.514037881582611
6.640287993589991
6.793650953057332
6.6460819263918465
15.494081691548706
15.87921823127334
16.035036026251447
16.517555043495793
17.164663043725767
17.687161215066936
18.75377916561466
20.113177350835574
21.521264357382048
22.743067023148054
14.722633738540692
17.728034574801768
25.34361962180146
15.643273617205056
16.03350028119098
16.28438939571447
9.879681524688191
7.661825653070984
44.85918257763968
58.37055929240893
54.33748283590472
23.17397753672759
17.67518955893126
18.727019594982337
11.573104392213544
5.116443504924554
12.900647371232653
32.54857400795793
24.71391601169276
60.51293919036918
63.13075330989606
59.18914302349011
53.31145217159399
47.38095214887862
42.07390401826095
37.56011746707969
32.791492109723855
28.377503173269258
24.744706608239277
21.002644265667406
17.920317571927296
16.411835031057656
14.585277928860728
13.040013605732234
11.961916261045015
11.076061804928438
10.279714082839027
9.544355177405425
9.150039687241843
8.750756759601138
8.207572804603663
7.6488546891486795
7.537167087603462
7.30032751726315
6.960988143035702
6.351579711854258
5.782380039130754
4.324780882093898
2.516293595735231
0.6544124797184011
1.4422928226191498
1.011076388530476
1.267871228975145
2.8788712880855445
4.3820357181786385
4.511381013360322
4.59116195615228
4.302879570216519
4.790220220337282
4.537511836449229
4.265240886403472
5.4344168815961655
5.482881750168083
5.371794479123897
6.0801518633718645
6.294344951120986
6.315854790168601
6.500107709581852
6.594396377220337
6.412767851462961
14.948856503011061
15.124199315812493
15.518773299160468
15.91333896924798
16.39346091751264
17.135341251440856
18.047706719855306
19.016828589374725
20.93357207838239
19.214157209618648
12.39852413181341
18.866440463138925
27.970028166721704
24.278416822529163
12.494612162769673
15.8700348682578
7.517456433684326
8.49224371994913
48.39001284814408
55.29708644112535
37.82596560243849
17.538827151802504
18.964262397815432
23.8457392694738
14.296076371740915
5.802037096583278
17.49256727346195
46.696952013205
41.896944902247334
39.79525984226603
60.04818082256861
56.16487716739516
50.59930550800635
45.49530600492835
40.68390892957289
36.28555472095539
31.813250832903506
27.904814639986206
24.064315414389956
20.55658847790521
17.88534569756042
16.135974033676383
14.531367766192329
12.952330121171446
11.825577278538434
10.913626352808997
10.064923261226513
9.62204787288439
8.965474930796509
8.561749600099064
8.185158629770235
7.882813118555097
7.542365619789688
7.18171275339958
6.769187751206291
6.428573928676238
3.438255772605301
2.0193640256950602
0.3168325908173919
0.0
0.0
1.1625335230291203
3.688127327359499
4.025202093796384
3.749220796572603
3.1637916247261897
2.625757894879289
4.177783263459793
4.482191386814744
4.101115228908408
2.9785100551895547
4.686921462685107
4.758640421858197
4.881621102143213
5.562128949267864
6.031181759490388
6.198408811833251
6.4119098882130325
6.199695616986083
6.619980711787749
14.623070920683205
14.849535444674018
14.858440085058511
15.43074210701152
15.655378579870096
16.593695414961257
17.556035935003955
18.42946295340122
19.872629951745083
20.750874277361525
19.956264236847847
25.42820431734493
38.52531072658326
45.576492260570866
23.269261527450357
11.718305098550363
8.451739770847256
12.117791246446565
18.648228503931463
21.324459873855524
13.376287206076976
11.737957750116097
17.665008006822212
19.475522714669584
4.669489846371013
8.060317912028173
49.40904126560969
59.955185942458236
60.80817129340814
59.952404802594465
57.366779684263605
52.79171912648373
48.1854582961286
43.50256318288133
39.199485902931116
34.912110274793115
30.37945585338007
26.681337820410242
23.007472948782542
19.592157257974254
17.239312494345906
15.587525148863225
13.853996723209045
12.616978296243063
11.568051674726858
10.673727744391174
9.982541731321326
9.384668708318289
8.8574798479202
8.445977816119004
7.932361682004336
7.469597247719601
7.303807520356534
6.993300129514033
6.64193546523924
6.157613438438428
2.6496839795018508
0.1252781723274776
0.0
0.0
0.0
1.2018887747445937
2.936278723428853
3.6568290032186854
3.1316834517417567
1.313939300710323
0.0
0.3088175164559006
0.4573588889595314
0.4413081059644364
0.3445149739005634
2.7142888339653535
3.1982529051671347
4.633279852090508
5.170296410076408
5.714881888690876
6.072647952184144
6.288964067165182
6.322212596131032
6.405097988394655
14.105597397296906
14.14911265078069
14.376495149181158
14.612182338601627
15.06091425008195
15.793047765198693
16.856591375016684
17.49020665442506
19.149684182096614
19.98932879249957
19.02835962581228
22.60366463101191
35.69753640915092
43.35585183380185
48.25774099264468
23.201741834590948
14.731270723630221
13.917623022107879
14.197279806241086
13.934445960420453
10.483111730568494
6.098773832056815
9.664156480488181
7.47347032710522
16.443192244320375
31.386224679465982
56.645556666511666
59.16942521911602
59.474951161363656
58.16215523560461
54.8462503969677
50.48241000152331
45.96772430019651
41.34140708931305
37.21798983345398
33.29125192082753
29.041954260811536
25.67443487805374
21.980127653000157
19.007214469349705
16.94301693860333
15.060895776985923
13.650895758202536
12.273644877617414
11.41627335336401
10.35328870081071
9.713670561620019
9.062843811082168
8.964182709668663
8.360724992456507
7.728756678459395
7.7067216002437355
7.108337162732448
6.788094937768872
6.526947928679181
5.921704531080364
4.534506153963413
1.3098843145266266
0.0
0.0
0.156597715409347
1.7696722410368755
3.064226324397695
2.920062866256858
1.1653566596624674
0.0
0.0
0.0
0.0
1.4849618504817865
0.9665279211751576
1.0555901466737256
3.416466679560792
4.051595379902593
4.793688001755004
5.352854685236488
5.784644568297579
5.7957057539178605
6.197262706607964
6.220726110224705
13.783040617909938
13.906438738488772
13.906399969879969
14.198096445772856
14.503091829300088
15.258148421763096
16.216723520907482
17.080707293626478
17.950635566472403
18.72191230848503
18.001934340544484
20.229661881350893
32.39230207996699
39.50531910744132
35.4777269971533
17.311451835491663
14.986855419061524
13.555607682389818
13.853789124379796
13.981781214078762
15.090761408089298
8.375057494989612
4.416780769601818
4.6275695485078785
7.781170746551561
40.53604151403628
55.9398093138159
58.12565954648359
57.68085143935955
55.02106186985496
51.243183099636155
47.316276963679144
43.175247130306964
39.18086086934413
35.37865737249254
31.394754733283932
27.747184752217027
24.1130440672054
20.499742686629865
18.36175110734335
16.4828010053276
14.57105760523919
13.212719415029822
11.830645798007081
11.028211920223521
10.290905479048995
9.524146146279438
8.969276323029506
8.625758187519605
8.245508777911516
7.8570847864221784
7.513010130473464
6.841061623423344
6.816106793488659
6.252377671447395
5.739384173433683
4.861178171950715
3.181726363021535
0.45376299750505855
0.44211076314486947
2.0350019231389838
2.497440491822055
1.8663828360122985
2.2462740055388455
1.4720185248478603
0.0
0.0
0.0
0.0
0.8565391432065671
1.2905729291736072
0.4071540600643022
3.540375245116178
3.9014582904386166
4.773576172424544
5.191234502702476
5.660228324591018
5.912980830035532
6.232609010852684
6.309994560403804
13.260915936911058
13.501400147535293
13.612438271297238
13.954920106452628
13.97626798093823
14.421153474965351
15.362593197950934
16.410201227728336
17.19304347544791
17.577359113798234
17.17903168862139
17.737213751763353
28.47207811761975
35.66836341180291
25.135501077398267
16.652367437558233
15.086627595774011
13.90142529091617
13.874341995511271
13.928288135854642
14.416404865622576
12.53749732614226
5.086981449175137
4.454831363795138
5.426679181199839
13.66293529275776
53.56589229926144
55.36544714991163
54.235041112409824
51.55330269730416
48.496475707124816
44.69109497748094
40.717895586931554
37.25559320884602
33.27513150718791
29.3761064712609
25.78100674407254
22.49931133014028
19.42429780478767
17.353633020715694
15.724894381142771
13.935805981620339
12.643782765630005
11.570099185349292
10.362678471166877
9.612820174165936
9.027974378969342
8.439924301072757
8.230019345418347
7.682637672045603
7.464678126055265
7.238979569812598
6.994064385960308
6.772823666482867
6.2748644325016345
5.682387257429636
4.853213624301373
4.014325010252446
3.808332502646482
2.7369316484889326
3.0175967526848266
2.5788616924385908
0.6300280216360856
0.0
0.0
0.0
0.0
0.1879172584912164
3.1457653736068285
3.562640917330042
2.703059693960978
2.1391095972726792
3.0171270158596215
3.9809049952679154
4.709089025579613
5.039942126722326
5.622163324539358
6.003559618321491
6.255729514419063
6.41812699424792
12.987321917431052
13.009250804328211
13.19391733169715
13.427118843624038
13.70695331004417
13.89801464878299
14.383869608963247
15.501644833346237
16.319369975671975
16.719026284056277
16.312558941659415
15.436510968530303
24.653517774002204
31.14056891749824
21.00785989003139
16.23118099749216
15.145474428964352
14.366013717840364
14.07856327373933
14.218639821277552
14.51462110124231
14.289537371818279
7.3242274137295595
3.587018768418115
3.6589694025269015
6.28150097038977
38.92756213003152
51.877599272424376
50.641575142670426
48.52702943807803
45.482479361528675
41.904703582750365
38.320826828660344
35.0108603495837
30.942297152142903
27.776986438620906
24.10353291781859
21.312676809337894
18.76680740644921
16.829953145223016
14.852500471191599
13.175037784161011
12.091392713617116
10.91376740783148
9.887079800095583
9.243870279581518
8.45568365950534
8.037138825622627
7.870406448262408
7.361452905173792
7.3462862497450505
7.026266872578135
6.808912765447144
6.622765109210218
6.45871025118283
5.645861471452672
4.692245951736169
3.860520868349736
3.835960174576503
3.3539223099598026
2.302104473428655
0.8645335832959455
0.0
0.0
0.0
0.0
0.0
2.1644830828962176
3.8411746700691323
3.5032377761079885
3.466894358104814
4.090668491115201
4.032359366532955
4.452264613865307
5.142182722999056
5.348451098553026
5.671628720856101
6.104346506530723
6.054385504422887
6.4179827835381795
12.626057098598878
12.524424930203157
12.750082699168974
12.915798273321439
12.945971838735991
13.25340366764254
13.697791588733297
14.230145144571498
15.06530754869584
15.399580494643498
14.882795791226036
13.353016622500677
21.146952539763927
26.630288330240365
19.816934483739832
14.93314040658056
14.33825053052869
14.078699258374312
13.381256777419072
13.756490991481604
14.09485822095721
13.73438111620752
8.236253712805532
3.7506176664929414
3.777666773698088
5.18557003399665
25.771835582500508
48.950791733198336
47.338947097433994
44.8670791866103
42.2796445051041
38.96648015116338
35.33467859369601
31.74072451657131
28.148401369270015
25.392603457911797
21.892689696199653
19.38000325212668
17.37041996167657
15.52236666552453
13.672769180668267
12.442919614631087
11.45337708638622
10.213793011147898
9.264240658007274
8.697985045800413
8.135481055239916
7.615408432065438
7.311712176202701
7.371093611318682
7.1664748946243195
6.872718853315902
6.871681968506992
6.396689120833117
6.0821089387231915
5.408751815778596
4.800116218564804
4.284718975649247
3.201596857902889
2.889772957348657
1.2986292720793235
0.0
0.0
0.0
0.0
0.0
0.0
1.0133522879810806
3.6645593251150466
3.3716122555763635
3.446159842272377
4.153197137012357
4.059149362130024
4.1137962908533225
4.7688518956162245
5.260298313835282
5.73581695612683
5.991654976522667
6.024942912284653
6.1095944555100985
12.023710246748587
12.115012140954587
12.221199370073334
12.371161697114772
12.608603712858118
12.634337321160501
12.97932050082376
13.551251994904112
14.148788746125033
14.23642630215279
13.795001669788652
12.034810060836117
18.33015698552741
22.422113998347857
20.101799048702674
13.393806651275218
13.100058051186602
13.314214678480553
12.298148753814125
12.516236720816712
13.119316428034104
12.929813722700503
7.021112170309018
3.154513132094624
2.1673893412869574
3.2898328324479125
20.104191158175777
44.457255007862464
43.268423267214565
40.9964254774168
38.34020167403316
35.324460634969036
31.868242293045142
28.61556291296396
25.609390677394607
22.261959327881314
19.711953048529573
17.809984793037323
16.37109618057866
14.272051786786077
12.861540026159382
11.5607245158275
10.440166821037637
9.561382761242946
8.585270002192061
7.019771432466926
6.171253949767527
7.060595151957004
7.059836986163632
7.152732663646236
6.937493175218214
6.647719939144902
6.226943216259594
6.121974932335714
5.8345681340158215
5.011738457759718
4.185505982363943
3.6053601713844405
0.5360693923904776
0.8762064519282473
0.4071540600643022
0.0
0.0
0.0
0.0
0.0
0.0
0.6641201647198823
3.577079778970028
3.0293521584055774
3.4203679577525072
3.937587147213332
4.3667584680793885
4.629174328786073
4.916014385251263
5.413836580502654
5.6944285236104495
5.949784841650758
6.241399727193235
6.083860582613625
11.493108945333836
11.640451234207672
11.631990608328659
11.865439203651912
12.02588575310088
12.252971049199719
12.333545299683427
12.582951937195677
13.273656335097538
13.570548367042246
12.89512731532204
10.97914752219128
15.925120365983735
18.989632125623526
21.58942038883551
12.067872210617924
11.436174289279007
11.43481779382797
11.235910440738733
11.225807973909987
11.822070666725292
11.160297970201828
4.667376406997334
1.4222814957738223
2.355570081348868
2.0450211701346435
19.815813984973115
39.87553077152746
38.813059158135665
37.08463336543074
34.36180247317222
31.49435217040249
28.10417606446449
23.270824863115198
10.948995921312987
18.471596376170492
17.397075414889944
16.085987904877985
14.71483113184951
13.338539265459998
11.697784730449369
10.620559591203682
9.560862900955888
8.395864675787877
7.272760409704702
2.4013260237654035
2.2515965845143473
4.140930532395721
5.577168876975701
6.451739706367492
6.782811550843046
6.525776292056722
6.365441429004409
6.028889549039813
5.3220674026423485
4.565402134555197
3.671247230586558
2.7824465692898834
2.3146831706019513
0.5637517754736491
0.0
0.0
0.0
0.0
0.0
0.0
0.0
0.5630110211095537
3.7155443291150267
3.006027055413086
3.2341385507106066
4.32579179817616
4.584413906467065
4.529784536290126
5.122156833050812
5.307234571963867
5.793294584710587
5.909029227280367
6.157158795482046
6.272932329659227
11.161312785805714
11.14964504010993
11.259512940071158
11.327367277911533
11.421925188429016
11.598207363542103
11.763433373435939
11.956681264068576
12.078522373591618
12.44009090062248
12.042375280560494
10.348697000977937
13.54165225356505
16.84699042803829
18.214409724420577
8.182797011985256
10.09155623075408
10.372132033491383
10.382214798944725
10.434499301385712
10.444466220412021
8.42217421058371
1.4048821959511872
1.9026482710517731
7.422505819583041
3.6988863488520765
6.274318888431371
30.890946971759327
34.831252588973385
32.392216726283706
30.303537554235408
27.747655195662972
22.424336242861557
10.651278895493283
3.979212074162042
5.727286254318673
11.515929114849966
13.42929546184827
13.090458316174352
11.707000490791755
10.519807643718522
9.373879912032406
8.505563493458721
7.084203642400999
2.3244674852951848
0.0626390861637388
0.0626390861637388
0.5397065523891755
3.0394072243314967
4.674079676296603
4.811281224581923
5.0954437002518675
4.927602472838588
4.749375708969623
4.187576373195466
4.021858141060628
1.5816518111850972
0.8725692919295495
1.7881103613011566
0.7516690339648652
0.1252781723274776
0.0
0.0
0.0
0.0
0.0
0.0
1.4684654910551962
4.103701266695093
3.037598537213673
3.8680683475609374
4.220738230734172
4.262720175226064
4.683367425542063
4.9614575799507525
5.559928089074403
5.740807514521416
6.015600884502305
6.085244605352309
6.142075496691599
10.67026996096669
10.631794230684024
10.815856710546097
10.815688808215734
10.949355919972586
10.945121452106315
11.3306649682245
11.514500661337722
11.441699236824894
11.493513483524081
11.290089539742596
9.951468511778835
11.6715805874213
13.584681433762109
9.016907683352866
3.443630064279577
5.412471667100334
7.678468329717058
8.31962759335945
8.41682436131507
7.736753191913071
4.714056086818901
1.3709302713545821
5.105684708449332
6.961983397570018
4.75476474555776
3.787516077909404
8.465391931750268
27.220790883779507
28.517177572828594
26.66638681527587
22.366734787202947
6.727932254957071
2.5078191727430883
2.2113897512735092
1.7102345155076737
1.5801851759091692
5.457738826151705
7.389997602582145
7.776342077539642
8.880218460963642
8.212271125692183
7.576002828147916
3.1301998132496
0.0
0.0
0.0
0.0
1.378133164603508
3.841023545927266
4.474849436550487
4.927159061676482
4.547235859115634
4.300839251491851
3.437214053333211
2.1832566953739145
0.2738608133753334
0.0
0.6890299478011265
0.5011126893099104
0.0
0.0
0.0
0.0
0.0
0.0
0.0
2.631304325132755
4.011190067742606
3.3057239332396184
3.656407078200757
4.323596049738147
4.310498002229132
4.458576390129574
4.8831842385584885
5.0876619761747515
5.792075696182203
5.981400685482873
5.853444832969043
5.920288022289177
10.348883879963196
10.37193062350084
10.346354397967337
10.486825046043416
10.296204605897142
10.423797560567122
10.56755440606506
10.735163681187762
11.03944480102736
10.934093051171391
10.368943321568992
7.519587146695275
5.083328743188416
7.970230594063347
8.694751445850013
3.3074321118453938
3.4521242220617356
4.402441996662122
4.895335547435043
10.825147086094123
16.05266212591532
11.053503941626404
8.705920156461637
7.428031683400375
5.055922460685426
3.7791069009608513
5.601401725328247
6.989789531992871
14.569277046886278
21.595765271496134
19.8206718751907
4.939236088630148
2.186508592639872
2.357551776683448
1.7138190407772282
0.23088903593327492
1.7466131040409705
3.3576894508481123
4.426915799772816
7.9271581023002
6.799703696309305
6.308297186244903
6.7756175228015305
5.400654249686143
0.738656816968284
0.0
0.0
0.0
0.37947167698113066
2.192075659984918
5.02569056507864
5.661914862940976
5.192451136993458
4.729254710855401
2.114642571255735
0.2738608133753334
0.0
0.0
0.0
0.0
0.0
0.0
0.0
0.0
0.0
0.0
0.49673477494711704
3.775476383634767
3.749324478467338
3.4558200834726955
3.754538973959967
3.940134692160363
3.897509569999771
4.614827603079361
4.830401291039493
5.121692074983875
5.5461175133778635
5.938334293707881
5.8948432083597115
6.150487595591212
10.015907938013374
9.948558223256473
10.157421242672635
10.333348993416232
10.102351804551583
10.237872931692422
10.455077013806914
10.530907249123304
10.309651619451815
10.191913816107615
9.897534009788197
8.871450278679449
4.117656615757327
7.110137151955117
8.862919940917967
6.881973985493076
4.226189959730318
8.687923298147224
8.728407818579692
18.17010324314415
21.430830566194885
23.185689514052495
23.720777064847493
10.757008674330422
9.414320909443202
15.926029448175893
8.141970368688394
13.348742451200653
16.425934774495648
13.579143250277825
5.5832872897408965
9.689377940454095
4.943550560347094
0.6613475647179552
0.2192368015730858
1.2442206896422427
3.4303069472005934
3.5624595039341864
5.970492516431128
7.12955721043044
3.633241987866228
3.970718407193372
3.9502813115207265
4.467714908612034
3.9498814659997388
0.4290779118761756
0.09395862924560819
2.3864137334557967
3.596746503022765
1.9337290141096357
5.040988001705655
6.065814311194921
6.180369774514004
5.485970121191765
3.691122423681338
1.2209781237382025
0.0
0.0
0.0
0.16824994976953608
0.1879172584912164
0.0
0.0
0.0
0.0
0.0
0.0
2.4784124324643244
3.489042907369047
3.307953235063455
3.701396902623218
4.2259370025229686
4.417760020075704
4.195230005030349
4.840894367059144
5.317022946043157
5.843200484803537
5.8530684992904725
5.864084410785879
5.999209039388181
9.534596146085807
9.736626795382616
9.713862962930476
9.846464157376612
9.879266942726396
9.851444006362236
10.018153382295187
9.955299350108048
9.8684108806512
9.7704310983608
9.473143352989855
9.027719473600351
7.0410068659687886
4.226080599185369
6.481855732826766
7.3200418129165685
10.08004170995079
11.62284386590911
11.973804910611184
16.65576385154269
18.086355521693605
19.144351218750636
15.08652673546511
6.023016912591955
20.077848769340708
21.483636291885055
14.625270256958396
15.432164323427017
15.26668777298103
7.521320814527037
10.579726599328591
16.112920239377505
14.862388340596702
5.231031241230784
4.588149151760889
6.645427800937002
3.8358055691556663
5.254246434424198
5.554742590842343
3.473237825196517
1.0089618528725581
2.054360355660791
3.5406241302160555
2.8874404841642596
3.237393003799968
3.0515337829216778
3.0186156854048205
4.932877572086638
5.636133623196981
5.978972830441874
4.275982532954103
6.33700424216392
6.040285869759341
5.953969395919312
5.064611387163969
3.400328889030931
0.156597715409347
0.0
0.7145703253395854
3.0528697769502458
3.181082098888986
0.7931180341345081
0.4340956887833783
0.4304585287846804
0.0
0.0
0.3445149739005634
1.7085972006897778
1.7391140865912142
2.408315597395054
3.642410775850812
3.7996641988204587
4.325183549194096
4.747273373774525
5.140934044801356
5.362283340907055
5.48797449214853
5.712159117338382
5.911183912020223
5.795132701305216
9.165927740427195
9.273961098092991
9.479157164771
9.561050948179853
9.491084380387544
9.741866187201873
9.663523375316966
9.632251596465276
9.669528307714222
9.47218429068937
9.278429168993801
8.838075658780625
7.5745594639815925
9.657313604670367
5.8073619846742055
9.723397246343165
12.265319317750714
10.666837358039913
10.385022300308961
14.265754519506839
15.812493836670658
14.198622489251676
9.362145966889349
16.199587804151193
18.36869677397876
18.04371324027969
15.458285181936931
12.940128724788273
9.68472140974056
9.776251211689393
15.715310030182216
14.997704999566615
13.893049833491702
12.153409936054041
10.857521711153792
9.341534023259127
4.2896522565774315
1.8889235009817553
0.0313195430818694
0.0626390861637388
0.3758345169824328
0.0
0.0
0.2505563446549552
2.033548037229223
2.9362993577009653
3.223084910350604
3.8048374257688624
5.032812031627942
6.0683032405795725
6.237586025414506
5.903106948219859
6.128624391055704
5.92911122468223
5.890661739860893
5.361012705986679
3.3576930553975526
0.2541728703815405
3.5126786323046537
4.338902547651746
3.6457547285865672
3.5200364294415625
3.4896002328250066
3.4297496217446337
2.0050993248760167
0.31183544818230174
1.3459583296120625
2.070371511770723
1.145606813852337
1.2558935582745445
2.8952855437150244
4.098805014325658
3.8041385261719665
4.539271311466293
4.787020858384707
5.275908663619486
5.355871407042638
5.692899913167119
5.841261075077501
5.769206185020222
9.030032569024067
9.175845527570882
9.214773798196275
9.338208510064419
9.36690113236835
9.333692017563838
9.305822284777904
9.451405401130991
9.480851277039966
9.321546240576133
8.712924353784908
8.35806941178543
7.365224696291183
8.94502899084078
9.85911733988944
10.652623532320774
11.362149672187936
12.086182142424311
11.612326362412285
12.198749758468571
13.853396985071583
12.00425816255805
14.762009526892484
15.758694657076747
16.220842662609858
16.232259159818263
15.719106288893292
10.803400257695419
13.160402616695528
14.318322881479146
13.901366426916654
13.463327819161838
12.378672529385929
10.87516413152702
9.692656648775674
6.162230671811156
0.7619406514165497
0.0
0.5324322323917797
0.0
0.1252781723274776
0.0
0.0
0.0
0.1879172584912164
1.8958768761774611
3.0018575316839113
3.61643318288193
3.748814595258509
5.0303755235379075
6.479765716930371
6.315854790168599
6.247616833228124
6.1517634044548535
5.899668632543995
5.730252454665146
5.352877472045811
2.244123430991789
1.8767928320285325
4.828813791583544
4.538779257939457
4.36665909175613
4.051570164375526
3.7703583768196545
3.9285030920722863
2.767919719393449
1.9978299455124473
1.176988259750544
0.39471980279579255
3.1889733660637702
3.7493244784673383
3.8331735472967066
4.238853582647633
4.50623969630775
5.153200454356925
5.323816035276404
5.664124809668381
5.498750694347358
5.800225443285662
5.740886165153246
8.576271428319265
8.663189292186093
9.067151214841642
9.236101485643337
9.202579599608809
9.191800331713221
9.041285275291003
9.28841904865753
8.9637159230327
8.973903149754387
8.356128562110793
7.990885322391126
7.231980548120848
7.937002424895511
9.570706377573446
10.101545974184313
10.532640862116853
11.403201387640241
11.640711279373361
12.051362944736168
12.912299689306609
13.435150662962645
13.592633050755095
13.876711220867694
14.092883527311571
13.951208495030205
14.1125641065723
13.113562796391337
13.589580545154877
13.389742277322219
12.60152345340727
12.218414688673104
11.222141631015129
9.665706189414427
7.286598187427557
1.3500969904966127
0.0
0.0
0.0
0.0
0.0
0.0
0.0
0.0
0.0
0.4224434544231892
2.900661523531765
3.647984030410404
4.115078060746571
4.614677303230001
5.887407114475078
6.149990019393575
6.147957467627239
6.279816474554537
6.1297510388725165
5.897322194870071
5.684580140366711
5.044907685707448
2.2247743002919567
2.808132936850184
5.244706605518454
5.020741833401572
4.736608322193759
4.576476409187316
3.9900524874955554
3.8651305961392755
1.6940665338741485
1.100410493777116
2.914764664337894
4.013992418726234
4.154408778396695
4.29398449817464
4.675058926770491
4.698622999929559
5.225998787302347
5.529339391710881
5.40634350264368
5.425430740308093
5.704393755683238
5.937075097054633
8.293668981698183
8.654298528538247
8.810328635558738
8.877387514727612
8.773107826180768
8.871966274652232
9.083439980989498
8.710738341220097
8.74665302408672
8.482637605464452
7.939056189413366
7.12542919315385
6.008041194433825
5.214677879491081
7.885887227491319
9.459789043974597
9.935962174387036
10.675584166854568
10.995855865364772
11.50525039057606
12.035191105980479
12.29650518176588
12.541523961204387
12.987747044377546
12.915323089543845
12.86919429803579
13.005470287494026
12.625541687118565
12.6560411695265
12.285973133209506
11.59387354886806
11.191887587162208
10.3814853153393
6.278707357802769
1.1663351678946667
0.0
0.0
0.0
0.0
0.0
0.0
0.0
0.0
0.0
0.0
0.0
2.0210931456886003
3.4209046489363533
3.7581694512756183
4.475392413603427
5.667264322145672
6.165279241624099
5.9611811623702895
6.070571918076118
5.891377284184265
5.693516260353004
5.534263023256835
5.374032561672489
5.124876898965853
3.938023930656152
5.241531606606556
4.728100797491478
4.618073003784362
4.208871029592302
4.0495079815330195
3.9854110411627186
3.5065404602995196
1.969241733888281
3.066563125035463
3.7365782274673434
4.03294841053221
4.188983500695202
4.4681013868652695
4.229803080892416
5.086224776568163
5.325662129127421
5.505729608606307
5.630474130307564
5.683913771879048
5.475428980433975
7.997749871088026
8.331514697718408
8.400233238308509
8.575342235394135
8.645407448673659
8.61482865275072
8.726656149001405
8.425403742386614
8.310053613563172
7.897832036975091
7.03373572153653
5.758039730044345
3.8242406444914114
3.9294202360116626
7.687666504241601
9.143147594708624
9.22719947878447
9.539302029659927
9.955014618207453
9.776293642735832
10.992831155754553
11.226241201982836
11.348943473229147
11.813028380526664
11.927114629515726
12.15794856149287
11.937109677179604
11.725052338549952
11.64353277698253
11.296425874957677
10.913114615811223
10.381900458913963
9.698170539293065
2.486026350280207
0.0
0.0
0.0
0.0
0.0
0.0
0.0
0.0
0.0
0.0
0.0
0.0
0.4421107631448695
3.060389428672117
4.058846842710663
4.360973123020287
5.596821440340458
5.975853849646481
6.048633237125603
6.206507516804461
5.8256300484116235
5.865587392281261
5.622631107796404
5.642186128717865
5.200626513044864
5.165547770227414
4.855923865146337
4.7490710703511185
4.352159868755305
3.3917575092270047
2.571914475142024
2.32139522450956
2.1446421980225376
1.1885579570222828
0.7589227196901485
2.7910649968422345
3.5316680295296394
4.005314564899283
4.694850923225534
4.7995461911422685
4.973455570041173
5.226324078848668
5.381222014642633
5.198151502758696
5.555628651594705
5.584498191120297
7.658790206316306
8.211745709818512
8.389926893291165
8.413607146963896
8.341070448211752
8.296485550786104
8.21471797548041
8.034820708668319
7.801296341878623
7.105803101720941
5.733021401471242
3.8217047606184815
4.838795265340797
8.859711976445599
10.099996753157635
10.46672776735941
10.401959643454719
10.382015178622332
9.963428615605334
9.38233419147124
9.471318749683325
9.422145766909589
9.813204525945542
9.881849476183927
10.538043870243394
10.828310891537678
10.879433112239637
10.852280321821002
10.615965061402244
10.316188445214278
10.24070357812245
9.773237798343718
7.452274040963351
0.2112217272115946
0.0
0.0
0.0
0.0
0.0
0.0
0.0
0.0
0.0
0.0
0.0
0.0
0.0
2.227051764268519
4.173387185328818
4.784334980580422
5.716997265955957
5.962428560726984
5.8648953809119195
5.885806915393845
5.819560311640382
5.689647383775223
5.096808921834002
4.888281742497278
4.462983575033856
3.893584127544028
2.940658023792362
2.848740508271778
2.692308528951109
2.769085264539324
3.5754078026021485
3.300130044407915
3.4785259581928893
3.3040106883275158
1.4995494794799267
1.00222537861982
1.8994314990877088
3.3793954408223073
3.958366239529049
4.473196665165415
4.823072042741806
5.210579045492368
5.130199599686158
5.2623055408644035
5.175223066812473
5.144203808547034
7.333551214806488
7.666731342327396
7.811728207270969
8.235532803631292
8.035100170680384
8.069781426808403
7.634045130350678
7.301667209528245
6.435762503223735
5.8086032007105075
4.533923945622797
6.8817162737818895
9.619447427132249
10.459068959166833
10.79472430272403
11.233222101913363
11.169262315586407
10.936589521843791
11.031411899640409
10.776297678286804
11.014525644266133
10.666839769599644
10.6573183438171
10.283462327596133
9.709535909422538
9.38318696575125
9.016092549284101
8.822725290538683
8.698115477348088
8.525352931131938
8.496079023813541
7.42869328058866
3.1421333135545666
2.0059666693166287
0.0
0.0
0.0
0.0
0.0
0.0
0.0
0.0
0.0
0.0
0.0
0.0
0.0
1.303385257511671
3.654537798578512
3.278291209334292
3.8754059873986257
3.6571262594735585
3.497099955993208
3.4587286042712653
3.3719197798165146
3.6104056929069315
3.339344597448993
3.349650876450658
3.8263456019545155
4.050590913901641
3.793064251539848
4.039516639269523
4.0545079157971875
4.228503752452804
4.330688050545594
4.197494235540826
3.883648668087859
3.8489929501563935
3.8362466991564
2.2464155039909777
1.1231256365845044
1.9779975626138666
3.1568292984602784
4.010242535812017
4.7267234951561745
4.951094136327374
4.852748866234436
4.929900474496351
5.112481536465754
5.0576913619176365
6.93418523210778
7.2839879709792745
7.5851849490819
7.570210459175003
7.546721582010423
7.5934714051377625
7.033571103930808
6.242343632295704
5.480408475802438
4.904836941558392
7.7342357418840875
10.02176827790808
10.758376820640857
11.354663645475595
11.460123536078328
11.479267296042561
11.712454708479626
11.733181808944877
11.682710622053323
11.635885620860039
11.521316767050687
11.37357978690201
11.232984083928569
11.339770701838846
11.187771116681185
10.966215605444754
10.534501820664255
10.04283993408552
9.634285562984703
9.41111938099411
8.416017556206672
2.3049733862616213
3.6979193748095085
3.6002340971594706
1.5003174751103785
1.994063453024274
2.766769682842611
1.2003133627430347
0.156597715409347
0.0
0.0
0.0
0.0
0.156597715409347
0.0
0.0
0.0
0.1879172584912164
2.3570720476821125
3.780313082786336
3.9948037894260313
4.120020380062322
4.464868961411035
4.9220245535581455
4.9158180466494725
4.796941219652905
4.595117179607357
4.910144012271918
4.980539753655722
4.446944790041498
4.1030245356405635
3.896394919087853
3.7873398728383902
3.9326908948438977
3.8732671193497303
3.8486184673855957
3.91096427059759
3.801487299330201
4.164271411644474
3.978946494320142
3.0497711559389646
2.3287134741441315
0.9737609726283283
2.8899242043566136
3.779099667733201
4.420828315355611
4.722942934591131
4.853927142639034
4.742721072527321
4.945341882963819
6.809034737704214
7.025994244215501
7.0636661926281
7.249380972584867
7.018284107060421
6.228099786922415
5.477950166173751
4.812977018583578
5.0446064318696635
8.345414497565464
10.160813618012982
11.00781055124283
11.225764084737424
11.336459586156227
11.498895679175119
11.763850293742525
11.955104775805005
11.68231279571475
11.878894975451761
11.728725506950537
11.763726635815688
11.77745529913863
11.758317006320135
11.796001862384866
11.674638669988807
11.61522518657812
11.192049460565508
11.07301930121516
10.735861474063384
10.089955563486889
9.541016835045047
8.022739828555027
1.2556750282517057
3.807290128259271
3.1454115329741725
3.335514196551469
3.247565932799235
3.4831831282295584
3.3338464431403185
2.7715780241984307
2.6074212363265588
2.0705044040474396
2.6548753445186617
2.7497604365773767
0.8251989658525852
1.1275035509472975
0.6263908616373878
0.29352812209701373
1.23507033009672
4.336866072808277
4.349898848388167
4.506446539431359
4.456552617252678
5.281537006160069
5.239793807301243
5.133535731776159
5.075545866468543
4.941921819368784
4.849003839900004
4.468336987919061
4.807036243811136
4.380671117809909
4.121256083009251
4.092929511482334
4.1369718039742045
3.976430667916408
4.126016934940656
4.058456636236033
3.542742304161757
4.037255618902389
3.461993195167098
3.656407078200758
2.2868357133418806
1.248383174639869
2.127352958482849
3.714429678203108
4.060953257656961
4.186536156363934
4.829967704947466
4.797511247075436
6.504864757574798
6.615571081168701
6.657588864748383
6.193155912516787
5.367218763140991
4.857768612877496
4.207729846388841
5.472195954854904
8.879514448351918
10.267576370027024
10.882763963887673
11.197344857720479
11.383896350704068
11.43211787260898
11.484052642171267
11.775279233882259
11.890945441640735
11.670605876284554
11.56316039443298
11.75338701793878
11.988154950510085
11.900262812979673
12.036555778495726
11.905919641283502
11.744444314213702
11.934402108617531
11.566999357370713
11.378439106019917
10.871174455910927
10.50902545715329
10.02302807775635
9.53588905760634
6.87898505964382
1.4159533377766542
1.2964487067454247
4.153004455668661
3.6778471778671675
4.076069919985004
4.224841556593854
4.105826886624196
3.7054761129318154
3.494101368151532
3.677862901571001
3.469680985384608
1.4974167420224085
1.2010334828350175
0.3445149739005634
0.5003306664015899
2.415067253486471
3.8673889885870674
4.26602892813955
5.069835618408643
5.3630391933552914
5.32334044388072
5.415919602091251
5.364462534443026
5.1165098490428536
5.275306136210722
5.099914527211464
5.0994947996382916
4.681236949033171
4.405335493477877
4.716628470997945
4.6046310051531165
4.1878306282237565
4.222325730190124
3.730009998730031
4.305601749859698
4.493187687551167
4.215725782909513
4.171428684381044
4.041475140217297
3.8605208683497367
2.4305037488430954
1.3926085355970437
1.6912553264209458
3.063565827581174
3.489726881760009
4.221903805172196
4.36373889888083
6.120331250912791
6.1705034790260855
5.515916668798553
4.495580019384825
4.246313374803562
3.6774553249560937
6.42480584045935
9.233331040709647
10.229757896738505
10.7595455277485
11.249927617414713
11.427296743093411
11.411884534168387
11.644598533314701
11.701398543260384
11.80905611401281
11.84378793890611
11.730482575328514
11.649716060273741
11.582889519313472
11.760734022774184
11.86416669772865
12.022547153418135
11.977348520424794
11.86409430818604
11.813323260167945
11.643894598238983
11.520716907965028
11.08027024361345
10.574290081044918
10.09507487033368
9.472184290689368
8.616220251965025
7.301528805714908
3.225980512905627
5.506370611622732
5.135540605754297
5.68105723221692
5.430537171689639
4.743899348931917
4.5538942738310535
4.099784264799544
4.124193834430911
3.744287915091593
0.9970860756208192
1.3636577936099723
1.6376217783458675
2.935680129428669
3.83638209959443
4.1924068026274695
4.900807536945114
5.425077709886173
5.289587580934044
5.466964750304935
5.613459080903003
5.558066439525743
5.6386966715883915
5.4864656433244114
4.942750769993308
4.87509644142938
5.1046770255793135
4.841513787231141
4.587378708258318
4.711085748086917
4.622464500660386
4.409860744355488
4.697008450104017
4.82262795212796
4.719394246858489
4.515336236815401
4.394869467827822
4.59096293022157
3.661199648675457
3.582273640190543
3.072431434661566
2.3423562855979285
1.8077570357507238
3.2600317587874703
3.7287599473800803
3.8369394250503897
5.159673363799299
4.449586581447805
3.8791426221930525
3.72521742825533
3.6198064125061387
6.587299579829074
9.171299957431234
10.24960918170308
10.448471832099079
11.049992718234792
11.268807406563337
11.388515100276877
11.513293549380299
11.464860147812907
11.483966383260585
11.374009089324934
11.31687401615231
11.507074378052364
11.640608109348573
11.459858645691074
11.569560739682595
11.697359384900125
11.932213062506754
11.934519284842963
11.846320121846828
11.858536138495301
11.583492955187063
11.307362824776082
11.01212412213282
10.677736075813218
10.084592581066236
9.67227947743897
8.720474998155414
7.457797863718292
6.416494842551702
6.506368018514305
6.305654519692196
6.219809878117573
5.980254580257585
5.5925751549206595
4.809406655139181
4.725943270612997
4.522864511043794
4.237317006717787
3.475698062368868
3.3289871334157723
3.26857919687944
3.7559401494517806
4.007273065847058
4.472787442114064
5.099085576586939
5.461804191021402
5.62268523569839
5.671537370598984
5.4853862352503775
5.417573798698454
5.4084156909035315
5.630331638596837
5.252707774759344
4.838128591198598
5.135262697752725
4.922410421827487
4.90004898811369
4.924592311746646
4.820669451180188
4.6125032305037434
4.754032594649676
4.3762669189673105
4.845258813565574
3.9927037143373187
4.108900038483888
4.17534568627659
4.410718942794361
4.282473950121578
4.180544458065386
3.7570341660915885
2.6976589338619097
1.8318228931073102
2.3362997878730156
2.796390008290247
3.7309892492039167
3.2208968770709907
3.3448812970317814
3.9698938558639116
6.945610016105896
8.7119496818336
9.911423169922328
10.522344759562953
10.674523541525732
11.12543540094925
11.305729357084118
11.45506262760386
11.537244537309318
11.494159067440538
11.578927341839426
11.668988323386381
11.772331290478194
11.712039182107068
11.431666341154305
11.531846477282542
11.483527581117922
11.401939839382898
11.730879007733057
11.497760817592164
11.580014862962273
11.56465949421709
11.560389931117253
11.254367388315295
10.837511213549027
10.611572681704693
10.108397026738112
9.755982801428548
8.76958029515592
7.71265675424946
7.230055892119169
6.997559411187427
6.784853623112
6.56691086043343
6.052763564170809
5.949360148077578
5.665918641913954
5.107582596767399
5.083483363748292
4.5939277320128244
4.611243654400301
4.663984652138373
4.715855818557359
4.759365120440057
4.957209573989856
5.250517747894629
5.616663554611024
5.743751428216466
5.870653515537942
6.035344572588096
5.569775352166311
5.63109832437382
5.634109164917503
5.514565510624645
5.1191009620133645
5.155078048989776
5.338826882841954
5.032588515383966
5.083364235873842
5.099914527211464
4.856493892568869
4.864630415779328
4.504223740623755
4.961388186416316
4.653082353067372
4.307388275246356
4.3378453232821625
4.317655274965703
4.20117217769608
4.362068568949398
3.984259815127716
4.022160660479987
3.4989612625450217
2.773312516563106
2.438314760024336
2.342344919413012
2.853061740811764
2.2366927872629896
3.72262513315804
6.859287283045089
8.405453225195922
9.356785998166703
9.989220737055126
10.42596103584807
10.633029661601391
11.250001748694926
11.358013091424134
11.602209122886205
11.679450205256101
11.748789581311113
11.612439206082321
11.724968615964938
11.730625327223374
11.8012634181274
11.612051926201847
11.417503720910263
11.59652057595222
11.46577248874673
11.484225034492233
11.33647370940226
11.244866361744577
11.153984839453699
11.15888763714425
11.053122061350479
10.773534679627659
10.549690496013925
10.296182357185309
9.660109042278263
8.85836411432046
8.395578241891487
7.85215970852781
7.620983384695041
7.451782817184809
7.084676225584911
6.699083322895557
6.253570769796572
6.266549551187874
5.876301644505739
5.7603870581727215
5.553435638281615
5.738878938124124
5.856700448130674
5.872162364362059
5.552636452518399
5.759905355817193
5.967538968332721
5.868150006297735
6.212508446496798
5.9545207073611115
6.073794057409431
5.853983544106918
5.869245959845228
5.830722790392069
5.7770226881289775
5.382893116796689
5.265719203434404
5.2548016296766855
5.101666185035628
5.46809394998337
5.3721089373414745
5.147109379735122
4.874526414006848
4.824051293215696
4.636675552644873
5.075979452560571
4.716009050825948
4.790605080347961
4.445650318181674
4.592313182187279
4.6459633018903315
4.304993500877634
4.291960725297744
4.101909884728646
3.575501934495955
2.423931194206446
2.1355217408363214
1.4945616049320307
4.207142382074741
6.537477555761409
7.9822736230928735
8.744647330649398
9.37991822047382
10.195906266477225
10.647883177945976
10.86587302010581
11.144964699664255
11.23545336800485
11.479911707720252
11.659676156860208
11.673558907455991
11.683944471858968
11.827044164900853
11.931616245167124
11.616433577759748
11.664778049593789
11.627808698073547
11.741900561804208
11.531134900662185
11.321436272740963
11.335655385969169
11.2838307199786
11.17269847543695
11.07724256892695
10.82043054202533
10.593763148596977
10.556944405652603
10.120375810954213
9.53229289984921
9.227124557163574
8.625361266716666
8.450830737812172
8.226227857156823
7.67340528603842
7.354546185872883
7.264701497021477
7.020929857010682
6.766894981867462
6.458353095468611
6.472308519422415
6.296370760767048
6.3273805350823595
6.26781461516986
6.206269599291065
6.340691220234836
6.254428733046501
6.23603633023936
6.3091618491069195
6.255156461806419
6.252471657695173
5.858799025416913
5.925957892427819
5.734097798288898
5.844794816556035
5.730516990902307
5.6110243787417
5.40741207738897
5.308752349078456
4.997705102909643
5.175687824879411
5.170729996168438
5.482071769817861
5.257039712225277
4.992058118901684
4.9627766599415555
5.127024600774255
4.71304424903469
4.803046152793565
4.606998729152245
4.318634525439587
4.514356986341512
3.8379186755242762
4.268159404648437
3.508404829353487
3.8007945734362094
3.3898182581046576
2.7849647509232947
4.19361103057215
6.297920277318833
7.611095167722601
8.102747100797185
8.631792984883184
9.380033644645877
9.99590690105558
10.233950704554719
10.602038087725855
10.958306648772592
11.102731624579887
11.494022680201692
11.574789195256463
11.734937260061328
11.869478244966775
11.928402026438361
11.915695776080234
11.91062581290879
11.800015328030318
11.687152460428724
11.703694455564865
11.584464576973115
11.51770089365301
11.298327009515548
11.297631615161045
11.124856941280516
10.93218288335182
10.78242873408497
10.462977712222154
10.455293683231032
10.038067986983064
9.863235344404448
9.406688338771765
9.061779609965381
8.46007942055233
8.32066829586777
8.015866992391713
7.6832327230791515
7.287204277190853
7.293446926912727
7.081021919931316
7.063699117480162
7.111968522019228
6.728698480519161
6.8796402529947835
6.579600940961123
6.7892413224382855
6.500846714075083
6.460332191434908
6.69554744858329
6.64836523683448
6.20543688799418
6.398192381772624
6.391499440710943
6.190548024375438
6.157141129856754
5.997219477984353
6.01973121154751
5.992613315912354
5.674833194564122
5.815535024253393
5.248521354194251
5.456239459862339
5.485356760454251
5.453917774615639
5.023126103248472
4.91173151172787
4.959353899963333
4.812952655542903
4.781688332594329
4.225820807067743
4.3518573493359405
4.346961096966506
4.442962516216826
3.778494900030111
4.218966053750533
3.780588801415915
3.7576121258196586
3.658500979586563
3.5117487820892417
