6.357558900375752
6.302825784315333
6.453163415346438
5.957680896720076
4.879872464912153
2.865744578386106
2.878111098852771
4.168471727976576
5.317823828985159
5.623163852284183
5.878303004206124
5.963527600044213
5.829254249692818
5.643474725653881
5.735674464416102
5.510984603916693
5.325834095634272
5.280660328658595
5.179457214254519
5.130244630179917
5.251790789133004
5.0783461683010325
4.89662790720572
4.891331266290763
5.270840861706667
5.025137442828642
5.17230295765379
5.162369066673665
5.496218470389467
5.621429884893318
4.990920049044875
3.952893897872274
1.858280465371683
2.6147500502346466
3.8152811787330307
5.093844114517281
8.122170695270452
11.998824063993707
13.509485763212952
14.448870193158363
15.605169756366008
16.381334498689558
17.051802165485135
17.61011231173163
18.184489193644414
18.705607670204056
18.98833595945163
18.76926649727723
18.598039429068496
18.02447817006319
17.353986312182293
16.622924256432295
15.060661690277893
11.968455063770223
9.442627361170818
9.055287647392571
10.298494586359135
12.10904120171903
13.762144256163705
15.174891258848685
16.098587735268875
16.233233162667474
16.46234018645133
16.391500983264677
16.25996282424382
16.103256110322913
15.645210023036054
15.272561448416194
14.934751903842546
14.759213536092336
14.558146046878306
14.241288077982075
14.04115294161069
13.401735576418123
11.862805718485182
9.18755064627028
7.416506019359579
8.873513062650238
10.630851913346755
12.353906187710143
6.294163206183549
6.74662241091446
6.717683170246266
6.5405908143172855
6.2876877274498835
5.088376062485096
3.241654195524628
1.2701442318157188
3.341964179882233
4.799136968090914
5.306028898274222
5.579001506961698
5.263203885023371
4.847954187633016
4.558482109308866
4.634850805698683
4.368130395756854
4.21278803148785
4.413113717163083
4.1333096081152565
4.373026648126289
3.56600550433791
3.1107527247500006
1.8475181844710513
1.3745372731490348
1.7184536530494134
1.5586545770055296
1.653876624521211
2.0484999386394867
1.6004498007193322
1.0007232356195168
0.5950713185555184
1.0371820817003872
1.4889038125487835
2.3715428000762726
2.5869812052367855
3.451241550338883
10.250249064325043
12.580438100451744
13.50071413263379
14.370997982166005
15.191934634671778
15.954704843163823
16.486631819093894
17.107543882021083
17.598200178330526
18.346799278203026
18.379792061453447
17.718420450600828
17.39280761227618
16.294668030643898
13.671513996738716
6.412375231969209
0.9242503624051145
0.0
0.6802328505313148
1.5938402277489923
1.894135159749389
2.651497260739029
3.944702113544464
5.785623861672013
9.006872555587421
11.67719507463495
13.983980734259438
15.004934312179062
14.78001144905669
14.741811689404171
14.50257289248821
14.312393728125011
14.224341268942919
13.748723055609329
13.561709093239493
12.914356550672057
11.198030876219187
8.570928365596323
8.273739337859528
9.717767314424364
12.00217760334957
13.20135453933841
13.613717711647007
6.791884522651385
7.114918290521073
7.1031604348392055
7.124445936986568
6.8505703520964465
6.48330820484742
5.838466911488647
3.8932523852584286
1.4880278863670946
2.7491199893640297
3.7970129719786936
4.608548007048664
4.534918036149797
4.688699951332445
4.032359366532954
3.9975999667067548
3.409809740032124
3.1095045683809093
3.075786321844934
2.8273057524649885
2.765049830936267
1.8011545787547683
1.0174941387065946
0.09395862924560819
0.0
0.0
0.0
0.567388935472347
0.4384736031461716
0.5244171580302885
0.9709058355379506
0.5324322323917797
0.4188062944244913
0.313195430818694
0.469793146228041
0.5870562441940274
3.0726963208615867
9.559351343190666
11.901118396499598
13.261037635180864
14.030449893892898
15.033772390669855
16.11792234177546
16.78542737703653
17.55541149077679
18.142434077750732
18.787402356561657
18.83564907361264
18.347788668951058
16.953605213029704
13.810235459905025
7.327688583187954
0.156597715409347
0.0
0.0
0.0
0.0
0.0
0.2577893961081259
0.3597837339873379
0.3758345169824328
0.0
1.3121195748608698
7.470720033609196
13.249417597334508
13.869688724268048
13.645502150953694
13.55968315151026
13.433913548273702
12.997231074143329
13.216711033241692
12.086455368043913
10.228973403439463
8.26402368368847
8.688487587397864
10.72823651979704
12.766798000823696
13.804654072617698
13.831579550684545
13.949511749673977
6.760737838634857
6.9885173021526725
7.263679634346292
7.255810744180109
7.105165553681669
7.088067841604428
6.650259973658153
5.763532526138513
4.256230576373707
1.89170074545404
1.548403593825958
3.1860549401563443
3.6743678246933804
4.247157224839419
3.6025722809700165
2.81021624865218
0.5280543180289865
1.0648644647835588
0.5011126893099104
0.2192368015730858
0.0
0.0
0.0
0.0
0.0
0.0
0.3445149739005634
1.494582239204144
0.5011126893099104
0.48508254058692796
0.9147384121911749
0.6577104047192571
0.2505563446549552
1.3140608268021217
0.7974753142251887
0.0
3.1447500957672467
9.898795431409898
12.528585446315326
14.219271069440058
15.412178603668016
16.595358787949976
17.789633699672173
18.797358174889716
19.888925904769742
20.78973144620606
21.275622907949565
21.176319784683265
20.5064345049711
15.288786260785107
6.968627047890598
3.636305559563378
0.0
0.0
0.0
0.0
0.0
0.0
0.0
0.0
0.0
0.0
0.0
3.396782115508574
11.990195530547703
12.524178840155033
12.728728267718678
12.662527122205619
12.166877604869267
12.219031679795204
10.90511335275807
8.47715032583346
7.469063943225235
9.064339455515798
11.479178457346862
13.134354955511856
13.683685865810215
14.10057905292698
14.22573275222742
14.279628440167436
7.247906088333942
7.400748563196695
7.51275180525358
7.580504564907338
7.149036501659758
6.946544215733794
6.8952155428323785
6.4115277599898945
5.721276026553983
4.040447653039825
2.1163199523949574
1.1566810884844543
2.604938761160896
3.1428815320065464
3.521708405809441
1.1733717340239591
0.0
0.0
0.0
0.0
0.0
0.313195430818694
0.2818758877368246
0.9082667493742119
0.0
0.0
0.156597715409347
0.9395862924560813
0.3758345169824328
0.6926671077998245
1.0860269279592245
0.6300280216360857
1.787585036302229
2.386203633173171
2.1989542160933
0.0313195430818694
4.470844389435581
12.661418642545943
16.080227642987172
17.49335831741254
19.222055951440243
20.788507537198203
22.9112135456739
24.622549103400686
26.47462907555329
27.80998510083204
29.28060875605517
29.78465214890871
29.976335948090075
21.494553954144155
6.277819090759284
2.4232766896496782
0.0
0.0
0.0
0.0
0.0
0.0
0.0
0.0
0.0
0.0
0.0
4.437503687890944
11.219235292845443
11.733180005469329
11.714675064530331
11.276815089426211
10.680347503121675
9.538942975525371
6.855494577793333
7.295003306632681
9.513743973075643
11.516650575066832
13.237918436804586
13.769047726188589
13.960285508911474
14.475771981321339
15.011671132270395
15.113733636811386
7.43994229584159
7.458212588780044
7.59188922384689
7.361798939703507
7.381740156504767
7.306688598326347
6.897345183669074
6.798542752863827
6.213676292892931
5.532274437695089
3.8639967402445494
2.2069187538233717
0.2818758877368246
1.747273600857493
2.372203588038802
0.47343030622673893
0.0
0.0
0.0
0.0
0.0
0.0
0.0
0.4384736031461716
0.0
0.0
0.0
0.0
0.0
1.067740236146049
1.3138980321660978
1.1966349342001121
2.157349304564404
3.164421143868038
2.781340383875679
1.0255298473401984
4.595338802240353
14.759345167807659
17.693582281370052
19.411607421891656
21.168517821395138
23.393179624798236
25.625604377360453
27.6474010220978
29.283908744900266
31.101508374942416
33.051029096013636
34.23078839236459
34.91002567516123
26.625374073218616
7.425039541164408
3.363108320812533
0.313195430818694
0.0
0.0
0.0
0.0
0.0
0.0
0.0
0.0
0.0
0.0
2.2652249792277366
10.367550991086317
10.560065533180055
10.524357946054284
10.005946196678678
7.8272591499171655
5.55545775274776
7.00940085603502
9.449704370724824
11.646321243427698
12.754707396379947
13.391187252793976
14.014644643576533
14.579488669252717
15.194639111798331
15.522409294055805
15.710910879620682
7.60841012936467
7.7197879893340415
7.659752377181585
7.515313368621704
7.546985278892232
7.279299621344689
7.335920612652755
6.7943835121547425
6.142698773766205
5.50582404463316
4.560268634695524
3.830100395437014
2.281675776070766
0.9861952298968376
1.4086386843200263
0.1879172584912164
0.0
0.0
0.0
0.0
1.0335449217016894
0.0
0.0
0.0
0.2505563446549552
0.2505563446549552
0.5011126893099104
0.4384736031461716
0.0
0.2505563446549552
0.7392347766963556
0.6380430959975769
2.1493934242642125
2.747200111975244
2.587990673981005
2.603591130801999
5.871403114047636
16.69740439686565
19.125671974207414
21.167544950392937
23.149008595895385
25.64105364937617
28.113003665795354
30.184186812588948
32.25220964925831
34.46905480095407
36.610671000891436
38.43572583714062
39.3705251427712
32.86435696818106
7.785360646983579
4.511185612449452
1.6400891648700482
1.882217970969362
2.628247377696922
7.0476547731688335
3.7462648936585246
0.276899379373847
0.0
0.0313195430818694
0.0
0.0
0.0
0.6753452038380873
12.819946933593195
11.747771927493536
10.455279382369076
7.446293832556287
4.819286990645954
7.477573590986332
9.398197414358865
11.434821075713266
12.40551481675931
13.06348871051308
13.756964260378286
14.447581952730777
14.759398876096347
15.52295370235211
15.722004084492548
15.938620032806618
7.668258233172266
7.569879105023265
7.79070348806944
7.742418118583256
7.435778499142706
7.401959750565809
7.267615499843343
6.515303225008723
6.323142525013769
5.9131233217462595
4.707738773613904
4.623405529574744
3.2242408298067455
2.470540131647202
2.453562885839
0.156597715409347
0.0
0.0
0.0
0.0
0.5324322323917797
0.0
0.0
0.6577104047192571
0.0
0.0
0.1252781723274776
0.1252781723274776
0.8769472062923426
1.0765166991437478
0.4188062944244913
1.068501624782257
1.6906565794891257
3.322578239985542
4.251860911952605
6.813129947756258
10.943590726729528
18.281865396471005
20.521035349609846
22.918713080363997
25.49434861612652
27.675521957456436
30.247055230574844
33.118996865315985
35.7196435960897
38.13151806569954
39.9089373649842
42.03455208068954
43.63383310380704
39.97598686253499
8.971472499883507
5.998446226817373
2.722359204148937
2.103165218985959
4.660831364491691
5.415603682862535
5.871212690478984
2.7664321881363145
4.527135016212661
8.77234478630847
3.267310225201633
0.0313195430818694
0.0
0.0
12.46390212034305
14.335955873862924
13.580727894583474
12.040796102803546
8.47669011227125
9.694839595422861
10.721352848358503
11.597748073497387
12.153912461492594
12.862911137369705
13.869911938272844
14.693975013248432
15.107424247436155
15.663350171451794
16.036238422828813
16.430905215828545
7.899505104292715
7.8171396715038854
7.585288372031809
7.3675449176932535
7.318037491585919
7.071275273744815
7.0236456036577986
6.781283037950494
6.396570162076419
6.0948588284837415
5.371374751550725
4.1766274561698395
3.3061987216071285
2.625511898423571
2.597430043886637
0.47340967195462635
0.0
0.0
0.0
0.0
0.0
0.0
0.0
0.0
0.45376299750505855
1.017771470888099
1.424387685207743
2.7393941571753686
4.10829702277692
6.019980271523339
6.934353262273529
8.025726749294089
9.714800465413441
11.293872810466
13.060390462194972
15.293770681354882
17.399197065640248
19.74078776888211
22.58838183545241
24.97308651047876
27.194681927712928
30.182861456898436
32.97466345520386
36.124193150090356
38.49511575173055
40.739665720967615
43.61961080223624
45.00646733078887
47.075213409226244
48.02910370327757
45.56259913951885
38.07020110626326
25.55884226049904
16.17644104586482
10.44637610030369
5.776067187416491
3.0824280410633937
2.11887821464246
2.6355149107363025
2.1035859894430775
1.6757798420609722
0.2738608133753334
0.1879172584912164
4.961049804367316
14.180761947826321
15.933336930784954
14.15022914692685
13.381084133202625
10.064979446095064
10.351401543375143
10.796659879448736
10.581848656788754
10.69194077603327
11.579522833033748
13.487444300408118
14.933193276921962
15.436053824511307
15.929016395718019
16.204783223368903
16.416388562530035
7.852231047006851
8.016877351405848
7.872319983705016
7.770649602566314
7.392736610310593
6.936305941463652
6.701980233678902
6.500846714075084
6.155320678887417
5.604042378713013
5.50959073762508
4.707253774111608
3.7139197949942795
3.2907071118715634
3.5593898333534657
3.2204452026253914
1.0660523846967327
0.5943305641914232
1.3479142451556887
1.8418052491973462
2.4519618989315024
2.659321768692036
2.9747842437571954
3.815743997431498
3.4495182155075823
3.016119248428092
2.6007261654688
2.697300792173798
7.48400532286245
8.558392047886361
9.480092452563552
10.732766271490512
12.176777928654825
13.659096019484359
15.244780510098181
17.11690184130358
18.97348950671528
21.398247634928552
24.078196455741516
26.619681840468537
29.277068241200052
32.34555943679417
35.33931506789646
38.14895435800597
40.42123041277835
43.23321889813953
45.24366115403414
47.459129700852614
48.96438250936697
50.060362371708784
50.74993082797409
51.57224456177393
51.60794868113337
52.545888089968216
53.466487216721085
54.20624945187332
49.87995636260344
42.75765549720469
34.92011059071506
25.578869723736194
17.136029539119853
12.51879510277571
15.323120815937395
24.330430798414145
20.17157557394622
17.267447046605696
15.165366688687222
13.648326474921602
10.677759117495741
8.98591247641881
4.349182435693798
0.45979886095786077
2.409950364849792
8.915044268808046
12.93557186290103
15.023057200288656
15.821429109643464
16.22800625933706
16.675905148016874
16.62197836387523
7.9490630450600195
7.9189733160803515
7.860698016245562
7.5698791050232614
7.21138271366901
6.340663872000548
5.627968927971515
4.585198852864696
2.893382712326893
3.432683521410496
5.250623017250226
4.906115699694819
3.3102779319157243
3.8600672247885104
3.878617015280392
4.258737901401392
4.173659303328
4.127042252360859
4.345548288594481
4.752598082372006
2.8620680840210486
1.5932155190165485
1.0682465159904477
0.1879172584912164
0.0
0.0
0.0
0.3364998995390722
6.741787840170972
9.183944842153572
10.348939429669217
11.482171800004163
11.704417147247886
11.48552845014671
11.737008787907557
15.854635333899626
20.37611625340559
23.066912195704433
25.62465432733994
28.36414564365903
31.090918820777954
34.33685261959138
37.14371200317776
39.510629300054745
42.139193194682846
44.67091823217577
46.545176691453264
48.72738323646574
49.56079364773517
50.22084451768994
51.435921582357786
52.076468214468235
52.008340013549045
53.65691747573466
55.39795602180974
56.84354076664589
58.56507215544743
59.14070989399529
58.365133880823606
55.71328303846566
50.899305389300025
44.270723951872654
37.98276520321415
30.903956069730278
24.481998135736056
19.121389127578873
16.149247774860633
13.578974839457116
7.253462604128607
0.7919993037077232
0.0
0.0
0.3168325908173919
7.149783742161209
12.882256997225099
15.316057791593034
16.142855160387626
16.410265471665497
16.846413759959585
16.911237830789975
8.036875946462983
7.905839269720115
7.812683275839108
7.538905668736197
6.807503680877332
4.691651477734045
1.1333366291315523
0.0
0.0
0.0
1.400461015916236
3.328078114393405
3.4524761307369403
4.02618134427027
4.427617796743697
5.0515647530652235
5.348615256921241
5.45028582577544
5.655137548228475
5.4471854697816315
0.0
0.0
0.0
0.0
0.0
0.0
0.0
0.35980436825945034
5.060398667704327
9.578742223546229
10.548909453705813
5.738949271511048
3.0604852205145017
4.885271128097097
6.767748580762334
11.590994462552478
21.57455920722143
24.231839932949615
27.181320512399253
29.702933133158997
32.64699810591873
35.81204253595643
38.562118073369696
40.76164878557618
43.229216892380734
45.39538736791933
47.38331943255508
49.06878033684787
49.59964948684381
50.58322356198995
51.201158142185164
52.006925397585924
52.566174491002265
53.963853941577284
55.2959365118272
57.19394563495198
59.12884376191653
60.42805604538609
61.35037220531639
60.86424789091426
58.44315938756373
52.58448873888366
45.011764058301694
37.11855056859069
29.154936307346993
22.17316435184787
16.846167913953067
8.232921373175804
0.0
0.0
0.0
0.0
0.13693040668766668
8.010423495466451
14.168563514968978
15.94156509161267
16.521962467887494
16.669029874171112
16.943166788286437
16.893736536996684
8.244501492756655
8.234937752597741
7.811400557110031
7.3871029730092665
6.291795744135741
2.7510774114397933
0.0
0.0
0.0
0.0
0.2505563446549552
0.0626390861637388
1.522722797972807
3.829480582495775
4.011863588653791
5.100120690883332
5.496818141725875
5.697151294962944
5.566716455938752
4.1098010254425015
0.0
0.0
0.0
0.0
0.0
0.0
0.0
0.7893636754973786
7.711396035984749
7.605592277251512
5.91114661265589
3.1404503376599053
3.5394672231271813
4.9392651630157545
6.708992920926814
11.940675640658132
22.59600745652739
25.317694893874787
28.053273100223983
31.070233540158107
33.9198779072731
36.67262756590077
39.02847428500307
41.518904878392455
44.13566855170403
46.06723363011337
47.93797479107149
48.895524851182415
49.86928261028839
50.77982547822387
51.669305444077935
52.01695361351322
52.719143541116885
54.34437329167112
55.83289526237796
57.45465635888894
58.98329299070246
60.73498848690223
62.19537161642326
63.09551169982817
62.24189722122728
58.80932408355621
51.28746288235328
42.64513364998458
34.191013419422134
25.509664611518907
18.364157747707182
9.994017840158808
0.0
0.0
0.0
1.661596764732299
7.513703666504532
13.71713606804237
15.796559676970897
16.58772681673421
17.009569505628985
16.952906033546853
17.001817929846542
17.09429912104284
8.279844626857065
8.238139435468696
7.918632584610548
7.363004036419719
5.297577046090742
0.9253354659832705
0.0
0.0
0.0
0.0
1.251279580274472
0.5637517754736491
0.0
0.1252781723274776
1.755339030407251
4.672125210035396
5.537416355511245
5.703834392471695
5.116509849042854
3.017063780546753
0.0
0.0
0.0
0.0
0.0626390861637388
0.8086780430684982
2.4316152088697884
2.7306799817835365
7.329675445320369
7.276460596772867
4.911486447044732
3.0745828316443653
3.6101199612235213
3.8755093610690636
4.930238534962751
11.622475562355994
23.801353858928643
26.465747788276865
29.1324834880976
31.682077863554547
34.598841506594184
37.677399734646094
39.91189973977225
42.242080098604006
44.360361327181344
46.03426564146971
47.95526903984084
48.484648458146154
49.694455286001805
50.62275054026012
52.01694679983243
53.29243348714569
54.56156421751021
55.51797352536474
56.88913815004753
58.212818643751774
59.46827000800162
60.719204466780326
62.438251146506495
64.32687025501082
64.4637502827022
61.97246706923117
56.355560952128705
47.54328091816026
38.52081382618001
29.44432558606856
20.653699701722072
9.292043798245459
0.979148672155347
0.0
0.2505563446549552
5.584578848271427
11.310312371114103
14.872843080365417
16.444660292281906
17.12010267036277
17.307084924706373
17.101915695711003
17.14812861020549
17.073922386163197
8.215676358001465
8.017369693974429
7.8014573302954595
7.165227705250614
3.904295126480809
0.0
0.0
0.0
0.0
0.0
0.0
0.0
0.0
0.0
0.8287948573070579
3.726365060845171
5.1060506323270305
5.301909854312122
4.927309361525842
3.4220687091726854
1.34251287032213
0.44211076314486947
2.1563976037432893
2.6630554930570534
2.8081454140109967
3.668584730013956
5.675818903365398
6.327523764620896
8.441465382910906
8.191032419011432
6.277094863312808
5.551743921388394
5.295290821152253
6.964182801255665
10.03951123233473
16.99964229212703
24.68926381465233
27.30032695026479
29.831735797452527
32.59000522215709
35.65708686056513
38.08958661724978
40.31647974098743
42.858818143744884
44.8053724255379
46.31394610667327
47.87621497859959
48.67744378610558
49.89456505542804
51.32660095716152
53.762449043021846
55.76840107301493
56.81827725670309
57.89589801604257
58.81351480000749
59.48684179911518
59.994532952011156
60.871404191874475
62.758952165001695
64.54651695119166
65.57137214093869
63.84696856403291
59.7609429046796
51.5934182076686
42.04622436409053
33.123140242793596
23.965305573408074
9.895718780261795
0.0
0.0
0.0626390861637388
5.644125574182519
11.705069206017853
15.33404873865747
17.013783557605553
17.32725944655503
17.479292340932787
17.461103086639756
17.16172043762187
17.10251479923122
8.450478743534108
8.245465120920699
7.836503507155433
7.03827319257187
3.4499751462499306
0.1252781723274776
0.0
0.0
0.0
0.0
0.0
0.0
0.0
0.0
1.6926495890552453
3.9799910167231514
4.9204380623608595
4.686913425945788
5.005513309383669
4.686646685550894
4.73942694574097
4.0762901049867315
4.195772979423494
4.76188240466918
5.861209696755737
7.22627737009752
8.12696969933678
9.22458845866425
10.520828074353972
11.337345128210472
12.630924433223118
14.03982977106866
15.350462280028282
17.169488227859844
19.007659456021095
21.949615033139786
25.329203699421665
27.810620774486814
30.391531798148968
33.10157518489537
36.119358083743535
38.52361313473526
40.424491109332045
42.987376749136594
44.806381618730114
46.18946371343988
47.87512035595884
49.0572022622372
50.84778190792365
52.83332685658733
54.827960994804634
57.73546960809001
58.93813573686258
60.3563109335323
60.88118325330131
61.00372042594599
61.054943792113576
61.47028056003681
62.83880492292218
64.532890955349
66.53418922850355
65.65730149389739
61.93556481934613
54.98235335815107
45.39428943581143
36.41087067559232
26.92982685421998
13.467363629061607
1.3252304355509448
0.0
0.0
4.957912221914727
11.660304128531449
15.50064725173269
17.06158944432099
17.42465480372854
17.650098301097266
17.54702586010343
17.459058800276583
17.234432190567883
8.421224791805187
8.395432162555139
8.1802515136004
7.103413909084838
4.1319731019550465
0.47343030622673893
0.0
0.0
0.0
0.3758345169824328
0.5011126893099104
0.0
0.0
0.0
2.015788768512699
3.9542964670551926
5.113215722256504
5.852319260315679
5.9358444738687774
6.193348555905308
6.683690079352481
6.7157199785719826
6.813466606775933
7.132717698922146
7.6487341235888096
8.430283900053867
9.137782869417533
10.229934914958434
11.670667574600886
12.802761871599703
14.022318058145096
15.384606474478014
16.807425660498676
18.106675124290906
20.174232689874177
22.78838880913043
25.884188751518632
28.1689675847029
30.833019915407014
33.472330123396226
36.408143678647306
38.58016877721203
40.98065214577317
43.33172864004085
45.00969762463756
46.88355870526797
48.16352515659645
49.46278557186851
51.0729891553876
53.66585277646679
56.7487536656868
59.4023859264212
60.65644058674696
62.49308098040067
63.87962855119118
63.15545843077766
62.44895545685672
62.390616879994575
62.6232683478247
64.50137774466587
66.48165797892062
66.81903609708064
63.59057166516985
57.40644323855196
48.302009925081215
39.05210519870226
29.00564740253764
17.04609507742487
0.0
0.0
0.0
4.383620920962275
11.151989218803543
15.451141923665137
17.045064945171532
17.507528591228755
17.601593622982513
17.370448531694404
17.294035309139804
17.127207109049557
8.46087219757862
8.440459112263072
8.123659734215677
7.253667215457192
4.440742399975089
0.6569696503551619
0.0
0.0
0.0
0.37947167698113066
0.7866257370454325
0.0
0.0
0.0
2.6728153810503734
4.493577922219683
5.5449202666989645
6.079634829765752
6.233610905368228
6.741439064952943
7.124291739965258
7.327370131701642
7.5270236190735345
8.063940699918913
8.758118899730814
9.266835532654735
10.091826767055062
10.930498811850505
12.26106908548997
13.33260257124575
14.57950859545806
16.189231712091452
17.467297726981922
18.95513481858809
20.940657882285908
23.656130463149957
26.33730640718782
28.295158572913085
30.97477474158624
33.99036510537581
36.50839781697092
38.74122275142583
41.01006301210121
43.17329527221565
45.29147965504626
46.79466851980611
48.19847762182825
49.80177800453256
51.665774035206866
54.8661240925284
58.08919833721264
60.77790578243464
63.77388494969855
65.76969769566561
66.61861204472176
66.17708083392367
64.66814951844384
63.752501083672456
63.583883091174144
64.63002409717224
65.97768691984236
66.48785871173708
63.914913887703584
58.93643423583444
50.086322932417566
40.286850646528045
30.871138217807196
19.81006389802762
1.232581129618912
1.1118068972305537
0.0
3.1619803235719117
10.570367592735016
15.217964834396149
17.005897956884443
17.63269252792955
17.613463686873647
17.459058800276594
17.301279047753347
17.087829415235042
8.626761626624564
8.686518858562538
8.530147377854442
7.824668432334401
6.188674904743244
2.92296182519172
1.3335354385284717
0.7814038969579812
0.5673889354723469
0.6577104047192571
0.0
0.0
0.0
0.0
2.788732523657833
4.698552598136455
5.907134126711394
6.440253368249868
6.5419307785457015
7.036072230811431
7.436838658331874
7.723255694205508
8.266104680139316
8.600841635720837
9.052298570161176
10.099737549135437
10.56800030361054
11.448855916695896
12.907226937124104
13.628794969036875
15.007347242338852
16.670951842023587
17.752953291450332
19.31117668439161
21.4258185425881
23.805696560009743
26.569013149558405
28.571475615747563
31.269882116487295
33.9184586151164
36.44694628668452
38.742726256630576
40.7885456284533
43.0218819786842
44.58837393868972
46.71480080799514
48.760016919733104
50.33965709478517
51.897457744631005
55.3905249273329
58.21718151882984
61.790689285097784
65.56896817659245
67.6264982596883
67.79569320120254
67.13974717757368
65.65415928674513
64.69465692777814
63.700317390188324
64.34020931082362
65.96677602253398
66.27107937832149
63.40307518506969
58.94756620378355
50.57866110004873
41.33340108548427
32.28481161973687
22.146869781557683
1.508366377237859
0.0
0.0
2.4248917469854474
9.978880721198626
14.978331876195178
17.102176176075503
17.74574545931428
17.616256567199546
17.556103043668664
17.40951453539897
17.124100641723615
8.722527774825714
8.63074208018523
8.711205127856063
8.538065324117532
7.627256770190727
6.334004182051818
5.087955866013075
4.288103034269133
3.376584790011335
2.2040908579993497
1.1063134649532018
0.0
0.0
0.39469916852368003
2.9448781167203406
5.87448209486513
6.259117605632963
6.657469905991686
6.952278381658113
7.372780713131359
7.6675278675988405
8.007629524715462
8.626919504228672
9.121662381141801
9.546000956441421
10.451298857285567
10.989979760616585
11.898959949592786
12.97749614634333
13.687902682138695
15.185281709692088
16.696217821450965
17.971702639629108
19.555920830305105
21.534984305533673
24.043809844192637
26.79995868972282
28.808309129937093
31.346070561802335
33.75307587682923
36.70773392672086
38.81183123363309
40.67689559010412
42.724886440375506
44.41707858669255
46.16383619010601
48.82149885684956
50.07436939168456
51.26715735136453
54.16545689800189
56.89853192313559
60.063133486764634
63.944310206733384
66.18729003833832
66.13276539263362
65.48273562511602
65.2674402989913
64.23242708316921
63.44155840680497
63.6148375912634
65.27011818987152
65.376110752943
63.21617326718935
58.70014776542515
50.721119288463264
41.75913579394918
33.13392548624189
23.280899394858274
3.5081325397244707
0.567388935472347
0.0
1.9851358912641417
9.332994178358096
14.739634974663371
16.92034057149224
17.426408097291556
17.382143436052967
17.404070149290888
17.254373636250193
17.005065104813774
8.841351432469276
8.854311599983632
8.731296236337938
8.643047607298485
8.088789597810257
7.430553824263676
6.889783042290414
6.4776424102543295
6.0372700740899266
5.298604093822564
4.2564711982720125
2.251972913534682
2.835781003247174
4.14747640310716
5.704447753209207
6.343077137489066
6.559980001858354
6.897182055166945
7.085831541735147
7.3418587561643545
7.77577342667565
8.475327270778536
8.580517133920981
9.05192506682075
9.851173484231566
10.626921453405856
11.185864765162162
12.299933756770056
13.206383545632514
14.047460371936046
15.57856434323069
16.878937177033947
18.15427767631328
19.546920161148336
21.447424086372262
24.137557931899774
26.554695250558677
28.72419390597238
30.86516177682428
33.52084346221263
36.439116482562575
38.45410529509432
40.52333991594158
42.57367987446854
44.304005071727225
46.07317998352488
48.007469959749606
49.4943548723354
50.71091306644133
53.139350616810525
55.22102147377822
58.06156861221061
60.441032893036265
61.805971655183335
62.39940521819957
62.34413862990969
62.38292744726921
62.33893606584459
62.41715603499157
62.890221189709735
64.15362530691579
63.978036562158806
62.50770896401621
58.01692346462966
50.08462917691319
41.627720779590604
33.449248104866975
22.90264794304197
2.3692971863098578
0.0
0.0
1.5592524183104293
9.211604491322683
14.698449602850808
16.956559759884783
17.45650009829079
17.46203801191489
17.314444804044903
17.368790246275253
16.992325932128697
8.88143053577161
8.99522829222757
8.997104319036294
8.649441589452797
8.475605590621395
8.127246577069542
7.812806223555031
7.272901727597089
7.160912788682955
6.5800083211373055
6.001055364195167
4.332927395200972
5.227153609215752
5.658101848740008
6.170253024847847
6.322904607500373
6.746121323934624
6.951076125769823
7.199755115136209
7.7803540918911125
7.941169382712859
8.247353682969944
8.719037205930483
9.575701528348366
10.01099194460025
10.63090552509403
11.201590639563527
12.365154085595709
13.271215888438181
14.069383801260704
15.36095872062494
16.94507331402075
18.152459179199532
19.502195579256174
21.351781612425686
23.81612285654937
26.180835739102875
28.40678427521227
30.54742672838693
33.102208891942915
35.8179237927255
38.018618575247366
39.83475672008132
42.072401035792126
43.94671946037945
45.47642813672222
47.63310657314588
48.38516135299767
50.00696953779483
51.288135461413425
52.64139388597145
54.42398050404591
56.737467979284325
58.68811954022983
59.4578558815461
60.05565214958922
60.33964540391286
60.53032197189361
60.94544424047027
61.90481688469646
63.022272959209225
62.77476972062785
60.74704634866133
56.180002803735924
48.686533318181
40.76545155990448
33.1048813945184
24.20408539150979
4.552339091148655
0.0
0.156597715409347
2.591089989813055
10.770850435850901
15.094549162223363
16.82964103032973
17.37424449696515
17.47419906860615
17.29437456522989
17.131196069278765
16.835945133653844
8.939034034085969
8.824244517221544
8.773085040532402
8.775787146604854
8.515283013839216
8.344831514791014
8.110315796804796
7.665945686307975
7.33073779410661
7.023348494265244
6.500295123189158
5.424084929700356
6.124374825809674
6.356628971493014
6.445918883398833
6.682543694683067
6.874356866068957
7.056786649282104
7.324509105771733
7.863158244473646
7.992670475491785
8.306936121716495
8.951230777647316
9.151274987778576
9.961406693412359
10.603482355726227
11.210142859100344
12.0106620268979
13.314092173980514
13.934032121257673
15.33411083181736
16.77564494658397
17.696844261452295
19.548018106526754
21.380734103931648
23.598072373041852
26.011063988494072
28.095297172312822
30.438054892086335
32.55137345840442
34.97335057421765
37.53081775572546
39.0592951553559
40.87402515809789
43.02423919345667
44.82494010397738
46.21639678801791
47.33791801540247
48.76806057614952
50.525028829465406
50.78933457197419
51.83236151261696
53.43743022128237
55.04602689199241
56.5754786522809
57.40826009625129
58.771879780353586
59.64000113464069
59.75756016187545
60.65915512847206
61.62528963211234
61.46008609332272
59.02372719853434
53.84592113478218
46.819802718942846
39.406854324694905
32.74375257688922
25.36403014975089
14.030149986720271
5.857786306860201
4.890553986741769
9.930569238522606
13.330553044055815
15.57611484593197
16.82901334331542
17.175632660739016
17.2942112633887
16.942444965587494
16.8817939522607
16.61767807644258
8.913337599082407
8.839511451920572
8.84714522578407
8.876220548137699
8.768379155328537
8.404968828575655
8.181913289908467
7.861624421430858
7.532899867954666
7.257249862751052
6.646662062175314
5.951147123218598
6.479909927640113
6.540411724549345
6.685569023119304
7.117868059022924
6.951677253713967
7.144955370622225
7.275100058965827
7.613489524960899
8.001568433487934
8.455353493722685
8.615569378882753
9.008709021423753
9.708055377591185
10.421952704426026
11.163658036650123
12.226158914127526
13.128677503437874
13.730324896047893
15.219355151115531
16.502660505992456
17.571589450780085
19.215829473917893
20.80734979107734
22.926780379663906
25.319734884516443
27.624415337118677
29.68862431408983
31.88635002601181
34.34933749970447
36.40931698724016
38.41373613210251
40.12749504864063
41.96375640098534
43.89898831576495
45.23589891874442
46.1529191316068
47.438091204962475
49.220141650522976
49.93811477796886
50.681315205841656
52.01723693379266
52.71960306508307
54.19810664241099
55.46440883003166
56.285282652215514
57.90560870929513
58.94871861139999
59.794298098928564
60.19074385739329
59.40063218331806
56.26817005932722
50.67099249965452
44.38338358352179
37.86489567903769
31.695380840754517
25.693990895106865
19.884379021090485
15.885765272044297
10.050682210138543
12.542020327080571
14.400826268572251
16.1000598448938
16.60259324570226
16.99422651178672
16.98924002010302
16.685975144460365
16.67613420516892
16.54048886238105
8.896800584132048
8.860069347038408
8.744903509615742
8.760754562376764
8.566530116891094
8.240590370732122
8.057788579881471
7.829938659721562
7.44735532360411
7.17910650661297
6.4772192370212975
5.7582768298874525
6.53344615512503
6.690884107393997
6.726286752423635
6.800243853154703
7.0436991748897935
7.228695551377228
7.197412565231406
7.319320210314995
7.750000666029633
8.135025164127795
8.29559854036326
8.875242048340883
9.591240424061587
10.380519460488273
10.880580094114407
11.89873695966
13.14548184260131
13.633217954042061
14.854603004942582
16.624646195918167
17.394245473936685
18.602588194574764
20.21451759307836
22.378427165961583
24.543507107733166
26.605175686027426
28.62290822239028
30.757288444516483
33.14037854029385
35.64602755097522
37.557866332151846
39.34338580939414
40.74241617277676
42.54883948870508
44.192385677385836
44.97609494328339
46.03679672753879
47.494290795423495
48.78081613123083
49.2469580036271
50.310764895490614
51.746103216041334
52.383759028935785
53.237658969641316
54.92118024699162
56.540091369283566
57.46846982092451
58.249162425927125
57.84896686266892
56.38828285190776
51.9842234334893
47.07507938196878
41.32871688959447
35.62476264561864
30.18796391826539
24.681665017451117
19.75490269233187
16.64672639645767
11.259821870449949
13.383763212254689
14.856016882596053
15.983943404404146
16.458474306777028
16.568197464093117
16.553668433099144
16.43789185487209
16.139842038671144
15.854214701224732
8.862165818934567
8.746922605901156
8.743040743418673
8.616180975321008
8.373485169843391
8.395666825407181
8.106543834701695
7.714567844571919
7.263943331228101
7.152404164064725
6.697442185406964
6.140952114124559
6.464137569374273
6.51468317927219
6.56689506737658
6.855449679506376
6.72407286367948
6.9392406878317745
7.001531042364459
7.384672713794634
7.483511578437323
7.959382824669328
8.175272912777645
8.7638320318545
9.28893708599411
10.096993594308703
10.623379067392426
11.411010730032574
12.834902144207266
13.54022785403786
14.47620643069428
16.152796522978605
17.083807227569434
18.490922990289544
19.999168184637277
21.65315267342634
23.7255262110994
25.772198345128952
27.60896408134902
29.48040219437585
32.017595259503516
34.29843574585863
36.21279927047285
38.36995047047053
39.77554328867291
41.191655514016816
42.86335053364576
43.99748150240459
45.065864020028776
46.35020656828815
47.492532427607685
48.41931848295089
49.154564612985446
50.279341935783236
51.6100421965107
52.173168230674285
52.88275156804803
54.09749150223774
55.230335273201696
55.686029296422824
54.705728602439585
52.002424993900206
48.348999954923414
43.54773083130656
38.53252576795354
33.55685309471956
28.135622795754866
23.461238340419595
19.266982036843885
16.774510197505457
11.413413385919414
13.435369097133128
14.55774680348808
15.456994895291492
15.977325746798108
16.371727948093163
16.412762000775103
16.047399028236917
15.642123860902528
15.188035583345213
8.586108242678062
8.642769287455627
8.640651299445162
8.401368346175364
8.3295714995069
8.166514114702924
8.216670990212945
7.792629390335983
7.274608430882187
7.189016281301602
6.510656594095409
5.69006262713151
6.271385622218839
6.479978382490722
6.378827311127769
6.377850389121143
6.419222875011246
6.760847338495361
6.7240444869908975
6.0233435073301225
7.055295914125
7.3719896224859305
7.488702928250484
8.219184577022883
8.744868732889781
9.610073298554534
10.403737131305885
11.301732807784681
12.380675618595696
13.293232685871942
14.420681439162554
15.51379090103443
16.745791202105263
17.536237569091785
18.97795490649282
20.73622083410967
22.75447989813014
24.772560805476125
26.90594635007427
28.98075974629255
30.74258268993851
32.68089235194209
34.94895002476467
36.68144250637802
38.56138567989302
39.72960424566279
41.21704123694822
42.34922039318349
43.654554238848554
45.03449151981809
45.63163290659385
46.64422983417874
47.85291637201766
48.87071926642447
49.7818111773688
50.711014626118754
51.131278874515985
51.70407176581761
52.14051847902927
51.76006292058988
50.81018761960994
48.05117126253913
44.35994560193663
40.08093070441821
35.52380559184657
30.666250516601345
26.50421411526
21.8917553166282
18.4281049594406
16.205957929761365
11.350062410750468
13.11916308132201
14.372649259801939
14.726929563762223
15.306136459823577
15.459693204867191
15.58299442451354
15.452562180567982
15.203123364445988
14.775981370148397
8.604619285152518
8.381233580702672
8.385851839543799
8.251210298679695
8.11778178434744
7.835812135469104
7.8361721530036945
7.357107749241
7.2142437395989205
7.098087116153561
6.333722114974388
3.575812962217311
0.6765750562605044
3.001840391991994
4.545713963997005
4.020363055688204
3.520088846961734
5.757304411710116
5.887668564942504
4.915991442958432
3.5591649933871334
4.8350008744646535
5.867349446469273
5.137980311091752
7.79127608653973
8.71380005230141
9.58132737319632
10.67909968785689
11.916947111020091
12.964685200063688
14.074431222087224
15.076627249037067
16.473924348180855
17.524002919072416
18.318861130391852
19.875692918206227
21.725048921909497
23.81639801494436
25.87103615050981
27.479010985529637
29.46863558585517
31.46270496211019
33.2217703463092
35.43635425976078
36.733572429963544
38.4162286233717
39.64035430419933
40.683711149988746
42.20152843710055
43.06819762293744
43.859051847846665
44.95837232807333
45.86766753342884
47.287980225655474
47.977728751957734
48.75759680156826
48.694246351220336
49.48320676532351
48.807995991046994
48.06416779701481
46.182334943070735
43.77468529743393
40.23993129730851
36.87758624801516
32.233468719802595
28.132469628297542
23.86604757747672
19.859083636820696
17.537560597352343
15.559822046536743
10.689813283720072
12.54330521514237
13.620560398377581
14.197957912027208
14.49153419203155
14.738638043281597
14.824929235292817
14.705212007684
14.502825234853306
14.285342211905379
8.435196899754587
8.33796990940011
8.190140220098865
7.991805339764231
7.951556819592101
7.387325860562616
7.581894580676355
7.106904134814406
7.0416940560473265
6.556174623918991
5.322091290901455
1.108099622818055
3.016095562393899
1.5384299428278907
0.0
0.09395862924560819
0.649695330357766
3.594233461062874
4.860427440312192
5.985228363481332
5.9898692712384065
1.5597314146280916
0.4384736031461716
1.3913295354030666
6.160245379361781
7.651443378145374
9.271593297764596
10.56226955099505
11.335929901576566
12.470866750206746
13.48822470705953
14.242844037157766
15.832075294671098
16.825548588164303
17.689559392785153
19.022815670932346
20.72544563862182
22.618094678127278
24.482054892357574
26.44810018306772
28.2297851258418
30.12073344485626
31.70479379077309
33.59853564252149
35.28742522852972
36.85160542038219
38.342688391251045
39.135502244094404
40.01911011153334
41.087328983692466
42.03171204229662
43.1472132299604
44.22955236222456
45.07194036803259
45.82106316910637
46.264182241903455
45.98481981216339
45.54796124284916
42.092754830645816
43.7032075945944
42.009594687805496
39.47139706481314
36.270069633296295
31.46656527860697
29.13170702090106
25.361605075167603
21.591600552516077
18.37766103326927
16.651763642252686
14.938756183696349
10.380391731132411
11.837719841268239
13.139366561879285
13.677645576166189
14.11648398773613
14.111036862348667
14.073504423448256
14.02599660820618
13.825633227831615
13.654309940457713
8.328133095041323
8.116042135574263
8.04590291554021
7.953605669574567
7.562487162562746
7.184553022040927
7.1961656121823125
7.039837043573264
6.708644909287165
6.146919045425337
2.9760934691765093
1.9420282254211332
2.9905964533996667
0.9119039093729099
0.0
0.0
0.0
0.7545035367831301
3.286045906733159
4.484501439181231
4.1168336742874425
0.2738608133753334
0.0
0.0
1.4718937917063744
3.6567663496656277
7.980528689860698
9.875027334080807
11.054316193872664
11.998785103043419
13.173655798343889
13.859118794730945
14.924796488890067
16.13605022996593
17.01071846203741
18.16752715551118
19.523489839718252
21.071775647139223
23.057546967971906
24.822201611106458
26.909282690922844
28.527493782994462
30.08336611768171
31.409264791292383
33.54525578150478
34.71530033918528
36.593143688571416
37.91695027546375
38.56071136576682
39.43653592277655
40.10809158261321
40.85399986476199
41.85927682915136
42.59218174799103
43.30551508508337
43.26502851926062
42.3626483138618
41.01737501434884
20.63802366345258
14.78143717019316
18.44034910078769
15.56589591613834
15.06531568738123
21.394422325922093
25.8536163198922
22.37111505195206
19.08690391053261
17.09912342130321
15.499775261549305
13.829038152697098
9.853896794961074
11.280630294174667
12.610830112885619
13.035247462073604
13.185234055492753
13.437649443444895
13.290543436400952
13.434913318461298
13.422229027401592
13.122956649014831
8.150659048385261
7.986352075194644
7.884180688654238
7.840460457954494
7.605048229599158
6.965140765676512
7.03367990034066
6.758717697658663
6.445136676008038
4.7067862326037755
2.0906231545171043
2.2386106309803475
3.0800290370889
1.8985613773107826
0.0
0.0
0.1252781723274776
0.9709058355379506
2.7418278993043366
2.971194157965194
1.6775137212451876
0.0
0.0
0.0
0.469793146228041
4.749181990439985
8.294533047175085
9.383991597258706
10.361735929941844
11.539680391517853
12.599599914772512
13.386028928613465
14.145084839898717
15.307759055558968
16.577859360045007
17.473366496539683
18.504667381015192
19.925050614351907
21.44189552769793
23.012796756849678
24.8115733034579
26.71758054322572
28.148293646779972
29.918340246564114
30.943512790037673
32.61977870792082
34.701619983312526
35.46921126180782
36.62185239995141
37.505928372705384
38.131002041467724
38.692487790052304
39.54084640145227
39.80835206674691
40.031267157522684
39.73422323289729
32.22400070280663
29.449605839507047
7.160637106247063
3.5913739208303253
7.565434183028983
18.7202294958657
28.139801518802592
25.765469247622775
22.498708809282512
19.204826994048478
13.96032884152639
15.698008427310791
14.356402541171125
12.629207541642018
7.892399841542524
10.393700078504235
11.50081908626322
12.115634377856495
12.601185544197168
12.834654906799734
12.886756953279388
12.747550334851145
12.891946956269573
12.893338319715157
8.220621839319255
8.187636639172057
7.976986099356063
7.6360946948180874
7.347464512262101
7.088935507258304
6.8644320692466
6.856846454085752
6.332709755021312
5.183461163790943
4.903107546480057
4.154163738454592
5.462064521336996
5.1528069494079904
1.52734124083268
0.0
0.0
0.0
0.4734303062267389
0.6802328505313148
0.5324322323917797
0.3758345169824328
0.0
0.0
1.4519517395558048
6.763696845054221
7.939694737163163
9.02015146884895
10.387727299050015
11.091170563600684
11.874417715844062
13.013960485761737
13.523304743083457
14.286522824162251
15.791568507333775
16.76770544025433
17.759876893871077
18.88351729871197
19.934691244747302
21.269504942342028
22.97972161564673
24.383539127369986
26.26938404343467
27.72360654065762
29.082123450765565
30.595351866957547
31.869432472136786
32.85038319130111
34.05108792353876
35.020195264294735
35.754072584123456
36.488347644967156
37.07991854587962
37.2989292977662
36.912910429200494
35.00608963703148
8.956568501728736
3.1609253023392987
3.9997001720122687
4.620437922818021
6.149932674693369
13.67016717738903
24.786683537734262
22.03495947884131
19.038545483221746
13.110577276327463
6.652697069183789
4.992537180513557
3.753784820708444
5.234353485872085
2.5686894723762608
8.347510134771962
10.682015499192213
11.276131601006924
11.802647786845657
11.934279961226533
12.120574318445097
12.180678130804921
12.221896818532793
12.366615988181616
8.073075669303977
7.942256776314996
7.883531117304574
7.493086124884186
7.296814589317694
7.097488829037337
7.032915643894383
6.323737318797257
5.985517422448338
5.944977984420497
5.329355723943053
5.0918516701499845
5.662690635251903
5.5681506303552295
4.954645274922563
0.9155410693716077
0.0
0.0
0.0
0.0
0.156597715409347
1.8318228931073102
1.461719284577746
1.5575446852842865
3.573071056862235
6.464757615110806
7.627469260709339
8.878812275785377
9.845581458171829
10.62910630729049
11.568643553527204
12.44874600925161
12.96582383973225
13.715708026301021
14.725873578470477
15.933465033382799
16.901654611791542
17.506012955956898
18.505589802951476
19.585542977557783
21.10533985860266
22.830634037256253
24.537383901443675
25.86823945748257
27.216231233959373
28.134021180589375
29.51723021651213
30.27584106111326
31.30891711434973
32.25116686759757
32.9329551251047
33.36166845434405
33.92346511319625
33.75362212548011
33.041407721080645
24.51349630787944
6.306499488209797
2.4160626756521815
0.8645542175680583
3.493806441380754
5.365071275099886
17.279097614203536
20.99487032011679
17.902620737321122
8.880111272222566
6.645987400682584
4.9859296454950846
2.00878041451189
1.0560175157611131
6.442700771115877
4.245431617620518
3.3535856003129405
9.917890693754048
10.342079813326812
10.64494194709107
11.071589173732557
11.24494625599926
11.564789516799928
11.690099009898764
11.729675587273398
7.922202890811867
7.794402176612709
7.736934276939323
7.599373782969372
7.435322636739045
7.215685698997782
7.099929106493897
6.528927024645479
6.322331554887728
6.101636450466433
5.644047778266526
5.0104319655010325
6.126710798046066
5.7800335286726625
3.7571991408989676
0.0
0.0
0.0
0.0
0.0
0.0
0.5906934041927252
3.2668246834231125
4.371068147178513
5.801008904233482
6.813193978413299
7.593840907125532
8.59057530188638
9.43310709460579
10.375799497061717
10.827414428663065
11.61962337832676
12.524500326333323
13.389821866970719
14.040914529012497
14.98196251640985
15.786714901095158
16.802895734515058
17.38643019778307
18.21590298599677
19.506445513974477
20.82728209375809
22.088559474359233
23.497901929428355
24.529974608797918
26.009531703540013
27.21158230329573
27.995482846394044
28.509417566170214
29.29462823768723
29.642460476222798
30.30925252641291
30.46164798703693
30.679899956250207
29.721818566518802
13.536481469559048
6.121142048290569
3.8861569349844536
1.9666568130050237
5.289675024901037
17.601205961120233
19.312047534364154
14.290094508392162
14.378320801714793
5.992327372087749
1.898622993377728
1.9861983454243712
1.1311407109459954
0.5511040460481234
4.442327837633683
4.105718475925697
2.267153155861582
9.250159754511387
9.859195468905705
10.05353728350279
10.35085293453187
10.50550733087373
10.747972730591814
10.971287365569953
11.1928569541073
8.016153918030348
7.789059084134662
7.660798633441813
7.542598922653444
7.378207176519416
7.364628074043462
6.952754987608024
6.535501006950461
6.351341794340862
6.295775966983559
6.194420976498772
4.693346009154762
5.936327066678761
5.647580629290603
1.7689843843660833
0.0
0.0
0.0
0.0
0.0
0.0
0.5011126893099104
2.336120686418245
3.8544782465250864
5.525939874621497
6.939036710244495
7.557872875122125
8.187017411106222
9.12669461762039
10.057878885672098
10.51174482377741
11.239588728386053
11.86378947633752
12.644082303594372
13.385806823262033
14.06913802556423
14.815483121966578
15.85314150028943
16.641988858701495
17.376255510821174
18.18614267563025
19.065541064213058
20.341591356523438
21.27479568033005
22.431320134747132
23.341674136203526
24.568801901513677
25.302236989048417
26.144430904370076
26.99063194166113
27.01668645778864
27.527003086435652
27.447925445079004
27.543232012614318
21.962705431649027
8.833475982227842
7.531473677878242
5.8897916758328615
8.988814888142906
17.40796115034205
17.717912222581784
15.16261576060577
7.316317820518386
5.058106264721839
4.415661262110113
2.997438348776891
0.8609170575693604
1.6115435024587528
8.68505993104542
10.080819176635197
6.4528077738076695
5.3991632212066145
6.784893126780476
9.129239834985569
9.704474051780874
9.880015424153667
10.121568895300125
10.426451240990561
10.586318330963442
10.634083735020734
7.66399954479048
7.5500623964739155
7.542794962265321
7.416613692608903
7.3117121762027
7.142494389376097
6.8600129797313585
6.8868342810362995
6.404596901414818
6.397453377279393
6.126472880532669
4.695040975411062
5.5369857946093255
5.730371413421842
0.9869193715789161
0.0
0.0
0.0
0.0
0.0
0.0
0.0
1.2719237069975264
2.1622543657413247
3.436583051131265
6.431963459445028
7.0820728196262195
8.021547540714252
8.89711495023493
9.514016776065487
10.14114072869317
10.665979093525992
11.139076497899246
11.72476416627315
12.483894772808329
13.275535759727097
14.063382242650942
14.626780097569446
15.712386934449107
16.288047355821977
17.105623309034492
17.516829883527965
18.2316985767016
18.99672356547449
20.052018007062223
20.897944179228826
21.704626044446716
22.616770934559394
23.345689466051567
24.093812564970754
24.123212897020696
24.65921275364221
24.33628419698518
23.99465133235299
12.01692325362818
16.56710032544905
15.896268333922222
11.947619196699858
17.537601032471855
16.576412043537275
15.095900263768465
7.953891250902256
5.654000578660156
4.237127472610311
3.6084795023566354
3.556603206073669
3.5286082445900706
7.085919536788637
10.832816749857313
9.475616074751235
7.397158341251826
8.251071138758265
8.402866169863815
8.938997987825946
9.209521429011362
9.243920547669454
9.694445688120915
10.184431820208653
10.155307608251082
10.213492176593721
7.403087567024913
7.727701890932158
7.713917503092376
7.340348106233448
7.365575564530768
7.041951662276236
7.060530349257301
6.73097847030151
6.636533119556716
6.09296469288258
5.810241816812061
4.350163146248
5.312241806207933
5.648686426391024
1.8039648069598955
0.1252781723274776
0.0
0.0
0.0
0.0
0.0
0.0
0.2192368015730858
1.9852925168833766
3.956240619599947
5.381894324972387
6.925252622933528
7.6354319865146065
8.5861806475792
9.046198953935315
9.735146438664007
10.060507953123182
10.232454986420661
10.831812982559152
11.562050400521745
12.261169439121403
13.185824692160754
13.654831408749827
14.30220365477298
14.870840905555056
16.01890347976491
16.522196388957614
17.1662858676705
17.37896524069456
18.053128509810872
18.66932839760494
19.417289914318886
20.183960989857113
20.91030515834627
21.34864736089545
21.524039434071277
21.762107840728277
21.791520219655027
16.68616997603314
16.37950536842612
19.128794050411056
18.28645170251919
17.105171234001304
15.456150963198604
13.691345161429672
9.727404540250788
3.429192296288675
3.3661112355038383
3.387145133856155
3.261984160167109
2.8302939632752353
3.2154164912705783
5.337022705913606
10.471914442496137
8.823769645231327
7.2945486144213385
7.831283362393313
8.06508420168921
8.55152405388631
8.676682044203748
8.826806818600714
9.111843884257196
9.444824676191423
10.024522529341574
10.2231697768623
7.54322430474096
7.4894497219489224
7.6084777866346025
7.471898988295935
7.242574116414975
7.143252555169468
7.14052787704153
6.920893780128189
6.668309308205973
6.507896531406856
5.664073668214771
4.457918615514695
5.123184809606048
5.38081009520809
3.453103686772429
0.0
0.0
0.0
0.0
0.0
0.09395862924560819
0.0
0.4384736031461716
2.7383558134825403
1.93441792308443
4.14464807193856
6.414055791672621
7.206925189563169
8.080185724787228
8.5164212325188
9.170636490037982
9.253066695995763
9.695184157286759
9.880284829932936
10.413149542682614
11.08549025265476
11.846980872185359
12.683460575821915
13.24616687558354
13.950279585404148
14.20454680266743
15.004682838964897
15.551942476840042
15.90591437615532
16.015526239684036
14.270371707815865
16.35707320492669
17.833973764251194
18.38456716120166
18.969880561498975
18.963589048275434
19.128042658200997
18.817014730996593
13.660283296363826
18.04488801406601
17.137811636409527
16.182299517451437
11.60594564692001
6.172343627254157
5.027137958615651
3.748900433630083
3.2154577598148024
3.1455856221978933
2.0976273635769274
2.7032134019529623
2.0743641634007743
2.295735981972255
3.702964461034768
9.983675080638355
8.071732069842314
7.007941943750314
7.680726581723136
7.920405286533866
8.231580326952935
8.160173885910373
8.56597347720537
8.917300292113353
9.25938043796441
9.620575841480115
9.747852325993673
7.707677621998055
7.586478474098915
7.430930908838331
7.438260565690841
7.283235486841742
6.995329201971049
6.938749059748131
6.513179918332683
6.67408432321544
6.423742005490796
5.903424417693815
4.69890712844286
4.965087502805242
5.428920197437568
4.806243488621465
0.3628222999858514
0.0
0.0
0.0
0.0
0.313195430818694
0.469793146228041
0.0
0.8215824401259997
0.0
1.9156535014510925
5.6522335532717385
7.073063108028153
7.7818577466600045
8.083136655228838
8.461018276914965
8.600514009006295
8.253993397944749
6.592095188974012
6.163005178499526
9.56213675070924
10.341447603299804
11.104955742975312
11.915121138365844
12.567719787892402
12.9803105426356
13.346740091022847
13.604627813865006
13.598946560999751
12.656960733211038
4.402970722493336
10.802243885750523
15.503646012993988
16.7662627627811
17.20994729385269
17.39139178116515
17.301281679922727
17.212269402099757
16.83491795161832
16.264750193327586
14.928435935683119
13.440542232622708
7.0322719329947985
3.580064712317375
1.8041405100241394
2.842998945731003
2.9479309577890405
2.784675871113724
2.3074088506045576
2.097668632121153
2.155929803922097
2.1362418609283047
3.475790258160688
9.560929189597784
7.382392903842122
6.915541742427007
7.390894606227945
7.411181466581389
7.768249159181142
8.001964130956699
8.276102482914938
8.788096441036934
8.923532111196092
9.199959744749705
9.471640671115253
7.354619920053406
7.505454039991026
7.581295655552769
7.315985472762088
7.279000158782899
7.049313902225048
6.975704698700246
6.484879641193411
6.357202024105659
6.453758209129926
6.056137148313323
5.144245804796421
4.745765856091451
5.649730348030452
5.056381641807112
0.328484825177581
0.0
0.0
0.0
0.0
0.0
0.0
0.0
0.0
0.0
1.0335449217016894
2.4482569461004053
6.246373564336425
7.628537106763745
7.889346313100249
7.960559182432793
7.859550612056353
6.204004679017051
1.5681432491060636
1.862373675834835
6.227144451305267
9.08182327819127
9.755924651538605
10.401751690675093
11.123402936346267
11.4998302506561
11.99710392736826
12.150033855705631
10.629617851739253
4.569668552980758
1.8873558439220428
1.6479280573475332
6.62817674135888
13.664370569492965
15.986081986025896
16.145686054176142
16.24486991647531
15.950894678811249
15.474888775630372
13.967531937937753
12.752032225732076
6.981224508623614
1.9711784017564977
2.333547822143198
1.017514772978707
2.202538741362855
2.1442775695619094
2.0860163977609636
2.0161029915998285
2.1479147295606076
2.0044507572396393
2.0044507572396393
4.765505805309825
9.237599574903646
6.999928142005514
7.109853903316255
7.365012405087168
7.482720487791891
7.4956515623423305
7.9147432910814155
8.141133673374297
8.434892333621796
8.778259626678143
9.08729956035903
9.198390798651868
7.299572192297692
7.494105146731448
7.422918955952223
7.521914220436782
7.35275178702027
7.145446998705865
6.811793883173638
6.690501979170859
6.350747000557374
6.206269599291065
6.0003551446134695
5.140570171996428
4.607399468342582
4.869124179023632
2.197190058289956
0.0
0.0
0.0
0.0
0.0
0.0
1.0380373736099635
0.1879172584912164
0.0
0.0
0.0
2.264165541183355
5.847519863087964
7.232058170133711
7.567375562195584
7.486309990745786
6.2877575969279835
1.0692499745792299
0.4537629975050586
0.9221755268245941
2.869425948381684
4.66877255050277
8.387889765271503
9.4896623889936
9.812152047541437
10.13209030198729
10.483906063900346
9.431872139553883
2.6695128820395464
0.6169951703673918
0.313195430818694
0.2818758877368246
1.5606504482583243
7.960572697708806
14.097030638960502
14.51035632542408
14.575290291819023
14.047328156429923
13.737213164076788
12.337151752761516
8.825094501147982
1.620461171579163
0.1252781723274776
1.4929975591153903
1.1988914772903054
2.1005650377557554
2.1908865070026664
2.0743641634007743
2.0044507572396393
2.1559298039220987
0.0626390861637388
1.197416957108432
7.403552436580219
9.113996636035917
6.771545855855145
7.029474247308891
7.385515748069925
7.4298045899511305
7.6533498399993105
7.734920478151899
7.8942647202796445
8.420110037945221
8.505811833304918
8.797511395284635
8.88818988065267
7.3642928458016925
7.494596774815086
7.410308429265584
7.293556426773229
7.401416629419796
6.8823151505567495
6.8188784113546514
6.588705610118329
6.350509083043978
6.329597548562054
6.343578224468903
3.94850711805595
1.4965521820256384
2.421375765618906
2.5694496943498506
0.27386081337533336
0.0
0.0
1.363965028150784
2.3985921945174247
3.158275251029098
4.3358293957920555
3.3169365785702603
0.3168325908173919
0.0
1.311520008652052
6.034687936009187
6.8486691698769535
7.400976494398527
7.257871734241449
4.997579668303305
0.6534332292445139
0.0
0.0
0.0
0.156597715409347
4.658517339665622
7.441217832197599
7.830109025456469
8.07202109037762
7.452339342453568
8.515814008664265
5.899158062909524
2.8881447291748032
0.7189895082466038
0.4384736031461716
1.0648644647835588
0.5890094160592592
3.0336063351279434
9.125893677625431
13.339926213488452
13.457829995611062
13.178320129227686
12.573434794716942
7.518668193832283
2.6271571017235464
1.4945822392041432
0.4384736031461716
0.0
0.6729997990781442
0.2818758877368246
1.8201706587471211
1.00222537861982
1.00222537861982
2.0044507572396393
0.0
2.1286354854382052
9.063790787202185
8.980599250636388
6.658440324753162
7.249836834988529
7.210763736505528
7.103610206589963
7.4006412661567555
7.4069146379101225
7.7269132454068705
8.012012016862938
8.300003964847752
8.61529105903989
8.79835073516002
7.160800447994535
7.336835178287998
7.571445572674042
7.557087219102712
7.311149016759102
7.0827694325448745
6.877182112576574
6.515303225008723
6.338193829730898
6.406312827914677
6.105379447543883
5.266453389225153
1.4501341230543836
2.6346485378199302
3.245452243315715
1.755988161038854
0.9743368798675236
3.7131385008090017
4.826920822180478
5.281062821877986
5.5469941908793405
5.227691556113893
5.0553558181520835
1.342297874248302
1.9634271180337275
5.927769205529757
6.774236513563219
7.2168499863855295
7.114486371465639
6.320952707930496
1.1997569570970308
2.4529499395257948
0.9247368719830864
0.0
0.0
2.195485087230634
6.325462767459019
6.749134179974295
6.896308298860164
5.833383584227186
2.529862553518828
3.899041423361061
3.4453031342965375
3.26915715660751
2.549041631264073
0.7079152336144864
0.39998240039408695
7.01248238753935
11.470923316619894
6.588910643020453
11.035843846653588
12.570568394755398
12.063536177099655
11.258260833437005
6.93681058703209
1.815550984346945
0.0
0.0
0.0
0.8860079295909397
0.6991402014601248
0.8456276632104732
0.9082667493742119
1.5033380679297297
1.346740352520383
0.3445149739005634
0.1369304066876667
6.557592609929147
8.45648484439477
6.607766355051681
6.893809309356807
6.8538116667533195
7.353015483902079
7.325554975560461
7.364784473885335
7.71232295497757
7.926408097809523
8.257365362023128
8.495161887912953
8.635103847678904
7.0767217891727725
7.041468965673413
7.588258192573559
7.569982527973173
7.316331835305246
7.294389373751545
7.209149308126644
6.574317554035297
6.520993992110732
6.6139488614724975
5.865468433524562
5.738736446413396
3.8116411726859267
1.0737002451934472
1.5709260396380156
2.9868630271727614
5.006436907881825
5.881140758091125
6.127045933145313
6.225678152277608
6.464638656354107
5.785149803607136
3.7131544235514404
1.304613879633843
6.4304605250137135
6.9305309264541854
6.936086941742645
6.914395357757594
6.323499401283861
3.774018480290785
3.967710275241119
5.83367851325795
4.804397947446652
1.638638920566747
2.028130625547706
6.14143377110091
6.203108149857247
5.503654013939184
3.8103428309409337
1.7745948844210966
1.6841574467853682
2.5205592520934212
3.0281756046773216
3.3528076590478855
3.9638198173544446
5.308065640146252
7.064532296716807
10.345232970453274
11.008303366382066
11.045811938414323
8.108728344018882
11.427000345649928
11.40709823749617
9.926180761188858
6.676041620161564
4.775614321068471
0.4370929862376668
0.5011126893099104
1.579419580123757
5.749143646118733
5.338840994819127
2.2034462983168717
1.35814416077181
0.6840989581929076
0.3445149739005634
0.0
1.1041390325163518
4.049122975407702
4.413555485383664
4.637233829782643
6.65370126050013
6.971348696722825
7.163406694781145
7.098960872460341
7.331880290943686
7.6452967497713
7.805258727303702
7.899186116964911
8.170059602902965
8.545041759314055
7.279456021186559
7.35379086090743
7.434723711615467
7.342578315449828
7.181676987719602
7.031168131280823
7.203460208603506
6.6764960513109655
6.432201376958424
6.581035747050021
5.967521302707429
5.433606901245942
4.3082822527097
4.695107026859205
1.8280935114575394
5.001845527769629
6.164803406597308
6.446232556771362
6.28722288871228
6.3281879944262
6.357558900375752
4.991185403119741
2.7550955637500554
6.020917179498369
6.840460495479198
6.687827081608893
6.445969387304922
6.595555234286318
7.395716053839517
6.847456868735037
6.869114752234805
6.178189288720668
5.903295100195454
6.381356981024255
6.417218806536029
5.876970122921053
3.309655714876846
0.3759558901425953
0.4384736031461716
0.5011126893099104
0.4071540600643022
0.825960354488793
2.0838099039957654
1.755247406674759
3.6397405545392356
7.538846745457801
8.91451344593718
9.765632188916568
10.344333234542319
10.787089675957978
10.865494914150617
10.76340357038092
10.599474105694874
8.64036555606507
7.035468262039366
6.796948909856204
5.133790464218227
0.8391759707006051
5.94353301365044
6.93064042631469
6.773760510327468
6.627929537379346
6.468489867306597
6.31218953435905
4.19315535142374
1.1493818524295245
4.339729977988126
5.265117194756865
3.199220502000744
2.552925066909557
6.127909151711536
6.964918925127585
7.118134596732653
7.2587633535098774
7.3638369833980315
7.606372085670144
7.688907169708939
7.983267723749712
8.047636176501197
8.254428564403073
7.113825534493286
7.15622159822045
7.499480130799447
7.645824143534919
7.351696999493027
7.089581332363253
7.247375853742401
7.001477413722832
6.406074910401281
6.575344979948013
6.343340306955507
5.629578667028961
4.608785254538904
5.03820029396824
5.427239613545633
6.2516606875691325
6.1357679151911295
6.560982175818025
6.514921096785585
6.267479480070613
6.514326303002096
5.456743428091818
6.656661877971778
7.204600502620019
6.9755707178098225
6.425652646606485
6.6968158055097735
7.423018455758855
7.553450816167453
7.406914637910123
7.335914521999853
6.807678812209988
6.573443797728518
6.175442984414148
5.6469829235720965
2.8281774944021545
0.0
0.0
0.0
0.0313195430818694
0.0
0.0
0.0
0.313195430818694
0.9578329936367334
6.533167533505921
8.440466031677985
9.177294971870262
9.893119241941672
10.350070457676603
10.461596713796464
10.20517211788675
9.41846058874845
8.136097565001842
7.34173314244996
7.2692485100653075
7.626473963400044
3.9116724272667436
3.1572145162624663
7.12766833385105
7.190072224644988
7.163668958187037
7.2382777014619215
7.003115426475887
7.180006050114485
5.981778013244751
4.501708312167859
3.7319498292289137
1.1702638684208977
5.804552794134659
6.91707025531956
6.981969099216103
6.861387823017974
7.297833611164956
7.377223920352134
7.54698527889223
7.601384592250936
7.932953743532018
7.922267558575925
8.062755889694667
6.914464008532949
6.970474940416047
7.318141947797941
7.27230669030585
7.4041212692501475
7.054935727460945
7.073241786079382
6.868350071782006
6.786710635586063
6.683307951129343
6.302825784315333
5.8660926275908185
4.998568921096663
4.215919952260434
5.401247904590876
5.901387790381927
6.226943216259593
6.185379805979985
6.3301923423455415
6.642818680442214
6.957615397225566
6.8982189399758544
6.897345183669074
7.063971745842793
7.233533054384639
6.963575472029927
7.292351330057023
7.482161202438316
7.2486993817999394
7.109853903316257
7.326769003757499
6.918873639151996
6.382038174727771
5.105924813736674
3.134008500565356
0.39913898570281103
0.0
0.5324322323917797
0.0
0.0
0.0
0.0
0.0
0.4071540600643022
0.5011126893099104
2.129387365434363
7.613614667621826
8.751383577500985
9.567319717524084
9.886644239214121
10.03052180657881
9.739049033241159
8.725535991498395
8.77082319987261
8.56751024182606
8.828483100893816
9.370429002680499
8.363872573517162
4.242133912784762
5.448002221551334
8.363811684670246
8.71855232450585
8.515639351016357
7.551934731610525
7.776582311451891
7.927913341822865
4.220672206231508
3.169771569011675
5.016481272935592
6.5259299616626585
6.613948861472497
7.10194924747009
6.85016629258055
6.9958118985738675
7.15338742023201
7.440857894738937
7.513202295995316
7.708933106314158
7.745976057960634
8.08978832336922
6.743850793048469
6.951404625351333
7.058802401024958
7.472006285335878
7.119236284241265
7.048505955865704
7.038143159601335
6.804327226769488
6.574198595278599
6.459567934988633
6.038231576822163
5.673286003233039
4.3810835180743455
3.1225993224659403
3.7523039390543995
5.582802566236394
5.976426902259123
6.112611163382518
6.3166384120603505
6.583842075765252
6.542550824282234
6.807929509279861
6.816911899020086
6.9609322718168265
7.412325387658104
7.045775187084862
7.269653543537869
7.280510808713805
7.141511133208812
7.1573232857290625
7.032806144033881
6.658500345404774
5.326209538858385
2.273887141210856
0.1879172584912164
0.0
0.0
0.0
0.0
0.0
0.0
0.0
0.0
0.0
0.0
0.297144647823599
5.506265854059542
8.1418132943669
9.032067668101261
9.789640599656273
9.710001640884247
8.819865032323962
8.875242048340885
8.958030268497959
8.921609297797634
9.557580925997978
9.579647193988244
9.52228652332628
9.355253098328873
7.392499485195871
9.120039343553701
8.861788853604478
8.467409197749062
7.643511596670633
7.574110558992074
7.442817611171936
7.318268894470691
4.945158030540996
4.697400036363402
5.727465024563471
6.647006186604715
6.785965296932176
7.003974160648939
7.071384773605318
7.136932283434733
7.37299143312121
7.528839494205691
7.530753029648299
7.898051305343799
7.718984531864667
6.596544935849423
6.743850793048469
7.075246904921848
7.2627321438589885
7.091805450926723
6.930148798231046
7.003224926336391
6.766403353783821
6.6143057377425905
6.481243725916833
5.394372909838309
3.8165755663302847
2.6154144417928293
1.7373595731348872
3.9072647199063875
5.048338331688789
5.151599425189046
5.729157490893467
5.766653513878039
5.757499545746035
6.31031841976974
6.681779438236791
7.034552649399702
7.247906088333942
7.088598076195966
7.266895940557873
7.330509862904778
7.279263855664712
7.0712752737448135
7.038471659182842
6.905904596101012
6.29100357358685
4.984270186496828
0.6408569645437293
0.0
0.0
0.0
0.0
0.0
0.0
0.0
0.0626390861637388
0.0
0.0
0.0
0.0
1.450942553854495
7.417358673350347
9.048869097510977
9.323192019612133
8.888849914637024
8.409378024214607
8.916178220304436
9.090752135101997
8.997768452730224
9.49667582506342
9.414996393139464
9.52279664161426
9.23120521934045
9.044103110864668
8.840965618618208
8.687242136545956
7.6303388502551375
6.529866289250553
5.628910662367938
5.216914301156676
5.013819629105679
3.143119789946292
2.6991676838564564
3.6100922683321097
5.826530586156683
6.54762154564771
6.749516308197433
6.845907010907155
7.041202427963686
7.478364525571158
7.3522243932566465
7.541047135380633
7.867574931766391
7.794785747351163
6.939418838467633
6.932224810426117
7.04653944353114
7.187241934488885
6.956359512695649
7.04703107161478
6.782307143202926
6.39890613431281
6.103604270699418
5.505998892020373
4.226780852558825
2.5125441777319297
2.691447710184732
4.873447676191328
5.76063400156876
6.100349645313603
6.002193261208099
6.161689229731506
6.133812363053137
5.696542836810642
5.521375886970908
5.752760212004113
5.823889005093099
6.232785816951588
6.590299679800356
6.870852381945645
7.106522006591266
6.991715745402603
7.009927326294266
6.909330970552776
6.567768823683359
5.581084984629811
3.6234818791793435
0.0
0.0
0.0
0.0
0.0
0.0
0.0
0.0
0.0
0.0
0.0
0.0
0.0
0.0
6.405808093173447
8.738867442718105
9.135873633576232
9.04063568063718
8.013163924055384
8.048100257442178
8.645304460358778
8.818473477811235
9.159731967604477
9.126063514923644
8.448637817896936
7.520551777947756
6.867944252733193
6.5766051918745365
6.327406943077012
5.390920289571138
5.6265614605745
6.856372744651221
7.741845787308324
8.114230232782246
7.225696117220389
5.212180024216799
2.796534448195034
3.6878542438344972
4.704248308225762
6.275683387127229
6.913317623863535
7.0371599034340475
7.386570535597162
7.246277007061712
7.558530211763684
7.6784170243647285
7.558597869033617
6.794524709364112
6.8807866376641975
6.729462736965437
6.943882097728307
6.932920416097039
6.7482604236675146
6.8123202221065196
6.433263961373465
5.125081045706275
3.8782348173511942
2.653776568688185
3.655748549029872
5.405044818523626
6.226035028547701
6.43667730454041
6.527211098145621
6.547477334937968
6.453877167886624
6.428956937566013
6.446063094108575
6.600299809882697
6.742560667235353
6.738679919483519
6.725977786496559
6.310335518599022
6.36695335855878
6.293440274191293
6.29880609218746
6.332482023501323
6.0988411971376735
5.250151387157549
4.180348676869567
0.9418222012741618
0.0
0.0
0.0
0.0
0.0
0.0
0.0
0.0
0.0
0.0
0.0
0.0
0.0
0.0
3.6609511929906375
7.893896490852174
7.698683125455566
7.393486235893128
6.7483834439072865
5.984651334266179
5.563206752549202
6.6416623263852985
6.467638809548635
6.546565572119928
7.302077034965134
7.871248732708171
8.104512451427267
8.59622993527975
8.633202803274129
8.566347299978844
8.26638462755423
8.440906609471748
8.515604990672893
8.580121482652098
8.255050689575025
7.652232064193801
5.973703966540366
3.3653390189996935
3.009381000324979
4.257146906010788
5.9675161409217425
6.648866323814315
7.080539223328497
7.1345539678499525
7.272114524784
7.462939544922532
7.266140615592421
6.232944145951932
6.46564083031378
6.722531878390361
6.765629638441351
6.627190532886115
6.471697932582076
5.741533892173531
4.6645441750390875
3.217160362630929
1.4074207091159097
4.17146775069456
5.923685679095139
6.383447449419497
6.506011142244212
6.358510570429333
6.492387342607456
6.7582166106788275
6.715074680882405
6.65178215239005
6.639260567677275
6.732453354552435
6.9147585681883434
6.942954712779899
7.013369013970513
6.964646296764951
7.097103859986278
6.982952355383388
7.132587455515385
7.042443290359873
6.373913938359391
5.147899273245339
1.3094582149869671
1.1704753283893559
0.5637517754736491
0.2192368015730858
0.8994902863765131
1.5484035938259577
0.3445149739005634
0.0
0.0
0.0
0.0
0.156597715409347
0.8288154915791707
0.3168325908173919
0.4886990663135133
2.0586947721828137
2.174607091717816
6.011869356048739
7.834278388983043
8.149189068912422
8.421634497378022
8.449837469506035
8.716734756959463
9.026060212035603
9.261498093584132
9.203477126620717
9.295437710998243
9.152592791143952
9.121672463122973
9.11164653719923
8.958497055133925
8.938704812498566
8.939765235181293
8.859602560402443
9.014166307759151
8.864426734185287
8.339520399648729
8.595178122062611
8.182571516218974
6.633878842769655
4.088606007228723
2.931150583497903
3.6938555971149234
5.713767149366255
6.552614135428682
6.833867595381828
7.204701070999695
7.178614878529328
7.194954424813196
6.3641328826807335
6.419103916254548
6.582921136212667
6.317520212762369
6.326638299251055
5.390062639029865
4.492452679867196
2.675140662571586
2.5236639711188045
4.954137116350802
6.19068872430298
6.8815508941104735
6.871681968506992
6.6810151817905155
6.615069994188866
6.938654582021357
7.091165716474681
7.060873870972544
6.915369155028684
6.848637779687998
6.84182587986962
6.8819330223336115
6.904702340212723
7.021421485094324
7.244426085240553
7.206303318072774
7.498920845445872
7.280247111831996
6.89342718113367
6.591483562144976
6.331037310863143
4.852663346124379
0.43407505451126577
1.2673303632695672
1.502576679293522
2.2786231827943846
2.9351228039727078
2.6101193327041226
2.353802177236994
2.2208002900073978
2.07287338658539
2.8421954342074183
4.256603509500835
3.2481232582551955
1.3817496903300934
2.288857934844014
4.523228655093968
3.613503573502034
3.32401484349349
9.125223090601532
9.223597344926695
9.67210589380777
9.669516020741263
9.74204300619965
9.503040161111945
9.475795970786042
9.36647293696628
9.527495560859172
9.40441447230185
9.437459741334543
9.552497213521203
9.453060922166063
9.267091361210475
9.114425781539007
9.096276488838788
9.182356616597493
9.154489712912406
9.116579483418736
8.813056649826526
8.742995816893801
8.301801321333917
7.538020086422517
4.8624425549247
2.9471879238840697
3.4072951767630184
5.180678814919827
6.316279383777691
6.947189513423371
6.954502500221584
7.07275015799574
6.169301354794266
6.321855719860939
6.050471353720234
5.680914351119643
5.249187553564155
4.250677517244104
2.3399685922802393
2.691550481460071
5.5001073648334975
6.416216632576356
6.682434194822564
6.687335453525252
6.620269133207233
6.812811850190161
6.837948726419365
6.961533399760972
6.883721384032318
7.137195980316545
6.749516308197433
6.910696354943197
6.982078599076609
7.02082035715018
7.10539064405558
7.185044650124569
7.43706121787178
7.597392590256831
7.3337999032968835
7.443035127063357
7.04207009361756
6.6381488938571
6.168274208325675
5.3815243596904585
4.100223242189574
0.7271259557682573
0.5870562441940274
3.4184181529617197
4.386008519319699
4.603003814188698
4.662194357532869
4.415842428016381
4.791500865298307
5.504484306243533
5.188720591405035
4.099529458762944
1.5010126334768812
2.0397647441860136
1.3593992552287768
2.121937885834037
7.2598802191073215
9.493486657858988
9.737124626697641
9.862986428746927
10.062626952808834
10.261268813237095
10.22147074529457
10.265497326800684
10.040864637985091
9.731134367362225
9.667830960078675
9.817401414902656
9.738681976215226
9.617810650327684
9.410446399352749
9.46320236062866
9.383284131912758
9.31144408374014
9.114149056569008
9.358841993658157
9.180670335010335
9.078577215972757
9.105172128089244
8.774462476391143
8.114261332093754
5.987640957929087
3.3550754393855904
3.097469782566159
4.69502827344449
5.74638661912929
6.97719927166668
6.818386783271008
5.700786329572883
5.556957556655586
4.804598118018902
4.283717498455295
3.4233531514212987
3.0165646388613565
4.139126660048903
5.945550835127715
6.629135857135259
7.039235915629119
6.6737463647377355
6.861647671824131
7.115901546688359
7.127777833711555
6.99248000184888
6.998909773444121
6.866561710083297
6.9871429862814285
7.0020226704481
7.055575461912989
7.340576037435279
7.2179159082141595
7.348780155843236
7.408197356639198
7.6438375161963625
7.552788107863968
7.6222676091004065
7.466224541666146
7.258495768795727
6.750662692866846
6.664466564247873
5.88438447563484
5.0338091258991415
4.401891340126359
2.7716011666318585
5.457024923807874
5.950651830783331
6.063424883158492
5.8894242843784905
6.069497778483639
6.027148650031035
6.203620512570394
6.108289984731975
4.3030886107848865
1.217960192011801
2.490095216338551
4.630372380598938
7.71113610444824
8.90226675073231
9.676561677735625
10.13216714899642
10.38051946048827
10.312645545160894
10.466121597788074
10.34557192111207
10.520604121134555
10.221598456439578
10.324867228136256
9.8122258786559
9.788702285966218
9.868474736223703
9.709005978254195
9.550636020113835
9.539295065330723
9.604957407994037
9.584765381294984
9.453414545476882
9.642088430127195
9.519478939142154
9.512287503689382
9.309726496311075
9.36548903077731
8.980603033901554
8.372871565018233
6.729114477641369
4.452276923745915
3.3953915126642515
4.4107869020524015
5.005780617751246
6.36751700504495
4.802857631384674
4.497037248266725
3.8219481485227242
3.0142734342211837
3.315126231503859
4.537332043695213
6.292485093355511
6.976249955425513
6.840610844424853
6.9938453862392995
6.8560916565356695
6.963553540737165
7.218443301977782
7.242388041546028
7.037870531238697
7.146466020553127
6.999783529750901
7.340419637593411
7.173926528894746
7.325823716090758
7.482984184673701
7.447918483047716
7.393915906089752
7.450835326697504
7.745448664197015
7.838147911090213
7.5570764128147685
7.470616269566866
7.465996610464319
7.136704352232902
6.8349767194648425
6.758445069296029
6.170096098849902
5.514319471545115
5.600284278770882
6.038974641198027
6.260310703982141
6.261478550378274
6.471544262976139
6.507727068744069
6.2276569687997805
6.645580839412011
6.592327091107687
5.56464404214282
5.576563294557691
6.455927212529994
7.217124803826417
8.109769265641734
9.290523749875728
9.821824349178522
10.238617314404445
10.436945276974155
10.622454031139123
10.769830690847822
10.593578535446564
10.864035612699928
10.466237562216932
10.265018868374359
10.213363220728233
9.89786326319268
10.155800667388338
9.865475585322066
9.834115252990486
9.868349411167586
9.811344913905849
9.688686240410146
9.699216517990317
9.897224707467647
9.943499119344457
9.663414457777415
9.634970751130995
9.40931073860473
9.246522105683008
8.971291509759668
8.329977070575172
7.524414766100279
5.404953857384045
4.309584023684369
4.164573931063833
4.7438533101794835
3.821390823066765
3.2149004343588445
2.7151132475784974
3.3438747280487027
4.903495093819657
5.888150267298032
6.599798722902862
6.775125894717889
6.825953480639469
6.98224172757874
6.849402036134274
7.11454509377876
7.18950790938524
7.316859229068868
7.2577085659826315
7.132851152397198
7.169045375730952
7.2627164164765965
7.4288570994638246
7.401696053683996
7.563481225017973
7.650479568317447
7.62699069115286
7.682844517945424
7.741798108157676
7.737895733319668
7.721364735998884
7.880741993001967
7.61065501895902
7.42397374347947
7.37295566744123
7.35366635265551
6.777888053687686
6.94038707250119
6.746888593881272
6.627287496697894
6.72413819379455
6.889367981388895
6.989950330070712
6.970857068639185
7.047016049481055
7.235042657311124
7.1297471868740425
6.870241795105307
6.838371703727653
7.376219187905307
7.840228822761844
8.709886016109625
9.765946656662889
10.20717615459165
10.516019408417932
10.657303895189179
10.788092294084882
10.668354697343613
10.691587884659842
10.691081396717179
10.61766610399201
10.527475813125903
10.32299726928856
10.168526688311228
10.149634240689293
10.33365937855736
10.360784675801748
10.410560227158308
10.384141804480521
10.243619047548098
10.258533163812798
10.01891964916523
10.10223060003908
10.023726059601573
9.830004940628852
9.82451670780997
9.623484017889469
9.201826257636963
9.342266094567185
8.478342479743256
7.548966892041273
5.740189445575779
4.26454492217225
3.5364193314601153
2.647766098698167
2.211824272725969
2.819900819731748
4.317008616018028
5.7414592177658905
6.1791409587742505
6.586030712556363
6.839805738893427
6.846890267074439
7.1291432181019765
7.145704604934775
7.251770422471034
7.309937829389985
7.283644449264038
7.131595267867279
7.471179429010466
7.396021607054213
7.513465992877127
7.58036925036747
7.521850437256881
7.8442268037676905
7.6823739751637845
7.888487565184882
8.026171006870765
7.777285505576433
7.767985462299336
7.718334190385118
7.791401247567958
7.86573149871386
7.7728314920677155
7.872918024244438
7.789063741311645
7.764779116324644
7.507346099154089
7.529702053246993
7.488951225763342
7.505577829251964
7.2823728648363515
7.556527933749138
7.541574529144254
7.7325230242725995
8.030600385434488
8.171566389960885
8.30135340727844
8.512480079381199
8.74182092377376
9.216451255567943
9.423054333889233
10.132103293423913
10.748629935343974
10.548047014152216
10.847974690234798
11.04612146389269
11.099418627103987
10.97748628644083
10.755362647802952
10.696800578290862
10.71885833091562
10.498399502873447
10.514646715858724
10.40571346837444
10.490791076170982
10.603740632011007
10.477105838914165
10.613185608988083
10.591393762952622
10.46732595999705
10.602270016583551
10.475350599774844
10.22685150512229
10.191789618627244
10.04635533155075
9.70162702196963
9.486575238681626
9.438677609095446
9.259341846730512
8.463196953682367
7.540567224320337
5.969101938012858
4.105003549639998
1.2287365001903012
2.741353110936827
4.111832933325762
5.390990738995876
6.046892338116828
6.4388258631694955
6.588586651361632
6.677144362500916
6.816529770796947
6.909380751118749
7.163753057324302
7.157359051409039
7.203335686609279
7.55991635344267
7.239284076022869
7.365611330210747
7.482456790910082
7.6429842029070185
7.599110086087561
7.88454298120976
7.848116097296821
7.8675749317663906
7.866487538164257
7.8993441158758735
8.052773852049297
8.14852484431253
8.072425652271468
8.098857807268061
8.381606133942087
8.221421535760465
8.229424294384792
8.30549559456529
8.233177371298487
8.175819014977519
7.992787035395524
8.046365965986812
7.975817501337329
8.028985273621693
7.899344115875873
8.11496411929019
8.307971255430239
8.56263513603339
8.818146808249654
9.116740150560076
9.378339444010116
9.63520737981555
9.880396171499804
10.158683422674702
10.334097474843498
10.662047130694159
11.039134058642576
10.944455742646644
11.20641490414282
11.216224868564366
11.139735295213187
11.143967578559236
11.049190133888429
11.018400151268022
10.922693170757869
10.885208343406953
10.886750570076853
10.743946785629033
11.020449293900452
10.890349005683927
10.852206973580847
10.636649047792273
10.660622329278604
10.662674854543523
10.671756859194321
10.385358242338441
10.340351250547355
10.21660971473256
9.983738936210855
9.626910637901126
9.489866796753617
9.269774842109937
8.734694142017542
8.36675540947329
7.620090376775986
6.114897854888894
2.8780588201721318
3.5979625531804773
4.740353348528194
5.626605253729783
6.111465058157231
6.453520291616531
6.52589525081342
6.581129453853674
6.8197427087652365
7.022295241401104
7.142002761292453
7.25630237226375
7.395550031010467
7.45916395335738
7.486485273069099
7.487121461444559
7.580301593097543
7.8708108943101
7.865857435935663
7.794896186852401
7.919822686677651
7.952084213355716
8.074811919770834
8.172398452383355
8.395915127805655
8.460263506998636
8.555507618259714
8.576205942833042
8.506674271209766
8.565718255391978
8.386626963467014
8.626290459641801
8.6659609634447
8.611723704896722
8.520427894921674
8.631348026742627
8.400372398229939
8.59573914209513
8.465007491169228
8.740173569229455
8.870660148140885
8.959066955431307
9.514640748071319
9.543781203544942
9.828061138082566
10.024465305582007
10.462050912488916
10.644116840008538
10.761806925897703
11.15923634743611
11.192734690114495
11.388581314676046
11.322005222966872
11.388091815314295
11.435906138327617
11.498472394212527
11.340406120949789
11.498716922198144
11.326050620482729
11.345932809625374
11.226116531774542
11.016000507365609
11.25836047298277
10.98869712711758
11.071276133005265
10.859807094416828
10.864215257026933
10.755162955612821
10.508118710002694
10.48627449804585
10.391469706186362
10.290070893337385
10.151805224050854
9.714175734160493
9.486785847232214
9.39398147692243
8.709874362683442
8.093803183473227
7.611347343831526
7.121688334006569
