4.328186572544881
4.788783020730693
4.719394246858491
4.346789121405391
3.5272003864152093
2.426292956569694
2.010963688600827
2.912974254708475
3.886857220385581
3.9985792171806436
4.12167800802718
3.7943617451369285
3.5086756302295474
3.5944832000066924
3.317355533327696
3.3068385841515355
3.6658093764649955
3.5322253549855986
3.5472009078094304
3.804138526171965
3.6552924272888387
3.5239377076332774
3.0863542393898182
3.1456681592863442
3.4884855819130878
3.3367174553121335
3.476296656369053
3.8202761721548466
4.211537980137901
3.7692437259077365
3.1786384597950352
2.6798949059547152
1.2074638771077553
1.694449698509166
2.8716914154599826
4.271480470768879
6.650021328677614
9.992875090186757
11.592108604185391
12.611034074508762
13.704074365299816
14.918989805575189
16.379642127518533
17.339638927797367
18.155841397072756
19.192522537620402
20.816547458643463
21.385823822899148
22.002022379711747
21.87853023327083
21.442986088304
21.26373689753293
20.876828461543493
19.107793678577234
17.282987799689973
17.972819531451922
20.13474929370783
22.291487080321062
24.51994521861487
26.272949850785455
28.45476333163454
29.804502161558315
31.334395338647976
33.1380052552315
35.025154878516176
36.36330384284407
37.98521505706899
39.115170627751354
39.936056326272094
39.76784909772695
38.41127741101123
35.51191084930043
30.920974971961908
25.43015585001232
19.08752913913252
12.089268643756489
9.186589410467151
12.79438325128046
16.273079000563335
18.780597731565784
4.825638792671644
5.008989236801213
5.369262255166007
5.660150663735004
4.868881109069145
3.531973287270377
2.5683490707158
1.455988376124878
2.5755268263468785
3.380436594112532
3.54711294961853
3.7523096721361293
3.41283620224514
3.7703583768196536
3.1456681592863434
3.187735955990976
3.3959901066644353
3.166124097910588
3.1650300812707814
3.333373502576378
3.347193135944068
2.621689029975864
2.678094796500793
1.7464296751328345
1.1311727114030259
0.8485240688450757
0.8055522914030173
1.2395448088258323
1.2163435114660168
1.3873866955095926
0.95045650390795
0.0
0.0
0.4421107631448695
1.2071855396445175
2.3561054715450824
2.9103162338427997
8.940566919212445
11.134480407139195
12.393398466935658
13.58746708910035
14.851362482044768
16.31027416265933
17.45962093880337
18.84277033877053
20.316177345641265
21.853613351182993
22.640714196130396
23.05185643447345
22.350612404683503
20.730504429246736
18.397984760352138
10.064457448567136
2.174644890648227
1.2227120029224172
4.588466728946236
7.502496334834657
8.135596875273825
11.060732973755725
11.905906517808551
16.032985784279262
20.476101455305834
24.802000267784667
29.90109807410572
33.12856431359229
34.84751186182362
36.410833754168664
37.33781767241606
37.62249210897149
36.76256709921695
34.281898600444926
30.40889720566077
25.57856701938943
18.4490224431274
11.435261741118996
11.070477807003542
15.070790434198273
18.173002346089895
20.449736006201007
21.371199789437288
5.54210305931962
5.815688349292865
5.686585401777928
5.858123789218409
5.731618811778538
5.247762476555903
4.484336211726655
2.836086389984417
1.392567267052819
2.1302586322046464
3.2680425056955933
3.7776510499942546
3.637467081234246
3.614474681934156
3.0990798561177
3.2331477054313638
2.980598935879235
2.5888510370749476
2.884920454727282
2.449570031092083
1.5011158048374436
0.891454577742909
0.0
0.0
0.0
0.0
0.0
0.0
0.0
0.313195430818694
0.3445149739005634
0.1252781723274776
0.0
0.0
0.0
0.0
2.474360973120815
8.591633638212787
11.298533460315614
12.94139768313486
14.174033670645374
15.973570821978178
17.76460154477226
19.200089247629187
21.374035630960474
23.804013491894707
26.01642990349137
27.493629866198415
27.605886848288044
25.296844563713393
20.56607154993096
9.355299866693004
0.22285332729967114
0.0
0.0
0.0
0.0
0.24254127029346398
2.218396268932396
3.7099209621656377
4.5890117707935225
5.768487681099986
7.779555119142478
21.19302255772081
32.3620837697932
34.673289675607734
35.44575488724442
35.38790825034222
35.176025778474944
32.67854225421288
29.783533992096064
25.521853664785763
17.90944931990157
12.072473717383504
13.951492520420501
17.33252206133178
20.33809638243179
22.20772206547149
22.705620253339692
22.66244326747081
5.856937375868253
5.723259646115719
6.030727665634442
5.953223157326623
6.00602093920656
5.845326670589357
5.411665195105317
4.572166730088189
3.523114242840814
0.8201605546732701
1.1259188708585441
3.0625793097552996
3.0014652804048496
3.319027509695572
2.6335888756013994
2.0756346204023988
0.09395862924560819
0.0
0.0
0.0
0.0
0.0
0.0
0.0
0.0
0.0
0.3758345169824328
0.9155410693716078
0.0
0.0
0.7661351368712066
0.4617780718665498
0.0
0.2505563446549552
0.1879172584912164
0.0
2.4666779040854236
9.993493131304064
13.339973957262151
15.421774086121404
17.738016099591203
20.535981645010033
23.30237695249402
26.269159729829433
29.23155977113704
31.588631639131957
33.68998046245197
35.18705773522695
34.91316306565312
23.936412822771448
7.917932956019325
3.5386066373279013
0.6963042677985224
0.3758345169824328
0.0
0.0
0.0
0.0
0.0
0.0
0.0
0.0
0.0626390861637388
11.70680801698278
33.64825208807835
35.316281665692415
35.37856134757156
34.46856219741548
31.932981020559133
29.309180276264385
24.822118323754587
17.333696931006216
13.599632060679987
16.543394454587354
20.239113177283947
22.813113063892605
23.174760409968755
23.627819746296897
23.48834238223561
23.621145059139153
6.153482562292786
6.196977795970679
6.116525314085174
6.050352394963536
6.191142818158927
6.012108341603092
5.878303004206126
5.30879737957222
4.307298941754641
3.2003996699025214
1.3800819641727498
0.2505563446549552
1.8062961612946462
2.489280977555777
2.726600407761788
0.5244171580302887
0.0
0.0
0.0
0.0
0.0
0.0
0.0
0.0
0.0
0.0
0.0
0.313195430818694
0.0
0.5637517754736491
1.0560880017858598
0.5047498493086082
0.1879172584912164
0.7516690339648652
0.5324322323917797
0.0
3.2773116705382237
12.533074645698525
16.35684747653762
17.921514415054524
20.660872892754156
24.338589961381416
28.263422940126613
32.118435200452
36.59868553429017
40.365650265298555
44.337660087508276
47.954760326420406
50.12662032318939
34.3366601312885
7.06129827404253
2.5588892362856
0.313195430818694
0.485082540586928
0.0
0.0
0.0
0.0
0.0
0.0
0.0
0.0
0.0
15.993416649940077
37.88331908014851
37.64625230509076
36.359620349494584
32.737537440033066
29.439507372042044
24.183211220996053
17.297270624071103
16.01785912639595
19.191994824562002
22.258553965277724
24.32866816479762
24.778182131632995
24.34842713937543
24.4432295409134
24.38670225539319
23.870032265340104
5.979919445158336
6.384092747109078
6.282390084860198
6.295300131956768
6.141242785394715
6.12276416129091
5.770040688100291
5.436424108625286
4.898775946875317
4.411120838536979
3.3574648290845532
2.057583992226503
0.2112217272115946
1.1384150309433914
1.8318228931073102
0.0
0.0
0.0
0.0
0.0
0.0
0.0
0.0
0.0
0.0
0.0
0.0
0.0
0.0
0.732001725243185
1.2592533860917379
0.6183757872758967
0.9075053607380041
1.4391762044935756
0.4304585287846804
0.0
2.601692467179543
13.190858651151233
16.559951227608593
18.25330697497757
20.767882210536364
24.48312073833879
28.579683819732338
32.44777536780016
36.94287262735334
40.83308177203762
45.02032448071774
48.983856944232926
51.26749468794261
38.613837378564185
8.812022130115151
3.9280043116791377
0.829597514487491
0.8681913775667564
0.2192368015730858
0.7692149714139456
0.313195430818694
0.0
0.0
0.0
0.0
0.0
0.0
9.028663675507348
40.3787416753549
39.85594193558641
37.696903072931924
33.21035062195937
25.416079322040115
18.463405902096618
19.354517467873553
22.600688868180757
25.08317005381082
25.779374011111162
25.77972613544493
25.62970577348364
25.364884583560688
24.859329902198766
24.622238536241753
24.208220806289567
6.239615345842767
6.596808105315863
6.315566368749115
6.438919569973148
6.4801478451535095
6.171020512632196
5.949190047867271
5.471936437534762
5.36186361333388
4.654669852523323
4.0978257638517706
3.566542195521757
1.9235592592606323
0.156597715409347
1.1901426371110362
0.09395862924560819
0.0
0.0
0.0
0.0
0.0
0.0
0.0
0.0
0.0
0.0
0.0
0.0
0.0
0.0
0.3758345169824328
0.2818758877368246
0.4501258375063607
1.00222537861982
0.6810148734396354
1.1616782311195446
4.092425673993395
13.684460332183107
16.53858062909375
18.420184821542975
20.675358181644533
23.851262237664162
27.846285317001836
31.53203381838942
36.29366147433714
40.24848886137018
44.72558700529124
48.67873914540853
51.207543660505046
42.41463496056682
9.205608070126878
4.755058693762328
1.491070416600617
2.5756878029738153
4.049257095113819
11.000575349744565
7.290419742593383
1.0258468010235744
1.0535763499038577
3.548259247610245
1.5175241775616168
0.0
0.0
3.447013123056833
67.17697571224413
57.66376637623331
46.60441393235153
31.020587625703968
20.393925223525535
24.386174466328818
26.36818941243401
27.640727676534464
27.2656760387332
26.95691760717874
26.478615221270783
25.911173299458305
25.495941232282046
24.955445448706804
24.52160656693878
23.957635811137557
6.35146075309756
6.521996166070403
6.4530444565897405
6.5697984235557465
6.430795613048895
6.335908361400596
6.265619622305138
5.579717051285071
5.119891011626622
4.803291217476701
4.154176387486243
3.4701660763535003
2.598570269704494
2.143536815197813
1.00222537861982
0.0
0.0
0.0
0.0
0.0
0.0
0.0
0.0
0.0
0.0
0.0
0.0
0.0
0.0
0.0
0.0
0.0
0.17990218412972517
0.8049124288586083
2.098811750017742
4.00147175621611
7.616628706144486
14.095832812399639
16.42845830171307
17.973535919268873
20.37097893926471
23.346056804058573
27.09442071206132
30.651051012342023
35.083538615352545
39.5740951881773
43.86047508770559
47.98713837269237
50.965754889820154
46.90635326795889
9.387955246631144
6.233304185469969
3.3424191785979906
2.664796542996964
5.3193442819887675
6.157651181945372
6.943352812159538
3.470358926871198
6.188685186357866
13.162552866843937
6.858156335495832
0.8463628598715883
0.0
1.9143825012858902
58.583258280803136
69.23676664861173
63.25039508791795
53.679464068296916
31.82167736061202
31.623715431972098
30.62646229507102
29.131725810705532
28.086620686478646
26.781983558020105
26.171630036694893
25.873293107933186
24.91541941878264
24.30470158780004
23.96756323565021
23.239087104936168
6.412173057679472
6.430485450458565
6.480767890890044
6.370944782499111
6.45973739765142
6.219774440171123
5.835141186628466
5.49301708245118
4.815991213124298
4.43166534249749
3.748345227993452
3.4547054325607762
3.0740621424852197
2.0889128033955653
1.6074674228073362
0.0
0.0
0.0
0.0
0.0
0.0
0.0
0.0
0.0
0.0
0.42244345442318915
1.2496123630972689
1.7566710341767084
2.473761360441757
3.702063482858348
4.541920176036764
5.485480013869999
6.114905107164621
6.86240457780823
8.234114164784044
9.904125037472985
12.026965397092875
14.181051720263607
16.145836998624468
17.50040178805656
19.477957652067637
22.56747431613699
26.058906532807384
29.54342046691264
33.86921718833956
38.378868105475064
42.76975579340373
46.93479044730184
50.652279293093706
52.689750380402714
48.25340937365836
40.85047160130861
27.44318342698468
17.05728776235921
11.245057600946174
5.91397281033611
3.494820881918955
2.6817708269149256
2.9073774630567564
2.250415470635109
2.8725760420706163
1.0300016649763597
0.6605655418096347
15.826053541788678
60.64460807290791
70.05249095768242
62.742178711910036
55.97474297598234
37.458122456173484
33.81487278278431
32.27821665443459
28.751637147674966
27.094571363873733
24.675065595347974
24.30328595371174
24.636294959328687
24.32373546014518
24.00778420191023
23.367846239326013
22.475533039331395
6.548122632627545
6.588085564381795
6.206626475561158
6.437272098323899
6.182063680398892
5.71894748420273
5.645726727300953
5.084637277112211
4.929994231071466
4.643396551960494
3.7926423265219196
3.3954327812084766
3.129908304013315
2.6678231790491087
3.1101953992940414
2.404334874945145
0.7195674679746754
0.5011126893099104
0.7778080055035085
1.3749318039689717
1.893370060728968
2.3563040520516605
2.759166909363349
2.7659713531155465
2.7532044678434398
2.231569177902274
1.7411155981324324
1.558596848710924
5.132301921593772
5.898688551983463
6.6145599178788785
7.05118592309053
7.895574780556799
8.689714446474577
9.603668827462025
10.860760120804436
12.678310489815708
14.022591306894784
15.692646220073533
17.28761949593857
18.988702435554814
21.895837649293565
25.064458679245174
28.342456720545403
32.31549327604677
36.44885441651008
40.93343890701243
45.49928823849536
49.625264533474905
52.91022400083371
54.841949867973
58.373245888906226
60.82806185145561
62.100307155721886
62.660286223683734
61.58693940882443
55.54522479296984
46.97740662429142
39.227678695777364
30.290941265607565
21.764457629397906
18.910787595900285
33.85920343068054
73.02182950587792
73.81555844098698
70.54441830878065
62.98661443790705
54.82283357542531
39.87293189542669
30.596251520181486
14.203782589829917
1.5466726071295867
7.70352126753713
18.460565464492497
21.163189476453045
23.080080104832277
23.310317760481816
22.845019286220825
22.358920783646326
21.609784361416565
6.323856277553955
6.662252205937675
6.4333225096747935
6.527661681219368
6.116917907745844
5.299470617422323
4.588111161241037
3.395975413397615
2.0443411191834517
2.917667237544985
3.645312169296528
4.147321634169036
2.89659517116315
3.188809338358669
3.6784202270269613
3.504217026581876
3.2126298639907818
3.404277754016756
3.675904400623228
3.4502468289131034
2.424753719546899
1.6468243408832264
0.8465035893921616
0.1879172584912164
0.0
0.0
0.0
0.0
4.755284180712168
6.479408840660278
6.94867385657049
7.2988011151592325
7.175922948341884
6.9578987664876735
6.806976728836526
9.573654489913222
12.452586929101717
13.990608537388507
15.348062718367482
16.79595015075043
18.235662500675993
20.682791648049
23.767046304910473
26.906176616883645
30.372463423521648
34.63051807344944
38.96625023012555
43.52377472877788
48.18966162599611
52.5024687789805
57.05422576646585
60.94241253426894
64.1440475206349
67.52704266663474
69.64621052423324
70.63930965791432
71.63457366696167
71.33323139622831
70.14314732498416
69.28405110930247
68.24308430056121
66.2603935192174
69.45706133537168
74.15201506188048
74.35671681568533
70.42248050695862
62.393673073399505
53.48549828914215
28.39652104709874
3.420077483805126
0.0
0.0
0.9144669698322996
13.766650432117377
19.16248469049776
21.90804664016332
22.198395199415142
22.023379946807935
21.509445566786464
20.982792581976554
6.533496659031119
6.2890830259218795
6.412122553773383
6.241518685949932
5.681515012231869
3.6714995049454986
0.9243908013705625
0.0
0.0
0.0
1.298211445894325
3.185723545221824
3.0862923365734796
3.473468760545032
3.8700268485087097
4.049982664919578
4.048497012515835
3.9154385979490964
4.40331172060098
3.791195219418011
0.0
0.0
0.0
0.0
0.0
0.0
0.0
0.0
2.855147481971801
6.31882450491713
6.548216339431199
2.845099662030216
0.2192368015730858
1.7212742042786133
2.684696273116896
6.406261611171962
12.194882013692252
13.475857248867744
14.855703921131495
16.276920292714
17.698340347204
19.507280521176572
22.343687508925317
25.505357943531077
28.82967618483903
32.745313384537475
36.936931953073994
40.92745853981359
46.002313241758436
50.91992557795543
55.645054686546956
60.326206853206
63.81523198112613
68.06933861902662
70.61690994202547
72.80467621871442
74.66605765432547
75.45551616638156
75.95308569159413
75.7150992898166
75.40983242672658
74.6830008667639
75.32556750426762
75.29885074394596
74.30677667480266
68.44073767444189
58.94262300698637
31.86453839737384
0.0
0.0
0.0
0.0
0.8755872236559507
12.377280697996152
19.292131016311117
20.866921210236978
21.36408683867435
21.101854720326855
20.90614247876733
20.478167764528763
6.802482993851903
6.713308250476458
6.310827271700688
6.377875641074187
4.92234096413017
1.7887203214862593
0.0
0.0
0.0
0.0
0.3758345169824328
0.0
1.2448399179145393
3.1478483405450253
3.3843585065763584
4.18966023174973
3.689765302535141
4.103024535640566
4.159375159275038
3.112365880728222
0.0
0.0
0.0
0.0
0.0
0.0
0.0
0.5083870093073062
4.919444218393648
5.174357621494675
3.8941578157578833
1.5960099835402017
1.00222537861982
1.000062738802995
2.9338240069107875
6.181442647118391
11.948947057602869
13.254958998811958
14.36306880319274
15.886498249230042
17.018093151232005
18.605486836985303
21.061798016719315
23.587924642919432
27.216613108140262
30.333910413270708
34.63287655796493
38.501233079876656
42.85069131315847
48.15944117979871
52.75131290483862
58.292271781192184
62.45942012907277
66.94538692800515
70.14518846610824
72.78793785749018
74.58461868113997
75.81504998281933
77.24902991675314
78.7147852947532
78.1125154627413
78.21719611788467
77.58745939227566
76.05893506477958
72.77052939261661
65.34738610782647
54.77450496143488
32.794646108127836
0.0
0.0626390861637388
0.0
2.0243781461301142
9.298348983063939
17.403978236787307
20.215214760294124
20.813820206869018
20.763804235255986
20.527161673458334
20.1155633835982
19.707267692386964
6.633238176258217
6.323499401283861
6.329954424832146
5.993112683893175
4.35395232275456
0.6918644506193914
0.0
0.0
0.0
0.0
0.5011126893099104
0.0
0.0
0.0
1.4197036908649494
3.716951678309748
3.7173991481680675
4.181523708539273
3.8489929501563944
2.5969042871504024
0.0
0.0
0.0
0.0
0.0
0.5746219869255177
1.4421435995885574
1.3417958446144362
4.099491042163187
4.364861395179536
3.3831406843038785
1.2665070718170215
0.469793146228041
0.9315712180945901
1.513426256473278
5.168248202023572
11.681959310015971
13.030225943682984
13.944334561739975
15.406691597834339
16.748095418729935
17.8165039110898
19.697069275768413
22.381184715830464
24.924013488396117
28.200192975252936
31.643774359822036
35.61728388198139
39.52147275263666
44.239352887361825
49.3951257143248
54.97088293438398
59.87153509821511
64.07486222054585
67.93170657793591
70.82732570954286
73.8779136575135
75.83771650519462
77.25891235715692
78.4607343483737
78.33203647062214
77.89058881451308
76.92227887136059
74.17008235631492
69.61281579721054
61.861419458627005
51.28101170647862
27.078588044388344
3.7423834191505425
0.0
0.4734303062267389
7.265287577755667
13.708866229647905
18.430223081968663
20.05930515161166
20.58177669262721
20.509217979788303
20.29509097908001
19.60757218834058
19.281077351412545
6.761611594941637
6.699693909735895
6.424913642113254
5.829146124264864
2.8032614512437113
0.0
0.0
0.0
0.0
0.0
0.0
0.0
0.0
0.0
0.5324322323917797
3.1874883447256286
3.588289454040175
3.768957201327839
3.5449716059855936
2.6432297171527166
1.0840683513226483
0.1252781723274776
1.5913753712680165
2.1114765177518477
1.7043224576875464
2.8529173009069773
3.6458901290246
3.801793555428844
4.659072497491035
4.939579865523928
3.9900207689522587
3.1859804409054746
1.5891712302093528
3.072276187854971
3.993290277007254
7.896439531475574
11.608670008944479
12.792151354395344
13.768651189092536
14.88688681731682
16.082574283453557
17.348203945587706
18.8302139172921
20.597402306796127
23.173523921100976
26.21491812502516
29.191006056367755
32.43774045917624
36.62448250230441
40.28279686987932
45.29668680524242
50.60019477331608
56.34382402980227
61.06779498101924
64.45857582592326
67.68198489571418
71.13403017475046
73.31970652061351
74.90896500875995
75.59497097170599
75.77326308460664
74.67882672609933
73.6532356837974
69.98852877255358
64.82779490486026
57.76967499604778
47.78555956310248
23.623718633830034
1.46936120188814
0.0
0.1252781723274776
7.324403394703057
14.640493922101989
18.751434495238705
19.98986434425891
20.350005620746877
20.0130027432704
19.592283313800518
19.412818320492992
18.88491456301687
6.769187751206291
6.60787596614735
6.588204523138493
5.780214218580605
2.4275398378465525
0.0
0.0
0.0
0.0
0.0
0.0
0.0
0.0
0.0
1.27170827763236
3.0292696213171273
3.7698010513636953
3.6468693794984874
3.2691571566075117
3.4680090090167313
3.4347861851203794
2.6317359499751833
2.850346178681148
3.2892574004835335
3.382780662102288
3.9991682611798995
4.717988474402473
5.94506071059788
6.405242199104396
6.551317852200823
6.322487892154846
6.9915336991080865
7.24769172719216
7.781818597886404
8.90330597902753
10.34927681340754
11.601473364530458
12.42843424130033
13.56639650925694
14.377702389495973
15.481675919047522
16.710927080534933
17.594997675249157
19.29600378341253
21.299025446291306
23.913284543215312
26.81405840513288
29.865516855896963
33.02340082070009
37.216319944398386
40.982078690201305
46.0042303219329
51.16926781762013
56.79217033982425
60.315019858060175
63.77749693918454
66.28721664218808
68.87360619651535
70.14371169093099
70.92262633168505
70.63412037274094
69.76514289661905
67.72524042576893
63.92678772583436
59.32424054303723
52.52100588313343
44.026350818586984
26.518673244071547
3.1131783601844116
0.567388935472347
0.0
6.867291798062082
14.149851904149585
18.120034638764835
19.389292711239097
19.7318568585818
19.498321654300277
18.982730098034878
18.806006974119274
18.27570563355826
6.601565153308808
6.433560427188188
6.55617462391899
6.051917262794186
2.67535140843488
0.0
0.0
0.0
0.0
0.0
0.0
0.0
0.0
0.0
1.3459995981562878
3.064226324397695
3.686707874379281
4.185440710434821
4.0263484632516
3.8646049892266117
4.184001124977395
4.624384780048631
4.655823765887244
4.5084432619386625
5.078612570834736
5.37621175520846
6.023184347650585
6.545685652578976
7.0540469490204405
7.161699991496051
7.504982778218407
7.845340824432977
8.355586526553335
8.863655074739269
9.72433294319024
10.763052192263128
11.383191138739713
12.189404592734135
12.973156912257855
13.86916899328828
14.73759619520193
15.948211846643373
17.013208502898927
17.92032468145407
19.742610821745547
21.920904830386124
24.626305789520043
27.473723116288127
30.34636194660963
34.06120876943645
37.75338438618786
41.48343532667966
45.78942486533204
50.394828361356176
54.895022041219804
58.52978693676024
60.87959964606788
62.54217273607216
63.4469383714523
64.53384562295074
64.48830025470895
63.06410890554546
61.101404807349766
57.54338551189197
53.16114198799744
47.116241445093884
40.20393694864761
27.64541274061206
0.0
0.0
0.0
5.304511525165979
12.888796526158753
17.282663110273795
18.723401114885903
19.20387428430974
19.01175685657292
18.523029836691006
18.054353182794642
18.065910929640822
6.733981867444987
6.721886580700783
6.754799695123259
6.395305377538558
3.1315891628391377
0.1252781723274776
0.0
0.0
0.0
0.0
0.0
0.0
0.0
0.0
1.6985296464183417
3.120567908565412
3.495236653335563
3.8608918698415606
4.5584821093088665
5.078940558764243
5.434019796522567
5.2661188405814405
5.409897921003886
5.983052026017718
6.201449052659702
6.40559907537449
6.711942866086036
7.111586393796088
7.448146414249544
7.7526072408296836
8.171127081701187
8.583688565697518
8.807904849329148
9.31515849477018
10.172017325795295
10.63946801465438
11.159452407234376
12.050985022990368
12.787521256309889
13.436773261965872
14.273786859767428
15.266289535800917
16.40616496697831
17.08209117802062
18.376829391387975
20.250122294600367
22.659138186725347
24.82905517991364
27.600324361823873
30.55010914041291
34.18015153350417
37.89797561226056
41.18730545350464
44.899316173674954
48.47823611320888
51.75225496773504
54.08294866402003
55.970719947295905
56.62983419142412
57.42388420218051
57.554288474059376
55.904960251255986
53.607381651841784
50.12952312872581
46.50771186290628
41.587945258235536
36.34409697187671
27.09167358774853
1.7279045107945559
1.4122007885110388
0.0
4.160402029235419
11.720742158198362
16.467645674271676
17.799259207053357
18.363836611088338
18.304239563801893
18.065557565401104
17.503509792827575
17.43697916226099
6.754799695123259
6.634478267731284
6.732835482775573
6.817757278638282
4.277188965410694
1.7618612298556338
0.5477216267506667
0.4734303062267389
0.3445149739005634
0.0626390861637388
0.0
0.0
0.0
0.0
1.8331346186531599
3.4303275814727066
3.7535597234860796
4.663153014184929
5.35420637710669
5.669909563018169
5.905936880032496
6.074877222884554
6.2235803769987355
6.374869398639298
6.545328776308882
6.929917018953563
7.193707471764108
7.309830532350046
7.405264799349327
7.818885116232514
8.411906610022161
8.81389598970191
9.33903139958241
9.916163474086494
10.231770360565893
10.485668328474517
11.036439092770994
11.544728453634907
12.33564230375351
12.911751145693925
13.832801426223567
14.562127625445926
15.83890817327209
16.62934788854144
17.605405264947578
18.665690051427895
20.3301930302044
22.447524166485866
25.196542003697587
27.808485940370208
30.19185327533214
33.49541304036208
37.25805355760554
39.90512284534107
42.422621350720505
44.56552537261
45.86257961592357
47.241418765623564
47.96241114568698
48.65231908165998
48.765153338046204
47.78508131296057
45.79656761523689
43.109324106847886
40.50243498220615
37.26952497983392
32.188319273154406
24.929659442436748
1.6901276875604148
0.0
0.0
3.43747279957739
10.597965979137953
15.202283871208797
16.97925825088921
17.78289302064851
17.64199092996975
17.525682958359198
17.38060018918508
17.10251948079484
6.926067667193512
6.975743305208143
6.991460980001617
6.9521688817976095
5.850897335770124
4.053776171738651
3.3553502934266355
3.162119648358309
2.841767096180653
1.5600558281861472
0.3874867513426219
0.0
0.0
0.0
1.9111959914525027
4.020202159532214
4.481333188375872
5.012516586683293
5.425661595827562
6.0519349284194774
6.05945650523249
6.2267052987461975
6.364965593977618
6.430986537438401
6.654293921449884
6.941752456891609
7.306720790445114
7.506473061838286
7.842004598544443
8.07778418543273
8.625990311303532
9.138334732611256
9.205909748914692
9.71935127040725
9.954863639910792
10.706672161902954
10.962182304945735
11.677424279561253
12.034414073207314
12.687450815618108
13.198840360294719
13.955197998745946
14.862539535079483
15.87851013109256
16.742933108820726
17.619819827045923
18.97636004961486
20.43969054635805
22.358074576456264
24.674907742824118
26.777531258429434
29.357365383766215
32.040235457281305
34.592660687169946
36.82185244350756
38.25367605216619
39.59537494418889
40.57892778492803
40.89041637181581
41.306348758902026
41.38331908060304
40.59562215826546
39.504975437847186
37.72383581495532
35.8079798385078
32.14804066534126
28.09788526090881
22.140830870682713
3.1038443889567233
0.469793146228041
0.0
2.198597814273268
9.458861224832491
14.085503075843388
16.40463685258815
17.09688589404103
16.90114672955191
16.859971212695054
16.680844412096157
16.547292472716553
6.826727195981939
6.855831807729514
7.045556187363855
6.894069158162965
6.835013980051242
6.149769351638096
5.608112735335501
4.699122625558992
4.037987908726464
3.592225069064349
3.1020833288289253
1.839769076106147
2.0157128384184944
3.2675307762372268
4.087340533218908
4.896887847720644
4.706298886678396
5.362178071551459
5.77035229024551
6.122764161290908
6.17759449493718
6.150941689447157
6.4265106098564155
6.521231909624127
6.822044937000258
6.969601184109266
7.172404106655096
7.503120407824732
7.932039705170655
8.09782869361779
8.561263890825963
8.850420999472725
9.262233686141482
9.53016892726579
10.023780679727244
10.35592364523974
10.636234183153903
11.383670347795539
11.978530019599315
12.421047925131107
13.2353615675653
13.533337335862406
14.311185338872159
15.070310442100695
16.10749840557866
16.955597494626982
17.571023053957273
18.53044647511484
19.97282458027975
21.81659207979865
23.48845652292853
25.39790803873937
27.299622246536863
29.363382951738302
30.800939892467678
32.2110432543055
33.48297110941988
34.60458106622391
35.11216832076234
35.26240417128724
35.662324228894384
35.07238776785403
34.16910568615125
32.45555619300337
30.59802629732409
28.010627704715752
24.85984215678921
18.674395753656977
2.5609314132477907
0.0
0.0
1.7845248965587475
8.97250075300871
13.425408008535653
15.588418836818551
16.48561958961436
16.5564888536466
16.30291951242678
16.08825725515721
15.687754849945133
7.015373841722222
6.912443867556756
7.028609422482936
6.856213935952652
7.053460843210021
6.598806007839384
6.480411014619949
5.765117056554338
6.1044428493250384
5.6106958571158945
4.94436944142417
3.5326121851622063
3.8640159452273557
4.01400350299742
4.794573495653779
5.162687229533093
5.164274728989044
5.555486159883977
5.743178375603823
5.851725675131109
6.431988711398072
6.317758130275764
6.309994560403804
6.629959137251734
7.02131198523382
7.105390644055581
7.316139669783395
7.568699809244097
7.98316501528474
8.260607804778788
8.556904867354877
9.01434974943361
9.215240584832243
9.754278947160499
10.05763821110181
10.345571921112073
10.713015554608576
11.201975133242243
11.649688035476917
12.022405107098823
12.561049126672351
13.237160557985163
13.654584063622178
14.367269979479891
15.103125160243215
15.864867568312242
16.723003704291436
17.242128916624715
18.070170878187078
19.554663582145142
20.67926138097163
21.971493221559495
23.576152586205076
25.087583207794847
26.394084860609482
27.691598922312227
28.356951975303787
29.09888262817035
29.6018327863328
30.02522183017434
30.395579928963738
29.776264255883373
28.89640709958827
27.82813370910649
26.57702550025622
24.751777333241648
21.859451018809285
17.460562323935836
3.476716380907849
0.0
0.156597715409347
2.3029031746469424
9.554687720258757
13.287038617514687
14.926767543504491
15.666365696537625
15.59482497865611
15.491713740375946
15.240675725737606
15.09807295927285
6.8716260972881145
6.912443867556756
7.198926055990231
7.0269775003827855
7.131257836804944
6.687473218839172
6.692108294575048
6.397496580176956
6.3519537956821575
6.206507516804461
5.87276203569847
3.9697207528719716
4.607544393534104
5.118002583665025
5.138762659404019
5.519722984138443
5.677918709515445
5.938215334951185
5.893883879194208
6.205577587921722
6.178903041260855
6.19933874071599
6.621236596317666
6.802100865628766
6.9525510100207475
6.9654105532112265
7.345566690459574
7.425913735886008
7.9395609831592875
8.122789306645258
8.470408863599143
8.731107769544833
9.084599693931292
9.284971214332684
9.669764936398783
10.155116041533567
10.510556415435824
10.800789144123033
11.445962435268726
11.943422289652586
12.363822934628697
12.815993243911464
13.204516658532883
13.634899547351434
14.096775346243424
14.85693615055901
15.923919631169841
16.643077145787686
17.19339509426163
17.78333959177095
18.728190451692175
19.48433072509505
20.462033179207232
21.598976537558453
22.65014002728481
23.56071662383531
24.42618057473138
25.32717493612879
25.597932937022726
25.675303088228596
25.67082688520461
25.614150001060686
24.828745210083568
24.363335893246273
23.200486234665647
21.663247852140174
19.753445312326196
17.428777052325007
10.596723501237099
4.180460623695393
3.0954798258537086
7.635714729343186
10.890810670249758
13.06025148988019
14.07879025687298
14.513242498179693
14.782320095169316
14.683438094111752
14.513101635651985
14.551271974992874
6.908034236937708
7.083752688712159
7.034772656368446
7.110345531399898
7.173659991185014
7.147176648357778
6.65644248007897
6.587177097225776
6.302919491118986
6.49236209065441
5.756684206259696
4.570363658853756
5.25878020791377
5.226092543877458
5.475713963855428
5.462713368509112
5.681139859072942
5.952531145957281
6.205101752894932
6.2063885580477605
6.327712438843535
6.43965857446638
6.399144051826205
6.479264629950535
6.851563067159925
7.13555796756349
7.191474421719807
7.349958418360291
7.787868982067551
8.033739702878375
8.39492736880921
8.804305829272755
9.0766954986449
9.240603057830288
9.568370094777624
9.915259992680548
10.383109285339211
10.697680103186707
11.120544320289259
11.382820990002296
11.898546876900234
12.371727724014765
12.89170936438079
13.154705465990322
13.76191955503769
14.279173840599329
14.885390656297275
15.889640800327983
16.539886075795902
17.065471352167208
17.343381635653863
18.013566287061522
18.467402320487153
19.2418171486753
19.931290529520684
20.639558063376846
20.927068911435512
21.735756116175683
21.638717462053748
22.08398806812366
22.206904295859974
22.227470482135395
21.775646941916
21.33454522322735
20.479084874727853
19.20099893093206
18.175069628560244
17.182705126667273
15.20808946018175
11.760031679351219
7.64667510871501
9.89616244502333
11.697779496271538
13.163905400262834
13.617306924689268
13.949342502871385
14.13348142255386
14.170878973853615
13.809400202655802
13.863800554328328
6.7490246801137905
6.8661014721886096
7.013025201164518
7.005339545039362
6.959895387007914
6.839805738893427
6.91009522699905
6.5746996822584345
6.41229201643617
6.323142525013769
6.095057059756875
4.378228107244006
5.151707719734754
5.568771738651749
5.434015795490371
5.405902108413019
5.70112146467213
5.623831340923679
6.092294422684083
6.123393232910084
6.2270621750162904
6.102901514448418
6.315854790168601
6.567913034393102
6.637917421739525
6.840569995339702
6.960932271816826
7.42192101940697
7.7765877460779125
7.912044099619398
8.370057013069372
8.591444129621744
9.050811546949248
9.0766743078694
9.777100128552636
9.960662332528699
10.182177483205455
10.544545170672832
10.800148650190918
11.087365080267224
11.641277316230807
11.896880132189635
12.536578925716526
13.017281222988283
13.312973577187034
13.709780567858722
14.215269222208697
14.748644460651162
14.988338321811158
15.884106034335097
16.522213329521716
16.937213644411198
17.41656365157053
17.691620133385154
17.86551070251116
18.30043934844758
18.72674212495613
18.96654938838393
18.889331731369214
19.39943355216063
19.45050980943009
19.16818038756938
19.20025331921134
18.86767539575331
18.70055533995286
18.040436724227572
17.631431722691694
16.875173222143026
15.710655500308878
13.284337977978888
9.156593798239127
10.724300392936525
11.892753661357553
12.752871416399454
13.166284610479766
13.448542518014913
13.555338894146248
13.607445945341384
13.506533231939589
13.511796799928781
6.824052298419973
7.097977616293059
6.988671499173978
7.046539443531137
6.987471485862938
7.214735367682559
7.004133441075414
6.660222606065289
6.534592539794443
6.30246890804524
6.1055428627551676
4.446040552850195
5.31715460442514
5.386382573926164
5.328358511453527
5.608780223975
5.358374156204408
5.722385799878596
5.776632336030565
5.744595874170826
6.108210432771414
6.067198333933604
5.998819677065585
6.289320943435275
6.371896452552694
6.650394836706868
6.998145516997845
7.2946173049533805
7.48728173537646
7.77421990876764
8.19277392607466
8.575481395315562
8.866433040650582
9.225589112351877
9.314142998612333
9.650676639615819
9.885257202061812
10.123992914862812
10.722653121669754
11.000084476846832
11.417210805726189
11.702600569786002
12.086155873353823
12.702026892985499
12.97364904854353
13.419182068799097
13.734691465452215
13.885290336472265
14.251652573707492
14.86780645022959
15.330162434569495
15.910376998695458
16.522833005480063
16.86941989521788
17.150179045904604
17.106400133963174
17.412704895906156
17.541726533514435
17.681371953127815
17.728010229359022
17.98044999768186
17.937889105746436
17.8176080442173
17.698109200862625
17.55103679324601
17.01737513946586
16.782031816313562
16.202874285649543
15.37187959977678
14.134486662916798
10.04997788512317
11.05852045242189
11.778845915467505
12.262279288735328
12.630651758121779
13.03491622634968
13.013568818577802
13.103434483063968
12.872945464009643
12.832546291355438
6.759591453965443
7.01247994443925
7.008398813401714
6.882083371279265
7.009764197792134
6.965902181294869
6.6416722957728
6.493602182127478
6.330192342345542
6.081871021209796
5.453419227292883
4.362810571933046
5.0380012125148
5.105830938943234
4.605782231188118
4.910757146027657
4.920822922371539
4.747483570895168
5.070282734212599
4.420119495168517
5.348367495854918
5.640178901688744
5.5520742332344994
5.8559337623536925
6.206388558047762
6.323737318797257
6.797787955313745
7.148544873576119
7.426555358887489
7.69985705154684
8.025849030037085
8.204422967672503
8.485442404980185
8.77901799376863
9.117242983456059
9.438282630852541
9.851884488737264
10.064945145384533
10.22265732300798
10.734957689433669
11.017902275695068
11.235194938468453
11.68656581862384
12.026542230671108
12.677368007449331
12.86412992156539
13.214037783646024
13.559002757883878
13.643985057628472
14.144238631833623
14.20451290753695
14.862693805026206
15.244252522604702
15.784296908821034
15.842930255105607
16.14078800978353
16.354258397959647
16.41556429203587
16.57148394045783
16.735945395187677
16.72930333920994
16.768423307909625
16.797153001733175
16.58987901678669
16.510068500345813
16.4248184586105
15.893702314838817
15.508943640412188
15.10033765764119
14.005083410766447
10.16036949039229
10.847057685079724
11.387227624645067
11.824862534671643
11.819691545711162
12.378353192375632
12.276958615868702
12.367230044027922
12.516916617560485
12.291044532135752
6.6802509253442395
6.794524709364112
6.771480520545118
6.858822425316512
6.7744711381321165
6.837184469973087
6.492574756214761
6.198981864445895
6.102782555691722
6.265165528449191
5.437479609738166
2.860851071249098
0.4421107631448695
2.0885821164808807
3.1603925711308567
2.4536654440191055
2.1367152661145643
3.622491528410414
3.590940680881941
2.9753317921458198
2.2480330385771854
3.179080640742221
4.208128454535162
3.104386919864022
5.119314924769601
5.824002240830808
6.586319133975848
7.079179929590979
7.087451691526554
7.59535454656231
7.869942769076668
8.247708421270595
8.547653440592137
8.891581716233281
8.966415789460438
9.339426093698343
9.630566535802684
9.810973059281102
10.222167117865494
10.42705741056189
10.544054965530348
10.880457830121596
11.465085929026174
11.61260523374728
11.871264359520012
12.23000099384871
12.813373771292278
13.112010086579861
13.139528318128853
13.62352966912645
13.800173522801751
13.93555009355038
14.137882771381403
14.498124313065645
14.688336109196397
14.715629712164477
14.70255770085644
14.818815623503259
14.954062082037368
15.245374392626108
15.59395095597519
15.53048442612162
15.69021102630743
15.537163773176763
15.462332856367864
15.229704763069481
14.977499345014222
14.65010305701282
14.235856284389074
13.488531539301157
10.071658162223866
10.50804504686832
11.02488829561543
11.273371024295411
11.435809238430279
11.640839908022174
11.700852877259585
11.72871555474329
11.833026312955246
11.57847072261738
6.618740620314681
6.406312827914676
6.792112981268587
6.661105821268262
6.938272453798219
6.749015221217597
6.702597265915063
6.426034774829623
6.206768589989656
5.89376492043751
4.653086385953768
0.5316502094834592
1.9813134607938863
1.0749526533271072
0.0
0.0
0.3874867513426219
2.674687093145132
3.307395909607496
3.923575121159554
4.149702060134737
0.9504565039079501
0.0
0.6685806161711257
3.1113387531618333
4.8578254849586715
5.908212489146952
6.46590399978022
6.933371195095531
7.190982793636165
7.525078583018515
7.90514151022159
8.331310052310752
8.617052293490712
8.829023764479505
9.085935246711152
9.289718555177371
9.726281503229556
10.008233921283683
10.21953568615389
10.502041570515551
10.597621191229393
10.913838034962549
11.38600404592704
11.652922654909466
11.919471301723563
12.26781732576922
12.618579002865728
12.80900062162967
13.023636448882103
13.320802996320632
13.52903802342104
13.432325429513819
13.719224955276369
13.584527421456917
13.574583248471347
13.512301765047615
13.623247869322554
12.64003544269561
13.601965630562242
14.08390204814023
14.075094605014886
14.303476019457161
13.778296128269407
14.199778633085565
13.868875485819414
13.767720372623732
13.645212439608686
13.70889152950482
13.167322227346913
9.485089215220174
10.01386697722782
10.324206095713807
10.612112290247682
10.747314623118964
11.140185939886814
11.158583101124467
11.1152086568847
11.038569943915148
11.06815026068226
6.699922368353097
6.566741397770643
6.608139135613791
6.578768229664239
6.555028239249577
6.530721662655514
6.224294129538924
6.12566191040663
5.901411323335957
5.116855479235336
2.240151179670802
1.3584864901539406
2.5442620701069605
0.4071540600643022
0.0
0.0
0.0
0.44572728887145485
1.9583302538921876
3.303969419783293
3.047961346660545
0.3168325908173919
0.0
0.0
0.5083663750351937
1.6381791038018265
4.892897636630432
6.28483697145805
6.6757317948646895
6.841061623423344
7.362714538600857
7.6495850547221025
8.109996809476995
8.32135590652594
8.607295182382764
8.787162867765002
8.969204230509469
9.275636010490786
9.676279260791976
9.78956915463069
10.32539267342722
10.301555841601635
10.46859066506111
10.882887558621034
11.331342280892443
11.583184175627247
11.879044209048013
12.190619353119468
12.271987083067998
12.5588563569105
12.706912021989082
12.758809868453325
12.981571224171693
13.21557573132756
12.915205714350218
12.950893041946973
12.41274852118248
11.317490038542719
5.759085965258038
3.924271983932327
5.493523213264551
5.270791503350003
5.870280078092184
9.783625247736168
13.29266334492127
13.32460053324838
13.323116073431796
13.083976616545565
12.893396695321636
12.551656457916378
9.06065236132078
9.567055154285052
9.812155516450895
9.938393945302701
10.312177588730245
10.492692505384698
10.632734098434943
10.702464138290777
10.526611367269783
10.717951930394209
6.396400699413632
6.526277379036558
6.412767851462961
6.492744218877549
6.690501979170859
6.329359631048659
6.267100862629675
5.696248974579786
5.120688461469313
4.0216007539079435
1.3721221099445504
1.6944472660366534
2.587256148181547
1.2619500559994594
0.0
0.0
0.0
0.7516690339648652
1.8864469049095574
2.726682944850237
0.8637928289318504
0.0
0.0
0.0
0.0
2.5702755724719775
5.346289867032694
6.4787635429707
6.625709203239368
7.089308704000619
7.296059264352241
7.576122082758576
7.85807585937154
8.154177462446903
8.271088572804933
8.665314470709227
8.706609967044406
9.120974511698495
9.272151473285174
9.88107906289984
10.102677931772055
10.267689417505672
10.568534816350027
10.632186512958265
10.658661508708665
11.182303906009176
11.249512692723695
11.417734125649842
11.851659388990127
12.13488984690043
12.164171016725316
12.240953345957115
12.350120897838472
12.459408274984957
12.420571917977037
11.756472288395981
8.88226977598128
7.439089822919034
1.2077538571835968
0.0
1.5856556760684315
6.83346808198289
12.118619602849014
12.165930642068389
11.88203074084949
11.534931576142528
9.638824848692458
12.102693570391033
12.310424469109412
11.226571876431272
7.2453364919242
8.679219636077432
9.262823182341505
9.42691132178307
9.756901595221091
9.910888552346327
10.021967944639108
10.155616748671736
10.133984998987778
10.026016638201343
6.4602132326782105
6.562366478000835
6.589087738341466
6.397453377279392
6.377756682317489
6.260905497765631
5.971554412166782
5.429212698932468
4.667939875593448
4.3368660728082755
3.5856382271984115
3.096850554293863
3.9154385979490973
3.831648055638044
1.061321208058229
0.0
0.0
0.0
0.1252781723274776
0.5011126893099104
0.09395862924560819
0.1879172584912164
0.0
0.0
0.8681501090225312
4.313180947614195
5.118219571611372
6.063475107620455
6.368796223870026
6.871344010029286
7.228578167040321
7.457948891898241
7.62015803404592
7.674061062143993
7.942960923625709
8.331009903972483
8.702777553670032
8.711528374223805
9.151149733240645
9.436011309356505
9.61125631801585
9.730889572248325
9.932158890853392
10.105411971922058
10.306043876170484
10.618058386266249
10.860108574716772
11.095118980187522
11.41244756312882
11.513961362328505
11.775842716962428
11.836324508146987
11.753567665273543
11.84167129745396
11.262900213263203
10.198642587571493
4.519814724547916
0.24254127029346398
0.0
0.2192368015730858
0.8456276632104732
5.2138759707159
11.199099043206841
10.833165099056755
10.47060244167403
7.804747095115889
3.7290319728995995
2.8219689007844666
2.754184674025834
4.029462253934321
2.2777452859947704
7.203014774032512
8.77189593306597
8.791520254911877
8.870884661194012
9.356319211530735
9.504916788492046
9.334086711679763
9.635468582446016
9.77717049075764
6.486433406039007
6.42064233569638
6.582949401666084
6.371658535039298
6.074702245121324
6.0044854716586755
6.015936019601553
5.186958429059049
4.830492013370231
4.653889627980143
3.6203976270246088
3.0571487229857253
4.065582190429306
4.094888012430108
2.99411318250968
0.4734303062267389
0.0
0.0
0.0
0.0
0.156597715409347
0.7516690339648652
0.5637517754736491
0.9271933037317971
2.601659190891274
4.0762662585867915
5.222134633093462
6.01318971529503
6.362748580497923
6.632856048035079
6.840569995339703
7.2164410239632355
7.147449276720411
7.440614249897031
7.7972366826145905
8.22477896140527
8.151919881581577
8.505796968405983
8.555807766597983
9.011765307177923
9.34892166154059
9.531685424702577
9.650170731214084
9.921116611214721
10.14159295778435
10.55478093037165
10.623529356182056
10.662982534228817
10.885626517195394
11.04408976113996
11.211305763107553
11.29641928860641
11.355302990236462
11.192782601131832
10.734467484291184
8.744709190863214
4.719880342775989
1.493361755838712
0.0
0.469793146228041
0.5500552327930198
7.19746405434204
10.081772436631896
9.379296319570948
4.65955381252545
2.7436143369492614
2.116705750096211
0.3445149739005634
0.8852690826619729
5.533699279221781
3.5490269805102344
2.3795885417361884
8.05683498253711
8.223479716861121
8.295819768623339
8.743974316690608
8.89125408951874
8.9593224896258
9.25019824337808
9.236878498535438
6.411671970699636
6.438299524236615
6.674109575168484
6.246330028075293
6.345005729549275
5.985076918672132
6.035225613831398
5.498696566445373
4.982966708258019
4.848570253807976
4.2100618195573905
2.9700176042369386
4.0086742413388725
4.25414737859466
2.6694551199418393
0.0
0.0
0.0
0.0
0.0
0.0
0.0
1.4399582274018958
2.586959303888532
3.435480174148998
3.8560148224549313
5.058600210598421
5.829786994180595
6.3569641065922635
6.535738924463858
6.8644320692465985
6.91271649591939
7.0831515607680124
7.244644037957141
7.653474348251229
7.841750278980701
7.896644924413859
8.30371863041361
8.310001767623381
8.583564314856575
8.93527371323163
9.097174015850703
9.302228069968738
9.669330960656257
9.765127850969039
10.035875896278071
10.332910897130093
10.300693920807497
10.537853555747876
10.64759266499363
10.767899144424572
10.707036337989683
10.639188441156598
10.645657862917986
10.175942558333762
7.218429940094578
4.701019143997678
2.8952504488737048
0.7053786972498381
1.3175013998519325
6.838482338744758
8.548863607163085
6.860229218494537
7.136087240466158
3.630614946206201
0.8047289999504719
0.5011126893099104
0.313195430818694
0.6148688359918838
3.5831082835238144
3.4260284186690737
1.3875816854221983
7.605043915478342
7.992075424458233
7.982241599605315
8.305683657120523
8.510591080562886
8.701368313497275
8.912512164590527
8.875708834976852
6.383685366932894
6.357083065348961
6.499556118695927
6.3023499492885415
6.195712731988693
5.998938635822283
6.044910010812454
5.767460408458526
5.390397027984407
5.181723364485632
4.500107712797496
3.710799200887457
4.487074937217605
4.384403442177766
1.3245545563020185
0.0
0.0
0.0
0.0
0.0
0.0
0.0
1.6817381090591517
2.9245645862523264
3.6712472305865576
3.8482810192795984
4.727454410666506
5.562465074142929
6.209311279672405
6.553932358486252
6.678406692426655
6.835286608413876
6.965902181294869
7.071275273744814
7.152404164064725
7.562487162562745
7.856396404241724
7.955709810003032
8.163607288327375
8.455814630477793
8.686846485277078
8.873388775436645
8.952505914761165
9.13499133599713
9.240521134944375
9.499549685527775
9.857185350040142
10.016782396130926
10.286382322423606
10.429044578558917
10.533819205831527
10.378184399204693
10.471049996640016
10.252836302818702
9.162508256788763
6.867287651112431
4.921391941535408
3.9003119209834
4.63351200584351
6.680973079734613
7.461852865805334
6.76412022974224
3.423756042617388
2.1580235523762687
1.7997625956613454
1.4399582274018954
0.4930976149484192
0.8382448993807745
7.775847369106173
9.228935824500649
6.045887289422829
4.531462059240037
5.341549312703995
7.581160341012909
7.673932679802057
7.977481191336889
8.183436659818812
8.154207850538214
8.418430051212678
8.54513726224467
6.206031681777668
6.316449583952089
6.534116704767652
6.481124767160136
6.294586379416583
6.002074302451402
6.308329137810035
5.891926803842881
5.497824611312794
5.257287473291598
4.618034782224833
3.4980232806153606
3.8349809241026147
4.372228865036749
1.3240111824351264
0.0
0.0
0.0
0.0
0.0
0.0
0.0
0.469793146228041
1.5601177310024845
2.530922493277596
3.7570548003637
4.118598353151256
5.428088550429856
6.049444207251643
6.247497874471424
6.419341833767944
6.733981867444987
6.742935880496629
6.944592725532956
7.084626445018938
7.343369406095256
7.709028712481999
7.883671866470462
7.9069647040231645
8.093729509038022
8.21990945685968
8.290931378888331
8.620954572698116
8.606249927565662
8.923591893205487
9.008394655320869
9.250592937494007
9.416017604235108
9.730825716675824
9.891553725994743
10.051526747253895
9.879509351751407
10.041298613727612
9.865002327952945
7.732889588567786
7.458309631226407
6.723792567948847
5.653516828708182
6.747321035888583
6.438468986899403
6.36822201114662
2.943385791719335
1.4246688330430086
1.5033380679297297
1.467640610485067
2.108580112117247
1.9651161397962789
5.733064301915762
9.589628235654361
8.718217450379058
6.744157825100429
7.209365427263047
7.054384380082772
7.304755010843839
7.48173723162461
7.861636788254792
7.66624514886977
7.951724195821128
8.3496273449014
8.189640671995923
6.412054098922774
6.519252813657828
6.2890830259218795
6.383732360056784
6.109832373023493
6.112730122139216
6.068831019067342
5.541718878760679
5.3472755185316165
4.825219065098472
4.140164361432466
3.3450579660140365
3.8835977445617544
4.160335204766119
1.5565788017305227
0.0
0.0
0.0
0.0
0.0
0.0
0.0
0.0
1.080153859142446
2.9701232552473007
3.801758100206264
3.6858640243434255
5.006709556858169
5.802761438578371
6.363393878187503
6.453019204636695
6.728842691228903
6.6542939214498835
6.593224740597878
6.515303225008723
6.979238330435261
7.1172669310787775
7.167721847673414
7.706789257513664
7.784311042690169
7.968506438846375
8.156194335093614
7.980407543870853
8.04453489975822
8.204600538941763
8.223040408601419
8.45142992679033
8.813606604190529
8.964577403784594
9.471245976999322
9.526493391596624
9.748541724026214
9.649347841696086
8.76633066793559
8.071203729314636
7.882218067521542
7.429277196187508
6.855590569555834
6.0571869372814895
5.877759351876247
3.604299446937373
0.2505563446549552
1.6162232515329227
1.5033380679297297
1.9257815223529184
1.534657611011599
2.0044507572396393
3.8174992188707257
9.393750628578317
8.248296167283888
6.543944474126072
6.962516655928254
6.980271367168516
7.071876401688961
7.229564264035525
7.552203863118356
7.412589084539915
7.651792618100478
7.972674869940528
8.06945944997473
6.301874114261751
6.390378307994574
6.404766364077605
6.225894328620159
6.067198333933605
6.261478550378274
5.903680000832503
5.765975092588436
5.2410174430065295
4.855678800463199
4.320421050826249
3.2087195463323126
3.5521446024259955
3.788454523750309
2.3320239227101838
0.0
0.0
0.0
0.0
0.0
0.0
0.0
0.0
2.0743641634007743
0.9701238126296303
2.8707523182745547
3.4545968400977642
4.926260038065777
5.524988812777571
6.03890184702066
6.292819949010636
6.362986498011321
6.3420282498496325
6.067771386546248
6.285125392877535
6.681541520723396
6.839696239032922
7.015687319170005
7.449236967456766
7.542629316671495
7.610494745027122
7.636057431566208
7.545702560163162
7.250795418550283
7.420688746735849
6.136213272734822
7.295693246548406
7.959405692096721
8.551167679261448
9.133905252944345
9.315186621981592
9.314873850751576
9.13617342483182
8.29381506103453
8.216058528478504
7.3731947192021385
6.860896194934332
5.115827956097668
1.7628268050229805
1.9779884418126952
0.5047498493086083
0.2505563446549552
1.464003450486369
2.0044507572396393
2.0044507572396393
2.0044507572396393
2.0743641634007743
2.7002313975028462
8.785952857212239
7.345699632254354
6.587058138469079
6.810181122373628
6.819861667521934
6.75371971865195
6.9525510100207475
7.262696378179008
7.366594586378032
7.529734007801036
7.457685195016424
7.747565171449429
6.192051005870819
6.418865998741152
6.5411917740524705
6.413005768976357
6.141696879250662
6.137079972297005
5.9360420832573055
5.820275855963753
5.499649038506322
5.051774950185866
4.3792046703889715
3.1788909831826944
3.6799217081154874
4.307560250807472
3.6895991331551254
0.31683259081739185
0.0
0.0
0.0
0.0
0.0
0.0
0.0
0.4071540600643022
0.0
1.0239245329793325
3.209024272711809
4.428463293215997
5.2558052431912445
5.7773568334524095
5.859229586318829
5.786863995445063
5.370152851765962
3.7706055404750742
3.3998359375760305
5.5899041114773125
6.302230990531844
6.419936627551432
6.765639097337545
7.1266850776837645
6.869123259709103
6.970202312053411
7.143353123549147
6.560628313048306
5.942693345757716
1.2259179937511242
4.365197840821384
7.064909952045215
8.115435626095465
8.863843541532372
8.7977087423426
8.922393905474197
9.134672500299692
8.565452100607018
7.770915681604176
7.0310586314203185
5.958077786007991
3.682530600957833
2.9012807518040584
1.087428179139842
0.09395862924560819
1.8791725849121619
1.00222537861982
0.3758345169824328
0.1879172584912164
1.00222537861982
1.628616240257207
2.8348760517304763
8.570820749017681
6.72701020171937
6.2732642334204
6.695021109650409
6.840187867116565
6.719628522211194
6.98812624244871
7.010622931965185
7.009053569987485
7.121348062116315
7.365803495732599
7.552923422403835
6.095613779603249
6.141887803640166
6.271717769583329
6.37106374125581
6.121045003452974
5.9550612739212525
5.765690109166981
5.773767072967345
5.369853949246028
5.31932598982248
4.369349581049899
3.6188453273909285
3.164390218726372
3.888815721333356
3.779881614952719
0.426039345877662
0.0
0.0
0.0
0.0
0.0
0.0
0.0
0.0
0.0
0.09395862924560819
1.0195053500723141
3.504861028724662
4.943334655934696
5.455198623992648
5.553858352303163
5.326081856700594
3.3842435834016285
0.8870147605637783
0.46177807186654984
3.2131133485152796
4.873487266261678
5.732141712713387
6.009005161026478
6.213557334136233
6.357295730909311
6.589469866564604
6.021171253292727
4.842459288305991
1.25602304496109
0.0
0.0
2.454364426428136
6.916704134431594
8.425821222150907
8.773095803359295
8.705152033027947
8.65065037175485
8.087905707446572
7.069704904519378
6.286310732150701
2.8085408787930457
0.9512385268162704
2.750193756291739
0.5011126893099104
0.0
0.0
0.5127649236700995
0.1252781723274776
0.3445149739005634
0.6263908616373878
0.1879172584912164
3.692653711497557
8.010610843248383
6.106825422149718
6.349294243523955
6.384424371426125
6.444848254588552
6.4744318260984555
6.534116704767651
6.7926676968900495
6.757856720908363
7.241176854176914
7.183078137790003
7.188980515621618
6.163062507588531
6.234363886081193
6.2612406328648795
6.196570695238623
6.216887435937057
6.003458325190084
5.98254679070816
5.747817023728321
5.3517794225043955
5.183633130297791
4.178585957117611
3.8072433965749557
3.6648301259911094
3.596262090519558
1.318034789326149
0.0
0.0
0.0
0.0
0.0
0.0
0.48508254058692796
0.1252781723274776
0.0
0.0
0.0
1.220379529738018
3.56060407619665
5.492392888384926
5.367626700026182
5.371105323826912
4.033554773264115
0.4376709459657385
0.0
0.156597715409347
0.8179452801273018
1.684514883582811
4.488791334095355
5.122495654309062
5.378047015730733
6.003230350550981
5.958655109951872
5.1869953135529885
0.7575627370537564
0.0
0.0
0.0
0.3758345169824328
3.712966990202087
8.226543842543903
8.57024101130249
8.515948796001979
8.265417069481137
7.799586662829965
6.831265412462837
4.062140927261078
0.4224228201510767
0.0
1.201012848562905
0.6453174159949727
0.156597715409347
0.2818758877368246
0.2192368015730858
0.0
0.2818758877368246
0.1252781723274776
0.469793146228041
6.259038733540588
7.811493173772006
5.990588459810429
6.3641328826807335
6.199695616986082
6.343289803049417
6.383541156223151
6.616097420101583
7.0499658179829
6.965902181294869
7.032915643894384
7.169235338432242
7.301843210842534
6.081633103696401
6.162824590075135
6.583184305679106
6.4513502712607265
6.322093637374334
6.0537907106394
5.99005070189588
5.68543929655264
5.56270200188051
5.4213218502229985
4.619859529171022
2.6079992717434366
1.1044970486805359
1.879640384733353
1.9358903451685792
0.156597715409347
0.0
0.0
1.1431321803040269
1.7902610719378373
2.5161970313689133
3.3837805468482878
2.4311780914943335
0.156597715409347
0.0
0.6630055138079641
4.281961045175491
4.629125602704724
5.077353059308293
5.406408463874409
3.8361461918853137
0.2855130477355225
0.0
0.0
0.0
0.0
1.7560407957679984
3.7729327297417035
3.990442693970186
4.186419960908709
3.7011085197363323
4.415923937660209
3.956272338143243
2.2119687126307563
0.156597715409347
0.0
0.0
0.1879172584912164
1.7070570013762703
5.352899190534206
8.25585038601623
8.289741276821225
8.146306484644919
7.5807620989358755
3.865820190028046
0.5194200153951984
0.469793146228041
0.0
0.1252781723274776
1.251258946002359
0.0
0.5324322323917797
0.0
0.5011126893099104
0.313195430818694
0.1879172584912164
1.5420368934107744
7.637105272014949
7.454560458462391
5.573698455967437
6.1070643275461265
6.3569641065922635
6.2748644325016345
6.471450556172487
6.588467692604932
6.548479508897639
6.782429422619908
6.907746586441348
6.904758211431599
6.969710683969771
5.966057728008185
6.287295133789214
6.231462905627395
6.391856316981037
6.0746050275354735
6.147243715087053
6.107637380158772
5.857510428480897
5.820275855963752
5.284292277498794
4.5420370873268405
4.314415004124682
1.0887788936890395
1.8599318074674476
2.438170320119553
0.8842215262897385
0.5705282403589107
3.0324097275354633
3.4396886111927203
3.5089415205373338
3.9147919390014243
3.7703583768196536
3.9788110938821086
1.1595362255748316
1.0246967788203176
4.402018716420524
5.3060776334098385
5.67798255059434
5.646106146749259
4.589848192390901
1.0319602416129359
1.6980084959411454
0.7495063941480401
0.0
0.0
1.0114696414387103
3.4708175337032667
3.5067328529856083
3.3644392591359606
3.054786500373659
0.6300280216360856
2.715092613306387
2.69189131594657
2.458023337290246
2.149329626467017
0.34011642526565755
0.1252781723274776
4.331932972439804
7.160188735862315
3.975290968913873
6.6471858552555725
7.948030941903879
7.942048369879175
7.272018512394115
4.623282676382942
1.1330553579453964
0.0
0.0
0.0
0.6206116960939773
0.42603934587766196
0.0
0.4384736031461716
0.0626390861637388
0.09395862924560819
0.0
0.156597715409347
5.573676524872177
7.07784490176533
5.405471547511101
6.102663596935023
6.254666650559897
6.206305316681641
6.453996126643322
6.316449583952088
6.52780589192911
6.542550824282235
6.7293657095015
6.886342652952658
7.0663203864005
6.017655177439485
6.172390028299494
6.168299180834593
6.4725969408419
6.170804336289646
6.163062507588531
6.362867818698748
6.043897371415251
5.766744864135154
4.983910753308217
4.509793513904373
3.757190200801732
2.716441048314706
0.6322432961820538
1.3022251635337965
1.578546583179572
3.6932099997097323
4.156200160363141
4.649207300952746
4.3141092745619805
4.446828594586272
4.193744352626606
3.0239668900933623
0.7053993315219509
4.697515564962001
5.522397699807061
5.538993021638449
5.290628416803735
4.8557031635038745
3.038982625678364
2.7844245807951387
4.013180287233677
3.1199552872873593
0.777828639775621
0.9906464132608866
3.8291488602862698
3.2497952346230727
3.2580003448869457
2.1775990559223044
0.9565130016328648
0.156597715409347
1.00222537861982
1.9519823967078997
1.9395894079836142
2.8606251407276577
3.5302300074542896
4.549849893083268
6.825546570029328
7.267304902980168
7.422381137890933
5.2005439918474945
7.839797749651009
7.734167428207377
7.054597289150876
5.332293795117372
3.6911176421095635
0.1995694928514055
0.0
1.0684870311100625
4.796633266621908
4.39529573134054
1.4613968332749
0.5155787922162518
0.44013155223618045
0.0
0.0
0.7567821449887732
3.093528659342428
3.547388712325677
3.936159861490072
6.0007355538375915
6.226467381232804
6.102663596935023
6.240804933409746
6.309280807863617
6.513774712116171
6.538278958977109
6.80585573966204
6.881823522473107
6.972331952890109
6.116525314085175
6.198624988175803
6.50825340767695
6.287915179525746
6.137198931053704
6.340763185867646
6.136723096026914
5.968922991071406
5.530536638389778
5.145357721910954
4.764288423179084
3.8100457475585845
3.5798664062498227
3.6083028333743794
1.281197872175724
3.4613304136632967
4.628539029434417
4.6071707047133605
4.551562084062535
4.627150555909178
4.892932624265572
3.7171237522176708
1.8919413839245454
4.4545373084530855
5.542003862182132
5.505966536343887
5.164694456562215
5.278305023273826
5.66616836859818
4.7017582585976605
4.568888566494565
4.493994962463938
4.3098212711746084
4.094648930097343
3.1865594022627204
3.487370931001171
1.8335588703892498
0.1682499497695361
0.0
0.0
0.0
0.0
0.8769472062923426
0.5011126893099104
2.5190158405488914
4.643632453330878
6.521730620878593
7.0618571271398265
7.395565744650552
7.640449096502829
7.902120341925893
7.926092184340994
7.898591065931355
6.872270803910163
5.764595145395305
5.629402699489917
3.920689401814571
0.6269840508662274
5.0085827388104285
6.0378010159202455
5.885806915393844
5.833570387829997
5.590156008456998
5.345902092711321
3.6637249488007377
0.7073525033871826
3.3080002470634753
4.471777957604931
2.7985368990614914
2.1012137485801374
5.088179803531353
6.17149634765899
6.226824257502896
6.261835426648368
6.307849792001044
6.608377053127186
6.532087104895264
6.491607293104329
6.634368767870781
6.905359339375743
5.996073372759062
6.15082273069046
6.227538010043083
6.232133175825893
6.232609010852684
6.450204166035438
6.240329098382955
6.149341490365923
5.645770021874194
5.317738490366527
4.5418380613961284
3.8862998949296244
3.667345952394843
3.854900171543014
3.856150222892963
4.133072360625018
4.477113667060963
4.701770948471864
4.687930897979204
4.945761610536994
4.864451719440516
3.906044589190362
5.234266132095166
5.705658819665224
5.700067699479773
5.380885889767567
5.718516923300814
5.9153919992428055
5.9441425800116985
5.611780231189937
5.613214405606414
4.839992327312595
4.518102012675945
4.422522518443553
3.282997424247313
1.9095240150846242
0.0
0.0
0.0
0.0
0.0
0.0
0.0
0.0
0.27386081337533336
3.9819595489487454
6.041248284694582
6.8046912081233595
7.197412565231404
7.558334172151806
7.683200117004261
7.806847840792487
7.401028438028382
6.779942905513119
6.409714615904183
6.227181133772988
6.249690771054904
3.151767288696908
2.376762850013713
6.419804394618281
6.743468664825332
6.20328860880922
6.131933316449036
6.017201083583538
6.236583851454834
5.116197546687774
4.113127200868044
3.187749784818304
0.865997099117511
5.182632631730266
6.098965622574919
6.180921085955804
6.4598311044550725
6.377017677824259
6.376873467114517
6.519321268508437
6.614449948452332
6.664018636343624
6.7809009097273565
6.813485524568322
6.218152499919043
6.1914779532581745
6.177735194864721
6.1986249881758
6.19145621208733
6.473047523915646
6.326099398599397
5.933122592970739
5.52398519926301
5.140920515089428
4.7748308919482
4.516315487289287
4.128835280763748
3.130692606462511
3.5272816603690327
3.978978212863438
4.236895081699859
4.92673933410331
5.0185843065230875
4.954269135239274
5.1949795290369085
5.4526291776796265
5.653037005324334
5.861861007414207
5.8947920669061
5.715244632289706
5.844794816556035
5.650314233971841
5.812510494308608
5.5436316697629495
5.474166772524348
5.118247648348164
4.361952373494171
3.725503952835226
2.1142903862980007
0.0
0.0
0.0
0.0
0.0
0.0
0.0
0.0
0.0
0.0
1.2587913947524842
5.685073262506516
6.485121348933132
6.888744922151989
7.339101153184358
7.635855957328315
7.693003309137891
7.236367232373081
7.292422861416983
6.8143717532716686
6.8621645518608165
6.90301069881804
6.695892973454936
3.2461607969049546
4.3846500454602575
7.0222853026725485
6.791903440443774
6.7812830379504945
6.506368018514304
6.767922407780179
6.621525017737151
3.801827876294482
2.649765939336042
4.506536611139407
5.763540390427132
6.009578213639122
6.171258430145593
6.260883756594786
6.261359591621576
6.220131316441216
6.458472054225308
6.863025835771029
6.841443751646482
6.798924881086965
6.772942625239564
5.773821300190693
6.0711667118596075
6.102425679421627
6.254190815533105
6.4333225096747935
5.872464023632989
6.093991839351171
5.749444831309138
5.656763390191387
5.221820174875883
4.635759654379469
4.356447872142676
3.7021321601960593
2.1375742207462674
3.141294572376918
3.8932900486848627
4.065582190429306
4.751403260119636
4.708690973718197
5.049627927829204
5.434274389885438
5.487232329101393
6.022101182175463
5.7125345605624975
5.929431852710091
5.971009770061087
5.9204069810458755
5.750471977777728
5.904707147301094
5.673205386983306
5.022073763652564
4.728881022034658
4.006715740391098
1.9273499458081595
0.1252781723274776
0.0
0.0
0.0
0.0
0.0
0.0
0.0
0.0
0.0
0.0
0.156597715409347
4.409493393063771
6.34210021548244
6.994540991910223
7.375485339219397
7.346322015425027
7.068781367646627
7.082005176098598
7.286643958575173
7.138179236483826
7.275594527877389
7.282477321048372
7.185044650124568
7.3408397343170915
5.518010308793589
7.227825682902789
7.152626004613652
6.835199039846132
6.633977180751448
6.685415353513368
6.4401344094931705
6.386646834821669
4.158751367598997
3.7712434882144974
4.489183738014741
5.4038173509039
5.771050168943589
6.196451736481924
6.295300131956769
6.219558263828572
6.52780589192911
6.781928335640072
6.83991523875393
6.926559295277153
6.766785482006959
5.6185282899294196
5.794349339678758
6.182730719259315
6.217341529793004
6.03775574179537
6.099895551457655
5.9877114983214135
5.8609487441567625
5.460943069217568
5.44486667209684
3.7199149745718003
3.4214413401202006
2.3273169821541906
1.9976855056076603
3.282330504699164
3.819161521242928
3.795898321066775
4.028728889217302
4.238918854576756
4.064941835412922
4.892503922947217
5.042683539542196
5.614462694417564
5.7961874562733895
5.966425349159935
5.802517653736239
5.6968898444955185
5.9008147377692834
5.948781228136198
5.4512883191381665
5.268371572993794
4.80055249198575
3.9677685377932876
0.5011126893099104
0.0
0.0
0.0
0.0
0.0
0.0
0.0
0.0
0.0
0.0
0.0
0.0
1.1351284372040982
5.861735669521317
7.005339545039358
7.20482559299393
7.34707734039048
7.0330251437548865
7.120101109067218
7.241585816599203
7.454348254642953
7.4203015748642285
7.163788823004281
7.2008539618168985
7.219654489346894
7.15633718873386
7.171201850766807
6.8796402529947835
6.388611161418603
5.506827333620752
4.58948241880088
4.856761976678476
4.67118082119005
3.311965773917685
2.193060513004408
2.90607815871227
4.181467928433383
5.64194920098029
6.232944145951931
6.357558900375752
6.247234705004986
6.426510609856415
6.706878478881218
6.436915222053805
6.5468320372483895
6.819479539298796
5.159631358495646
5.737732832898836
6.0760572537172335
5.875264555162859
6.287482826840645
5.834371415081748
6.123694090173645
5.8228561356055195
4.947919137415473
4.444499092146671
3.429770256016747
1.231591637280679
1.513948920379257
3.7278948784031702
4.615957426686801
4.54288258379914
4.910097973519493
4.979312404254319
4.7941849400555165
4.268845168235204
4.3288698630034155
4.250695897934408
4.7129765345705055
5.053142835360288
5.489514002613571
5.480626762072639
5.755344467870072
5.642640222573812
5.742679997398817
5.456680854093001
5.213162350324246
4.038959313813563
2.6077156886161914
0.0
0.0
0.0
0.0
0.0
0.0
0.0
0.0
0.0
0.0
0.0
0.0
0.0
0.0
4.898501227827747
6.730609121634851
7.204336805738209
7.222343401794856
6.864932628811065
7.014991713499083
7.120255306088525
6.988179871090338
7.093626697720808
7.055030205187719
6.554701850908484
5.780068522098696
5.560727326939952
5.116127918031067
4.428374056922716
4.3349042862883715
4.909585864946851
5.841610000207228
6.908141936071219
7.329982469141158
6.9043673412105715
4.173619371841472
1.6495952745247369
2.713505653676757
3.9718109254892124
5.5201817399954765
6.058310400007201
6.3705879062290185
6.6651650210130375
6.466260876050312
6.426748527369811
6.3705626542759735
6.384211705865774
5.0586949754321955
5.500795143731612
5.654901740642729
5.768894582875003
5.683144099653689
5.798625244204429
5.634058023463891
5.2794675142834
3.910542345579662
2.9759296620570677
1.5214825993789938
2.7751322586599634
4.1764311175680495
4.842083814653676
5.2395937731118725
5.064296928946393
5.056687748403076
5.2055609779195615
5.696885868271328
5.593578768435219
5.698880395675164
5.603232398362791
5.697552236758991
5.526293064732591
5.593829241264154
5.187143368593536
5.086192554489428
4.8724991903362245
4.7592243168538495
4.574402230862365
4.014758019541561
3.1313477309079008
0.7669584283237522
0.0
0.0
0.0
0.0
0.0
0.0
0.0
0.0
0.0
0.0
0.0
0.0
0.0
0.0
2.8613187454479374
6.135385851587924
6.2442075621140685
5.9882904625362885
5.505294151483484
4.682765739811191
4.4995547186121225
4.880782675258869
5.157109564356407
5.09833726403278
5.4146338567951995
6.19118975754226
6.694871893144283
7.0350063699626055
7.233274387409001
7.198508162087112
7.102058747330595
7.110712637489306
7.445166956978306
7.495159934258691
7.507563615045509
7.256814038644978
5.260513429117063
2.3620549492550684
2.036300002959038
3.2769609761255687
5.116239404006111
6.162426515225722
6.31692541897888
6.206864393074553
6.626927363419674
6.562222267291093
6.2667874687012715
5.264218331866675
5.698727961090148
5.442208861975075
5.663341448041923
5.6515006473219955
5.236593765896933
4.564662818900469
3.531246104511711
2.55928124825873
2.149884672382101
3.230947691232342
4.793342714894719
5.132671584782215
5.600027924654769
5.455446385058972
5.527642646675142
5.62459802670066
5.60103153816933
6.088228827172228
5.971842481357972
5.943881129544273
5.625408007050884
5.916689549277295
6.239420910671062
6.224297360876999
6.226824257502897
6.39221319325113
6.409311025954327
5.817644434868376
5.618975017792519
4.39116331529288
0.8171632572189814
1.0685016247822567
0.5011126893099104
0.0
0.5011126893099104
1.369304066876666
0.0626390861637388
0.0
0.0
0.0
0.0
0.0
0.39112391134131974
0.156597715409347
0.3248476651788831
1.871869487535526
2.1834935259486135
5.1488052040295
6.819426178623231
6.918078285963595
6.935381165136531
7.158934874547176
7.291613503090057
7.293122983321017
7.723087603491539
7.734431125089185
7.757300098963302
7.806479874909705
7.773026817194656
7.9156316555658
7.803117260659259
7.76812628989187
7.889816380098173
7.6008524783462335
7.7623296100311
7.453628695357483
7.622203894522515
7.786199011390922
7.6015809553702125
6.455252701986718
3.5886386088990108
2.2359520328988935
3.3774575741466473
4.405714885763383
5.96550820834957
6.241723586559169
6.5464751609782965
6.4526875803196475
6.199933534499476
4.7795169471969885
5.029427374990922
5.064611387163968
5.155033018496012
5.246294104974404
4.062977030533856
3.3806454921722575
2.1374916836578177
1.5399640862852246
4.0192937116186975
5.060282474888146
5.696290173159109
5.618477148475808
5.617042974059331
5.728743605841028
5.659825372188683
6.031181759490388
5.887891975384511
5.798625244204428
6.056710200925967
6.031181759490387
5.936139300843158
6.162107326752749
6.349676371747094
6.3973309077404945
6.423554591883491
6.356845147835564
6.28955886094867
6.236605872069806
5.621251061281912
4.692808161965802
3.6741603867691413
0.09395862924560819
1.0961840078654281
1.2527817232747749
1.6336476628902048
2.0801157061257545
2.434780771386202
2.08451425476066
1.9621324880677846
1.36778128960425
1.9326797164468488
2.8082619994689706
1.5054318163838996
0.9235561437330991
1.959236082433183
3.517413838232106
3.4462459939996593
3.0100068628376135
7.84731263982745
7.903471432409844
7.899241407410905
7.589607071000666
7.634211553393531
7.774606553365365
7.909467855873302
8.156516311927295
8.21922184620151
8.173021331079012
8.378960216708508
8.467333895741806
8.27769952726049
8.410948669186702
8.19975286289158
8.239275685504756
8.158633915149029
8.150246814263955
8.151034013327942
8.130614540200202
8.279369651272122
7.905799908576842
7.2797172557539485
4.539445610585676
2.308181605425682
2.484059137468325
4.033815799316233
5.2164323532356835
6.107518421402074
6.299725835076792
6.33031130110224
4.467083914831854
4.237874332173746
4.651295827680714
4.487683186199668
3.5571605315296293
2.7946421018281637
1.779313264031345
2.425237698758766
4.198810411306291
5.349136878015085
5.842956699961404
5.560358649976319
5.907745596344358
5.701525406850282
5.612743536579631
5.8837308812858184
6.128548914640696
6.109987049170767
6.288034138282444
6.267241562557218
6.314376781182137
6.424412555133419
6.3298354660754494
6.377612471607748
6.438919569973149
6.345005729549276
6.253927646066666
6.527160594239532
6.043709678363819
5.1935775257997365
4.6486908561913465
4.265221653226778
3.0809013872073923
0.46341538668444604
0.1879172584912164
3.00484080186033
3.29892381694079
3.4086950891202052
3.1467665033795167
3.189923989270588
2.947930957789041
3.5835443258126047
3.851269694227361
2.9239247237079176
1.3066649807129271
1.3496367581549857
0.9582122192670989
1.3693744512764046
5.5626135589401855
7.778390407549841
8.050602054350902
8.169350163749383
8.146374057387371
8.066068886826374
8.111101899899456
8.321160268669312
8.260817695829429
8.520310563495649
8.486604991223306
8.380794272442971
8.530937410858147
8.542170204778039
8.567763838501298
8.401601739493346
8.576577226538399
8.66410357603074
8.48495943972967
8.59818164600739
8.682557435065654
8.676779874774454
8.71896638294451
8.394678624725145
7.589355056886566
5.591332765784841
3.125394009964417
2.840542666913932
3.689475296676271
4.930098811921056
5.735138634158589
5.953131807069506
3.8272980444533844
4.179630479520622
3.6609131240955612
3.3633246082240422
2.8695320163522746
1.7567908182192875
3.034338135449475
5.096778939045183
5.580272438272422
5.923207512575745
6.164230353984665
5.846513974393966
5.786482684892209
6.316211666438694
5.888155144850952
6.0307276656344415
6.08789369207298
6.198289853076554
6.109021402897454
6.494629608040194
6.438944821926192
6.404622153367864
6.432370839621211
6.412767851462961
6.452518117656859
6.433560427188189
6.439251194290197
6.465785041023522
6.040523787272738
5.610593817839782
4.760868359584049
4.220924554698309
3.7920657960831545
3.76826447543385
1.9666226604351833
4.3199447154018324
4.298030397491989
4.38298410259562
4.711076039367267
4.4696011391288755
4.687720700858559
5.01788129270725
4.918209125430612
3.830793121331005
1.183622717203531
1.7706460418967955
3.260262499029284
6.518310048606623
7.480163581600758
7.968624541794683
8.165163024218979
8.555574373279999
8.465190308081475
8.635176252580049
8.585574701021805
8.654213958579199
8.595155024033142
8.70744930691979
8.808605029283099
8.788608154197776
8.823871963982127
8.76921722566986
8.808757449816184
8.832528519395472
8.900960624220959
9.008264343920427
8.899231655753633
8.938956246983494
9.080403607582362
8.914769011875558
9.046300144396424
8.901997311154306
8.444938211182764
7.842594214951976
6.308405169440275
3.7069201580896736
2.7262081564827274
3.5247877313720393
4.382363697053879
5.137164655426251
3.522823056721359
3.7792033496279345
3.265918854882118
2.294933324791822
2.17919300409825
2.6396750942424685
4.6747193705377725
5.590516786437926
5.550779694456391
5.9961352590943315
6.197381665364661
6.040891408424489
6.066171187465015
6.000690279712718
6.106134398663389
6.226348422476105
6.20522071165163
6.295538049470164
6.109832373023492
6.377875641074187
6.452874993926953
6.4787635429707
6.601972533484991
6.484429058119663
6.944974853756094
6.659730977981647
6.722149750167223
6.527016383529789
6.321949426664591
5.9965129595436215
5.797085800432353
5.346584624210684
4.692671781462995
4.01810523640915
4.887496679648888
5.598217416559719
5.526759112069112
5.91253847083706
5.846757759236098
5.88260830901456
5.834710625726549
5.893645961680813
5.720287222592358
3.886672213544566
3.9850326001959724
4.188896553054326
5.329846296997201
6.7678437706932595
7.715868471886071
8.345399491686175
8.46540187290405
8.55529605343714
8.773107826180764
8.959053050047798
8.779026874033487
8.82104019128108
8.7632260852971
8.880039669156538
8.5606812472525
8.711577681095479
8.93662383679548
9.071186000392624
9.053195463516479
9.12325123958669
9.364663312158457
9.194004650636963
9.252517986473883
9.26996235880203
9.30030047601499
9.171262032498014
9.378503289781936
9.08737893827107
8.715935068242358
8.549416961399697
7.92164455864446
7.020463542695731
4.666696504670231
3.4199934749817094
3.1794483086386545
3.646447454480559
2.9922280563175097
2.936237454884628
2.1865085926398713
2.379659057403458
3.4535701473767464
4.381863742617523
5.56470922890963
5.615829051530954
5.941969328317821
5.7362475170287475
6.049660383594194
6.122742420120065
5.974763763427724
6.116287396571779
6.107972515258019
6.227062175016291
6.122407285020814
6.533734576544514
6.715864189281726
6.554934532445924
6.830876977794829
6.425032600869952
6.3828958585335736
6.652646449800635
6.5762281951509864
6.69481458232597
6.593988997044154
6.661343738781658
6.81037487014159
6.471807432442579
6.519036637315278
6.441625835811114
6.235964085162426
5.972104833154126
6.052315337643599
6.260263710858252
6.145762474762515
6.130387031235324
6.275459226285122
5.96834993845876
6.295894925740257
6.350364872334236
6.463899651860877
5.917984013542046
6.10752916628373
6.461616341418243
6.844782557530504
7.055724756027902
7.9085414506880065
8.20916690564322
8.631937794685477
8.854589919826495
8.819887130074665
8.970553688672833
9.204894602286487
9.207673212969642
9.203871820736644
9.125940641991942
9.256673286144675
9.269890266281992
9.146299343563662
9.18944991643213
9.411038440526637
9.208498647461518
9.556203989629616
9.32915694409074
9.715171396790545
9.719223559262245
9.54757216338616
9.47164067111525
9.372076668615103
9.19340532407108
9.223339265758316
8.863355571172844
8.476425603621768
8.028235621983491
7.083012098901949
5.311428035756548
3.8636257387527255
3.7054458236778243
1.6278754858931117
1.5812665484523554
2.3066268276962347
3.1223017877496266
4.141143611906352
5.078664322106194
5.431263549341755
5.718568064754426
5.803979436652298
6.044072349178481
6.170989933059834
6.093299827981829
6.192645799654309
6.314802112302839
6.370443695519276
6.377255595337654
6.342431839799489
6.51303570762294
6.351341794340862
6.29625180201035
6.587058138469079
6.641553337016102
6.598439672673097
6.7852010404859
6.629959137251734
6.8807866376641975
6.672718938825019
6.880295009580556
6.513918922825914
6.588705610118328
6.843504741707825
6.647610439284398
6.4194607925246405
6.73107851126582
6.581392623320115
6.528306978908946
6.426034774829624
6.317758130275764
6.510668149272848
6.593760538426953
6.75371971865195
6.7068973966736065
6.919255767375134
6.8891142708186495
7.198887449482331
7.414472225964466
7.711075287443528
7.826533760412831
8.270744767475849
8.549681846650591
8.700623207018449
8.89949316516779
8.991426899994565
9.276386434994981
9.114587082336948
9.141239231488962
9.267255206982297
9.228755131758975
9.447032142114951
9.471835757326312
9.556090826304462
9.566045634227844
9.453958165051006
9.703882010606986
10.006555997059378
9.622245219942352
9.834727782185524
9.874467381648001
9.561985141326288
9.489541738550646
9.258203641008624
9.267847248156183
9.349810667477996
9.042972190534773
8.569770211109875
8.291018692869967
7.936051946415708
6.936301809480381
5.943443149631492
3.9453965110779996
1.6475427946147922
2.377260353949352
2.7848822138348432
3.831907772242924
4.498891214833372
4.7985287191088535
5.264791384479317
5.797476053209404
5.933297570733968
5.882195413737934
6.419460792524641
6.161343349750599
6.254071856776408
6.494034814256705
6.3346432974186095
6.150249678077815
6.230417249326035
6.38392328444629
6.425414729093091
6.404095814434983
6.940183094913909
6.811521254811005
6.748752051751156
6.6814225619666985
6.722650837147058
6.7603557104117185
6.808912765447144
6.795671094033526
7.040601300019541
6.879421253273776
6.751514210720954
7.058907358637978
7.048873061955117
6.781173538089991
6.8823151505567495
6.879966509999046
6.809185393809778
6.638997398210835
6.831136826600985
6.775398523080523
6.982842855522883
7.109963403176759
7.406159312944674
7.4396520790317515
7.492795193589408
7.891025768230061
8.084921808329504
8.148251770112655
8.643193686634834
8.85431159998363
8.895202877166188
9.134925489520308
9.268590759762152
9.268078096500297
9.268785561846242
9.404958091875976
9.310685049794637
9.576200930117595
9.625390999555934
9.670785172974746
9.614995709257528
9.55734769156499
9.891295917615839
9.789391683998758
9.955937905833085
9.794439509100505
9.788008767390059
9.796710830596538
9.62803401167618
9.522076889295358
9.33937767209857
9.24490728295927
9.042110709782879
8.999621725634462
8.73477980753034
8.505533513462058
8.064284505248002
7.720043976568898
6.998044948618165
5.972952367703607
2.0218339000526964
2.91303615752481
3.16503008127078
3.5123061075452
4.188680981275843
4.781467630951863
4.992642004843071
5.292157027247066
5.689504892064496
5.848233132231898
6.239828011403119
6.092272681513239
6.329453337852311
6.344529894522484
6.289320943435274
6.667153464640364
6.425771605363183
6.674466451438578
6.710555550402854
6.732497524297869
6.936361812682529
6.843723741428831
6.8436142415683285
6.7414485238491375
7.017215832062557
7.032696644173375
6.8530474103070445
6.973418618264992
7.318861507083413
6.904648711571095
7.035740890402003
6.956477944036976
6.848637779687998
6.937943954216709
7.1025442847613345
7.014117957192306
7.080420791987171
6.9822417275787405
7.316367600985224
7.19885452463027
7.275750927719259
7.417424835294235
7.737406380256956
7.7316262356563215
7.872822418076596
8.08814233018999
8.42635476380716
8.484863936799055
8.797978181920604
8.93905617496248
9.351735716457867
9.181065029126259
9.133205072990389
9.398959666111221
9.54264554279692
9.630293046199267
9.692524648307304
9.629671549624948
9.830316052062027
9.776230442612862
10.081642991032151
9.987534593571956
10.286204873771268
10.131804654998945
9.990169677921298
10.051773276822523
9.977308194500415
9.909080552716507
9.915381197193053
9.756288339734015
9.386731966237605
9.28901108983142
9.146573523559784
9.087614876562926
8.837550685008125
8.610372651860494
8.205217418470728
7.6331567658662935
7.185044650124568
6.610591353588055
