5.27261756202325
5.271183387606772
5.163117790435009
4.815007600394711
4.105671241542765
2.3213566170582878
2.345899542323259
3.346172616925956
3.682321505218675
4.848744916698013
4.582455405519288
4.303643248911924
4.1906394822236175
4.187399211382594
3.793064251539848
4.074697964113648
4.178566752134806
4.022264342374722
3.8404662204713063
4.330688050545592
4.612503230503742
3.8080872466108113
3.7493244784673374
3.6774409765530756
4.376395816389109
4.216705033383398
4.359993872546399
4.157114138907904
4.284510424965049
4.337910595211285
3.929482342546173
3.0890711118323457
1.3876708633057788
2.0310297026641755
2.5872475841597797
3.8838794008298314
5.953385970017537
8.642367412579514
9.787125382908124
10.334505710985129
10.84532397233224
11.445476736056483
12.333889631590797
12.87977825234507
13.459633915844131
13.778174262937695
14.170020731366366
14.067717483725415
14.13815821527606
13.966138556387383
13.542187688014016
13.148950229632833
11.940575079962224
9.398644028408034
7.148608732950391
7.063135905886822
8.990533393463462
11.41833771226418
13.264757603705318
15.1540883057367
16.44590031241646
17.043441899739086
17.52869419859117
17.95130133021012
18.04807836353171
17.908870031064378
17.792457822530938
17.81928356541373
17.61408896076429
17.36898843527902
17.160798888474076
16.489985089946
15.995840682389895
15.442127499071631
13.481290812055045
10.243634797698295
7.921778915133184
9.575592238355949
11.484837462310782
13.52281468225293
5.731375026936404
5.6030899066520625
5.912903069858157
5.738878938124124
5.711951664396926
4.425943651124954
2.870958229258371
1.72183411513872
2.64693804805495
3.813859067559398
4.286390952017124
4.083813737797993
4.292011648823849
3.960038215896926
3.6357951048663684
3.638581732146165
3.525609684001155
3.4053924049286746
3.2697144820634705
3.3428480353276853
3.798127622890611
3.544414280529634
2.5765795744424613
1.8424797732917362
1.3363379408897056
1.0311575844325032
1.5508229315521747
0.7874603946828959
1.743159372950409
1.938566380804188
0.954093663906648
0.0
0.5011126893099104
0.857401270730825
1.848814722835611
1.9042777770331445
2.4594277613634192
7.1818215353184405
8.85085872891573
9.499613224177194
10.049421061879977
10.661410199143388
11.090683628427243
11.482389523582372
12.141961144232216
12.486275818754795
13.000436630455708
13.029438207880993
13.346846105865193
12.95963255245683
12.034538052469621
9.960552669917295
4.228743628760546
0.3330047469726493
0.0
0.0626390861637388
0.8165440289466847
1.363363537540569
2.5725194812569505
3.780150418782761
6.485500849340349
9.702051529939771
13.03311779622689
16.572761384811727
17.788602453290025
17.830831301940446
17.96734490536536
17.61167550614804
17.327516654366345
17.031420749041867
16.02288072668779
15.851938427222489
14.943864193599504
12.7617347855493
9.652756241158848
8.803518315098074
10.635102974285742
12.869085269537445
14.259272712451123
14.616937339115653
5.628324411567715
6.299462945054477
6.266192674917782
6.107215845139495
5.9416812591266295
5.754538319434291
4.654182410485967
3.384607070551085
1.6627909204294538
2.0861722038506696
3.21316655517463
3.370075679646517
3.8303711963130764
4.020727766444876
3.5172498021617655
3.2121138070790467
2.877976283083685
2.6649175053273138
2.3363410564172398
2.8967377632643694
2.6085140183432576
1.1223848822204088
0.2818758877368246
0.0
0.0
0.0
0.0
0.30518035645720276
0.6263908616373878
0.1879172584912164
0.3758345169824328
0.0
0.0
0.0
0.0
0.0
1.8105817615016544
6.7410970489058695
8.225293839081925
9.001033469068167
9.316031343101494
9.818628248668151
10.508309468301762
11.201436277556471
11.863109574655416
12.192567513330252
12.700118506912519
12.855420869168919
12.798347501794733
11.656302924332607
9.431501805417334
5.262265773002368
0.0
0.0
0.0
0.0
0.0
0.0
0.3051803564572028
0.8798023433827199
0.5950713185555184
0.5011126893099104
1.4498430843063541
9.7657035407325
16.93679272388347
17.491910998786636
17.523522115008788
17.311742907835654
16.946420555398536
15.682436730972809
15.294182626677179
14.342881264211853
12.030119833159329
9.403383427216557
9.840392782141027
11.691737150216795
13.74000434110389
14.524858318701616
15.269161751957094
15.443527042089348
6.370061567296138
6.268528367710047
6.397143494133188
6.418076490341832
6.2198933989278204
6.315616872655204
6.0304326756996165
5.235988542104982
3.5696710081359115
1.4033755756883506
1.4696724561228989
2.934093169799041
3.477411307280971
3.8369394250503905
3.1666195205502095
1.7356420007694162
0.2818758877368246
0.0
0.0
0.0
0.0
0.0
0.0
0.0
0.0
0.0
0.5011126893099104
0.8769472062923426
0.156597715409347
0.0
0.8091069143132651
0.5637517754736491
0.0
0.09395862924560819
0.156597715409347
0.0
1.6658821211571115
6.449760835113534
8.228638214922478
8.950934242165273
9.604686245080213
10.173592161357082
10.946756304183964
11.476694452948191
11.894944973216495
12.20765966921294
12.719453920342142
12.864921655231438
12.580582146072363
10.071117331687345
4.607843734056002
2.3572568301907535
0.0
0.0
0.0
0.0
0.0
0.0
0.0
0.0
0.0
0.0
0.0
5.152765589385644
16.614163018850014
17.30582301729476
16.920226669857364
16.709390942150286
15.356371895868257
14.676243185403544
13.256031751255641
11.026895286292659
9.069445066460233
10.371585046498625
12.729394007037973
14.509332602700269
15.3277293365073
15.581034190335798
15.808756125795833
15.993005885744166
6.391856316981037
6.562272771197182
6.4589478892521
6.493339012661037
6.548648971560426
6.534617791747488
6.08674758684769
5.7427478147019055
4.874924465868266
4.191056550661757
2.034439299446662
0.2622085790151443
2.2898971931533825
3.1084821543819383
2.621916006969099
0.9002516750127209
0.0
0.0
0.0
0.0
0.0
0.0
0.0
0.0313195430818694
0.0
0.0
0.0
0.09395862924560819
0.156597715409347
0.3758345169824328
1.1689525511169405
0.3758345169824328
0.5011126893099104
1.1275035509472975
0.1252781723274776
0.0
1.7017964961147327
7.700193250004288
10.02257696820521
10.820635002177697
11.587676142330814
12.526684436466443
13.497247877547649
14.204606765327007
15.236397163508121
16.1634848743428
16.87809096544942
17.56393182752758
17.696597717253574
13.259320140755745
4.881426916824442
1.6869919496036332
0.0
0.0
0.0
0.0
0.0
0.0
0.0
0.0
0.0
0.0
0.0
6.392810427581516
16.341202948493613
16.504061544613954
16.112983045430237
14.610123892968724
13.8090496033513
11.8956854080203
9.43455214777718
8.910094988692173
10.905821636956441
13.079946362618758
14.51819379465755
15.370638260255745
15.69575675260913
16.17264714761091
16.59014797316688
16.78828396744046
6.686824907649222
6.690119850947721
6.668155638600036
6.4790014604840955
6.736274636783814
6.53397249405791
6.391499440710944
6.05993234025928
5.402824570718082
4.7831011691602425
3.7772448486801595
1.8279127785657083
0.2505563446549552
1.6765369032438135
2.540288463631438
0.156597715409347
0.0
0.0
0.0
0.0
0.0
0.0
0.0
0.0
0.0
0.0
0.0
0.0
0.0
0.6577104047192571
1.009499698617216
0.4814453805882301
1.4712777704837654
1.5594365999138504
1.2527817232747749
0.0
1.954798462975709
8.510591808779317
10.576840607992155
11.732155918342334
12.47433198213649
13.448463857508646
14.388850708218795
15.642121691249987
16.61036154434156
17.530559367969232
18.861935807150328
19.900768604607453
20.91256068487497
16.664036709780937
5.563414764254758
2.3924348763879717
0.0
0.0
0.0
0.0
0.0
0.0
0.0
0.0
0.0
0.0
0.0
3.0952000744970167
15.202104268753907
15.072593051130191
14.324855675700872
13.242183357271399
10.43552550964238
7.634562253125076
9.038431157940133
11.527426856030038
13.57458130079797
14.529680150833734
15.300746207379815
16.102508910407646
16.499416255731493
16.923768149766996
17.078949908191895
17.208392772958657
6.539255880983736
6.756328208015811
6.780518781504218
6.7748532663552545
6.4676199262800775
6.567794075636403
6.621023930757315
6.218509376189137
5.261301927349841
4.70612422378836
3.902943942842359
3.2222088312372774
1.9860951740638084
0.5637517754736491
0.9395862924560813
0.0
0.0
0.0
0.0
0.0
0.0
0.0
0.0
0.0
0.0
0.0
0.0
0.0
0.0
0.0
0.156597715409347
0.313195430818694
0.5047498493086082
1.0910034363222019
0.3445149739005634
1.0371820817003874
2.9990090920980683
9.162504539586756
10.874739488719895
12.152255546901259
13.04497807265006
14.130670963011989
15.596053189170158
16.69649593676036
17.66324309129768
19.428387628784986
21.088481424475
23.225626697624975
24.771844188514827
21.245131107401793
6.587825851605321
3.372223102701309
0.8614991918191632
1.1783524169086679
1.6720857624370256
6.055709603560016
3.962740497411272
0.3401164252656575
0.0
0.2818758877368246
0.0
0.0
0.0
0.9638689118853013
18.42469852774165
16.033039664530975
13.471533760262046
9.772747321331169
6.341712251130231
9.566063489595116
12.017153509856923
13.70564001814923
14.251670220699554
14.825662273502827
15.712738148784075
16.47469467534543
16.810893426247816
17.139817856028902
17.461033312314605
17.274175911736283
6.797897455174248
6.8169677702389615
6.757474592685225
6.799043839843662
6.688701307481715
6.492531553317198
6.412648892706263
6.192288923384216
5.460943069217569
5.223782371411244
4.112593952886133
3.157299759374419
3.029269621317128
2.5754102408889046
1.532435347919313
0.0
0.0
0.0
0.0
0.0
0.0
0.0
0.0
0.0
0.0
0.0
0.0
0.0
0.0
0.1879172584912164
0.5011126893099104
0.8448869088463783
0.5047498493086082
1.1990749061984416
1.8882901727719459
3.3846039062847852
5.466292994781056
10.29862240529341
11.772149938057865
12.98824914911887
13.752930699679379
15.234551635841832
16.607831724547935
17.70613382015355
19.26303220653559
21.590435409590906
24.09802943735207
26.207102719546743
28.099732278155287
26.674218609322356
7.84863260021901
4.682439278117665
1.5359487022853362
1.4048775657570178
3.793326920451692
4.7617901841679675
5.452908682979493
2.7013268189748576
4.898184152327378
9.774882404832763
4.242810038480534
0.41079122006300006
0.0
0.4653739633210226
19.106548341280828
20.627785521770996
17.705656006867315
15.185996218797795
10.506223975403156
12.557402614395976
13.808285499934074
14.460411455128837
14.534889640905364
14.60087120475957
15.669412286346075
16.752619163458423
17.19819233969635
17.37711993805151
17.5027043844048
17.58136008232632
6.833375967298187
6.75367856240689
6.941479828528975
6.6416722957728
6.70171405071209
6.412410975192868
6.335288315664063
5.928544039398322
5.445256924873889
4.75973612193188
4.027885039181445
3.338389431680011
3.4967732292654095
2.6290980900535432
1.7382907951386686
0.0
0.0
0.0
0.0
0.0
0.0
0.0
0.0
0.0
0.3248476651788831
0.7384733880601478
0.8199564914930212
1.8185007804769684
2.5955677989187658
3.5568187483007145
4.629233686121473
5.252021241542723
6.0378353457125575
6.546752041077041
7.331669021860283
8.365628041012375
9.709120958222094
11.14220262491644
12.394869659687487
13.591583937857033
14.687026987243678
16.217970704601832
17.234016010571597
19.114210877107105
21.49305298037356
24.116093837319266
27.081771159262
29.15169184622798
31.99810666988116
34.237503583471685
34.13215691885662
30.696852284356353
21.560562519020642
14.585241848733727
10.17193457850893
5.5187799220787745
3.0511048866068373
2.653745200562183
2.8214585644477315
2.3154159656367335
2.2370970979697233
0.539685918117063
0.7139923656115137
8.85251457789621
25.181190522883615
25.415781721621165
20.530799961376033
17.59763465377528
12.570524760028102
13.623019458694339
14.404213859016512
13.451086708092422
13.556508977988159
13.615220145345937
15.31507174896754
16.96522740786317
17.3381237086721
17.556068156506075
17.766863873870406
17.634224603017586
6.872227225232261
6.771414112347013
6.736656765006953
6.871845097009122
6.559190493459034
6.176542096515545
5.6597064134319846
5.223450678839887
5.299241210861615
4.449632592006345
4.2268461244879445
4.053393264885271
3.116728533190035
3.143893011557902
2.8413063350910135
2.04719084868302
0.7465090966937517
0.5011126893099104
0.8172045257632068
1.445585964494202
1.9441875109022508
2.079961998133774
2.1957734897308736
2.3378958341466864
2.6263096149701783
1.8403057672899934
1.570082113913358
1.7709618989441305
5.2225345667802765
6.06376001825774
6.3045336664199505
6.759529137350746
7.155353932566575
7.7425427339702955
8.562783543009825
9.640848061725876
10.602421631394229
11.635858176630418
13.007821002547729
14.048648985307457
15.70631263462283
16.91098312380181
18.544268889989986
20.50201397275445
23.334989468112976
26.260605585138695
29.189745476140615
32.15074872350903
35.10240538953667
38.130107984193785
41.00007357662719
44.161728801852696
46.98701203128308
49.980899251326925
52.340803585672255
54.481273323368846
51.29181626714769
44.88774857940285
37.79066413991232
29.18989364632844
20.81190221336181
17.007665094916838
25.07870665562054
43.475098315707676
38.32294778851025
31.791965488218487
24.84016558415032
19.709706043371725
14.372689211415674
12.410486963018467
5.940704201821294
0.8155299619970372
3.3234037356063286
10.427365733485859
14.590434447321586
16.888502301416345
17.671841989544046
17.75346044486703
18.02168731559699
18.26173203912559
6.885578396506381
6.879148624911142
7.1053303973456785
6.764154754190425
6.376898719067561
5.58166916063639
4.676771777177944
3.457941007942317
2.317745421679679
2.7126557693579905
3.7546743743979993
3.760398753099455
2.7383558134825376
3.324982683863494
3.5549105954336806
3.7149870036590675
3.6894945016590794
3.5648908534259904
3.4530334561928986
3.0846203602056024
2.14518549620063
1.477079668397011
1.0225439160708276
0.156597715409347
0.0
0.0
0.0
0.1252781723274776
4.67951739794555
6.204647659038986
6.8811687658873355
7.109622646990647
6.7297919467774925
6.592398821675194
6.347033025385204
8.860712283674122
10.916335654806206
12.144202678017722
13.60389941828474
14.763477752202997
16.37653369550057
17.696982252413104
19.706021462043008
22.349909250019337
25.44791870946075
28.507296265730748
31.509673829725283
34.84069725322366
38.56023112156014
41.73415099325047
44.93442152395803
48.62699720115437
52.08614889639259
55.26261612109894
57.766750395837214
59.251380172774034
60.0290592167922
60.5649984041704
60.30555024661443
59.922094229796656
59.42033701215083
57.70396396437374
55.85299273695463
51.969974201377575
45.95295016936183
38.55033172655317
30.464208283054305
23.084797158316338
10.782031959244058
1.27807624727435
0.0
0.0
0.3561672082607525
8.822008651624355
14.997506329691014
17.550810813663556
18.385465219120192
18.584360442553407
18.412913562945146
18.35686868149488
6.7786745485866335
6.834631851828104
6.715456809105543
6.5257762920567215
6.107693399165303
4.063408033730747
0.8994696521044002
0.0
0.0
0.0
1.0152555687955631
3.376011603989012
3.1760011845423355
3.7110444569231276
3.238720959990956
3.8330224231548407
4.296485976175353
4.200734506381848
4.100930634254759
4.151449462135529
0.0
0.0
0.0
0.0
0.0
0.0
0.0
0.0
2.584113900288299
6.042830818150524
6.5803904493604435
3.2870960659987247
0.6577104047192571
1.5622504684600034
3.2033315106896234
5.812921427738553
11.449999074177773
12.706007791002241
14.044668441424841
15.563333853208555
17.098785211571766
18.482992205356005
20.976300582616776
23.912589118980385
27.074088433696783
30.314293826389648
33.96284155203905
37.75671573301226
40.84464711877437
44.60481098238129
48.46325065436811
51.89323648514734
55.10040464954264
58.30011488586916
59.83363873329369
60.36090710967369
61.224111162928985
61.24838579397747
61.41616234097049
61.28156252030056
61.49737730484248
61.719287202055085
61.12855533165813
58.84704702102807
53.125334289070025
45.130897834478844
35.973718590012105
17.61891038948355
0.0
0.0
0.0
0.09395862924560819
0.39258463286576195
9.995830918919312
16.676921030813702
18.413318821145264
18.969622661631334
19.1129310022097
19.065754741948346
18.776347019830627
6.853702166892817
6.801336609182489
6.917890382984711
6.510555524676807
5.471893697000479
1.768516321580732
0.0
0.0
0.0
0.0
0.0
0.0
1.271719643817278
3.623162923197163
3.586482077234267
3.507982904335558
4.5434908327812025
4.5589566042893415
4.118081084097353
3.255151582093197
0.0
0.0
0.0
0.0
0.0
0.0
0.0
0.43409568878337823
4.670072794340954
5.073343886123247
4.191012709354083
1.7806433443084306
1.174112488388054
1.6853959033299624
2.4555718870667893
5.543329776910747
11.494828296621463
13.007548151389651
14.545360413382562
16.21617318317148
17.361561332822475
19.46148253928448
22.46974832522494
25.33239792131354
28.30225042765304
31.777507625273536
35.82122752358164
39.18215623691937
43.3933090304688
47.52669838804807
50.97247786254343
54.85352085825687
57.903114353319225
59.853599647630354
60.81900579249432
61.047257882592184
61.01706471963814
60.99987286988035
60.79970757780486
60.741133967985725
61.27689746166086
61.91834381715273
62.48999081376535
61.99145037006263
59.05060597435852
51.642168684328155
41.11311804795668
23.659168632042856
0.0
0.0
0.0
2.1920700235313415
9.918233954417632
16.777187809943356
18.917558250438773
19.83351307899693
19.94323517772265
19.530812628154187
19.250763134279495
19.079124985228166
7.222640023528726
6.897836811752717
6.864487940465477
6.5981300689710185
4.343576474028345
0.6220129472745946
0.0
0.0
0.0
0.0
1.0961840078654281
0.156597715409347
0.0
0.0
1.6510947564320897
4.006288904804893
4.013264764145606
4.194384508558051
3.8882583958773966
2.7776545715265155
0.0
0.0
0.0
0.0
0.0
0.660544907537522
1.4955910576625493
1.5996994222195382
4.078879636667427
4.54054629600485
3.8108738738906056
2.262313422349022
1.1937797971097341
1.0371614474282747
1.193039042745639
5.131478855765343
11.771608817516885
13.612760554322834
15.080470195443196
16.633777541943836
17.95492655918198
20.337928064439147
23.28977788622984
26.399701822534414
29.62282895291018
33.49239466662044
37.36749470409148
40.88917680083029
45.178940350478285
49.3947283025206
53.81909733892196
57.598743207389134
59.7812103906069
60.6567809451037
61.140798763110524
61.2099962327317
61.252904637901175
60.851982226166115
60.60965725833053
60.507303186279245
61.02176510814511
61.56837299204689
62.59447129392458
63.15823031177572
61.63020650027491
56.74079918538525
46.677571367493194
23.44467580661139
3.061550773793766
0.0
0.60953742146186
8.025582026295696
14.547214017012
18.486753256116977
20.363765373561677
20.513832312931324
20.23215610408739
19.90265627349946
19.834266678964532
19.398454988107936
7.316175435463374
7.176156738111121
7.158833935659966
6.221764001574953
3.248852260805124
0.0
0.0
0.0
0.0
0.0
0.0
0.0
0.0
0.0
0.5324322323917797
2.9711528894209693
3.4779686327369297
3.862057444279583
3.680092203394838
2.9119555549824145
0.9730202182642332
0.156597715409347
1.7014260520529443
2.005845019873939
2.4177209884895503
3.031793561247245
3.653445211228012
4.069832468034214
5.181581150801688
5.668212101812407
4.477283473371211
4.027262619218701
2.6858660926154956
3.3918930474006332
4.637906584858966
8.371039164904502
12.59551252578377
13.96659276771653
15.626579459424764
17.090428948555743
18.550219129392456
21.281815921093955
24.00124440960545
27.507219742252314
30.582057880586728
34.570623079130335
38.77553277243896
42.31043296824245
46.8795193521735
51.534408928453665
56.04744330152926
59.29950045043676
61.101293195456236
61.64614500553058
61.69568959355459
61.5314882311797
61.81881897801239
61.802416219992516
60.87137523274361
60.590470264616556
60.92076098492647
61.21594648693784
62.4976683151978
62.852397860419444
63.046667139226805
60.08373285153003
51.55638671179808
25.145290487408335
1.7072009962266594
0.0313195430818694
0.5011126893099104
8.36914049999774
15.403872375479995
19.205758577344756
20.606293510225385
21.26953411528195
20.866996486835568
20.502278112369495
20.145768392778372
19.53869222004242
7.092039472781459
6.889659527543917
7.054553599237808
6.506180604906999
2.730048654315026
0.0
0.0
0.0
0.0
0.0
0.0
0.0
0.0
0.0
1.4544655988524626
3.3295444588717316
3.6894945016590768
4.32451002828291
4.275316677385009
4.046960436585987
3.7968775715406617
3.314110808870676
3.2510167996799786
3.6492670634382782
3.8481264138587594
4.416165546858981
5.346256246894629
6.184472224489778
6.765936977653224
7.042394988631171
7.2269229363475915
7.695360362941935
7.812715999047838
8.520937131810891
9.714639791001295
11.177317214053746
12.919611605273534
14.167663133747658
15.992360188412235
17.39924594246693
19.275781423616024
21.66344322032975
24.758868330794076
28.374876092094205
31.6227116827616
35.928558894201295
39.4835857090306
43.603643263179656
48.68735852367408
52.98179761866427
57.72265233847766
60.88398114486018
62.23629933221861
63.209383717985
63.064639033919484
63.31525062596877
63.45804958685042
62.95598079182593
62.478791272834684
61.93498122359842
61.57012061357213
61.122183445073276
62.01592312215185
63.0620087204272
63.519153327014294
61.45375134811868
55.55175848900861
32.95501006661176
2.9136328390798902
0.1252781723274776
0.0
7.876744804378804
15.276015870274993
19.323382460376408
21.19677018377981
21.537476935271766
21.306242541754028
20.788317395068425
20.61845324573003
19.559619020603918
7.1108371594835384
7.007306057373927
6.9613144000399645
6.172707218329325
3.158465671006697
0.0
0.0
0.0
0.0
0.0
0.2505563446549552
0.0
0.0
0.0
1.5440875822795022
3.4480897615763335
3.7752863477323872
4.510888959833487
4.6609141876076015
5.021634219951201
5.236992155619541
5.234893249526379
5.007996456615395
5.2502913246788685
5.508912415656842
6.1577530584138795
6.449083033319068
6.778934397392791
7.3564450409375155
7.753029119678747
8.376418228840187
8.72287849956972
8.989910134069726
9.749845962684775
10.730198501229902
11.851570215698526
13.372500973585742
14.687331727204365
16.28534263813986
17.475010673809205
19.425504141890745
22.361445199337652
25.897525793624574
28.827045930627417
32.69097924599711
36.61608487403898
40.33400871964707
44.437228447909725
49.54294562774158
54.673596937935486
59.3212773444823
61.867958489989036
63.52890835080843
64.6641132512776
64.87559117716229
64.91282876320774
65.40548671239976
65.0033684448406
64.02744950835579
64.15984706465255
62.49172230021374
61.678186500953615
61.656488178307555
62.499551291063256
63.315906728979705
62.9729253377952
57.98782615787705
40.36803259066175
0.9512385268162704
0.567388935472347
0.0
6.58705479902404
14.74357045077044
19.69958568376596
21.559469617782028
22.212965740557305
21.5445015999463
21.202752391424852
20.262515960252557
19.61538841790304
7.095027847791209
7.224153514287547
6.9851914960805885
6.734007119398031
3.3828735792165334
0.3874867513426219
0.0
0.0
0.0
0.0
0.5011126893099104
0.0
0.0
0.0
1.935211493620821
3.6591937054805537
4.1803990429897
5.056673889884221
5.511215459436162
5.605564916938232
6.040404828516039
6.2254619759350565
6.171496347658987
6.177637977278868
6.7183537198888885
6.908034236937709
6.977505839955431
7.358318936610118
7.793751835133158
8.16304535679879
8.656825598573922
9.238914231269247
9.890111725991316
10.451753236371886
11.417102443284156
12.50256218852528
13.629143674688038
14.718764737319898
16.56663416369437
17.704582643220295
19.70118792154305
22.770987711633687
26.0476100266371
29.311642213454665
33.16160248659676
37.18425844875831
40.98749501490814
45.47198711162644
50.18121231777349
55.711600527976344
60.30193220440438
63.80573166028961
65.96021423535454
66.79681339779259
67.43258537879487
66.94302086430768
66.8065209704658
66.42263222417508
65.61119999528653
65.76986085622498
64.13440668823061
62.287525641065194
61.87742597750801
61.96049694214621
62.765717398799566
62.813883183874914
58.89481845027094
46.869532708422156
3.1955499003279852
3.3273246593535872
0.0
5.672003434333178
14.410657141408867
19.351376792165006
21.660209235101235
22.351669714814797
21.863783205803905
21.07278399405374
20.2797240789738
19.49954727403656
7.3003275172631445
7.383689457627351
7.108710359474759
6.888275225361109
4.987934515389579
2.469649996744493
1.0992752085930853
0.4537629975050586
0.5324322323917797
0.4384736031461716
0.0
0.0
0.0
0.0
2.1177624721197987
3.7626705866021437
4.5290069990758655
5.394394576495799
5.765787426074196
5.868452655344482
6.246805863102082
6.377042929777302
6.472669185918833
6.735751311351307
7.04566568722436
7.304035451558366
7.488590974033558
7.808790992804109
8.088055062408234
8.465659633785563
9.100801502413878
9.539659405160286
10.116314125955343
10.90849512105825
11.556741967496805
12.668598785263367
13.618586365039043
14.759758473056209
16.63222804761328
18.03180400347201
19.761923685920806
23.105780752519426
26.23135310495495
29.545857071612247
33.45233734921409
37.554713951792884
41.19996567689646
45.921006209398655
50.59710816974306
56.408651378314765
60.5503204062106
64.84492714765997
67.89065044847699
69.02246123238606
68.38905090084434
68.04231399967736
66.44728951932544
66.37546432212058
66.60080961512224
66.00723705484134
64.6932756799011
62.45698410868442
61.96914721952306
61.683277437235645
62.20887631714888
62.69750810112237
59.48424068401877
50.598479233478436
5.27570542689159
3.0492724127293864
0.1252781723274776
4.74263261420132
13.875439483295299
19.361825706550583
21.610385464226507
22.337122638897533
21.632700074506847
20.769392934799985
20.121613645911264
19.4543383300442
7.127668333851049
7.279755483748352
7.309902063710005
7.051603830735958
6.565535304689138
5.35687731994526
4.35617544742264
3.550616140022534
2.7024835820364763
1.6918262976026999
0.7348362280614499
0.0
0.0
0.4188062944244913
1.5644657430059714
4.370287922635339
5.217491262600066
5.601798223946312
5.9308303825201625
6.267241562557217
6.3572957309093105
6.875885378961509
6.8891142708186495
6.894833414609241
6.984208239913305
7.542893013553311
7.567830255040791
8.11436906825664
8.397173216979384
8.52058888333851
9.153776873491733
9.702622848600214
10.237079989409724
10.803439862025595
11.727114216913465
12.858805817198029
13.70928834754351
15.16877186793874
16.65756832303412
17.845701118708394
20.278875357474362
23.12694285159483
26.381843734781874
29.631162034925342
33.25378471289533
37.40689043716799
41.444142826643905
45.79172043844941
50.27777354013898
55.1906723044713
59.715054509403075
62.816607174767725
66.36965542478876
67.66641958052385
67.41290138235034
65.9972029736533
65.81306439425926
65.47251260106687
65.79680199032813
65.27320332104478
63.468126232215035
62.46337694313575
61.77449948620357
61.44355612796084
61.83391953536029
61.85696141855953
59.9055876055802
52.39471480320655
8.55407996802824
2.8662550462597207
0.156597715409347
3.8170318796714118
13.099293906040124
19.238381254536456
21.603994907338773
22.110993664217034
21.35681465260771
20.59762841586962
19.997951813592195
19.17478505621209
7.414803580116211
7.377451851553966
7.37007458947142
7.281452208548205
6.960268056334859
6.424293596376721
6.239509346976648
5.500722045555323
5.111555453431189
4.48846447982921
3.430150327821507
2.144504365111995
2.5219306009147298
3.5387584888815917
4.380183920862859
4.842653842076208
5.331611040845425
5.8823143724946325
6.018012053709578
6.1302680724786285
6.5419307785457015
6.635624652400698
6.737803149676366
6.965137924848593
7.255247584736505
7.388433624981818
7.749083638162401
8.077093585268683
8.540540831898955
8.704160272619479
9.253856084227616
9.95099754568679
10.294685394330765
10.724607296046553
11.819054495349963
12.987622807429114
13.667942264177475
14.845628857640493
16.685075576146268
17.870694990954686
20.151202164661594
22.813136712535233
26.01738575267381
29.141817687272432
32.72047769938737
37.07468027321649
40.50233689617003
44.552537956817886
49.10646312226575
53.31115290593341
58.44003820888062
61.09656108240465
63.14390440511091
64.35050515669997
64.26307022681993
63.26978849196708
62.421559971539914
62.71087724701537
63.21020514159814
62.91091348968237
62.11527307094744
61.7895172232152
61.6486014163505
61.19533348893326
61.529965722400675
61.38711955376763
59.47906156663005
50.254112665681426
4.509220171768919
1.5740211345277018
0.0
3.154995827901549
13.48250096887908
19.429224143311103
21.522689794228167
22.089309338453003
21.231833609137862
20.295612200301488
19.66973511353217
18.826175462332067
7.520448581937816
7.390962263497881
7.444070326860495
7.441225014570662
7.334146265840042
6.891679668520112
6.664002732051607
6.347384161296517
6.083049612487587
5.668409437595145
5.4199171506026405
3.945839865879015
4.132907740566527
4.600438534207804
5.2309115855195545
5.855889478004635
5.954877583631205
6.08027082212856
6.315735831411901
6.505578510114984
6.757869193304928
7.004480810866308
7.176120972431142
7.077705045340056
7.418237852786689
7.5257716223759585
7.869424752631109
8.141589564486424
8.300694518811918
9.014664115536489
9.234935754735927
9.749160759853746
10.285110695186644
10.917675501533353
11.837124895119741
13.060691292081602
13.895524392323138
15.013785300263594
16.543078742288767
17.92376849250965
19.78629789184867
22.47000630536527
25.678137245495332
28.8598808573186
32.45372220038722
36.32912295404371
39.5584731914044
43.51927745202239
47.65267446575108
51.67501117873047
54.95387134617355
58.525574585581474
60.298637123110964
61.4601512051452
61.651187259769
61.17617606762805
60.58875829382316
60.56920597920102
60.59394283009007
60.6061245970281
60.88821873925036
61.1778534611503
60.46358781125188
60.32639371330191
60.92313448324786
61.27504612904235
59.23560885066446
51.21998891174334
10.585397603245399
1.8214411157487453
0.7416953829667977
5.044094292514672
15.90536744958436
20.39434923741847
21.566246761064455
21.748200346819065
20.948134959448456
19.91992236583996
19.122025571801075
18.23714325211296
7.346833695548569
7.3217783507332035
7.586478474098919
7.4711794290104665
7.167988385383145
6.969382184388259
6.891898668241118
6.739801052199888
6.500533040702554
6.398192381772622
5.909464754182292
4.583025432941822
4.964094731673691
5.705658819665223
5.594009329337138
5.851033663761768
6.092056505170688
6.417506948511388
6.2968465957938395
6.40421477319168
6.766512853644324
7.110946659344043
6.87397473784582
7.1433620550299715
7.651498590164707
7.541838226026066
7.71414315927327
8.294632609862223
8.627270228972675
8.797978181920604
9.246716907767096
9.908510624741744
10.35457151930312
10.929669508481785
11.793103927927996
12.646854612663118
13.83103984729793
14.790431630350739
16.314463102231947
17.553802651667933
19.120428509779604
22.05946733310671
25.08747274671937
28.059061217613305
31.29875703513859
35.22540262287581
38.916404636656765
41.707691465018016
45.642693430960236
49.56700458128728
52.21500463534558
55.616551042192896
57.73399720011917
58.86751491025931
59.37509388103588
59.34112030140336
59.28727344503072
58.94453239597606
58.98818743981497
59.160499374535235
59.34534965353669
59.593308367887694
59.44578643089237
59.76581094805619
60.75115075306838
60.50744299851541
58.78871272809994
52.46764865033814
28.90409307767682
9.95224275139466
8.306946535038266
17.04629545130588
19.77591461743023
21.227794926851008
21.8271601482044
21.32729749446335
20.70844841353432
19.70787048015383
18.775450569737345
17.945709327073065
7.461077488799983
7.482756253471875
7.505190343109214
7.224114907779648
7.181111625455436
7.1556115387954815
7.029092119085754
6.587712895054851
6.791010766344606
6.44635151552806
5.859138236061713
4.6370492414656175
5.783067902170373
5.886379968006487
5.871707280730297
6.058094223664651
6.15092718237577
6.309399766620315
6.3629612460582745
6.377994599830886
6.6745854101952755
6.742322280155917
6.7084259095661585
6.97390131486781
7.190982793636166
7.4675430260752025
7.800407977394236
8.034061679712055
8.541804570953545
8.827273605236677
9.129049773319599
9.835602240303066
10.137092035130934
10.851239208013206
11.684114909140728
12.7651778533939
13.467943415399228
14.670499811758162
16.30092024902817
17.332106901895916
18.764741982168182
21.25269223357959
24.214186536981373
27.25143755392504
30.379050998102066
34.02022237121145
37.4495506906152
40.11410655031544
43.54012802213185
46.98518274192015
49.406492476495195
52.0402659808311
54.31103925046392
56.227992525153226
57.06981958088827
57.547636536298256
57.2481133644176
57.85768681015424
57.52912799390302
57.56990168241791
58.081891274933135
58.29135387871624
58.75755449148054
59.475219480027945
60.01330346383685
59.82417377388744
57.62903927252127
51.736716796848555
44.543198627192744
37.26227200017216
20.49701706872457
20.954612904050837
21.718287092589478
21.950828780970067
21.558634974992295
20.85936574989217
19.96540038769087
19.050924764804027
18.189619143051196
17.610684868586624
7.588024889709799
7.405596153501074
7.4597590043909285
7.4654334510207185
7.310129994911839
7.178354022475438
7.118288793753963
6.989163127257619
6.798279583397386
6.457588839022335
5.873165977876622
4.881348978036216
5.771220269153897
5.909464754182291
5.945838204895602
6.060505392871926
6.350747000557374
6.484310378807092
6.426153733586321
6.467025132496589
6.60761279668091
6.6550581778961595
6.6776424359803785
6.907050980770427
6.9851914960805885
7.304947176365689
7.57608094541667
7.988620193545823
8.708990408664286
8.979283318451103
9.246009442421146
9.903596365783352
10.113762395247651
10.560088291218527
11.563379314566486
12.594599846356356
13.545343852557542
14.415821812699985
15.743102356519719
16.966597036360614
18.486563217444882
20.27011481402738
23.322979479745744
26.294928091575883
29.13550514729852
32.84432163049205
36.200339567060745
38.80506167473505
41.52229988161561
44.55831850995065
47.914459426572954
49.4658462293313
51.335408500857746
53.36983010413466
54.10237778366559
54.84953953699855
55.4606530023506
55.99913843069451
55.78597343846787
56.38860706742861
56.71311969796963
57.04826422215935
57.825125138468444
58.848018225903836
58.72020196680793
57.9289527401186
54.74968300884779
49.45011097447319
43.18112835015829
37.3075916394183
21.985062964921713
22.29327420760171
22.599299754191605
22.045585484365102
21.001874120296478
20.31249305335227
19.142821341085376
18.613174835450405
17.948382464151685
17.459023913114013
7.257021931549222
7.142002761292456
7.398674753822189
7.272570387187661
7.0213119852338215
7.033188272257018
7.144117379995422
6.615571081168702
6.800190224513076
6.392451110764525
5.986777520430317
5.08129744038036
5.888241617555147
5.84886041206789
5.709436345985888
5.857510428480897
5.905907479749729
5.933440062444696
6.144996778761351
6.184211959583853
6.627666367912906
6.6547013016260665
6.425627394653441
6.799689137533241
6.953042638104389
7.19381697162461
7.347533202794139
7.916394854350674
8.384929566033579
8.844196465781982
9.210495788961435
9.56073817694983
10.133982144993004
10.685360456383068
11.441291594542784
12.222795573570776
13.298302446814263
14.1442837871993
15.289476225078749
16.629168425004575
17.796790680723845
19.597046345775954
22.258931016111
24.985344907703528
27.64185233343319
30.813369288103896
34.1497663462143
36.93628249242501
39.697137042253765
42.575959361041406
45.18407936667014
47.47704291265996
48.75274336076729
50.58502126351776
51.53125958839247
52.28710120973335
53.17946660180104
53.89466929710144
54.08939672868943
54.95286287996224
55.52073207303023
55.66978499675323
56.61648514143534
57.26947407508319
56.550599947144356
54.7300640806636
51.03361204735879
46.4866557144946
41.088467057879
36.13245497038766
21.697143853538087
21.719217665979492
22.19843838501044
21.384290527465215
20.655309771867067
19.639471169938965
18.73370809842174
18.066617658120233
17.464117185440642
17.043289198277545
7.256079484710401
7.271394965498523
7.38342576074554
7.425976021494015
7.20403969634565
6.957505897365062
6.907201329716076
6.718328467935844
6.589733036031045
6.199338740715989
5.783563293927002
4.72737638124808
5.157214378080719
5.592524013467048
5.522354405233817
5.4361871808877105
5.287916478779989
5.59787820591492
5.595323424845085
4.92781147103275
5.882988718238681
6.189758795420243
6.119898898227687
6.102901514448419
6.534592539794443
6.9510761257698235
7.187543586128927
7.778579030593457
8.125717961516214
8.480554015245175
9.072331491506517
9.628034011676187
9.702943696916938
10.504649179862056
11.307429039175235
12.158690267443907
12.804983000891939
13.886032303767236
14.915676068800973
16.27711353901693
17.325997622002248
18.93843459257818
21.08901121978014
23.66244536866962
26.319922109170886
29.121402961136987
32.15801307326099
35.24189462545628
37.936731034225566
40.230841639694404
42.78363935773965
45.0861557085057
46.87529275433424
48.35994658884467
49.55121306928621
50.59363545462521
51.24936828820832
51.76439651276924
52.230301484421176
52.80436721534341
54.02843814443909
54.152527169163534
53.87690854495818
54.09306209654384
53.26936712303024
51.061675213192245
47.65656565038219
42.948812271927785
38.505258098637285
33.52736288189672
20.84188665156361
20.751359335115392
21.23867143040311
20.286413527138997
19.54550642275113
19.14385936230505
18.053697713261574
17.50250509322728
16.89271531169321
16.379976916965564
7.157586982610874
7.296622423795841
7.164389950948426
7.346357781105007
7.006322801206645
6.911187983026838
6.61004977672948
6.424268344423676
6.220726110224704
6.074583286364626
5.347589976749194
3.1150692725304037
0.7508870110565448
2.556339611336598
3.043050834315625
2.813473477820146
2.325527807147881
4.286655249876955
4.255191900997668
3.122478806664873
2.234844228287149
3.319188357184612
4.02092658859734
3.0042815222623007
5.789658431768825
6.5115419055796275
6.759973582188581
7.1776316223620436
7.872322973210886
8.363075132946458
8.85181697903383
9.236216909815386
9.65105326641834
10.30939268444437
10.994353553276504
11.695465929283293
12.586620700212702
13.544560949197749
14.551050707099455
15.632488211376629
16.916331668895825
18.15490412754273
19.879982933705328
22.016907948607916
24.939768575340633
27.39263185379454
30.268808787182397
32.74022779826704
35.850068467863544
38.24097261086831
40.188671218034955
42.46765336197985
44.02342774665709
45.68639149394969
47.11127893351479
48.36866428719224
48.836122518484814
49.567841449135315
50.32034331108117
50.682058313929026
51.74272054446862
51.73148708353425
51.373120358771956
50.72996303022593
49.24948518018323
46.94825603212898
43.52852139644151
39.30891034914846
35.537959108544456
30.959617826607104
19.38246174407919
19.545134019571297
20.168527612394257
19.421715824337316
18.526767393046335
18.132292462550563
17.4553795654229
17.017914122004772
16.388449257882254
15.65372290186372
7.274116802798543
7.174299725637058
6.874738994292096
6.87969388163641
6.942954712779901
6.613550940192509
6.573052210609185
6.52137612033387
6.130149113721931
5.87445358503682
4.408359943125269
0.43407505451126577
1.8452476141029903
1.5937740747221207
0.0
0.156597715409347
0.4107912200630001
2.828892712094615
3.099141758934036
4.019326590953062
4.66033354055061
1.115367260132405
0.0
1.0502675676982243
3.7904778001088966
5.29276398695954
6.679775090317448
7.251687756809686
7.519181576848821
8.161621621494136
8.556225246362274
8.957419265078041
9.693522697026241
10.255647554531663
10.653537557251742
11.479088982456108
12.206966208854213
13.243056848889553
14.068704935851825
15.354285975185133
16.576083386230316
17.670243729477246
18.894838370283992
20.490126598281915
23.39304308203162
25.778053304439716
28.28030152299596
30.808292264918578
33.51063797338317
35.93325099041421
38.17093564398668
39.71645862109377
41.70589577075274
43.27542121642668
44.49286303591333
45.599929068382146
45.85294570676941
46.761580256391234
44.284652179757146
48.28653800584024
49.032586606171506
49.080107075309854
48.13007462217873
45.75723788607659
45.313488095189456
42.52323758694554
39.52889294238131
35.7069599891774
32.023176119730635
28.389459616591843
18.134567562244566
18.20425023287664
18.731539119824316
18.578956151266357
17.7359395375191
17.420051815379562
16.835591627784808
16.468410641298792
15.6774027173519
14.878867114064912
7.125811321376987
7.130384080498164
7.0797810575351265
6.905741467598881
6.593879497183651
6.613839361611993
6.281200497293222
6.205123494065777
5.869297101298841
4.93957577108141
2.2729605494012426
1.303325787167846
2.1368171595634258
0.5011126893099104
0.0
0.0
0.0
0.5083663750351937
2.171487262375295
3.7592841021875363
2.942831878416499
0.156597715409347
0.0
0.0
0.28910893918999525
1.7621994632243
5.539234382693345
7.033679900340658
7.303244360912934
7.8576798374557395
8.116219660643644
8.799768855597632
9.413860732391452
9.663644579829471
10.427457998702616
11.05242270855545
11.81926533441571
12.738653246620965
13.73568479206554
14.601464023747178
15.796916636534235
16.83404815691161
18.117458351233765
19.51755708099985
21.776305390107606
23.95614746033552
26.135597001759088
28.475885813221
30.97573776956969
33.258226119847585
35.529821122748636
37.608788341699295
38.924926218909135
40.42700669143173
41.686026732536355
42.66142040833986
42.65543996198765
42.32199229339299
21.882263041438883
16.214167539993117
21.561169107713198
18.488559960022993
19.240132148975107
31.9720675955751
40.873017740128205
38.69838798197246
35.71812770270521
32.12954736542268
28.889268830367108
25.26566113967838
16.271801628266132
17.10352907505319
17.499632368970122
17.346908797263414
17.013657961644068
16.6142426681223
15.842140150354162
15.193725672848313
14.7432610351302
14.246624537185372
7.060382242888902
6.901263186204481
6.8865057814547885
6.640287993589991
6.912553367417259
6.57651017117465
6.432846674648002
6.308873427687435
5.410836573287713
3.387004686168893
1.4384742862011932
1.9426849361646397
2.628412675096454
1.540566421515802
0.0
0.0
0.1252781723274776
1.4210316730443107
2.144277569561908
2.738500253387325
1.2002720941988096
0.0
0.0
0.0
0.0
2.9565121582452187
6.045565044716365
6.914777485980732
7.37871885664296
7.65582266079549
8.142672826413477
8.667852477552097
9.124228144510637
9.507877876374696
10.147843102678843
10.851482405258269
11.388148655494128
12.389344158517046
12.993329176637985
13.918806472078689
15.203779195587583
16.50495442938122
17.425591517088925
18.61704319064803
20.12790027636033
22.139622680294217
24.50483298376767
26.08746565986412
28.35473762972056
30.642903161693365
32.6203719008656
34.46248503845216
36.454935311240135
37.985420606212685
38.648410652552464
39.24828938903363
32.49716403201109
31.025751861215852
7.120258919013787
3.719168550397635
7.536438823815582
22.907230443518745
39.49107430847438
38.91589694282266
36.728588713187236
34.263585262775095
25.221244666277357
28.482277473017437
25.883097037642692
21.60149116319894
12.587934239308229
15.515467855179146
16.421714098925218
16.23281213855372
15.962749160286258
15.434253599638762
14.643141154077298
14.215981484770447
13.949822904134907
13.707793326529623
7.025994244215502
7.106904134814405
6.952660509881251
6.78711168160159
6.668537766823174
6.664018636343624
6.63715316529325
6.34429197700909
4.957249211717245
4.4190201142571945
3.7382502038352206
3.5446445654619256
4.7338425463332126
4.664694748172645
1.0784726146873738
0.0
0.0
0.0
0.4071540600643022
0.5477216267506667
0.313195430818694
0.0
0.0
0.0
1.0810297853241346
4.57348123122332
5.912980830035531
6.584715832072031
7.292878723820641
7.521949986116767
7.986674052028321
8.390448269889514
8.769656846310664
9.417859755809392
9.841288621129852
10.445259554876632
10.877290031450986
11.67548023467374
12.417040480082758
13.1993764065121
14.241631926265372
15.602189561992901
16.77100132561452
17.536274194230938
18.78081329448628
20.38189825821467
22.2972563403522
24.07592415079604
26.089919802759773
27.93131849601153
29.818381646914148
31.46450569642317
32.90849903470232
35.015252668890504
35.30355862413022
34.332568141138516
8.622827661026736
3.272676926996583
3.8900637412123267
4.4585891082408695
6.39832445314542
18.165772582263795
36.23385246873454
34.40797070360834
31.99201473289182
23.463109747414276
11.394460407577707
8.750444963724059
7.50943348495963
9.34115699712488
4.821060494531017
12.089504861863174
14.801293746298569
14.519550688671533
14.607224297800729
14.144871736919216
13.63846386964809
13.611728171898125
13.417561625004662
13.063085906477728
6.874779843377246
6.958311002896488
6.7816651661736325
6.4996498254995805
6.4386311485536645
6.280364275214137
6.3436971832256
5.883849840042515
5.224604921010734
4.945642482662543
4.18966023174973
3.6579910963777347
4.579651408099213
4.397436217757657
3.932003415158409
0.4457272888714548
0.0
0.0
0.0
0.0
0.0
0.469793146228041
1.0255298473401984
1.4704751133033325
2.7345899072173387
4.615667058225705
5.675486788913142
6.459712145698376
7.021803613317462
7.208797224170962
7.76979867143302
8.419897203588585
8.6159925085279
8.990960113358598
9.526522175428777
10.052339084253667
10.455617578568258
11.123149843244791
11.996890140078564
12.644955709220913
13.677104203675903
14.579705658414861
15.620016372152978
16.627954973158243
17.62817447811836
18.802659911915605
20.267841435383822
22.00280293581956
23.68831326149254
25.676931215002952
27.14910591727969
28.617342760273626
30.445232848234863
31.37598009753725
31.64153182209981
23.689285299862416
6.037002230230753
2.483577776727196
0.653332490356464
3.8858342548731537
5.5346680726858715
23.742662592045345
31.674453028277533
28.814650762349487
14.781339838320665
11.433099206952392
8.32193129629511
4.398998081156321
2.5166130305075414
10.240925293841775
6.21522898556047
4.444438446330284
13.396932208654178
13.315658297460915
13.261323920967472
13.044406378388071
12.905213374694423
12.870156746760099
12.89595114366413
12.640142596968866
6.857128541344579
6.733762867723979
6.740029510817089
6.807265293797895
6.505340592601589
6.493721140884175
6.402473594738779
6.143199860746041
5.563304529289274
5.3809634202475625
4.7080854120650555
3.696365249815752
5.067052200285118
4.696029199630129
2.966303735489685
0.0
0.0
0.0
0.0
0.0
0.0
0.0313195430818694
2.01751788850624
3.258619573159241
3.6557143523067666
4.803689269338119
5.780968335108319
6.294727079344124
6.87086184084184
7.241668482260553
7.585644685575584
7.928308410552502
8.214576513221989
8.841248318807867
9.278462670279945
9.57877273587069
10.090628442625494
10.539028386745123
11.416566615743754
12.10140332786757
12.971558590121752
13.800755935446333
14.724965437210345
15.778615656051965
16.78004290935482
17.61208572159588
18.683820336653785
19.987995505677844
21.252471103787002
22.909139516301
24.571973610271172
26.02089223662633
26.924156922062245
28.11509917515255
28.2450507425068
12.733529505494893
6.019094039895103
3.6682121646557455
1.8026717983242044
5.864634070378631
23.7263720996585
28.050652807648433
21.707962173598567
23.02636777066133
9.356722773377012
3.8562000610426046
4.713853634473468
3.4573661410445036
1.2214425130820679
7.101781349953509
6.193341252484417
3.152970595071241
12.152703121215138
12.193999805180052
12.275981469119543
12.020546652771745
11.886068972161464
11.970205542759341
11.830915572052513
11.968550948788053
6.579099853981287
6.838931982586646
6.7104365916461575
6.87232726619657
6.606372705207844
6.335789402643898
6.28822506267195
6.215265216240854
5.459460839117217
5.44593524684213
5.076549479983106
3.6871140756933762
4.662806375733777
4.700333748865273
1.7780899149020628
0.0
0.0
0.0
0.0
0.0
0.0
0.0
1.5199391878344657
3.1439342801021284
3.6562304092185007
4.641200803522483
5.850654244313462
6.275459226285123
6.548598467654337
7.075430138962875
7.369739361229651
8.021795758585244
8.244387104636626
8.52145824065828
8.99812710058613
9.421526151505393
9.89710588904402
10.345197680398437
10.860115220909915
11.35946070863487
12.395997062702309
12.860916293160653
13.87520022009623
14.596487251257969
15.722546802814454
16.534501691754837
17.294403148723983
18.15978726807894
19.39537961359188
20.74286584628195
21.900376831809833
23.319736800055793
24.177194433028333
25.027413955337508
20.540436505856526
8.69111432207493
7.2067316457058155
5.891610235697653
10.300785472067709
22.860028115037377
24.386213818212322
21.86992458470566
9.594682359093468
6.629323735423417
5.84649881799092
4.626745379455128
3.212113807079047
4.297914188624161
12.568301309352302
13.7855521421141
8.36168684981169
6.701698857692554
8.454286168980039
11.063095211377119
11.06777535844522
11.102624393681683
11.124965525417807
11.022208443870756
11.154265372521435
11.329737543778043
6.887980665705713
6.779645025197438
6.823616541555209
6.740684267402861
6.5989407596529315
6.43210767015477
6.472809606402251
5.846330284103917
5.524988812777571
5.373381978579847
5.116985440438535
3.649656006778282
4.323530777809024
4.824659542197757
1.2128458507382796
0.0
0.0
0.0
0.0
0.0
0.0
0.0
0.4537629975050586
1.871666578916087
2.727934815492241
4.133680609607081
5.291014515184577
6.173082039668835
6.786328507362925
6.99231687334675
7.345039296695957
7.7881326789493714
7.883106432005927
8.154294793872925
8.517073375135137
8.916258548317485
9.396613991248246
9.829803547685165
10.35121542852935
10.898796861555983
11.617678994698597
12.155041750362292
12.935079467396301
13.379769260571246
14.281212054460966
15.096895798135048
16.278605068438175
16.877124670018347
17.665961741720373
18.70081811107394
19.578575314555323
20.437421388987453
21.38117911288227
21.630710116380268
11.265374716057789
16.8979894118669
16.25614680134468
13.035165352024876
20.62000557036327
20.456465953813105
19.949579757934547
10.83907525786828
6.632392712133964
4.8534725384491
4.92658903425395
5.057946931122593
4.697874220645486
10.249874095640925
14.770575327743622
12.28240270256695
8.956072540775743
10.148399549482724
10.283393622058316
10.32344586757038
10.265789598513468
10.463269983934936
10.41592320957896
10.530345139606872
10.704925228630112
10.784239265865281
6.634741437197724
6.5762281951509864
6.908620342748126
6.656060351855832
6.686452238322278
6.560693754398541
6.258879688119569
5.895029984419496
5.566210100477361
5.3923098189866785
4.681583587484327
3.5554885551617508
4.012169318216492
4.74987834526389
1.490714854896283
0.0
0.0
0.0
0.0
0.0
0.0
0.0
0.0
1.7508075894956279
3.305125339239435
4.020727766444876
5.056421008008183
6.125305034136537
6.639260567677274
6.82166280877712
7.115901546688357
7.423710046597661
7.280282877511973
7.55029032767575
7.902480359460484
8.525975346687934
8.724184626081064
9.169168746284289
9.914875124790797
10.38164218262918
10.608231191641849
11.141627641858701
11.700043472259766
12.427592646023793
13.013650381243783
13.827536967706086
14.728823629486046
15.760172660583232
16.553417224261395
17.40116955159619
17.870144847708875
18.391305748065957
18.929496667246696
15.109798236043448
16.04002066901313
19.421516022634485
19.268021879509583
18.685360424984296
17.96746059629677
17.438846747090764
12.281272995314385
3.646423338929475
4.366171894809081
3.273615760255185
3.726618603747144
4.0346203869000865
4.211132049959437
7.257978270743041
13.307747700534794
11.049848553238647
8.777828882883979
9.358003581800629
9.533999984368291
9.743417030086949
9.816518715697876
9.846649217461621
9.899240606673656
10.135029264845251
10.564016484267894
10.40620048973229
6.770913025367177
6.452348654994072
6.6795119208510085
6.912443867556755
6.269123161493537
6.487579790708421
6.294918003733629
5.7111555038238215
5.564421159718439
5.440344126656679
4.833576289951394
3.616902550146988
4.34891959791428
4.319070798860536
2.0955598601025494
0.0
0.0
0.0
0.0
0.0
0.0
0.0
0.0
2.1748563582796834
1.6925464176946823
3.232165515058857
4.302055749455975
5.343031944874425
6.280984320950671
6.75166788032689
6.874356866068958
7.0808029202103056
7.044300302833936
7.061131477201447
7.156112098359945
7.628396357597862
8.01875276179414
8.683768058646386
9.130049804641807
9.600974881435295
10.057574355529312
10.514380462640249
10.824834538354107
10.882198217379916
11.18648288226942
10.325779297802432
12.232260265809309
13.793016855221609
14.962941500150079
16.014035665621854
16.766456600553465
17.247649507304587
16.837278331234486
13.197632431300864
17.45565477464051
17.36653112051501
16.865434249133354
12.575092926262046
7.5018154608294685
6.19491199741739
3.9847753955384264
3.6158758574259715
3.4214826086644248
3.3721695810323236
3.1224049591101877
3.365553910047879
3.481312585472685
4.824712312896983
12.022721340588367
9.80562388674737
7.98744101573925
8.849182553390742
9.207673212969647
9.146020073619784
9.394888834300215
9.313712258236388
9.476536937418134
9.675068183790541
10.023716824154732
10.1730761923637
6.688353420541774
6.750928875833659
6.80585573966204
6.627046322176373
6.6922714230771785
6.613328815735963
6.180038150196957
6.095494820846552
5.651367999164196
5.533832462354917
4.9749347749514135
3.953148262757448
3.9462617908969415
4.492407463007987
3.7874991397987885
0.2971652820957116
0.0
0.0
0.0
0.0
0.0
0.0
0.0
0.3758345169824328
0.0
1.0356180358837466
3.7850486681982165
5.075665571369948
6.183235037577226
6.424102671987215
6.629577009028596
6.4102409548370645
6.328570402093463
4.532285809409509
4.270025885959925
6.7825861057262165
7.1804328754984255
7.882874265384629
8.264097599174837
8.802802355703445
9.12180563816403
9.494207156509422
9.65223637522228
9.525160804240752
8.758930182372575
2.410087986944911
7.800007751405276
11.930673144116309
13.5271446310053
14.437892822452776
15.346287296105851
16.036393947935604
16.146794130559645
16.185934953772758
15.928451850178995
15.297282512473776
14.164765021573144
7.606751645679728
3.8366025739801164
1.672035183248344
2.829963814921434
3.1561851084625014
2.9590052324211578
2.749904876482167
2.808000974106212
2.912210586531391
3.0397453019490626
4.097508129163024
11.07035168311393
8.52684326970013
7.6199604338980444
8.562237836295665
8.821515858181902
8.714091632755927
8.778493019996127
8.98601068503783
9.252912680589812
9.34819838972814
9.564975399506533
9.784168625038173
6.792012940304277
6.697554810003005
6.871735597148619
6.62138080702741
6.593419455213711
6.628455876312227
6.356106143342335
6.0253970061406
5.7774021075772835
5.5139954444603765
5.288306731557039
4.39391726772353
3.921883939808871
4.153197137012356
4.136833244936383
0.24615779602004934
0.0
0.0
0.0
0.0
0.0
0.0
0.0
0.0
0.0
0.4071540600643022
1.6509042115495685
4.604672709562831
6.082238642361546
6.391856316981036
6.515303225008723
6.220034098855363
4.142611701528869
0.970380510539022
0.5660289528359549
3.955765575640334
6.438190751473323
6.893536680994174
7.612573926063555
7.857480808337986
8.386393153766528
8.546727807393431
8.571679135918155
7.39399808083756
2.44275821971155
0.7902628970441303
0.4654152318652477
5.006755999188294
11.380859198402462
13.534360888142224
14.052469410101782
14.40496785112756
14.628480288453122
14.535333008620132
13.818410520707085
13.103936019101416
7.062610649098778
2.1291604457958027
2.3881511996733344
1.34889600379089
2.0073265286021296
2.505434931911435
2.4239311942064465
2.0743641634007743
2.575265800984117
2.0976686321211524
2.3655874853170538
5.431508498522684
10.48745449725901
7.808625360521028
7.60485062945129
8.232882468603197
8.375341054073264
8.306322365144894
8.455814630477793
8.689902126259401
8.883679115819744
9.31312276203637
9.206862982918372
9.327972861742955
6.499530866742882
6.688472379298472
6.627284239689768
6.7793723968348045
6.654056003936489
6.538551587339743
6.410958218159451
6.116287396571778
5.907507678830964
5.664412878859571
5.261301927349844
4.547935090425141
3.665522851885099
3.7106660002243252
1.5776170259821747
0.0
0.0
0.0
0.0
0.0
0.0
0.5272310265764408
0.1879172584912164
0.0
0.0
0.0
1.7146026528031326
4.795007340820412
6.254309774289804
6.109832373023494
5.9939236540192145
4.83800308334667
0.7852451201369277
0.0
0.0
0.313195430818694
2.859328844980674
5.95677698162272
6.9042665833479555
7.175738844208002
7.460286398154555
7.575884905804793
6.82741456351021
1.2976354832941859
0.156597715409347
0.0
0.0
0.7035166849795804
6.464146028440279
12.478186338419327
13.210217161584627
13.402814208855327
13.400001286820512
13.190141654558417
12.068049039908011
8.74974847343384
1.6604040498086716
0.3445149739005634
1.4166537586815175
1.45802022176271
2.185767838275776
2.109320866481342
2.039407460320207
2.0044507572396393
1.9257815223529184
2.0044507572396393
1.5172881139243375
8.598143122683053
9.755293328738116
7.089729413088677
7.706721600243736
7.97744805383334
7.958553064583851
8.050075432109562
8.222928322818385
8.515092007977985
8.555206200387383
8.933815166187197
9.033879837882964
9.163964100213427
6.460425898238562
6.792614068248422
7.015811841164236
6.9547773711614695
6.647218852165066
6.527449015659016
6.267313528190025
6.178211029891513
6.206507516804461
5.865587392281262
5.187745045573
3.306355239243518
1.0735720364186023
2.1151640329388135
1.895732436272674
0.0
0.0
0.0
1.0840477170505356
1.9650277715417879
2.6016008779277264
3.3749562083121183
2.965035723502827
0.156597715409347
0.0
1.00444193107749
4.655236393065468
5.969671021447278
6.028413714013021
6.1192788524911546
3.843096694073377
0.4690111233197205
0.0
0.0
0.0
0.0
2.7104854367638644
5.473657560990598
6.002798799873247
6.042711859393828
5.014480174552108
6.295291419817313
4.809960336332309
2.3635783720490546
0.37947167698113066
0.0
0.0
0.3299455467020232
2.529519618789261
7.881508669160765
12.32135633097101
12.524350755270541
12.336221525124229
12.251327642184163
7.331629073353484
2.402740522261436
1.4050015243213285
0.45012583750636076
0.0
1.145648082396562
0.9548756868149685
2.179234272642475
2.0976686321211533
1.8667795961878775
2.190865872730553
0.7203494908829958
2.584516552055472
9.775266190388194
9.400223784446306
6.7793672100207925
7.482456790910081
7.706457903361928
7.569257534061681
7.939885949498842
7.969702604278635
8.296646539202944
8.415523271037008
8.789864973837448
8.665637717076962
9.00257872112956
6.695403237873547
6.719747480967891
6.959472409699628
6.91723562639894
6.6676545516202
6.506486977271003
6.315973748925297
6.157515671752138
5.836429783564481
5.516555962482932
5.101816484884991
4.1391851109585795
1.052728173968666
1.7296977610491056
2.4344984985708735
1.4312023986763092
0.6007830235796108
3.18184054451851
4.0996104543959015
4.297901500070189
4.344498881417798
4.150932906501881
4.083929933253216
1.0213879966146842
1.3566494971905196
4.848254629068562
5.6706251073415395
6.112135328355728
5.975161838277138
5.105390170383235
1.0768146655973645
2.176936707709839
0.8318334233055718
0.0
0.0
1.3022499723276406
3.9977707976263295
4.790629443388634
5.010076781820807
3.742744941126466
1.7122343606884762
3.1873206030439394
3.203826159726726
2.982701952420598
2.2100951527324297
0.2308890359332749
0.4531644035048743
6.0985183338532485
10.069972536290905
5.453322146982923
9.897880376009585
11.59234225488058
11.463389420021292
10.80078279686853
6.6923731501097095
1.6640457751286837
0.3758345169824328
0.1252781723274776
0.0
0.7699363694176298
0.6612869398133189
1.3780598956022523
2.132625335201719
1.628616240257207
1.7034578976907766
0.0626390861637388
0.2738608133753334
6.863200289574591
8.599580992937515
6.721194759453358
7.273450220405032
7.495915259224143
7.513563981201018
7.967003412816616
7.79318640066863
8.051309191167487
8.29030631041039
8.361325289133047
8.560288135051737
8.51145351846773
6.568652038886333
6.533208237611634
6.780662992213961
6.682806864149508
6.690119850947721
6.620378633067737
6.512177744373011
6.075178080148115
5.910037806794935
5.659201178122428
5.031151315777377
4.70632324971907
3.4409073089317435
0.7053993315219508
1.2315710030085665
1.9578736673242785
4.354609060479266
5.130094330330558
5.212925422586665
5.3727331314077285
5.6022287848482275
5.099992057691462
3.1654596622858944
0.9810222608466131
5.374269820419567
6.030262575489308
5.975853849646481
5.936763494909415
5.769467635487647
3.1149782591231916
3.252898083744307
5.089493532055173
3.874371418444641
1.2150223649013376
1.1354813783546593
3.982433450486139
4.026181344270271
3.5333527881486986
2.1780804512840564
1.1958322770196788
0.8215618058538872
1.7101818807785305
2.3146419020577267
2.8662827801792696
3.335738204838247
4.8667304563858576
5.933204385621576
9.193949130047963
9.881079062899838
10.141415385238725
7.641850510547973
10.579250793235603
10.729818658937022
9.664752534428237
6.521583754999354
4.620126754206752
1.0205327047051083
0.09395862924560819
1.2886292709022236
5.763533261389382
5.327454350221009
2.170661363139549
1.609532664822182
1.143204136470226
0.3758345169824328
0.0
0.9491401338917438
4.221846585928485
4.555035084382238
4.967579031118375
7.038400464473159
7.364364377161654
7.27657494321675
7.436305892906327
7.8613607245490496
7.870245459845563
7.9731291718082
8.186187743420504
8.29093137888833
8.396010630736265
6.377680926458355
6.4928379256812025
6.817240398601596
6.733643908967283
6.760847338495361
6.755946079792673
6.558689406479197
6.316568542708786
5.903680000832503
5.521499355648095
5.140444923693748
4.393652969863698
3.907399065211061
3.9715698460285154
1.8100632721174081
4.214706735068309
5.274302522696161
5.414525735799639
5.6925637882920554
5.64275918133051
5.458362789575801
4.363734843379806
2.1598296716233536
5.22750741505993
6.309637684133711
6.236941007169053
5.775967933160805
6.003179209097367
6.306822366088328
5.3981261942208505
5.788303135861546
4.927323220044699
4.835246374792519
5.251765127768471
4.801073793326936
4.32261679926426
2.4111016400059073
0.3168325908173919
0.0
0.0
0.0
0.4071540600643022
1.2898528090816244
1.2869976719912468
3.753966260440398
6.648392571585662
7.936458117171865
8.895891043193059
9.275414620018783
9.919488974150019
10.496196359886108
10.433250843410672
10.303722829600014
8.136196678389343
6.758479780145268
6.658668841219692
4.719602851264304
0.5314682114186604
5.704624373305813
6.759700953825947
6.6689198950463116
6.640050076076595
6.418840746788107
6.241831956901534
4.374711938406711
1.3402536839173935
4.690101800414281
5.678008104053553
3.6181474364030293
2.547148305096542
6.093806217009834
7.260238237760803
7.221393070479631
7.585780000115447
7.607094090075757
7.6177156072677965
7.638432201074406
7.843036701700585
8.00353640350085
8.19078417376622
6.494391690526798
6.575727108171151
6.720621237274671
6.742203321399218
6.60070719005888
6.439990198783428
6.349005822104472
6.170804336289646
6.108210432771416
6.0430864012892105
5.3937331600744125
4.449024343024282
4.187733449345253
3.7192016144056987
4.431248085653265
5.207245938592475
5.338778827158079
5.609159643423304
5.9112616721975995
5.744450296690364
5.865491966478591
4.861007125702304
6.215751043913393
6.534379874234093
6.315162778799258
6.118039040462213
6.22577536986346
6.520586611934549
6.551257460924286
6.726286752423635
6.4031441443813994
5.782949933189492
5.804355770330868
5.175103938938021
4.334786519825488
2.162233731469211
0.0
0.0
0.0
0.0
0.0626390861637388
0.0
0.0
0.0
1.2898984807680187
5.563566448641645
7.672742577734944
8.099403137945645
8.994833598111642
9.73963423667507
10.126110647999615
9.943952614984486
9.268364017219556
8.18270537416276
7.149814772992029
7.228879053869087
7.512802593267575
3.844032820124649
3.1256547385188087
7.320111300960426
7.322433093576661
7.162845989693965
7.5250920257314515
6.89015115562756
7.293411161232747
6.158330410858509
5.028604185593436
4.094041139550126
1.2258019436514798
5.795631128482708
7.068778526818709
7.145974392469485
7.337750777185351
7.263643868666312
7.382370973218299
7.578491480604848
7.795328581798007
7.913305257262759
7.946682840925807
8.083346546279481
6.522115124827101
6.595899638159844
6.587321307935519
6.758116569714518
6.760465210272224
6.650683258126352
6.55378814777651
5.997554613083601
5.949276520571466
5.879903203287358
5.500327360474563
4.594075344533266
4.497010687781296
3.577907905302049
3.9418383870715363
4.7134534720860435
5.270018640914107
5.805749735943843
5.653491099180282
5.781402741858409
6.282033208590106
6.254666650559897
6.4740749498283625
6.3709447824991114
6.067317292690303
6.288034138282444
6.453639250373229
6.686189068855838
6.900458080673055
6.471115421073237
6.419222875011245
6.274983391258333
5.419464923043235
4.326677046984626
2.3472362295945883
0.156597715409347
0.0
0.0
0.0
0.0
0.0
0.0
0.0
0.0
0.0
2.1894443415066354
7.1211877744421015
8.052658646207101
8.640861594733677
9.376972934917985
9.64706495951915
9.681029128130954
8.583671704863397
8.712646033942047
8.628107233707428
8.814744396200465
9.660682325746048
8.516216141314958
4.2488972215274865
5.323977974778672
8.739630038307654
8.902672207675126
8.807920949655793
7.849269826334127
7.9079463996544535
8.157244413317246
4.5636013274725356
3.0113772879009333
5.086178410210164
6.771304612486509
6.997653888914201
7.054444099377303
7.092039472781459
7.129143218101976
7.303963920198409
7.6984709098678525
7.466488238547961
7.729946780526509
7.762340632238567
7.910662070731673
6.2880123971116
6.391856316981037
6.576610323374124
6.30342057809882
6.712848319741682
6.640551163056431
6.6791297926278705
6.240923892166444
5.955061273921253
5.80962169829136
5.365641139654546
4.887739227134614
3.729181872398008
3.0888398073857424
3.5418911867739125
4.236589352137159
4.903944314297484
5.233772126213881
5.634109164917502
5.854407247904281
6.0362745014708326
6.033592928697662
6.0821089387231915
6.226943216259595
6.301538979162502
6.323618360040559
6.634359308974587
6.6470998934083685
6.377875641074188
6.303539536855519
6.253974639190555
5.943789779287158
4.709255871276749
1.9472879797171003
0.1879172584912164
0.0
0.0
0.0
0.0
0.0
0.0
0.0
0.0
0.0
0.0
0.297144647823599
5.388344026402706
7.6674616185885975
8.730108786879821
9.169057713574272
9.264401958805214
8.707126110729806
8.840942832969843
8.769167918798187
8.658701625382646
9.49637534080636
9.79569059402057
9.623547873461964
9.561248295237815
7.404884151373361
9.260480426400699
9.142216136412902
8.669276247870572
8.069143860953238
7.980639587863944
7.8280989306598485
7.441040748173238
5.245608811008814
4.725309781340352
6.1749744562709825
6.6464893065680295
6.93843558230035
6.899474824505773
7.110837159483537
7.18466252190143
7.377943479637608
7.274608430882186
7.456039230545657
7.820406572451369
7.507264152483719
6.157515671752138
6.404766364077607
6.331025053642427
6.337599035947409
6.526446841699345
6.579150357887377
6.336550148307974
6.088228827172228
5.725759384021109
5.7426564644447895
4.789541569562114
3.446465227455586
2.170673239009944
1.8792458539134185
3.643758558866627
4.128481837818285
4.489060488534974
4.829163117363613
5.031583893610737
4.846466954400912
5.699849413209573
6.146789621231107
5.98070867411353
6.206626475561158
6.372253328822787
6.615188952945564
6.66739138215376
6.494867525553589
6.31740125400567
6.220250275197913
6.191715870771571
5.40078372355089
4.102903483605553
0.2308890359332749
0.0
0.0
0.0
0.0
0.0
0.0
0.0
0.0
0.0
0.0
0.0
0.0
1.6666936246179078
7.1726411898366385
8.229370488553622
8.767210919204558
8.59014524695122
7.895290844424037
8.806349946787947
8.898151637168274
8.963927809130773
9.495042333000375
9.606521264144119
9.47865933345597
9.608397891524218
9.198061284157754
9.036586356046087
8.80904998742366
7.891222096018227
6.624799138260013
5.842110673746249
5.462179343196213
5.291445018926921
4.1011143329338555
3.3150748298437933
4.3451028248283805
5.339088300892799
6.409476977834914
6.864322569386097
7.0258847443549985
7.127668333851049
7.144460901710663
7.208305596087322
7.547248975774042
7.6339478565117265
7.4225160704405235
6.233993033591367
6.3078750439540885
6.562986523737369
6.581035747050023
6.39618803385328
6.404596901414819
6.0625166954466
5.7691284248428465
5.3166617786756785
4.649094949378721
3.7339475227315027
2.123066849295701
1.9727752135462757
3.9450420288009838
5.055261382125232
5.345042197093658
5.524741051711249
5.471871476304034
5.0081272691434915
4.704893990835481
4.6404926507883975
4.7832111337219345
5.154651141830281
5.271631291652209
5.733712367202107
6.211221641343968
6.371182700012508
6.336766324650525
6.20543688799418
6.10278255569172
5.863437673541412
4.941163270537361
2.809742770596584
0.0
0.0
0.0
0.0
0.0
0.0
0.0
0.0
0.0
0.0
0.0
0.0
0.0
0.0
6.1596298695706295
8.168959758123483
8.731747264577484
8.768284921931986
7.938978298949679
7.721786454573375
8.380482858813814
8.846499778028935
9.153184832317846
9.022178492309568
8.59951955854615
7.445159267154722
6.93142650205031
6.549040270252289
6.230140880335925
5.25919691960751
5.5849162400048415
7.001176890718845
8.267382680733185
8.45567632370793
7.862064261584252
5.146971771653016
2.795915219922736
3.170856705392431
4.883497238763039
6.200070897249756
6.85293791044654
7.158342307576325
7.313678688537264
7.100965991302808
7.091284147816007
7.520899072679548
7.441788174014266
6.026089017509942
6.0468815932351685
6.253714980506314
6.486959744971887
6.539663261159919
6.36303700191741
5.9153919992428055
5.482375394706693
4.079092148318591
3.305662030423282
2.373464726768001
3.1999287000082375
4.381257691080216
5.334285077062303
5.348768581960713
5.66747177508713
5.7185915977084525
5.8075425784135986
5.857641121895068
5.810984969635014
5.815925277030443
5.972296575213917
5.902960480284942
6.153968412978035
5.78350207616363
5.468653168885165
5.3462449728657875
5.166673316789354
5.227598527200636
5.170149680027532
4.4025429367826305
3.623839759232641
0.8332140402140762
0.156597715409347
0.0
0.0
0.0
0.0
0.0
0.0
0.0
0.0
0.0
0.0
0.0
0.0
0.0
3.435658716581919
7.440145657276618
7.5183264078793695
7.352665434590039
6.590755455201161
5.641576716404197
5.5341650447678665
6.399057266248346
6.842422513017052
6.696598033624114
7.4255568201598745
8.075828903198795
8.547208618113583
8.954128724545333
9.011509582829119
8.81388492403339
8.618143932260073
8.87547544165887
8.784111607129473
9.013685615739675
8.79142598977145
8.30301832465592
6.14858821741648
3.4302480908625506
3.1156461113555873
4.352778580247977
5.989063947210603
6.823814380906578
7.063708048960984
7.25059215995398
7.134589733529929
7.1954460528968385
7.244654016442383
5.870804960347141
5.619152483995674
6.029343642895758
5.871015269360956
6.012681394215737
5.750614469488455
5.174054005660109
4.1483008846429215
3.3032003305037585
2.504795069367024
3.651410346894692
4.8260927083555725
5.4513561364412535
5.992993725136477
5.825918117602813
5.945838204895601
5.784763527054276
5.830241088036541
5.972415533970615
5.9987314853623745
6.107280503888678
5.853261142678994
6.105725578932317
6.242368604804622
6.444559833169067
6.337361118434013
6.274507556231541
6.170159038600068
6.0862717518209
5.720261579710678
4.195309811248278
0.9147590464632874
0.9548756868149685
1.530279696648806
0.313195430818694
0.5011126893099104
1.0138776129800091
0.4421107631448695
0.0
0.0
0.0
0.0
0.0
0.5011126893099104
0.156597715409347
0.37447453434604056
1.8612847217915447
2.3980581746021747
5.833561054380862
7.543759495571098
7.759826082560313
8.139773089519197
8.328389940646383
8.543994867944592
9.031493477940014
9.300423469706013
9.248183407058532
9.266001861215317
9.260977511273671
9.395456903554106
9.366539939538566
9.18720955124836
9.153738915914454
9.22999078270631
9.19916781154398
9.48193860455501
9.18780159242225
9.271141351202058
9.302653720396927
8.892009763890956
7.09904092374246
4.401227617627611
2.677597094320294
4.115531704307795
5.120379513862117
6.607255920410817
6.711679696619596
6.992207373486246
7.2356119074076295
7.149682326764708
5.580720664799631
5.776632336030565
5.656047845868017
5.812771944776032
5.320406805010109
4.640847379716639
3.519850210458379
1.6604448517044927
2.09108680939731
4.177816431395239
5.197997498267482
5.814945196469912
5.886379968006488
6.115044073760638
5.928873307168834
6.061197404241268
6.095494820846553
5.978535422419652
5.9608460272710415
6.115260250103188
6.330549218615635
6.205674805507576
6.261597509134972
6.397237200936842
6.317044377735577
6.364821383267875
6.337242159677316
6.364965593977618
6.333522164702241
5.88258477606053
5.311084867653899
4.371828334713979
0.4653945975931352
1.3379845237947965
1.2797233519938511
2.0749351345825273
2.5782630984384043
2.5868974010721946
2.16605926100987
1.6692625832464172
1.5708641368216787
2.5904920931232325
3.617898984460194
2.360406913773824
1.208245900016076
1.235228797279377
3.8231024746093447
3.2971874718585643
3.15752259941518
8.941758593416036
9.213868985792363
9.207942652547652
9.03309044965111
9.449179867894056
9.479835846284779
9.635462802105568
9.55533179235897
9.588805256793734
9.572109486019306
9.584075983262455
9.577087675208098
9.406685793797879
9.595231877960552
9.522650863155846
9.446458168254463
9.652048929048396
9.680492635694813
9.646496765999116
9.342954280454899
9.23561503827562
8.90309611072578
7.894000867618362
5.000641686978605
3.1124581933299744
3.746679425328481
5.04495145870196
6.60510858035794
7.007306057373928
6.948345356988979
7.258760512681954
5.084392212429075
5.143619922605645
5.473370611951242
4.785896192835134
3.951662610353705
3.4629518113688738
2.1456099293798694
1.545621725736837
4.398287913180301
5.670546456709708
5.932549540358094
5.964889881612051
6.195781466283426
6.060624351628623
6.246232810489439
6.12259820941032
6.17785415362142
6.196451736481923
6.4312244549517965
6.397428125326347
6.404979029637956
6.253260886650367
6.357771565936102
6.6139236095194525
6.690723992392239
6.639558447992954
6.451991778723979
6.553023891330234
6.427097359244664
5.550561408186191
4.812952655542904
4.3782254199150845
3.276221607762185
0.7575421027816438
0.1252781723274776
3.452191221263
4.103311060220463
3.82339676626167
3.7263795214143793
3.9827915328642525
4.2984444771231285
4.412798495777148
4.432682814530906
2.9362993577009644
1.8194619048400573
1.6263320743485836
0.8850133739274822
1.769555837363308
6.564439793762728
8.830100451409685
9.250439555744675
9.601154161179856
9.788638430393714
9.747482205823655
9.994396924936035
10.044407259145066
9.880264339811179
10.035493414477209
9.850950872567086
9.948366656538962
9.926791787889126
9.782088870259654
9.483671023930903
9.600777534377333
9.52819073923217
9.509402926706265
9.543022169599443
9.738502696470668
9.984362092582002
9.77240370677397
9.602985000300862
9.387482493292987
8.47688849021033
6.476387469112181
3.8563853843591733
3.645332803568641
4.464411830969424
6.077979070602148
6.938927210383992
6.865415325413882
4.44179858821525
4.4985611222299955
4.350204055136447
3.5577178569855894
2.8430814828194526
1.6897738176927555
3.0578274988446807
4.459421036514764
5.73308892870914
6.096554453367644
6.025970058753244
6.213236175256716
6.432727715891304
6.583184305679106
5.994927267533775
6.233636157321271
6.534880961213928
6.398549258042715
6.322785648743675
6.363988671970992
6.519847607441318
6.686705948892524
6.587941353672052
6.610287694242876
6.853539038390686
6.5750818104815725
6.548216339431199
6.555792495695852
6.32175822283096
6.001263332325362
5.4305371716896405
4.656865600961335
3.4560839217908117
3.5859247517783084
2.0365883452769555
4.381590223016524
4.829383819006078
5.2965691915761814
5.292892948958341
5.270026449052739
5.657960636870288
5.812397402880648
5.640541645287574
4.0615297880957275
1.1528604995776206
1.9595174230733405
4.360347522217011
7.555890185021814
8.555070678923462
9.396040017387762
9.32879575126096
9.770922423043324
9.891934473340878
10.126621492579643
10.115767816593339
10.166471669378522
10.123502709720324
10.171643085081666
9.926430560440492
10.017847769331828
10.001963402052386
9.828569596573713
9.701322491826845
9.943761048266971
9.733033182599351
9.714041516382988
9.71828524557219
9.886261105779097
9.782590822118298
9.845023891827912
9.868974953627616
9.88647077652948
9.323862908166188
8.738571716009993
7.405369496835345
5.01149739763276
3.667326747412038
4.446252064147504
5.25449519204615
6.353623008502252
3.54849840140651
3.458606710752491
3.544971605985593
3.0391467079488783
2.691189550585822
3.258052114587442
4.643823851636264
5.805055614646849
6.1697771898210565
6.137198931053703
6.123694090173647
6.418747039984455
6.323142525013769
6.247854750741519
6.287652010059307
6.32816653269948
6.28200795663706
6.621762935250547
6.668299849309778
6.6693020232694495
6.6647164845917946
6.673711653888496
6.655678223632694
6.574580723501737
6.763412736196822
6.7794388050329095
6.697696007212374
6.601947281531945
6.4676199262800775
6.465759789070478
6.064787164726331
5.870184914610609
5.4836129495104595
4.717420879133198
4.747032458890592
5.653222501543112
5.626554112276172
5.687548806488985
5.73109004351495
5.839996011095515
6.058047230540761
6.254071856776408
6.206995888496093
4.8375933316293755
5.088557889418249
6.199629503019092
6.890523824954504
7.7821050576706945
8.73027888011524
9.568849858779252
9.897594827637667
10.068364175943115
10.27537059250203
10.338273879550739
10.500750518024413
10.327495805853088
10.30898159430797
10.24898202996875
10.131856763855291
10.212552128448936
10.109090545314272
10.032690403851477
9.82276851786692
9.960781150952318
10.131354811996646
10.09050962420187
10.199644574898329
10.303220877741369
10.30316113562398
10.332974752702592
10.155243752678576
10.236747355556748
9.72576726439796
9.49924920127072
8.93789230339117
7.725550290178999
5.143760299339029
4.48764496464014
4.360430145967344
4.296924936925221
3.3267578315919346
2.9001041980758058
2.5518168923589526
2.4034199597601087
3.3931209422961888
4.8119273663165885
5.8886309798777425
6.175205066900752
6.507608109987372
6.527780639976065
6.458472054225309
6.658353121194659
6.555673536939155
6.534974668017581
6.425295770336392
6.254071856776408
6.664911199207626
6.531560765962384
6.440372327006567
6.6700662797157255
6.515303225008723
6.707523776570796
6.833867595381828
6.891134411794843
6.80324725029818
6.7903877071077
6.861005694794836
6.852173654000265
6.79490683758725
6.70700689653411
6.505008968284539
6.390973101778062
6.36484663522092
6.145427339663265
6.125138802811823
6.283070541052101
6.223699335755436
6.098340626501294
6.123099296390156
6.192764758411006
6.316806460222182
6.322140351054097
6.855928528033538
6.654676049673022
6.5107934421902005
6.830015693884617
7.517635161237935
8.354236886271922
9.244407279164147
9.749096904281247
9.845902470489076
10.300048376751416
10.395189901179114
10.640361441525677
10.389194401760042
10.433789644692078
10.46122247308283
10.233009047135647
10.14700566297246
10.001214920625117
10.142774295414107
10.251279583106909
10.286354833628113
10.474912503488701
10.493943267603388
10.4094635235117
10.551813352089653
10.705415433772593
10.636229168741085
10.326365435711276
10.21424065802099
10.286702726914665
10.22234693786685
9.799308780749746
9.480856082860749
8.987379779241
7.921207193276591
5.892920890058018
3.822927398996612
3.625835481146171
1.8813282361826689
1.643164880251999
2.638303745421159
3.612157421919419
4.3872837670570926
5.330810734930377
5.993305327281696
6.076594588939302
6.1051072521948
6.326854475593605
6.48280739731171
6.453282374103135
6.410835748620553
6.460451150191607
6.405480116617793
6.628600087021969
6.398167129819578
6.687444953385755
6.572670082386047
6.818768911494148
6.802100865628766
6.68332042352591
6.912935495640397
6.862903556354048
7.072708301662857
6.9503118693235475
6.822154436860762
6.8428627646785305
6.914273038583927
6.964467618713722
6.727824724212381
6.960550143593689
6.641816506482542
6.920511651905051
6.892280796464256
6.80776638077773
6.652511697987086
6.793378324694698
7.0603822428889025
7.135312133643325
7.206525158621703
7.296973829987486
7.5047694689364945
7.521695534986906
7.8554709522425945
8.105610594628958
8.740445860256688
9.061319434426522
9.475367775383976
10.180112978465036
10.238682414697427
10.619447361625634
10.55679411686297
10.703934753718231
10.499100082595604
10.591544051742252
10.548437537666027
10.66982531277107
10.60546952372325
10.385882442908922
10.625076597264764
10.463211368446084
10.526607854552356
10.58716147960657
10.88387795214222
10.72293565768841
10.683012367951706
10.738981099895433
10.866747877218021
10.870027775075924
10.384984001624806
10.358685313158334
10.075424580657206
10.023463787953606
9.89248965359591
9.416608670889325
8.967987925304005
7.965283724877633
6.0928530627491115
4.070778189862362
0.8143081201286039
2.1624633695553976
3.416446045288679
4.183482209487047
4.8270299535258046
5.696720734061025
5.849002903778617
6.076856039406727
6.086152793064202
6.239280210743519
6.5887308620713725
6.451541195650233
6.309280807863617
6.466405086760055
6.5792440646910295
6.674848579661716
6.561075882621679
6.5618401390679555
6.720740196031369
6.876746355711811
6.965902181294869
6.8303631112585155
6.9251939108867315
6.842753264818026
7.0571090582107106
7.290349052042474
7.138297667825153
7.139772552076078
7.319125203965225
7.260119806419476
7.286641117747253
7.222148395445083
7.055427355544587
7.2132604834316325
7.077168720095611
7.037926402457573
7.061578408124287
7.375556870579359
7.558861565915427
7.518053760389717
7.637309756277229
7.743902248586131
8.073733903486765
8.291076142490743
8.602098455360506
8.82442450395828
9.23012927577272
9.557144564166572
9.81152997399086
10.268873141224313
10.626431248263373
10.536214609970182
10.660240111631275
10.68381321530036
10.83040506291848
10.78212815650571
10.788765480597446
10.729279050394032
10.764155014329065
10.867527345962996
10.806041176527648
10.769970915010546
11.019520685537108
10.95487998073743
11.144320247291619
10.963179426050756
11.033074532696167
10.996509398252947
10.780958118657512
10.775104931094377
10.753492647995234
10.705866300141487
10.445275837676807
10.225467330000457
10.013182426030943
9.623036268946885
9.184866421359267
8.45587339583251
7.771689629639645
6.2780747688757375
1.8725311389128574
3.1654842353661783
4.007273065847056
4.316676024491816
4.929900474496353
5.279223129052004
5.861521796769405
5.907077117929047
6.093440527909372
6.136961013540309
6.649630580260592
6.4401344094931705
6.63333188306187
6.745958195432493
6.638615269987697
6.766785482006959
6.693874724980995
6.912935495640397
6.9494381130167655
7.037488403015559
7.064463373926437
6.952278381658113
6.962128437052214
7.0630979895360175
7.228086538956681
7.34087549999707
7.231265017409808
7.140036248957889
7.51759402389603
7.422712110052403
7.305738267011124
7.312695432369986
7.340528432205248
7.582350443080013
7.4535929296775
7.412660615899876
7.503016984874821
7.598447377784074
7.816168123320543
7.741162741402267
7.907029371787221
8.216620460007091
8.557648704299647
8.777008232365615
9.042613542678865
9.212569479272524
9.674187219040492
10.030508793313807
10.172081181367805
10.364688789511103
10.394355315467502
10.668596690828222
10.759055322606015
10.827303478647032
10.786850644994246
10.89571665588821
11.014976510635023
11.024337413221625
11.05351802729698
11.009757270989468
11.101744647090571
11.110609581560222
11.326357182731721
11.302067205925841
11.331460364749464
11.220957078467901
11.302720452237486
11.034628073342835
11.042848112049317
11.06680926478386
10.769970915010543
10.71591744668989
10.59777148001902
10.176631826788679
9.909201757229011
9.629412807741268
9.218501186591974
8.66717285655949
8.043532860246346
7.531228944091863
