5.275736697112638
5.623478540199138
5.649978109096776
5.320404108626927
4.301114712809212
2.200965071410515
1.7398961094995342
3.3127524897752343
3.71387235274715
4.24246485498048
4.277762375279833
4.109202557903247
3.8998899959654736
3.899889995965473
3.6363524303223285
3.758304851713651
3.9702526456537255
3.401006035768067
3.8655525211572033
3.6231842543044053
3.6282633493590026
3.9469894454775716
3.249237909167114
3.553217984793691
3.5715787588975023
3.8215419472086296
3.882215774052746
3.7027980781150323
3.925987265668553
3.4441678491125067
3.3306591097836495
2.6136574958639907
1.0749320190549942
1.1427929453061847
2.5001788594881633
3.056375099023056
4.836190352102204
7.2201714401388415
7.890498374466441
8.279969947948661
8.552540181858308
8.788002207640384
9.246404136537071
9.38254316528067
9.564591421909356
9.692024430903384
9.638136168512183
9.793877822212975
10.093560898850962
9.76020123037979
9.813305775602853
9.819808695875414
8.587248732526536
7.08757107098272
6.036445734661469
6.694214100327592
8.183846446807273
10.171977346876247
11.80823130721166
13.609177946707876
15.33044064293743
16.774448998954014
18.408580743285327
20.286041108470453
21.44891522291354
23.363462145696637
24.554139590550896
25.999879349791655
27.154366490577424
28.76994754197805
30.21327573305399
28.07093873450027
32.41661815158958
32.78744838734921
29.400545744748253
17.492266327145682
12.015178467129063
17.8057843920254
23.210956545211122
29.12423175884404
6.0003551446134695
5.913123321746259
6.115811561544986
6.197619582878056
5.819465875613529
4.833284701132226
2.9093312890473046
1.853726110647071
2.877808191765329
3.638581732146165
3.8379186755242785
3.7027980781150336
3.7926423265219213
3.987083017530597
3.4092936831203895
3.285247360343261
3.1767351789805525
3.3539223099598026
3.1999248815350114
3.289613095231755
2.9584479069651994
3.126027660093715
2.4965965660973977
1.1726309796598633
0.9685184982687645
0.569604210018315
0.7813419941416434
1.1638728713934
1.6153695487409294
0.96942432680976
0.8288567601233955
0.0
0.0
0.5324322323917797
1.4125396232791458
1.8512353384735298
2.314318207766535
6.163943119699301
7.614114192563474
8.151887515600318
8.308248305739035
8.637991309731715
8.746653024086717
9.186509371294413
9.395627255958427
9.334730321453204
9.382692090738864
9.247506295998953
9.037286219555636
8.618762639154697
7.531236186689701
5.924548213590144
2.5667970775904787
0.1799021841297252
0.0
0.0
0.0
0.6644316494712271
1.6974925435666601
3.7122438865682277
6.632717570510801
10.318547813740986
14.634617323425402
19.69797225463644
22.66838519477531
24.554085691716693
26.05375217910582
27.1644574206564
28.957474190936086
29.98071741272817
27.963712891314028
32.68013292801788
32.688710663042755
27.542086125200242
15.176725194891137
16.063736673016294
22.70837680471203
29.42530435771157
35.87026256210549
39.418300555039956
6.226251204890252
6.2793100599553835
6.288845108408483
6.232944145951931
6.246686904345386
6.128005262310818
4.858129100793237
3.191057588452144
1.2863578094468378
1.9664278653421277
3.4064451530242565
3.4480897615763335
4.037255618902387
3.9043643233169796
3.572136084353461
3.5389132604571087
3.3518417754941217
2.7733878334768565
2.8924401064491523
2.7149275391294885
1.799741961389233
0.0
0.0
0.0
0.0
0.0
0.0
0.1879172584912164
0.0
0.0
0.09395862924560819
0.0
0.0
0.0
0.0
0.0
1.20572999792354
6.005983936261021
7.271891637230651
7.739448235077421
8.302141066026591
8.325159559845362
8.641076930710708
8.829787244516023
9.14731102820221
9.113188285558035
8.99642816252089
8.562777934580312
8.101054275241495
7.250919405193281
5.5252839655048795
2.851590780417132
0.0
0.0
0.0
0.0
0.0
0.0
0.0
0.0
0.0
0.469793146228041
2.9895833495442647
14.463380328842376
23.985668515095107
26.602306836039922
27.793084420363588
29.076132585904052
29.975088368240026
28.111426489756678
32.64115063220015
31.88390905714941
24.112571845095054
15.027375903304828
20.647706827939793
27.18488425336321
34.57645362565008
40.2766688320232
44.31307585368711
47.353118888787094
6.0149088731329625
6.296489719523746
6.528927024645479
6.433084592161398
6.500821462122038
6.635267776130605
6.267477104345243
5.426953278533313
4.008389225234629
1.6134413834438017
1.4740916390299177
2.992021713596387
3.415909354104832
3.510076805721363
3.148046228468336
2.054029369316254
0.32484766517888314
0.09395862924560819
0.0
0.0
0.0
0.0
0.0
0.0
0.0
0.0
0.0
1.0138776129800091
0.0
0.0
1.0130955900716887
0.5440844667519689
0.0
0.0
0.0
0.0
0.8853015156516757
5.836292505727884
7.676853977227696
8.063461597259796
8.833084555656692
9.00536983162865
9.211583190232089
9.361695967589387
9.312375779459918
9.07910991153784
8.703681118844957
7.661261677376861
6.880633285258067
5.167958567393864
3.1565306700948854
1.4580821245790478
0.0
0.0
0.0
0.0
0.0
0.0
0.0
0.0
0.0
0.0
0.0
8.807958013182974
26.740422273641023
29.312267822974395
30.727442710413573
30.23543682057013
29.3128279692181
32.19749749735519
30.39398913752612
21.17391887306
17.174452961844654
23.85857299461436
30.627870145194844
37.49269849109684
41.62886184285177
45.009241559989775
48.89667395983059
55.32839819585722
6.493245305857385
6.50421945988522
6.6704484079388635
6.520399198327243
6.613804650762755
6.607255920410816
6.314708684943312
6.022531743077381
5.265256142546256
4.023609737760649
2.237690239536476
0.8528813489357565
1.8877173619111818
2.703357841857747
2.5402884636314385
0.4384736031461716
0.0
0.0
0.0
0.0
0.0
0.0
0.0
0.0
0.0
0.0
0.0
0.0
0.0
0.0
0.3758345169824328
0.0
0.0
0.0
0.0
0.0
1.6181577343512283
7.104698766629353
8.889722780490484
9.375837558296945
10.060273170270708
10.318468872579519
10.878251990997468
11.313800034476971
11.462305693816052
11.517080768360577
10.887620321264457
9.8381042482433
8.951610275142391
6.592002059019983
2.9553517656037163
1.204691277105828
0.0
0.0
0.0
0.0
0.0
0.0
0.0
0.0
0.0
0.0
0.0
11.551867450491182
29.462540006794523
32.25011936358767
32.928752695062975
31.587386460799678
32.30320771232406
28.897961447565034
20.261839216630108
20.559678424024884
26.862299196409555
32.02744092592327
38.23173694539497
41.25682159628383
43.44829971642755
47.79246907304727
53.73638213736061
60.221930964300945
6.534880961213927
6.61595320939184
6.829479896055542
6.78511679257844
6.851246269051857
6.60626320534734
6.510793442190201
6.064412622830946
5.837342046821926
4.96626309188092
3.474839751763806
2.3935932283166266
0.0
1.385334215599648
1.8828097449108598
0.0
0.0
0.0
0.0
0.0
0.0
0.0
0.0
0.0
0.0
0.0
0.0
0.0
0.0
0.5637517754736491
0.6577104047192571
0.0
0.0
0.5637517754736491
0.0
0.0
0.9418167965028175
7.365777965395611
9.17114091374354
9.70269478125942
10.260737001233945
10.784299983242555
11.296973301932578
11.688489597304565
12.15850295710858
12.12931188984061
11.650382476952347
10.725399387086112
9.704639235439856
7.489610000032826
3.422332632403187
1.5637548910011825
0.0
0.0
0.0
0.0
0.0
0.0
0.0
0.0
0.0
0.0
0.0
6.030788040595182
31.639579227888824
34.9918717412536
36.63053354391212
37.04282591838355
30.59453743217763
21.787654078856946
24.63273109898226
28.712137023700727
33.77917098407426
37.383774291628626
38.89996989651253
41.104918158839496
44.73027261707907
49.46158802322576
54.5175269130166
60.594048842754184
6.488055625735211
6.759700953825947
6.70623318119164
6.52754272246267
6.914464008532949
6.654557090916324
6.431199202998752
6.077383817894496
6.006139897963258
5.251273600342866
4.636266329593519
3.8141984554888757
1.6540350917038675
0.26220857901514427
0.1879172584912164
0.0
0.0
0.0
0.0
0.0
0.0
0.0
0.0
0.0
0.0
0.0
0.0
0.0
0.0
0.0
0.156597715409347
0.0
0.0
0.2505563446549552
0.1879172584912164
0.0
1.9222990693537112
8.031551021930234
9.4069347094554
9.971071405596367
10.546134532656156
10.938336648494214
11.47797566396858
11.87513507327061
12.28579443655701
12.582198599960352
12.392300565834779
11.297082233265531
10.405439756981723
8.54089879430176
4.269436069418739
1.8878205332717448
0.0
0.0
0.0
0.0
0.156597715409347
0.0
0.0
0.0
0.0
0.0
0.0
1.5600641980714574
48.01514690607794
49.37402553252333
48.329255634232716
37.93946025139235
25.722130506905483
29.545357724877693
31.959202325999545
35.01993142451682
36.03607956635543
36.87581659359959
38.6677678614637
41.105727200383654
43.54287831458105
47.395907511145346
52.03208649743305
58.556135786018494
6.628430624359182
6.668537766823174
6.670329449182165
6.753653310453845
6.82062592396821
6.83730674939007
6.510937652899945
6.178308247477368
5.942684872641191
5.325672962456164
4.443083568251839
3.518921778529644
2.749946145026392
1.9017362992684448
1.440698981765991
0.0
0.0
0.0
0.0
0.0
0.0
0.0
0.0
0.0
0.0
0.0
0.0
0.0
0.0
0.0
0.0
0.1252781723274776
0.39112391134131974
0.8459462639362028
1.3057906436488218
2.7626560354622587
4.6531353083473554
8.355530151819158
9.58490291866618
10.069870031519041
10.619447361625635
11.109576233677824
11.610395580353492
12.349819472463254
12.838362439871279
12.949166714627077
12.970228718938268
12.70227930456326
12.122759927471877
10.26220997071502
5.709003775239348
2.7722390523761944
0.0
0.0
0.0
0.0
0.3445149739005634
0.3445149739005634
0.2505563446549552
1.7892776469422178
1.2809731747233628
0.39112391134131974
0.0
0.3561672082607525
45.28087569572585
61.29228297857272
67.94461664026353
71.43262727104972
41.84838958678544
37.28160415245234
36.09797042755301
35.362771785949136
35.21063705614021
35.58598442323614
37.33986049179515
39.32357491147624
41.93494103482231
45.14151471692323
50.0935418765921
56.07714945545581
6.693765225120492
6.53766837213677
6.837766680124845
6.733981867444987
6.42541472909309
6.391211019291458
6.323345706623992
5.987310264918095
5.895172476130223
5.243455230937569
4.7800764700977
3.731968499677805
1.8958356076332352
1.6431648802519985
0.8412497488476802
0.0
0.0
0.0
0.0
0.0
0.0
0.0
0.0
0.0
0.0
0.2505563446549552
0.7428719366950537
1.3784657926071067
2.2806114803471162
3.0224324109958047
3.650536207604847
4.182895665642511
5.038208839197317
5.768175293283411
6.144677017220467
6.890304487746838
8.039872433613805
8.974656491726224
9.744859681724538
10.165739397936473
10.786510728641389
11.368381764006752
11.956249438284384
12.669400629389473
12.894005032651364
13.339043419657092
13.710804120138542
13.704467395289738
14.011940543408066
13.698732768547353
12.82572786539113
10.82180357509281
6.643347874121515
4.330472915260493
3.0197672688877333
1.5287176161621976
0.3634208939860357
0.0
0.0
0.0
0.5790205355604235
0.5244171580302887
0.16824994976953608
11.974004475802598
49.922733442171186
65.346879322395
69.53383242175899
73.908697920437
52.3573409945649
40.354461420600146
37.32569840939949
33.53086321871207
32.989171825264656
33.273661894338844
35.36271708500298
38.09190016297085
40.238961117983614
43.60481897941983
48.575150913666896
53.407326846300364
6.7029793941382
6.694783192137014
6.853156910167548
6.826291439117174
6.4401344094931705
6.267752835530459
5.7735332309995036
5.521262427910516
5.32883712803932
4.688500925401734
4.6658944270047975
4.022264342374723
2.7284830543041574
2.4733127316491292
2.4938446003675816
1.9053734592671425
0.4188062944244913
0.5011126893099104
0.5440844667519689
1.1027175734987291
1.7739882525833326
1.8205971900240887
2.338989850786491
2.6039710298035623
2.335332056515683
1.91117535718039
1.558870006370696
1.4889566002095618
3.892608294895869
4.647049500790072
5.496820997798233
5.8479038644613865
6.407171646777309
6.7828115508430455
7.069536692612081
7.759368366576667
8.541426367833273
9.066099672423778
9.629721458427667
10.342809265538033
11.096253637702644
11.639869680170161
12.335706172229875
12.732553917298045
13.157353158812606
13.596213789063725
13.97684314982927
14.383506943013918
14.919828624178368
15.37597732301165
15.771480211441387
15.952488722748758
16.302891145667697
16.610246614671
17.02593008553501
17.429542642564808
17.079566425681065
16.107671145157525
15.431149410412557
13.804481069772466
11.6240485889022
12.40860853068056
25.366233080089433
57.1890925557894
63.93313236222579
69.12466446437192
71.99574023507351
74.41412318346312
59.113581354541026
37.0393069818398
16.1343450678351
2.58283270648693
11.42699499429324
27.50639256535016
31.934874990752963
36.94647283991239
39.770329649400956
42.936535273412815
47.54735788825574
51.76647388278069
6.814578280596108
6.735422284354426
6.932224810426117
6.822918693307038
6.551257460924287
5.948745969669784
5.331135407604582
3.930913293802786
2.60131848475803
3.2153251251335355
4.41043077177802
3.9119435210714784
2.85847837599227
3.279034243239261
3.0270196852211795
3.3395040825919304
3.1107114562057756
2.7589174031171435
2.8425241573634934
2.854692448635416
1.8793191229146744
1.239822141007337
0.5280543180289865
0.0
0.0
0.0
0.0
0.0
3.2512296989215184
5.197510403145584
6.211124423758115
5.948898907051891
5.726004256800688
5.313488826707255
4.92409350913975
6.766540378297158
8.701274080100724
9.36561752068181
9.885374286030704
10.540133324390462
11.020160030297966
11.483744084306714
12.177741187645834
12.926191868683693
13.390605291955197
13.75604903209002
14.197470855112599
14.72055659821888
15.385303398877399
16.240314550172126
16.540193795163752
17.094555816372466
17.56345505774859
18.318275308232774
19.352574275303027
20.490556533931155
22.426615333328552
24.4476098231358
27.409033642418354
31.029688022387145
35.73838209711877
41.61837645421454
51.52713084030239
59.931699478576135
66.72265434109714
70.66505952796489
71.63514577827381
71.99495349305508
43.26687715858124
4.140697182658634
0.0
0.45374236323294603
3.5466298150812694
22.78719452538769
30.61354606704324
36.18041370049643
39.62341883788872
43.13480552989158
47.402887435155066
51.81459384710237
6.621236596317666
6.802100865628766
6.925030782384601
6.378232517344281
6.240231880797102
3.9650788291604453
0.8808616984725448
0.0
0.0
0.0
0.8384885150306708
3.0243150575381756
3.341733384415767
3.121228405381934
3.2697144820634705
3.380592628822675
3.6872651998352404
3.3430466017166807
3.5660055043379097
3.767680971522274
0.0
0.0
0.0
0.0
0.0
0.0
0.0
0.0
2.1282216930013513
4.663204427595194
5.359455300198966
2.0451838912123006
0.1879172584912164
0.4071540600643022
1.9550457715002578
4.653982210411115
8.713792441570614
9.280739081723732
10.11787494438239
10.484545606333608
11.025211121162583
11.493892657618845
12.077119951811193
12.920569719298793
13.232459444357042
13.686577667550154
14.231389670512783
14.95416818730392
15.5959846756545
16.472838420893055
16.86735109221793
17.5558969894063
18.20632767171591
19.22991033929063
20.271714633415044
21.799230985869436
24.201157407720913
26.656746006711227
29.653222957390753
34.144604302114935
39.33453822608906
45.81764173337725
55.016620371445164
62.43836962946361
68.79993281572399
70.78716734114847
67.6806161209365
41.14619277668322
0.0
0.0
0.0
0.5047498493086082
2.3163559561219853
21.37211758203871
31.445580060119482
35.996674444840885
39.441341426456106
43.061727045207576
46.76088393819088
50.692959650212835
6.858876053958139
6.627428450399511
6.806237867885178
6.518751726677994
5.663237174777628
1.5519830255300497
0.0
0.0
0.0
0.0
0.0
0.0
1.0624771275143727
2.907504803355674
3.2431073291515613
3.7887410483302064
3.892175397772945
3.2713864584313486
3.2137857834469243
2.9440224594226247
0.0
0.0
0.0
0.0
0.0
0.0
0.0
0.0626390861637388
3.077038805667396
3.554931229705793
3.8142335503301954
1.0937966705962419
0.0
0.5011126893099104
1.0014379509401552
4.254561533876455
8.34770609514218
9.52645096394608
10.163540332693096
10.61328353185633
11.099828716296534
11.605107991523255
12.181486964363925
12.912947658660228
13.261897163530048
13.622563681657388
14.197103315684949
14.981741068353887
15.832910357412073
16.635394773849466
17.05967697292799
17.95029249643735
18.776681485849394
19.695470782160246
20.76213036238726
22.606856663842645
24.758053486172336
27.140037690276714
30.72898190595407
35.482245028673795
40.75826558188881
47.97227885765885
57.20883638413964
64.43875195801314
70.65059858475642
71.82810296906895
65.63478885920945
44.290404009527954
0.0
0.0
0.156597715409347
4.792128792411114
16.082233733750705
27.88549061628217
33.08390760817598
36.22041924429085
39.08403660718521
41.91055288190291
45.38805716569067
49.539909892351815
6.659339390862315
6.699922368353097
6.412886810219659
6.4220263584350645
4.377885189345511
0.5440844667519689
0.0
0.0
0.0
0.0
0.313195430818694
0.0
0.0
0.0
1.1412288994895439
3.1648650070938835
3.474604045729062
3.1107733590221134
3.3085105605194154
2.2485445759069065
0.0
0.0
0.0
0.0
0.0
0.3248476651788831
0.8448869088463783
0.5673889354723469
2.4152050863970147
3.15504982327847
3.0293315241334637
0.9271933037317971
0.6263908616373878
0.156597715409347
0.7006821821613156
4.118732000417327
8.514232421073771
9.477951868110026
10.108335557254497
10.551439111376016
11.02971710646233
11.539653296413995
12.16785534178401
12.685415435622952
13.247054631379719
13.63339689299686
14.30681370677924
15.371033723649013
16.10105716999912
16.85988394645812
17.36461749813303
17.859798956126834
18.852055663026388
19.871934794177115
21.332351074491
23.072723463360482
24.97344302844848
27.745004545063527
30.79305237179687
36.04598126674684
41.350011365804306
48.9204971299481
58.2286575240494
65.65975261389242
71.60163817329824
73.24482881219728
67.85102741276553
38.14118410624276
4.2256848593816105
0.2541935046536531
2.7177445250038414
15.586742274672911
22.51252189793273
29.099934314552964
33.314377679768135
36.271358226346834
38.469551045002405
40.91604546182869
44.0538868182603
48.16670864506517
6.760083082049085
6.683307951129343
6.413124727733055
6.189758795420245
2.7483078413180535
0.0
0.0
0.0
0.0
0.0
0.0
0.0
0.0
0.0
0.1252781723274776
2.5636135666239275
3.296878960431339
3.431442232384624
3.3494637063121298
2.326683726604024
0.7975372170415265
0.0
0.8769472062923426
1.1194884765858062
1.8579412303738407
2.1033376377576825
2.98282575805327
2.8588360414101497
3.0964366222708937
3.997239832338977
3.7848240464346574
2.657796127209801
1.9993005226124936
2.5667278666327142
3.1509558236610666
6.296744116059926
8.926600109878173
9.48405343107388
9.990915698601786
10.371522387359208
10.975953804464842
11.54610020165884
12.380016957058857
12.799534714316037
13.271199880276129
13.735580503806117
14.469060893784487
15.165711708203975
16.00663188720055
16.697127514340885
17.478758202360194
17.77919480763724
18.874541808841258
20.446544644375294
21.49403896880297
23.042405711453895
25.417164114889612
27.906348253190146
31.401196501879
35.967656011556066
41.61393109171169
49.17162401455353
58.6948385940503
65.92271065583819
72.18004838254659
74.32124956577152
70.2703373019256
34.362585806390385
2.256827617508877
0.7669584283237524
1.2996323779680676
15.354294830865106
22.585141036683723
29.42393421613114
33.12023249096266
35.802808509092344
37.685084658196956
40.04979036093559
43.23276245517887
47.647746090194794
6.789467231318327
6.709027037510303
6.58189371029995
6.147034845628128
2.11428231635653
0.0
0.0
0.0
0.0
0.0
0.0
0.0
0.0
0.0
0.313195430818694
2.365670022405502
3.363881933680002
3.4901575582809663
3.712757701835231
3.590940680881941
3.475161371185022
2.5424071738110867
2.9077501350801476
2.9699144328763762
2.784820311018506
3.8009299738742413
4.106398560483172
4.407761704051435
5.065027401041025
5.869016461734007
6.27082219719555
6.300410998486667
6.416298784202572
6.7708410018850405
7.340616846763743
8.30697859323643
9.174415447033233
9.582691406856924
10.284112243341072
10.549960519014865
11.07484703146337
11.685522523781971
12.258719771489263
12.620131036406116
13.36400358823738
13.767205388462404
14.371587187614299
15.169620033202056
16.086542840654573
16.684322470531797
17.39320588717381
17.890316591211647
18.89991759743861
20.421902255640482
21.18783275684304
23.113303626132303
25.154633220487273
27.485568400327143
30.951207038941757
36.028763713096296
41.34541827048007
48.706467380914354
57.86680779314632
65.9169976405611
72.40156674483516
75.07299353631286
72.34863712951642
43.717494649444895
4.426567644679556
1.6184797946231162
1.1311407109459954
13.659192668083339
22.01061411035236
28.75886488760548
32.56810230682368
35.129057748814496
37.41439248000595
39.61535760741172
42.510092885382335
47.13528269906781
6.933753323318669
6.7258045832361875
6.640789080569826
6.191023859402231
2.9111151168636265
0.0
0.0
0.0
0.0
0.0
0.0
0.0
0.0
0.0
1.1588230940291668
2.5171490690879588
3.202071646270398
3.8489929501563935
3.8475038164736786
4.178028631661655
4.413777746251035
4.394869467827823
4.061665188533757
4.014479615673285
4.4442569880766465
4.6289753028553635
5.459943888006718
6.007899363926056
6.416050680695769
6.6993370334658024
6.827259673150732
7.055779439500272
7.314397200818321
7.677686658791305
7.919661698260809
8.703136846297792
9.160762034546314
9.669203249511252
10.044345789661454
10.531109903834315
11.216384878768995
11.579789428944673
12.011982973913337
12.744290434683379
13.262656284797604
13.89633097512068
14.524869998081773
15.428047617575247
16.174684158555298
16.805746125342367
17.34082268302786
17.98939098376297
19.16664839912312
20.324613643595697
21.239902798634517
23.243394184471086
24.85662615754776
27.800891676200546
31.07388556657356
35.45972629514037
40.6431026740271
47.523375108616406
57.009997828995246
64.74500434962742
72.08244880542804
75.55511263416389
73.1593979956524
51.45569359219725
0.8368305659406615
2.5364125789025103
0.8019151314043196
12.142986170164887
20.943171979468556
28.14474937059604
31.662204907996646
34.73493868187121
37.32513142622049
39.478083402506115
42.69105172781712
45.67108284713514
7.109362275232613
6.81673931162176
6.681278351256956
6.41148104631013
3.205741129324886
0.0
0.0
0.0
0.0
0.0
0.0
0.0
0.0
0.0
1.00222537861982
2.8607489463603315
3.574985877584222
4.156134888434019
4.237939604102871
4.66813890152416
4.815931315853012
4.5030454642191575
5.022317820077037
4.978952254199772
5.244181608589685
5.629375190311696
6.134549844333033
6.2922219238890715
6.616097420101583
6.8815508941104735
7.123205074590375
7.588586557219423
7.993860577558893
8.318651423221057
8.405708285173628
9.008394655320872
9.297201809590783
9.742861849831927
10.192889380504123
10.390871184615937
11.01922912359211
11.482952391736406
12.197887440129925
12.705974453615301
13.192139812818139
13.874058180194613
14.339785822656417
15.315965601788445
15.911662100154157
16.626161100467662
17.419596418564492
18.088935242310136
19.05181685799395
20.153534656335303
21.415472220200552
23.135844870418637
24.750160177522837
27.23374118736101
30.385638894021415
34.894902663491585
39.67628298091359
46.183494480318515
54.93288037549196
63.14661771765008
70.29242779557806
74.8284971994877
73.706314684038
59.009420137568796
4.217927051588501
5.394609115153511
1.689773817692755
10.396650224688052
20.022286353871426
27.132820048703206
31.64540468020533
34.732731604981524
37.08507304405969
39.27798496337388
41.47085325757614
43.81239978701931
7.012862072662387
6.856354826002111
6.757856720908362
6.609141309573462
4.874717069646247
1.5444658062806926
0.2505563446549552
0.0626390861637388
0.3758345169824328
0.3758345169824328
0.0
0.0
0.0
0.0
1.3343267295239858
3.293452470607133
3.5948894013207857
4.371068147178516
4.828918052680477
5.1550330184960105
5.335603828246179
5.507400710760366
5.381316450669484
5.625550498761611
6.11514129134649
6.327593480086837
6.349770078550747
6.6074938379242125
6.891570168659609
7.116283674911496
7.591329938493318
7.861373091372982
7.835217084435544
8.486041399459012
8.82547855121285
9.219867411557122
9.413901803196568
9.727143674374151
10.15331273942362
10.454723339715866
11.009970090505997
11.435849645343449
12.134527891509252
12.675676240329851
13.165682944494563
13.761826108140353
14.197888846943608
15.276564391051224
15.828690720230124
16.741622179292172
17.293226671406146
17.804664796424927
18.92990305048697
20.083200701105948
21.196270372820244
22.763441830226146
24.58064246255141
26.980471887076952
29.66748615653009
33.57698796181772
38.13853563045733
43.90177140316345
52.10591000552723
60.55854616393529
68.0351453956959
73.09607922176303
72.56067476834684
62.866236838360365
6.57441706856263
4.109874618489518
2.0255329628677314
9.05612741392429
19.661797660937996
27.003917610954062
31.327088103201426
34.21911846492488
36.42661169919368
38.23478989325375
39.70778194973056
40.88851964997038
6.854303294836962
7.090291960167901
7.037870531238699
6.795069966089382
6.277530131432699
4.908210784034183
4.160298629643037
3.327732674846477
2.355210035411854
1.8089449556639
0.6999207935251077
0.0
0.0
0.0
1.7579374695882364
3.495658578353491
4.054372515359159
4.7167188735760215
5.111747350675005
5.136580769484862
5.636740586012879
5.872230181665147
6.176708048396131
6.195640766355883
6.116287396571778
6.4176006553150415
6.439420656952983
6.958912130840633
7.254072163047374
7.322113578974972
7.623028305727782
7.840913199286169
8.097414157159493
8.475179716953662
8.672836370217716
9.144727852491943
9.468411398161553
9.859014454706418
9.983364695497215
10.425294523421654
11.039951716989888
11.545664070338841
12.284681753999902
12.73834649045654
13.012467781095706
13.746007376474992
14.496031998265677
14.910051386626963
15.805011999809725
16.573915653395535
16.936639088634465
17.56426662620355
18.305691296572245
19.6315781558878
20.61752724253902
21.901326162094563
23.86642743225834
25.92170478980948
28.65509797316611
31.91578664204552
36.4463134157804
41.522311321689024
48.53803059895152
57.01054271782659
64.68186011489263
70.03204164164798
70.89830463878125
64.27429401980945
9.86475293712794
4.14877440669514
1.5804845255440354
7.57308776925213
19.294112535970445
26.455234918884894
30.81273616920928
33.66139024658156
35.1829187343652
36.716744329196494
37.51996992844837
37.8957343493566
6.942025085254244
7.119491049642251
7.096994360125775
7.084244316795799
6.7797797770109876
6.393667085341377
5.828206351829199
5.470217279696832
4.663114820819287
4.464801520231047
3.753282524574737
2.100826494855822
2.0692362265866917
2.8239599519256617
3.7161284625460045
4.090278284640569
4.142724608346071
4.658824101909108
5.362046413169477
5.502382643187559
5.753598691308373
5.859802638931473
6.036728595326779
6.120688127182882
6.275459226285124
6.597743871077429
7.020384600285414
7.096011103958493
7.4022592131276
7.3391369188643365
7.567613130126909
7.693095211314916
8.083614328636488
8.356728858787331
8.756723231763496
8.995030945169601
9.224730176573859
9.725892589454082
10.18305367577773
10.316885805440638
10.984485734727361
11.522415623551517
11.937168644009128
12.37948489484908
12.88608572367245
13.481622854239868
14.079162622289648
14.851278125806054
15.63307370133277
16.47084506464572
16.91751836254623
17.600287860975993
18.169079445382238
19.060641512310816
20.18232530416175
20.988086156842726
22.610368844704343
24.707272149176887
27.134050160335732
29.97120910323976
34.074042491150536
38.89901587914494
44.69709083546387
52.48865073229032
60.25249672046195
66.01437490984152
68.53729206135267
58.9526781449268
5.295401264071785
2.164171164853534
1.099080413500031
6.575776488751895
19.341174359327393
26.52512746093514
30.501512701438674
32.01567868792486
33.20606970714117
34.15728943105588
34.156708086142274
33.72510137953345
6.937943954216708
6.853320038669679
7.188752584419792
7.180619997371795
7.170277306646319
6.8504261413867065
6.667654551620199
6.433322509674793
6.344997685154036
5.975648418185588
5.358534755686215
3.5783057147688915
3.522823056721358
3.9032496724050616
4.045981186112102
4.780534419230405
4.911297925635843
5.28281004739844
5.730462763678959
5.690583179986698
5.915130548775381
5.879161040240223
6.076763772157963
6.424268344423677
6.506486977271003
6.6416722957728
6.742704408379055
7.103409109587289
7.250556394274002
7.384532491902639
7.554872660562322
7.873909097193792
8.221260547343626
8.516474336806604
8.85201432609179
9.088242963996837
9.432515053431892
9.492689088618436
9.95567597691057
10.550458701091046
10.976321745614522
11.498184102554752
12.058403090710982
12.353751637873241
12.805964666991661
13.229136203866302
13.761616943519066
14.333775321534528
15.160999089672213
16.058205251824337
16.589583544109733
17.150800583582978
17.57543704533339
18.255248848567387
19.34577013280396
20.24360031775329
21.45539550123626
23.481844802705353
25.57512977997705
28.51976964203886
31.92972970229945
36.573072707647185
41.2521475643968
47.7876415822721
55.47435979395438
61.70535976696609
65.44364108788281
59.46790635924069
12.208292745848556
2.9420222257931066
2.2433272447159753
7.984491313016515
22.13437726673985
27.255801008094632
29.836713824921258
30.89365208580655
31.197600194861824
31.381514744858475
30.890118908994854
29.792151949886467
7.03836215932234
7.29836100492858
7.235007938635561
7.130656708860801
7.20486419950183
7.041261140010483
6.80967702189342
6.687062825162617
6.642436552219076
6.390998353731106
6.018210564426836
4.264070427191774
4.647550801346281
4.585393156940952
4.8899079252030315
4.93365935934964
5.202528470718391
5.469407299346611
5.70264797912154
5.626551125827799
5.871372145631049
5.951385040731993
6.080249080957718
5.982092696852214
6.371132196106418
6.513154666379638
6.938272453798219
6.797581735149215
7.181564647031177
7.417208743642459
7.533530684668197
7.974305422436543
8.056276500980688
8.466068924600874
8.713857927056841
9.152683299933484
9.371089933325285
9.85700028995513
9.863365441638335
10.415144868007179
10.650100349888866
10.985804690498673
11.702860614951689
12.025227074781569
12.576415980993488
12.964319617763776
13.473506383579592
14.133277592853464
14.556687613136418
15.535345087254084
16.275965960893725
16.850992926024954
17.30188606214806
17.9814640198578
18.478248621284667
19.6236738852893
20.50161680842292
22.450433169469882
24.303328626922532
26.73007307402281
29.782181736953547
33.666651943079636
38.10470768542323
43.20599419794323
50.061394712347266
56.81232426463355
61.61410412045716
60.89393694826594
36.01109171283738
12.829048261076169
10.434076929440987
23.79085192360734
26.37366952313997
27.607936637948086
28.784568946185768
29.14406062077569
28.92325104062841
28.438849018601072
27.532818507287672
25.954343306148715
7.008561941903843
7.178614878529327
7.212277227264349
7.2365214293943865
7.006977557792414
6.891516540017981
6.805145111857392
6.64913895217695
6.728197393539325
6.500915168925691
6.288250314624996
4.691659133375555
4.794350106682394
4.924592311746646
4.898192060933927
4.982546980684843
5.10282009839955
5.443928019813007
5.446938860356689
5.462950296246691
5.784203648653995
5.80569859449023
6.143556737016134
6.226705298746199
6.486696575505447
6.553296519692868
6.707771152980386
6.943584988335752
7.05346084321002
7.329754537939325
7.702568609832802
7.961599050880827
8.229519797315406
8.395197257300904
8.574691362311855
8.98907585105686
9.133517844220412
9.542938676259322
9.68996925007078
10.345571921112073
10.479066659484108
10.96955551133683
11.43608803036832
11.982777773663098
12.672647552527495
12.94947421896419
13.664945977747879
13.874795618737977
14.229939577558763
14.909657992985743
15.81509871736861
16.27701384249706
16.808845424522527
17.596427081959003
17.965337532024474
18.855485215639096
19.935018479467004
21.129352410570426
22.865759237262804
25.22117975371481
27.645182601206088
30.9416384884706
35.02909703305756
39.41008133165987
44.762827858635596
50.53053679513155
56.67601608367543
60.0473486908134
61.053561550679774
61.83231496330944
34.48197659312401
29.148975492004116
28.016103835309867
27.510630584223673
27.170759643880093
26.714480281888086
26.02276833855798
25.234036465092984
24.00465717582756
22.087290081846106
7.182772584575307
7.028233384912702
7.042834350063838
7.35347134630574
7.063589617619656
6.985185405427685
6.873100981539039
6.721504452477645
6.534974668017581
6.411596214840503
6.202020313489161
4.495781487850596
5.126066017753461
5.468199219338966
5.457453612088095
5.353086660907789
5.321494350029707
5.413912375062129
5.4195810257275765
5.566858947649479
5.632338865625958
5.597616755447494
5.958888951919714
5.9151952803087315
6.412054098922775
6.625051433153224
6.741752014985355
6.766512853644325
6.866179581860159
7.164772079171565
7.435514802260895
7.719984028945921
7.9030724209881615
8.190623185349382
8.535833989542128
8.849954212836757
9.284499687278597
9.446540091140376
9.635596293591027
10.11494897296106
10.508276975726021
10.78636043985176
11.254667744199292
11.67160548834916
12.236776173139026
12.720276613199996
13.223808493187187
13.498962557124509
13.82699848173804
14.695300848436926
15.20535645041609
15.82827186727107
16.404808663471815
16.957555395745086
17.320156775027794
17.88169469177608
18.828390236053842
19.841658529693834
21.143526268609595
23.09301267857944
25.664551481027885
28.07178993704427
31.73033527790389
35.76195918631506
40.08158298250471
45.0396898736112
50.15629301150596
55.08764113789732
58.8983166382299
60.211011177072635
36.84048484840588
30.67002921292054
28.069028201235383
26.507201559285857
25.497465243107072
24.345533641889254
22.90695244237229
21.644472889975027
20.773397607591136
19.281675045485077
6.875393750877867
7.070783645661174
7.184061393957285
6.984699867996946
6.965410553211227
7.033892809408762
6.950148740821415
6.889223770679152
6.86111519465534
6.553406019553372
6.090467123755279
4.7822965815763885
4.941733297959893
5.083213936024478
5.1262271509315624
5.165128042654243
5.033756287266744
5.2742267281366875
5.399697627490057
5.253108860865139
5.5913779082417605
5.573359245322639
5.814151891969164
6.199695616986081
5.903561042075806
6.363393878187503
6.615834250635142
6.6813973100136534
6.756328208015811
7.071876401688961
7.45250237647028
7.825737298105472
8.002309032255116
8.290358156350191
8.591733749226323
8.871302140958303
9.268080641474167
9.522007253382402
9.596252114536522
10.00531857703846
10.25564755453166
10.587939235180528
11.149096197799794
11.720206311515545
11.930525606566611
12.571258007728463
13.114416750520697
13.470968581855187
13.632697634959847
14.210650836729702
14.759968256482791
15.296057919821836
15.979059785319738
16.64234099198197
16.929106176900508
17.357832078188043
17.949421968461483
18.77989305531488
19.912110465042552
21.297716465790785
23.576082251991153
26.113819519393527
28.83399109592278
32.511897816471894
36.162841890008615
40.07255153545266
44.51102195542402
49.18549685564645
52.93782262110599
55.89959789044548
35.1061968936563
29.268262681589935
26.888346698655276
24.53650125978893
22.759869570965552
21.645541060666062
20.444455931553854
19.267948359698302
18.20030636192151
17.476321523745106
6.8811687658873355
6.849606013721553
7.1306567088607995
6.8151235373213765
7.0974859882094155
6.938216582579344
7.034281028284804
6.933753323318669
6.680896223033818
6.534592539794443
5.947640990239647
4.252860752121627
4.638743746031642
5.217760690323879
4.772635143510186
4.651295827680714
4.2934271727186815
4.589945458188154
4.619859529171022
4.02181296553793
5.161637577266103
4.880472073552966
5.403397623330728
5.426912970408446
5.640945587465726
5.9883315440579485
6.377637723560792
6.561984349777697
6.82166280877712
7.150511385910685
7.421935699784942
7.7381974709023895
7.970570729512059
8.208923895087608
8.486165682963607
8.670556124256358
9.085549423199366
9.366391014080369
9.40484266770392
9.732383066193401
10.3544266823852
10.541147730103427
10.81435563599942
11.16370436482877
11.749153956344832
12.245279623151587
12.740148205565049
13.0214161282655
13.402253410846972
13.676321190893763
14.23056800256569
14.753150052379976
15.426865368881904
16.115285807890277
16.40875177451722
16.861890345905685
17.459432738504965
18.035820858466565
18.43116822144874
19.905275757095275
21.49505764637251
23.618450452129018
26.33972607067727
29.316022147930823
32.14305875865452
35.89795590010455
39.517582967202635
43.469984740139004
46.97603326970628
49.349215919372355
32.50385772152891
26.878974325598108
24.49528083019661
22.05076107775067
20.432335101458364
19.626516184755026
18.42103162755195
17.417598159549286
16.594183261313084
15.717633174405455
7.213752111515278
7.100201734856531
7.098454222242971
7.1825479031984605
7.063699117480161
6.863013056214551
6.839533110530792
6.528544896422341
6.81419615237297
6.344648853279183
5.815403365871411
2.463760280322343
0.2935281220970137
1.9209626378176683
2.945119632623882
2.49866195112461
2.3935101065592344
3.6885152511851906
4.024222843322496
2.9466178814621538
1.5544642660726045
2.594568946648122
2.9363571969040505
2.5502675222203175
4.576459891533428
5.085634489601737
5.96883651836721
6.493925762049288
6.774361638271613
7.082387304321738
7.109853903316256
7.442507733299738
7.760857216720628
8.08529268779698
8.143944950619353
8.561917507930822
8.86569681443661
9.12943972701741
9.543845059117439
9.588179714333698
9.976933953786775
10.548437537666024
10.778962973726793
10.909389248427708
11.449954822059812
12.061940669220315
12.267915636268999
12.511803795874082
13.325962729466426
13.539748711406581
13.907808318992357
14.003183766852885
14.6343412986885
15.167967375709113
15.669155199244063
16.172028403177755
16.585430074701296
17.236846818421565
17.691634195424022
18.44497663898975
19.995085564340755
21.376151292919438
23.728972783206316
26.390629158691894
28.707678850649792
31.501465443647568
34.7680269278854
37.90549580251435
40.97738553179416
43.03892965037572
28.41165642247194
23.8384607965898
22.13785260268007
20.13455171558428
18.60835131666837
17.827616124282557
16.84927623080247
15.879534910268731
14.86055207858761
14.113739890277342
6.8459070109071565
6.763522236057326
7.138288736344329
7.034663156507942
6.801217650425792
6.58832348189519
6.5540260652899045
6.384352405793317
6.146097609861765
5.990418323047632
4.477527030075242
0.5164020836687975
2.1490820152016705
0.5870562441940274
0.0
0.0
0.4071540600643022
2.1805253639162125
3.1998629787186745
3.4640664622807917
3.5903833554259807
1.081009151052022
0.0
0.399138985702811
2.989423274415402
4.100828787202553
5.613510222356612
6.2163143833244145
6.412886810219659
6.68519635379236
7.1704107601213725
7.604850629451294
7.559388959679051
7.881735102271024
8.250931978836837
8.580305569098407
8.87708202888959
8.975428764200215
9.305788783491753
9.555122158328047
9.832362252931244
10.08576741206349
10.460439996227564
10.703794529555507
11.078248705666237
11.612310577433508
12.02793550037105
12.63454782335383
12.860673266066215
13.322781457720668
13.485109557548718
13.911950234316953
14.10077869691637
14.45347792389235
14.757221268648662
15.589073395553292
15.695427352571478
15.852652237633425
15.153860386864457
17.117845190595247
18.41536520309999
19.332026682690255
20.80361270651948
22.314686982012894
25.65577950629966
27.717583551347744
30.482063892265046
33.02872203142425
35.5238788080225
37.26865554060497
24.56844599294117
20.691120728202776
19.371096326517915
17.999151135035557
17.143733541414527
16.379545922105002
15.305589333130175
14.254776689392925
13.785672411992525
13.295694295361715
6.566384521500549
6.8606644156568475
6.871954596869625
6.982898726741761
6.871681968506992
6.653166454572859
6.649511621503894
5.7474434716087535
5.419906317273896
4.9912048052364835
2.1555423813776917
1.0976585280473008
1.9574858191873878
0.0
0.0
0.0
0.0
0.1879172584912164
2.070495317403397
3.16717684600617
2.7560876594895554
0.1252781723274776
0.0
0.0
0.3051803564572028
1.0691528535115842
4.133326383660337
6.064172913534365
6.549243765343915
6.746841410635467
7.117234006226718
7.4185629937314905
7.452506250560305
7.687980764523641
8.065791338505798
8.336550436323826
8.59429992576134
8.867770188303298
9.106661062618441
9.464198023258716
9.765191706541541
10.041366589843733
10.443288669679779
10.604847071351736
10.975803515675214
11.183271631450854
11.754290811362683
12.032393079254026
12.331580115760678
12.959652610123083
13.145405037263348
13.438911797910054
13.659576389578032
14.073491673253516
14.1442223362059
13.992953651651163
13.952759307279344
12.943710899094757
7.289142907508981
4.995958090364801
7.510987329194294
6.364051451399676
7.864362971535213
15.011123696609006
22.122102353646127
24.071402145325244
26.44324397495391
28.30520102165099
30.064730064746147
31.656958020283355
20.523450442160105
18.143967469400845
17.471351146198735
16.481047407639995
15.555571748542484
14.669758332434869
13.76712976007744
13.164132376924904
12.68417395443206
12.157825862416438
6.728698480519161
6.6761139230878275
6.7847221919587355
7.048342827363574
6.70727006600055
6.609141309573462
6.0947055918913575
5.416923215605813
4.18348220948705
3.284835276123862
1.442395613996077
1.5931728953177888
2.493065629820391
1.3043645079855588
0.0
0.0
0.0
0.6890299478011265
1.2556781289093777
2.2017979869987587
0.9235561437330991
0.0
0.0
0.0
0.0
1.9411070916905682
4.200844198820842
5.800831971726624
6.580797829536626
6.821271221657788
6.732889111417199
7.29806154236679
7.380176529681903
7.477381269403875
7.866648526581097
8.200299011291337
8.471016079690601
8.6442816412898
9.1217164284316
9.269262178848079
9.476949698847468
9.636604243194038
10.17432252693436
10.563511750282231
10.618248013829477
11.032896219109716
11.511383302993309
11.730761714462218
12.136865817825843
12.448395016563241
12.803263435570695
12.945228204005804
13.225174126397873
13.370006846584946
13.326534937066345
13.168384078775432
9.73724384625228
7.3024134642011385
1.0894264330070182
0.0
1.4132474607247218
8.84609787087001
17.162141270863682
17.965339557884175
18.946011072561998
20.384916039348447
17.909336183042555
24.145276850315206
26.026551760550213
25.740440606472355
14.469834300774858
15.901052620848926
15.56224360764044
14.515168469818391
13.858904145209884
13.160893151630619
12.616880446294003
12.151993176200653
11.638228988334438
11.325836080118897
6.619708083425114
6.559071534702336
6.6078759661473505
6.906505724045157
6.951404625351333
6.49805285775642
6.2716922381861595
5.359389349192418
4.394632220337583
4.381306417161566
3.697209099851607
2.889401540450636
3.4935646769676856
3.8667218075334695
1.0061398708000224
0.0
0.0
0.0
0.0
0.0
0.0
0.0
0.0
0.0
0.5870562441940274
3.418062292543125
4.665547788553649
5.597020169880821
6.286220994196734
6.435649878627693
6.666899754070118
7.244917713324191
7.219690255026875
7.3751501109776285
7.556684333591015
7.921607839778314
8.260269245092683
8.445121028095013
8.63496468775747
8.884890395906568
9.187726954928339
9.656101091520087
10.121130799013985
10.202570546319658
10.465863321503294
10.728877587425648
11.047090338505631
11.398449133225185
11.782287322307962
12.037518375122817
12.208459435125409
12.53769300242873
12.591926343887549
12.609833155514458
12.269240451234918
10.231652763675056
4.408820975993416
0.5906727699206126
0.0
0.2818758877368246
0.5011126893099104
7.256229225720867
16.158106587371726
16.535796418993954
16.653455791838674
13.02264100934409
8.07191365868518
6.250305456799336
6.346284927643128
9.701461175792284
4.919860469514441
12.229953795398071
13.862003550158873
13.03894313549281
12.755593446596034
12.131189602688512
11.77067125079649
11.273726257534289
10.78272931166423
10.72701765224483
6.687062825162617
6.852392653721272
6.8917355397389874
6.741056936729805
6.866780709804304
6.521732996603963
6.548886889073822
5.614848970970423
5.334220795283314
4.739546073615422
3.9379898672484535
3.1411476528223323
3.3085105605194154
3.6321646275507167
3.2085398602085995
0.48508254058692796
0.0
0.0
0.0
0.0
0.0
1.1275035509472975
0.6890299478011265
0.5244171580302885
2.0808884609468814
3.7349062510994657
4.905548359601207
5.6417447344872045
6.1141141448779
6.399025093069508
6.63058219648864
6.923828526496312
6.844751167341547
7.163370929101163
7.531182372123941
7.699525697395101
7.896700214859856
8.073187755087012
8.440276295350822
8.65575597619329
8.848994086597635
9.220380074818978
9.806539497829114
9.823764180496974
10.024465305582002
10.489418383611774
10.671882888250078
10.71039376422352
11.221324313836844
11.587238734122177
11.838213452352123
12.060076210397291
12.003565281472838
11.797214196226232
10.6621231433541
7.974863363122066
5.149589172969812
1.837097491274796
0.0
0.0313195430818694
1.2425256082767522
9.939615765333997
14.080994960703825
13.640493440781999
7.275571271295703
5.682619637868514
5.01383196380038
2.15151062101508
2.2444855158260966
11.207584714691606
6.56948661050343
3.749219720674279
12.319229376067517
11.64073651233431
11.231094195261981
11.060935876105987
10.624658851496209
10.528748319449308
10.25864912824166
10.20894028645236
6.345005729549276
6.826673567340312
6.6451892522926785
6.474049697875318
6.519703396731575
6.460451150191606
6.3851633759193565
6.4459946392579655
5.541766934444554
4.924906769964221
4.123566380466044
2.9711735236930825
3.501789158369043
4.091206611588354
2.385201164577055
0.0
0.0
0.0
0.0
0.0
0.0
0.156597715409347
1.2236178314634132
2.691788144586007
2.901404557436735
3.547758233265389
4.453418527229227
5.401573196137197
6.0582131824213485
6.232111434655049
6.385877128459543
6.752005838804595
7.0698003894938894
7.234483385699861
7.323780628747746
7.576752899472114
7.633684159629916
8.04957294070063
8.221260547343627
8.254455638541465
8.845219892103673
8.86948430128611
9.201987558434908
9.487959815087153
9.679739382089773
10.096867617618425
10.438613825831325
10.589122300176511
10.72720727980806
11.220185715508629
11.311546350660482
11.244315271509967
11.29339796094848
10.864022848512132
9.558011688442779
6.574369164724063
4.411938128087404
3.047892250626989
1.1076166873551312
1.8975368730355915
9.35096679221283
11.792435264425597
9.889975498260407
10.055240626866233
5.381829665001795
1.625991832285452
1.6125860915342247
2.0044507572396393
0.9943751852095776
7.209063519547747
6.301582249330899
2.9204137320637074
10.772593813476238
10.447172730806502
10.19209111104698
10.223316084081414
9.772862905995932
9.595787058215583
9.579398278330725
9.478298140626178
6.957233269002427
6.80776638077773
6.904977211152605
6.817635306381211
6.310232477917198
6.678788820649793
6.671976920831415
6.247022039444633
5.711779697890075
4.959356925153443
4.410839994829373
3.556603206073671
4.120953563589891
4.166954357029536
1.511146418018022
0.0
0.0
0.0
0.0
0.0
0.0
0.0
1.1275035509472975
2.575265800984118
2.8664272200840553
3.2901910549598288
4.33369107389638
5.12709129792551
6.079913945858469
6.293486987871058
6.35414527776468
6.526803717969439
6.750925862333287
6.842208008092758
6.959090281476491
7.360428511664599
7.650178545219667
7.863155254967772
8.114481154039675
8.210345716700767
8.546760985242898
8.799095841638847
8.912834766186421
9.038973451243804
9.423694335802331
9.56528817073655
9.932542024288413
10.278473990747326
10.594369318168315
10.781788240152853
10.742426766801078
10.855559732031058
10.508651216439658
9.835676648393791
8.347153712684626
6.595323930377705
5.408975894719986
5.374173845292072
7.406902136112703
9.690554238363799
10.147147307084182
8.82902416722587
4.538988901409214
3.350120752695856
3.5897223480752865
2.4060227263944625
0.997847464257027
2.0580652669138404
11.28389294998473
14.373745950961846
8.006032656353192
6.07666134877963
7.613069929975304
9.559740217573523
9.200003076401726
9.387949549871532
9.159462528026475
9.334760675739565
9.15436891466563
9.167191200687016
6.446419970378668
6.625662019993563
6.686680696939479
6.855067551283238
6.4530444565897405
6.561101134574724
6.233517198564577
6.039377682047451
5.770328757291481
5.4451144331631625
4.236453951699126
3.4380166348248444
3.7759947973302124
4.068822461270326
0.9218542650059143
0.0
0.0
0.0
0.0
0.0
0.0
0.0
0.3445149739005634
1.005862538618518
2.1867700497399376
3.8024665498040875
3.8450916719646804
4.744041831588378
5.957550203305904
6.2586887637300626
6.288225062671951
6.668537766823174
6.737302062696531
6.855067551283238
6.81801743460435
7.094645719568071
7.5798776222838296
7.633746382273834
8.072881543383593
8.155320918017322
8.095468015641993
8.362056380028875
8.561610440177635
8.641418234419397
8.78874731411921
8.96215426232685
9.416724095061376
9.851637959168634
9.999253834954427
10.39845326389132
10.244857734117854
10.389168640330789
10.099176917472738
9.774836826734347
7.638718755732937
7.791602903212873
7.438270948925367
7.696275374281994
8.832182036597464
8.736161569326832
8.344875572446186
3.930961389214381
2.0451590030451863
2.249106410259386
2.2491476788036118
2.3307133193249348
2.8528347638185267
8.701992662042858
13.557011072846702
12.015069663923043
8.304166723145942
9.128451080410326
8.998082174061256
9.053984851748341
8.704905691479413
8.605804969425105
8.4908070398342
8.63074208018523
8.863959947549317
8.803269142339412
6.507370192473976
6.403857896921589
6.542431865525537
6.546594119734994
6.5751070624346175
6.464901825820549
6.254190815533105
5.93948039893317
5.693761034970953
4.823072042741808
4.011054667304574
3.4856989546332926
3.5455289314415515
4.092929511482334
0.9704011448111347
0.0
0.0
0.0
0.0
0.0
0.0
0.0
0.0
0.9512385268162704
2.099083529027563
3.004871135956944
3.6857129002015605
5.101826989406811
5.421273794539122
5.849718448101989
5.983119843320804
6.41819544909853
6.41957975128134
6.4639933586645295
6.578003973217963
6.690980827698022
6.922300013603759
7.262432681297198
7.527225421324877
7.597919984020459
7.8222183526151765
7.8418465996334845
8.036119907012592
8.060326782926651
8.192847554309983
8.291179681286803
8.813851063177026
9.196499250958135
9.506568347868496
9.782216581404665
9.949619475913764
9.795313967218053
9.868034905482832
8.98997880822702
8.697874897536641
8.763455098268285
8.642675054059076
8.425821222150907
7.774520324515601
7.390734332296048
4.488257243139805
1.0721387847809545
2.38095941676439
1.9490859910732965
2.1908865070026664
2.260799913163801
2.5170458977273977
6.045765281852218
12.505953868392595
10.539220171657892
7.804403133066674
8.380515952600112
8.27568500315065
8.256011374433069
8.366404684729282
8.456371270163515
8.308476049176164
8.316298339425115
8.380502313053679
8.446007833563387
6.5396380092068735
6.46723779805694
6.5618401390679555
6.792122440164781
6.5468572892014345
6.412956400127097
6.534210411571305
6.164349312741362
5.860862271452566
5.149700492705632
4.147321634169034
3.3898504871821267
3.5006745074571244
4.240135352540881
2.010505025608911
0.0
0.0
0.0
0.0
0.0
0.0
0.0
0.0
1.4013643643226306
0.3758345169824328
2.4186474513026583
3.5517226774080695
4.345548260400593
4.993795918206993
5.6882132093587465
6.065717093609068
6.111371071909452
5.962046359719677
5.912957297081503
6.141458682293139
6.361721434029334
6.555410367472715
6.6764960513109655
7.1738907632147635
7.418227765489721
7.29244007262896
7.366262198964181
7.46162106051348
7.126752721211385
7.142979926806832
6.352208467831119
7.366627224050112
8.400054596788591
8.8331477583084
9.377713901550072
9.622609559771917
9.660352177595321
9.654460248662383
9.20802775494502
8.990068573449385
8.512292858343114
8.02689423326465
6.18291876843272
3.205399767468338
2.851079965558925
0.5790411698325361
1.7458793382231934
2.1828714326411744
1.8471122874661976
2.0583340146777918
2.2258432100832315
2.342283016596675
3.7742117714692807
11.469438490472552
9.109027785664228
7.481633808674697
7.616593162470615
7.7942737942707625
7.716807299540257
7.639946725095333
7.807272526091128
7.837851608133511
7.934738896632679
7.9145823026645825
7.9881891204349795
6.627954789332391
6.546356202221599
6.607255920410817
6.498171816513117
6.815724665265521
6.712935581149514
6.39266463193758
6.1988846468600425
5.962954547431568
5.471546184757713
4.103395537132391
3.1073056006536817
3.118937200741761
4.044715411058316
3.16557535011853
0.24254127029346398
0.0
0.0
0.0
0.0
0.0
0.0
0.0
0.0
0.0
0.8368718344848868
2.8489935406395803
4.188072732293779
4.880876411830647
5.376392819123529
5.721625971206167
5.750967270212995
4.833949978772137
3.231295325958364
3.1783926725946023
5.599506013495734
5.836717852755671
6.273887510495008
6.656060351855832
6.78951395080092
6.755946079792673
7.171201850766803
6.849019907911136
6.81358556553263
5.508418908640783
1.1832681454412297
4.131450177752234
7.393628811771664
8.439094382232692
9.10913736609407
9.134774019088237
9.501602445652663
9.430951481408782
9.359577268316587
8.674369861231416
7.799126211851337
6.599614602240054
4.213638437474862
3.6428169771649066
0.8440636173938325
1.2527817232747749
1.9221443623542205
2.088912803395566
1.1275035509472975
2.0044507572396393
2.051059694680396
2.1398996551991156
3.4858688316710995
10.707412337463749
7.9786387057281924
7.1647391543195065
7.260729865844441
7.319089438285243
7.279456021186561
7.442208270737946
7.5508496130293254
7.675577083736826
7.564416875955231
7.7742183482316465
7.875298228378655
6.484836438295847
6.588229775091538
6.607757007390653
6.721003365497809
6.8225365650839
6.733217610998711
6.498553944736256
6.155915472670905
5.783759913539716
5.566858947649478
4.555544357887207
3.540627768503839
3.242201576299369
4.057139937656148
3.64948492682999
0.3561672082607525
0.0
0.0
0.0
0.0
0.0
0.0
0.0
0.0
0.0
0.2818758877368246
1.227069283013098
3.461000839278542
4.900153249210624
5.162687229533094
5.3520830473932275
4.782691946108886
2.618641195890154
0.7348568623335624
0.242541270293464
3.361993739872551
4.823854954613906
5.412098781197346
6.063522100744344
6.233636157321274
6.398048171062881
6.60309366620136
6.429555521575829
4.816645027986569
0.9136625973509689
0.0
0.0
2.3009714020539045
7.416945092433623
8.97597652362108
9.225062227262107
9.537418437950617
9.325942503083876
8.753339964066631
7.79193258402363
6.911031737307291
2.961478914693405
1.7981985498447046
2.532190852181497
0.8448869088463782
1.00222537861982
2.0044507572396393
2.051059694680396
1.8514902018289905
1.90247705363254
2.027755225960018
2.1049429521185474
4.723953728608153
10.068547501573395
7.5024700668444435
7.12417330862393
7.324080091309539
7.1222218184230925
7.027469128466427
7.091165716474679
7.3472695059123305
7.393000307192403
7.486549056249009
7.375257408017565
7.648854689148682
6.309875601647106
6.736919934473392
6.735510380337539
6.537342695933716
6.6414343782594045
6.794196209782601
6.668180890553081
6.524655159340353
6.005804762864008
5.69408931296565
4.764011178262374
4.01289376265378
3.357751353664449
3.7130936377778845
1.5639261103694708
0.0
0.0
0.0
0.0
0.0
0.0
0.26220857901514427
0.156597715409347
0.0
0.0
0.0
1.6530533330686665
3.6457923588430083
4.840646615047084
5.276938666160434
4.884376373481939
3.596398920246895
0.156597715409347
0.0
0.0
0.6263908616373878
2.0500170825201205
4.646302036229835
5.5232696549396385
5.66584705327605
5.555136215231794
5.429492129898379
4.907650703850574
0.938001612367328
0.0
0.0
0.0
0.0
4.13910026580377
8.588708938515161
8.94231868803948
9.31566323898343
9.060837472872995
8.513855181330314
7.188279579144086
4.521477137206989
0.7946408114069237
0.0
1.5680915368197508
0.9381047837278909
0.9395862924560813
0.5011126893099104
0.5011126893099104
0.4384736031461716
2.0044507572396393
2.0044507572396393
1.3853342155996482
8.103962521040172
9.503851738176659
6.624486192905654
7.061895733647723
7.109400881740513
7.136556245864496
6.816488921711798
6.800375284307966
7.127668333851052
7.184553022040924
7.37242827367761
7.504399252463781
7.380140764001923
6.595661720646449
6.580152531847048
6.765748597198049
6.580747325630536
6.486433406039007
6.640789080569825
6.63524252417756
6.5129420008192875
6.004517957711178
5.729316658453672
4.602362167593085
2.859525165493745
0.7786106626839413
2.075462201630675
1.9861158083359212
0.0
0.0
0.0
0.6569077475388242
1.94126305071191
2.2366257908811886
3.5456776987997074
2.575333697614238
0.1879172584912164
0.0
0.6645075038766313
3.4657590729207826
4.6309338038031385
4.561485132659651
4.652910377506258
2.942831954105304
0.3168325908173919
0.0
0.0
0.0
0.0
2.13202883929926
4.048329893534506
4.181523708539272
4.258180575945434
3.5036509216105816
3.7794596899347916
3.2551724490629246
2.074976403126753
0.09395862924560819
0.0
0.0
0.156597715409347
1.508256994416242
5.62051570056301
8.874541868386936
8.864660127503267
8.762898458582564
8.07082275237954
4.072680220074398
0.9549764257030183
1.177749648386752
0.0
0.0
0.7196087365189006
0.313195430818694
0.3758345169824328
0.2505563446549552
0.5011126893099104
0.2192368015730858
0.156597715409347
2.3699972904120536
9.128619755442635
8.878877991432596
6.344938444985473
6.95129512549083
7.046539443531139
6.868309222696856
6.931460553979841
6.9790752019331315
6.8758853789615095
6.894191437579946
7.2112939710970645
7.280247111831993
7.288190374186056
6.507727068744069
6.226085253009665
6.6256620199935625
6.945466481839735
6.7994259680668
6.640551163056431
6.815724665265522
6.375871293154845
5.918687823207942
5.158195894809582
4.540725056920656
3.657569171359807
0.8041304059502876
1.7696103382205384
1.715871520687174
0.9388455380919862
0.6301081262520232
2.657529652233075
3.856416113200749
4.01314856869038
3.742063523836035
3.8242248925936924
3.8982180195975955
0.9587489104509455
1.1307242383615006
3.947019651857522
4.700818748367572
4.81378429349635
5.122600923664658
4.052327456399221
0.242541270293464
1.2576274374587597
0.4690111233197205
0.0
0.0
0.9568456296364627
3.4651398446484865
3.6579436541306034
3.4664736962215126
3.1433150518298327
0.5280543180289865
2.3138805134215192
2.718605967672409
2.512688617636718
1.9182548820847305
0.2971652820957116
0.1879172584912164
4.5579748660504285
7.747732756315065
3.568270833414516
7.383098503827478
8.659835043497308
8.314237809787583
7.514391780198341
4.800654065796202
1.4077297613947422
0.0
0.0
0.0
0.7074586470465771
0.36488161551047793
0.3445149739005634
0.6890299478011265
0.09395862924560819
0.7203494908829958
0.09395862924560819
0.1369304066876667
6.808660617899061
8.420310317703409
6.042596059191033
6.958598653392849
6.793760452917836
6.938043995181017
6.932920416097038
6.717727339991698
6.931514182621467
6.88596052472952
7.129018696107747
7.000275157834543
7.033297772117522
6.357083065348961
6.466787214983193
6.727314178336352
6.841443751646482
6.542550824282235
6.63086115901193
6.740173721526832
6.643345019375094
5.882314372494633
5.324983807159183
4.619423255750074
4.1020260801838715
3.002359561317775
0.48869906631351334
1.2556781289093777
1.5417637316016277
4.005795339114708
4.566989634011147
3.88012187266694
4.2092929546102305
4.492579438569105
4.380925923846507
2.5677449498588145
0.8281562726743501
4.64205204450457
4.884626322938752
4.6196605032403095
4.5424080888186635
4.782936002533363
2.6445892792365067
2.385090724310472
4.0594041681666235
3.3732223291279047
1.1516633115772517
1.200134261288266
3.3480965320125513
3.2935350076955823
2.911965254806917
1.777728583942592
1.0328041673375943
0.156597715409347
0.5011126893099104
1.4035200155931382
2.0873281233068126
2.9827844895090467
4.057219126217669
5.172300157782201
7.083261060628516
7.695280090322194
7.972848843377471
5.9244189406039185
8.461463235055529
8.133103840611577
7.192841112275044
5.526053867378189
3.897098717152139
0.3401164252656575
0.0
1.251335021329346
4.60047167710124
5.077415329155431
1.9707737718259384
0.9113507584386823
0.5881362335559644
0.0
0.0
0.8534599509072397
3.977649674302448
4.315994821640479
4.60722857342258
6.509036750124575
6.844487997875108
6.672828438685522
6.6749675384184135
6.708644909287165
6.863940441162959
6.839586739172419
7.098196616014066
6.92262627060802
7.258268884598312
6.432608757134606
6.316687501465483
6.528544896422341
6.521350868380825
6.614186778985893
6.629721219738338
6.580797829536626
6.534787254410274
6.086844804433543
5.6150082378519866
4.694850923225536
4.4335967930756714
4.003034339549344
3.981181969846882
1.860679168825788
3.8391679178729077
4.652686988534874
4.602408206345512
4.652883327136662
4.613310505416513
4.74918583596987
4.311660844307088
1.962302885473713
4.6711184661149305
5.163271115474478
5.456659187435513
4.99136593841459
5.079035323598017
5.199881484871104
4.5580442357075635
4.711792545646882
4.599645117813885
3.9028277473871347
3.603686931881936
3.5106341311773233
3.369857742120036
1.4652739074879935
0.1879172584912164
0.0
0.0
0.0
0.0
0.1879172584912164
0.45374236323294603
3.4409359810414375
5.357898021683845
6.582275838523088
7.275037445344378
7.843593712033224
8.241095164478045
8.24157812972856
8.165275110002014
7.6404133937869405
6.784255508668227
6.037301647939424
6.167917332055581
4.470200795106063
0.6577256342200252
5.064616561330056
6.327139386230891
6.185022929709891
6.202787521829384
5.705565359480458
5.793541238041435
4.0983862119193075
1.2083422324837958
4.566723921608955
5.352337746057111
3.4346366817748795
2.4837808773575727
5.590563748573713
6.7539259388164785
6.641315419502706
6.542550824282236
6.609141309573462
6.8613878230179735
6.752150049514338
6.902957070176411
7.157195922906911
7.207813968003679
6.212843581596048
6.396043823143538
6.447065268068246
6.426128481633277
6.582103720690805
6.439514363756636
6.6095234377966
6.5472141654715275
6.1496766254651725
5.911023754684203
4.837321316285825
4.657236602453158
4.3762669189673105
3.9890415184783707
3.9708416896529815
4.18250295901316
4.784817292753797
4.9341972065386015
4.534137811606621
4.528807973145157
4.769460144598288
4.04811845151687
5.445993299055128
5.335757153285652
5.434274389885437
5.395656784405426
5.626605253729782
5.540752487601249
5.626174692827867
5.50147346569985
5.431931037981251
5.069943912954351
4.863626802264765
4.06362368948153
3.4519188052809806
1.7535182866812176
0.0
0.0
0.0
0.0
0.0
0.0
0.0
0.0
0.44874522059785593
4.60371073667044
6.483746505646517
7.021311985233819
7.746669097318091
8.071948750386104
8.178679241056251
7.950572134454929
7.346445490414836
6.766666523250262
6.447184226824945
6.576121708790855
6.604625192594284
3.3773575565187244
2.6631202220809826
6.528162768199203
6.694419981706265
6.642482423384076
6.75559534175849
6.1988629056891975
6.905315940553434
5.826423191238397
4.838823569365418
3.522267207313629
1.0761335396197977
5.598323053933993
6.712290283459935
6.708153281203524
6.534210411571305
6.41957975128134
6.661115280164456
6.949547612877271
6.846999766934943
6.722914006613499
6.922353642245388
6.929494041645275
6.4126488927062635
6.357439941619053
6.405718034131188
6.62429362210277
6.4608080264617
6.418076490341831
6.673702194992302
6.363869713214294
6.323142525013768
5.816198462155342
5.218764303838439
5.095466487061193
4.352121647195771
3.4098510085763487
3.110752724750002
4.120698757553292
4.793370856208506
4.719767935679231
4.688500925401736
4.947932995934333
5.392706759750528
5.280229767756675
5.531970812806258
5.7913630079311895
5.811251297655359
5.871372145631048
5.911183912020223
5.7957057539178605
5.673635947885222
5.686012349165284
5.631765813013314
5.0693738855318164
4.482855415902696
3.419769363752323
0.649695330357766
0.0
0.0
0.0
0.0
0.0
0.0
0.0
0.0
0.0
0.0
1.4155381986451363
6.147991745462926
6.978310945486855
7.405368222299244
7.723413585981355
7.814890124732546
7.743467471484489
7.445089348707756
7.44096131768885
7.049592621240589
7.438571148811706
7.679472685002207
7.344633528591047
3.537215551226809
4.594139159720606
7.73052733831897
7.814164416336112
7.527551012837157
7.309059657835494
7.511386420863158
7.703811067699732
3.9147877042991426
3.1554239665916217
5.00830607552984
6.588611903314676
6.560600047594888
6.654149710740142
6.607374879167514
6.627820037518843
6.944702225393459
6.826673567340312
6.601565153308808
6.855449679506376
6.631105521921147
7.022295241401104
6.21908242880178
6.322666689986977
6.556174623918991
6.63715316529325
6.56239172995388
6.464782867063851
6.534736750504186
6.391380481954246
6.329835466075449
5.808444898796753
5.264638059439846
4.508006988517714
3.62583548114617
2.782570374922561
3.148215630098604
4.004757239443323
4.545040110677623
4.689070952824267
4.786426467921501
4.999142302516231
5.525830172962192
5.449424703971607
5.672201773468745
5.837171946611616
6.155104502544866
6.177973112378118
6.032208905958978
5.9712476875744835
5.741028656863974
5.47045420743441
5.291153413732507
4.903255159000498
3.9774099183902942
1.7445926245880574
0.156597715409347
0.0
0.0
0.0
0.0
0.0
0.0
0.0
0.0
0.0
0.0
0.156597715409347
4.749439843044608
6.786710635586063
7.554241906812884
7.563677264629852
7.851304641821553
7.553450816167448
7.759772812624362
7.666209383189782
7.534690392717251
7.788039347802452
8.20462761308016
8.45219836494866
8.208607163896916
6.168822017772548
8.307624506795158
7.999808098388556
7.733167931126134
7.534353666903585
7.556021625287525
7.562522928242722
7.282041217624203
4.944428871576125
4.2554124367361705
5.516522342344863
6.349914289260489
6.479502547463931
6.553261808843629
6.450582224588125
6.637535293516387
6.683690079352481
6.521495079090568
6.60118302508567
6.573816467055461
6.738500997924538
6.204647659038986
5.973323721682509
6.289320943435274
6.206745434317855
6.425796857316228
6.3586295291860315
6.49162308616118
6.149773843051023
6.1009226979262445
5.9181147705953
4.895090151144051
3.5176560034758615
2.1783810788306246
1.308281661258711
3.1053786684256335
4.159549822165074
4.276361199788018
4.150439206538598
4.327578323562817
4.345066874298534
5.3175255968627
5.526664676042265
5.638266110686474
5.788160644150819
5.964991174743458
6.0750591213914165
5.690650997289785
5.6430472505217
5.790833263825517
5.716652187982419
4.8767803847893605
4.504460988113992
3.6594195903787403
0.2505563446549552
0.0
0.0
0.0
0.0
0.0
0.0
0.0
0.0
0.0
0.0
0.0
0.0
1.1057375480210079
6.544294997813021
7.296850354997672
7.552328371370276
7.4882439062417365
7.176704183914642
7.723272836815471
8.009752095333019
7.910590300670478
8.128529238761269
8.176511917478553
8.26660947388524
8.400789877994232
8.520617631248841
8.206000532059514
7.916660769216071
7.17648429870236
6.1959626475661205
5.4492483365371305
5.417011736504974
5.604466136260599
3.362618259448436
3.0636939606672158
3.595019891190538
4.856705759705501
6.207617373787516
6.4115277599898945
6.562103308534395
6.725284578463964
6.661725867004796
6.486433406039007
6.608759181350324
6.701833009468787
6.642436552219076
5.880022162044057
6.098702453108479
6.444585085122113
6.275935061311913
6.439182739439588
6.678788820649793
6.226110504962709
6.168631084595768
5.663551757055735
4.890278926694853
3.6610642482374267
1.7433954365876885
2.215420164180442
3.720056548712736
4.587790618638593
5.021640177560536
5.087812276024112
5.234366516677086
4.805192837289036
4.399396061075987
4.665378500321453
4.418632566917599
4.713536057471221
4.86743828971441
5.352148536453336
5.419308741931407
5.746603101199947
5.666705089310148
5.345556360693683
5.020780054961101
4.7839991664037465
3.9053752923341643
2.5260188221785675
0.0
0.0
0.0
0.0
0.0
0.0
0.0
0.0
0.0
0.0
0.0
0.0
0.0
0.0626390861637388
5.395024945760724
7.151530407757948
7.410814737727197
7.18553627820821
7.053570343070523
7.143313456294517
7.6805211647931975
7.9942047073350215
7.993581439993867
7.916529322839488
7.527762085141985
6.989444761415142
6.68556964159533
5.918506959646027
5.264518741785793
5.143607454263707
5.880445886589096
7.374234963656881
8.433548945268209
8.637157582289475
7.898887708570331
5.225661562634164
3.17707456691003
3.4261176029734894
4.490645046517431
5.967622595838835
6.426034774829623
6.637297376002992
6.614424696499288
6.710173422179717
6.486527112842659
6.45299395268365
6.365441429004409
5.952077052101335
6.155915472670905
6.099419716430864
6.218509376189137
6.473955991071665
6.329954424832147
6.1798672479792796
5.752485818280296
4.155330602328246
3.4679071007907973
2.0692248604017736
2.5786413224395957
4.151311753380493
5.19434960434309
5.2728653230895715
5.372703656611604
5.073702797807638
5.515908235462646
5.684344332780963
5.64598718799256
5.878157426725661
5.760960110785367
5.653180472877147
5.472474286169418
5.344818073265962
5.0395113461775445
4.720480436703962
4.380463936825111
4.041405011708387
3.7620781153124057
3.219782226159073
2.6564732385959062
0.528033683756874
0.0
0.0
0.0
0.0
0.0
0.0
0.0
0.0
0.0
0.0
0.0
0.0
0.0
0.0
2.767322469292841
6.478312574383897
6.233236760728756
6.08238933588062
5.428895193628973
5.016137169159866
5.260855471248492
5.643444662109689
6.150013679308512
6.058005960147141
6.685253490096289
7.3617684819203655
8.007577837373063
8.53247088866747
8.319651639988196
8.309384888094419
8.04337110030722
8.463196299814207
8.871872041255681
8.753016717698895
8.90113583040241
8.478432498596128
6.262089066096246
3.411364523312355
2.8988863758033236
3.872529997686904
5.4879556878885545
6.246330028075294
6.595517509936707
6.589469866564605
6.647983108611342
6.541404439612821
6.42541472909309
5.359283333692116
5.870799093018405
5.872518250856337
6.023796807059366
6.231322205699854
5.620871641833607
5.053038565209092
4.048075087497906
2.62576631679209
1.3102608721673998
3.182996939974952
4.909074251470261
5.272838254611445
5.497459011641606
5.666993158501337
5.636974427980723
5.388389800955286
5.545923880213525
5.5892281895019105
5.712067767081267
5.792409929952723
5.76617181152251
5.920746191690676
6.218628334945835
6.226824257502897
6.281438414806618
5.97298858658326
5.735674464416102
4.738122732527688
4.441733316286128
3.680960504622003
0.567388935472347
1.0488343160605764
0.4384736031461716
0.09395862924560819
0.4384736031461716
0.5440844667519689
0.5011126893099104
0.0
0.0
0.0
0.0
0.0
0.2505563446549552
0.156597715409347
0.1879172584912164
1.9386050290209107
1.5348762397275983
5.138353594801083
6.383853819285763
6.7744201306637155
7.147290092759166
7.539095236909819
7.944788177056291
8.212544199892058
8.576906122786989
8.835014904852263
8.777137586613106
8.85960256040244
9.125346754329891
9.048568636791602
8.908055518928458
8.535578767728742
8.633979989000357
8.642908447377058
9.02797437896934
9.20379972821661
9.167301884440954
9.204658663994628
8.874598795528888
7.04095081211053
4.119577476810663
2.726641676306013
3.3800881667162996
4.495016981409837
6.004052212856202
5.996646425371708
6.247353663761683
6.460425898238562
6.368821475823071
5.172212226268789
5.53268635712963
5.615492926655889
5.93480055222935
5.484535946775287
4.895799973894127
3.6015261049453278
2.3908618968589246
2.349201641845847
4.200742239602447
5.1698766825032365
5.687209595844185
5.671004526789846
5.720809133751391
5.7878490420055995
5.6650094644262445
5.659201178122427
5.801490507267649
5.962405027772953
5.73718331324022
6.0905752648461515
6.192883717167704
6.2199151400986645
6.384687540892566
6.439539615709683
6.306512482942124
6.240091180869559
6.005177483028017
5.538460277150671
5.245066094229797
4.172407934854931
3.485404578032466
0.1879172584912164
1.0648644647835588
0.9395862924560813
1.9075084762655377
2.2636963187984027
2.0575932603136966
2.3423036508687853
1.5680915368197506
1.9547044600784085
2.5894715741051204
2.844619953730154
2.227916324265289
0.9548756868149685
2.0494863807765618
3.8438746103402615
3.269579181455551
2.3942083301390937
7.843830174502075
7.816280923588517
7.834293668756124
8.33314573561727
8.553183444209784
8.720947708818304
8.843635445749461
9.20775296337545
9.377197490238368
9.407291693374775
9.389531473335026
9.489824155494308
9.251497749897922
9.24268212221611
9.145618094111862
9.20327723458888
9.211977438098637
9.288221701599566
9.345181295779247
9.395429908900459
9.294499397308192
8.95983639772979
7.963599823988858
4.955968993970629
2.780352667904078
3.029207718500792
4.257500795798119
5.444597244373027
5.975853849646481
6.341739828430147
6.177234107884886
4.405270221548755
4.781142668212465
5.107313169043587
4.765036467488691
4.000115793110489
3.5060531511862814
2.6682014030502987
2.8221339400288135
4.656071247561559
5.734603033598455
5.875956566532201
5.8418753262694665
5.879454976760149
6.030727665634442
6.039258723290752
6.004420740125326
5.964792664026198
6.087179939532792
6.224701230270982
6.196905830337871
6.156726442796945
6.226013287376856
6.306634952481022
6.5197539006376655
6.2874140925459105
6.321617802347543
6.163181466345228
6.151417524473946
5.686351559810086
4.828394064010372
4.246010855384205
3.7647693985562283
3.0525546903885044
0.7575421027816438
0.09395862924560819
2.393696399677188
3.2878998503196524
3.2143431089028836
2.90177558977474
3.1860198453150224
4.208076456646107
4.5499772719355045
4.20373752973263
3.4938354778437497
1.5913547369959042
1.7607441464712017
1.1710989766197315
1.8201928977595314
5.961368247406394
7.859550472476679
8.299660159518666
8.230709899382513
8.55298551893364
8.865405233982095
8.933406566687767
9.30288456874104
9.294220127364321
9.30684252135387
9.366937178628367
9.390324008566665
9.383794250200747
9.379013408069914
9.404177313085425
9.663593737521971
9.54434289043247
9.567611060832135
9.635353158273968
9.649923386010775
9.621778593167212
9.56337383827543
9.292225814965267
9.049802670782915
8.247491417082536
5.699267578196095
3.1941824996335364
2.724011083736359
3.638581732146165
4.651149894230525
5.810191665134267
6.117537953482377
4.239156102066993
3.9191007938080453
4.105962287062227
3.627507457514047
3.0694797332048727
1.7166948121397188
2.4937019025120133
4.492761946845927
5.42149651311303
5.737966674866679
5.9348240851833785
5.852458895954048
6.1332630391802025
6.009935089909215
5.945600287382205
6.175561943170843
6.169874407406907
6.033355011184266
5.9833577608342
6.10278255569172
6.116917907745843
6.481124767160136
6.376873467114517
6.476852901855009
6.534379874234093
6.3294533378523115
6.218891224968149
6.301636196748355
6.042848483775816
5.212698169284261
4.698994001421385
3.859509899332553
3.882215774052746
3.6540217416667775
2.1306987590221746
4.033510877215721
4.4412296016851895
4.837482449463929
5.019855822455834
5.143982098645907
5.313467011431592
5.529102463973302
4.922759747607562
3.5992076939621493
1.2360108201876976
2.0514075998468515
4.1973710461877545
7.064670794781082
7.585184949081893
8.24702081061242
8.535183116459859
8.590865661440613
8.856084513130948
9.047509808981744
9.030703354453383
9.307749878731649
9.388180398215638
9.421110243076273
9.544273254519515
9.510915214256803
9.611007402358336
9.464506584602479
9.58281261136943
9.750289913969254
9.648334111752627
9.74198739171438
9.748165022565795
9.799308780749746
9.857368675670417
10.011357292592495
9.816337776156482
9.422443250882258
9.271223274087971
8.685803599383426
6.796766565552103
4.087887560641682
2.6670617904129004
3.6646740912809666
4.127131585852575
5.046018663373534
3.7382502038352214
3.3511356826800065
3.3582880448482975
1.8134260413872543
2.1675820382822866
3.349430551294288
4.742467852790091
5.725017220973974
5.7714748625167696
5.846395015637269
5.9088917015696465
6.3078497920010435
6.0604908858005375
6.3016579379192
6.268528367710049
6.093656704251922
6.315472661945461
6.328022321989738
6.424863138207165
6.171734265172384
6.268290450196651
6.3998494805270285
6.309637684133711
6.300893681472924
6.362799084404013
6.518870685434692
6.546509871827535
6.4983160272228595
6.303182660585425
6.199109849085235
5.830512481378254
5.530632810337156
4.794773984054769
4.52438429603556
4.7036427346126715
5.523830754071707
5.658180888758389
5.85878135979162
6.134214709233785
6.23191699948334
6.233160322294483
6.019731211547512
5.258032492411091
4.442892387707919
4.260374129337974
5.464617048169431
6.709146465833043
7.1511214453356535
7.910077111501123
8.297992337844025
8.63027967389606
8.829441244243798
9.136897366681612
9.502258342399058
9.322994672554161
9.398646894881203
9.407724097687248
9.550884935771347
9.61262860744843
9.668641562623721
10.110970641603828
9.995651478765565
9.75453602924735
10.073599447218756
10.01224237788616
10.024666107746347
10.358991928517
10.317708644436095
10.24953609068374
10.033064644565117
9.97100516393498
9.624920162894545
9.53936470124368
9.151245561510063
8.576425659156877
7.283158868538835
4.544080284690451
3.187653418902526
3.6098806778484516
3.8923107982109757
3.4453031342965366
2.7542250625503533
1.321110449347156
1.7910067669357588
3.226217099262781
4.689458500163868
5.576800646768237
5.830360046793238
5.943881129544274
6.078292005606389
6.044805559127143
6.205004535309077
6.068247221573039
6.157299495409588
5.986374468706621
6.219774440171122
6.150584813177063
6.5415486503225635
6.371063741255809
6.500965672831781
6.4527812871233
6.52780589192911
6.494391690526798
6.594158459706942
6.562629647467275
6.63790151744751
6.452611824460512
6.534592539794443
6.50634276656126
6.709027037510304
6.323737318797257
6.33619327203788
6.365577595318912
6.200348221559286
6.1607702971379545
6.281914249833408
6.341718087259301
6.547693790724645
6.396855072713704
6.357796817889147
6.51972864868462
6.506988064250837
6.7667293094310015
6.414365674818825
6.485908895441801
6.909853988825374
7.197438352426144
7.7050422522490365
8.18838508444259
8.775401332753786
8.939720308656412
9.000752645964361
9.118032371687917
9.30069517013092
9.623796789119483
9.61333195225076
9.596634521679492
9.755964007823094
9.78851722588121
10.000446919300341
9.958664537355558
10.088021749066685
10.206878760887156
10.238435885128796
10.39659314831664
10.278352442562165
10.292956502618518
10.377113785920132
10.381267941915539
10.189046321202033
9.966965363094133
10.09181089979529
9.77074386959082
9.234128015063694
8.92165767926023
8.471108748681493
7.592620482412476
5.583220403628259
3.2711334260635483
2.943162840059681
2.5463243270842426
1.3154208094385136
2.380876879675938
3.014727588316579
4.100894059131675
5.230177399728807
5.544920266698964
5.770901809904125
5.6950015762230946
6.169874407406909
5.851368798861016
6.19616682584464
6.127737944514656
6.128667873397392
6.239756045770309
6.280865362193973
6.390115138528134
6.603501046377542
6.487078703728584
6.301301061649108
6.426272692343019
6.363487584991155
6.4598563564081175
6.474312867341758
6.528927024645479
6.607885425043545
6.540546476362892
6.695403237873547
6.567386695460221
6.741175895486503
6.5629865237373695
6.783945155955982
6.621618724540804
6.717367450221233
6.588467692604933
6.722268708923921
6.26171646789167
6.472477982085203
6.5887056101183274
6.621716221570783
6.832120082768269
6.933753323318668
6.977615339815935
7.170404669468472
7.459483467959068
7.453592929677502
7.716021643520838
8.306006975406817
8.645252151421035
8.731062843019956
9.010167600212062
9.105763535606526
9.262474364851471
9.470817781597253
9.622986186574439
9.674314930185503
9.793999026725484
9.84608753057409
9.828186463138687
10.133276879700691
10.200895008184236
10.244921589690358
10.495877740746245
10.205445653605118
10.405313209166511
10.451155372667026
10.499770107739442
10.639170399596
10.304288637031167
10.219097589867747
10.148694192544514
10.03493823422218
9.743359681146954
9.604324514739341
9.047284334712367
8.808494313785289
8.296654728151925
7.609530754214426
5.556188692680842
3.4586569963019502
2.074364163400774
2.330713319324934
3.4574920598405736
4.197995780890896
4.8713514150949475
4.969276957614714
5.517915462491768
5.598881819429479
5.96834993845876
6.112849080895914
6.266549551187874
6.156369566526849
6.164446530327214
6.562153812440485
6.220131316441216
6.336766324650525
6.445086172101949
6.494748566796892
6.439420656952985
6.398668216799415
6.309875601647105
6.546594119734994
6.579278775540268
6.445825176595179
6.705349965988665
6.650635767720636
6.766130725421186
6.800954480959352
6.783951490116638
6.825145054447761
6.874247366208454
6.599197594958716
6.735510380337539
6.607757007390653
6.637917421739526
6.66313542114065
6.452874993926953
6.6550581778961595
6.66739138215376
6.741558023709641
7.22970952957601
7.227822842074873
7.263374081131595
7.354490368153003
7.592202589337622
8.03611990701259
8.390617447255332
8.571542757467038
8.732086269341643
9.04169450844704
9.125197764042586
9.30723976044367
9.4519768300176
9.546040238068018
9.617619083610172
10.024465305582007
9.938264499702964
10.02738238428195
10.121130799013985
10.161355216526498
10.222721178580484
10.392089818603052
10.642145954811689
10.389224261904554
10.542932243389439
10.596907034162898
10.563885990995866
10.624562132388407
10.535982681112483
10.400208503030639
10.444257333248595
10.199579474605345
9.83473428881802
9.577087675208093
9.549716748256865
9.051203696091296
8.510824473880865
7.9539193650595115
7.177141136352233
5.914625114638995
1.95921544816107
2.7966376195555953
3.3378321062240532
4.396456967283772
4.216533057822282
4.505677486078118
5.159172729911203
5.468877541307206
5.767175425037072
6.001166114739509
6.023894024645218
6.521732996603963
6.431033530562291
6.2088354446456115
6.3158547901686
6.431368665661538
6.520254987617501
6.695785366096685
6.322641438033933
6.533590365834772
6.720358067808231
6.445944135351877
6.814578280596107
6.561984349777697
6.75632820801581
6.790769835330838
6.9084477553498
7.202859080659365
6.946612866509149
6.960168015370551
6.970092812192908
6.9487833564309955
6.836924621166931
7.146466020553128
6.763522236057326
6.921752514301242
7.0261037440760035
7.141578776736431
7.1010754911633125
7.210763736505528
7.324535953713201
7.256266606583769
7.687385713490086
7.95949192094649
8.06378500334494
8.460784883596984
8.486422174311059
8.62717472604206
9.049196724225512
9.220613468136962
9.413843727964515
9.670013852056297
9.635647862190577
10.036131318568085
9.753155573385436
9.937896113987675
9.988974207486496
10.384609760911173
10.291256226330317
10.513639958146669
10.63666700796219
10.636176802819705
10.548295225810092
10.657138527359825
10.795086245349529
10.830855929287372
10.743946785629035
10.643892888084535
10.610342301001415
10.43504007797799
10.534203006564931
10.236500825988117
10.062376302696583
9.516379231914641
9.339818526967374
9.144056433406018
8.563283091112766
7.964204911195943
7.526377479697465
6.868622700144639
