6.640287993589991
6.581392623320116
6.64345753273597
6.204171824012193
5.411566896975061
2.9671998409491267
2.8708367788553777
4.6441805329189565
6.101362284710806
6.5860559645094074
6.307921757633853
6.358391611672635
6.520492905130897
6.548122632627545
6.4465894330414555
6.350747000557374
6.330549218615636
6.206269599291065
6.446827350554851
6.615596333121746
6.62238298098708
6.707270066000549
7.008398813401714
7.146466020553128
7.6267573253250145
8.352395839203984
8.979850642030724
10.07160661371903
10.613053361759052
11.602893846948518
12.555539168990256
12.475333409120788
11.768008173251632
16.438787978819466
19.475163432070662
19.894415371107137
21.437327713978668
25.04546451529727
26.759989641386156
27.404520781298867
28.28887072577138
28.964986899181266
29.191227995549486
29.059662203488948
28.664326245954424
27.922979291720047
26.990252482479303
25.692809237282148
23.854654819871893
21.92857112320979
19.724365354675157
17.63892581661697
15.363266967183947
12.03665655425142
8.715850442806117
7.241820627612377
7.39230162550089
7.525239331838737
7.705835619879596
7.937002347801712
8.283772783545917
8.29290327881028
8.389532187989177
8.349944076092093
8.466549550066679
8.396032459231677
8.309685036432684
8.15468225619283
8.190945162183061
8.0221207249248
8.145998274722524
7.9577586599855055
7.789654135168216
7.426875502031439
6.474859693763385
4.0073291392151225
3.364206884220388
5.450967667806229
6.909911503501325
7.8151834185143185
7.157171929535677
7.386306838715352
7.260922031366294
7.215226995766205
6.791071553375809
5.752338748456804
3.704689829373416
2.5719128087816063
4.045941553896485
5.743178085538635
5.996408507858312
6.572611086431633
6.542550824282234
6.288964067165181
6.189282960393454
6.1948547687387645
6.0310628007336895
6.193780908590409
6.178308247477367
5.866358955611165
5.972058657700524
5.589095410968096
5.546821934307303
4.9312077919286015
5.269410353909936
6.113535514093982
7.361102287787447
8.194768698085081
9.250282869297576
10.226431936369716
9.486083134601484
8.649790741583566
8.66632720546334
9.645982429108386
12.410092376024958
14.98048996883616
18.71599957284699
25.096657438013906
28.38159313201765
29.510000586350834
30.404008744200567
30.869059951892183
31.084461468855796
30.581553289006944
29.77799860859935
28.54457060409357
27.215892428352266
25.17702166907303
22.648997830153586
20.686538634943147
17.839172327355314
15.57786056391927
8.814705857900968
1.5902541555614043
1.1608343053948866
0.4027761457015089
0.1252781723274776
0.3597837339873378
1.3884776950079432
2.0357625036289853
3.1365455340234774
4.826805973709435
6.343835084263466
7.551120360210048
7.845577240701938
8.022876764375189
7.7947335307644545
7.692992502849947
7.817695014165412
7.682818951203571
7.665418292544358
7.690293311387927
7.105275053542171
5.798751930610739
3.408545861891299
4.268448422965914
6.119965084528693
7.508446924115245
8.465203742673442
8.726247559041452
7.359673186699149
7.500135906905012
7.7495409295359385
7.641701484177938
7.567044208043836
7.248192204167199
6.169950432922353
4.253420115649758
2.3030697723134756
3.690371512445141
5.163869929187132
5.934209833991415
6.084790511496363
6.19264579965431
5.619411824535447
5.689267964326918
5.077513457511924
4.251972382005163
4.638444710290536
4.364764216301035
3.780819086348208
2.358227967138255
1.8133641385709165
1.091044704866427
0.9781801555353465
1.8179085579539476
2.9625928246535427
5.528756441718569
5.880070876645921
8.418668354543298
9.188346033616332
6.690985010690212
6.00144516908811
6.486694413471946
6.592186543852669
6.916976035355362
17.761649093381152
25.831998630649974
29.97562659164937
31.381479279603532
32.30091655479123
32.54665277503432
32.4118750279687
31.924642482552322
31.227017212050864
30.36011946886588
29.455625222843384
27.5870887224124
25.392170359832946
22.261885639338843
18.766068825242282
12.644859519363054
1.166856835715978
0.0
0.0
0.0
0.0
0.0
0.0
0.0
0.0
0.0
0.6716191821696395
3.9493020217730304
7.084119794801568
7.436869052349927
7.316284230075213
7.2527894443182985
7.329987512789642
7.11688480285564
7.335920612652754
6.991480894775416
4.984253403684833
3.4905941245825467
5.0568967662659
6.809781081165835
7.969469290703399
8.813187942719566
9.04022962611163
9.32299467255417
7.776295385813248
7.968299621655009
8.105465818417624
8.007915764577621
7.8851933226893065
7.780022737739362
7.149625790053851
6.635352941257192
4.950212615650664
2.658310254217327
2.445033649546631
4.414534125831589
5.424125237825222
5.426339917795801
5.12884565213286
4.304599943352419
1.5768267312732245
0.7203494908829958
0.9468606124534772
1.8791725849121619
0.4071540600643022
0.7975372170415264
1.131383457266321
2.340705523698907
0.877576259294063
2.8964499908514187
5.134884017450899
6.815167666263522
3.069887266220608
6.74669860138985
9.04169714992423
7.834244795251531
7.712302280583874
9.234814708101284
10.87246332280037
8.97217471587574
14.571204540791305
36.09631246908456
43.761464003979945
46.11785983795636
47.33257235744011
47.10367639685578
46.57839709026358
44.77546825006203
42.18942942113579
39.24910401671738
35.50770999956503
31.512547334025474
27.278503951829162
23.22174954364451
18.414079293365884
8.5150186758977
0.2505563446549552
0.0
0.0
0.0
0.0
0.0
0.0
0.0
0.0
0.0
0.0
1.5018942407124412
6.511939826859616
6.977396340094927
6.83087697779483
6.855067551283238
7.13409810544629
6.826673567340312
6.250976752265548
4.318838650362947
3.04642514716616
5.739244388205321
7.346978222368718
8.60192287697812
8.886373007027828
9.28001202047515
9.498965213872859
9.862803754750807
8.255891298984466
8.09540257635565
8.409349276304278
8.428062220163811
8.290052762368932
8.107910690315896
7.861569130984862
7.530473619126412
6.62289369507207
5.382251212100678
2.9208091726783203
1.8177833214779353
3.549715131583943
4.369429752390348
4.200131994659849
1.5439637766468268
0.09395862924560819
0.2818758877368246
0.2818758877368246
0.5950713185555184
0.9701650811738555
0.6416802559962749
2.32285845419532
3.520002941445602
0.9786009259924635
0.23088903593327492
2.635172929675399
4.30036980466526
3.884910261359967
7.828494129354612
8.676681754496867
8.525096239134598
10.946737042722605
12.049235996422796
13.128260098745892
9.140392004553131
14.084878990252703
41.749215507885054
50.40517597154635
52.819202471543015
54.39418262914459
55.15706990412107
54.88516987446699
53.89379686317074
51.48771303380312
48.715622499100554
45.08725967648014
41.91829704623717
38.125064541940944
33.56019299212905
27.76405526641559
10.401661152515567
1.1850239683841477
0.0
0.0
0.0
0.0
0.0
0.0
0.0
0.0
0.0
0.0
1.8741630244446457
6.297530842212068
6.615715291878445
6.520085524954714
6.585911753799666
6.3064187761384725
5.4824755351216305
3.1752655364824407
3.9432587998773507
6.191714556088816
7.55621482523532
8.551073570252857
9.033287796709066
9.390500141311438
9.60628390916751
10.09469777562527
10.086579749063265
8.591165809778886
8.49054907399822
8.685465143698709
8.520499030288759
8.420946471962328
8.36672666156296
7.996898282507137
7.751908766846221
7.54075154690887
6.789006418425263
5.564353647884679
3.37206732234117
1.500251244840673
3.1196196421423075
3.6363524303223285
0.6613475647179551
0.0
0.0
0.2505563446549552
1.0408192416990854
1.8025558299353857
0.0
0.5324322323917797
1.3211517178913814
2.118580358801001
0.925127784982618
1.2600560432721708
2.1434490780108524
2.3100484310028855
6.962446248223857
7.973130431694921
7.828496360659628
10.412399211478737
11.57505636342371
11.783948590109702
7.838393179473525
9.181777285591862
39.60139589225505
46.56009315086501
48.346420638543556
49.48441007175939
50.342126517678246
50.46356507259341
49.47088158668506
48.231998780611086
46.201360723673496
43.6651009453915
40.802542346316
37.51892053192624
33.45995608534669
27.79592580554888
13.137980382232849
2.337863833689655
0.0
0.0
0.0
0.0
0.0
0.0
0.0
0.0
0.0
0.0
0.651951873447959
5.790042826271403
6.329359631048658
6.431844500688329
6.075178080148116
4.734371546883542
2.8477905145765283
4.5112100635295995
6.446719224996501
7.718377153365505
8.424653147862616
8.79492285331938
9.417690592012212
9.845910562260524
10.463958122507124
10.402898703944059
10.648799989723477
8.778959806632097
8.759425337835946
8.722577081697388
8.789281168156569
8.59576097059054
8.60072430429481
8.351027338019149
7.991431470790884
7.279755483748355
7.107357156390148
6.286913005566075
5.48512764085531
3.5900241793987857
2.462907608740269
2.315813515152156
1.00222537861982
0.0
0.3445149739005634
0.2192368015730858
2.3460027136838217
3.2460259064365964
0.1995694928514055
1.6046649204461028
2.317860800526847
3.886857731639199
2.994837427223258
4.3969300046916
4.4558917762384675
1.9893437646561447
1.3685220439683452
1.87479779400944
5.544699832911784
6.77508302023628
7.004313422771182
6.919675934236216
5.707683798989577
9.061723562261227
38.44091685747898
41.96452151675265
43.293269459156065
44.27501435081495
44.85109368254829
45.13174950481965
44.98940869161203
43.82940262043453
42.501837758087476
40.41731626387062
38.19871216928254
35.535545520824854
31.693882292995465
27.07168192265832
15.588758097205536
1.653631292796738
0.0
1.0371820817003874
0.0
0.0
0.0
0.0
0.0
0.0
0.0
0.0
0.24254127029346398
7.044118541322574
7.240854327801331
6.608208200128156
4.442671059184515
3.280041212393225
5.388159252996401
6.487622446216289
7.603143939908508
8.270245219372908
8.500593277787253
9.08279798817208
9.840161126811175
9.997771472810818
10.422111813122083
10.603804311909164
10.763347520787274
8.894151303004444
9.072090812796537
9.030936747771365
9.017554075374074
8.77057715897094
8.624687336888275
8.17077198536254
7.832528754906419
7.49568732802231
7.159325563743611
6.52780589192911
6.167798373298884
4.9543950629936955
4.730160863153002
2.9594606968284705
0.5637517754736491
0.0313195430818694
1.7058039664157372
0.8143081201286039
1.3596836781543087
2.196954370912498
1.2287365001903017
2.1085914783021655
2.177718586829681
2.601765689464235
1.8608170017363308
2.1062546776643973
2.233117530080628
1.7540089501301654
2.0483990468198017
1.8862586706929936
2.5590316655950107
3.6284523990748863
4.743291164729512
5.816894678976468
7.828136227330888
15.07471927214576
34.54426588433105
37.72353040530822
39.18105398098201
40.066734167145576
40.693631035701564
41.09838056820276
40.90928665676372
40.103962506888436
39.234741152870264
37.996633198067954
35.73625680539375
33.20188182094974
29.840376111410876
26.438427489341624
17.57051884345764
1.864580985334482
0.0
0.0
0.0
0.0
0.0
0.0
0.0
0.0
0.0
0.0
0.0
6.714815525338867
8.478643824738468
7.8288691459960456
6.849423967427034
6.066976396958183
6.896164859073548
7.388841554142004
7.817797722630378
8.050441065934058
8.673326254883154
9.302016175090909
9.879632942352798
10.285001791903797
10.688203417740546
11.020188055094792
10.849333206474965
9.042738797216787
9.094194879479087
9.223151400110142
9.21375356162031
8.8402565583994
8.732572386688252
8.390491926880332
7.925239824237822
7.414363431352627
7.163297194920642
6.961915527984109
6.1438918721153835
5.699064085965213
5.15043467849638
3.0189714109992227
0.6263908616373878
0.5324322323917797
0.8725692919295494
0.0
0.0
0.0
0.5011126893099104
0.0626390861637388
0.5011126893099104
0.5266737011204816
1.3276418384119801
2.7589658206169743
4.298689004341493
5.871435413448317
8.375574983093516
11.289862361569508
13.206875784643314
14.767396295625138
16.58426172428986
17.946547525147185
19.32104264667902
25.42336488303859
31.295363352790176
34.08326954526816
35.64724876246793
36.63842847664361
37.389525277902216
37.74980629788393
37.62886548395412
37.36836120491633
36.61236481616477
35.13298709172691
33.296723959334564
31.20762810620273
29.22544174124753
26.455767165073784
20.99933368179991
8.185307108230148
3.4749698290972995
2.0971953393744367
0.8441820400470754
0.0
0.0
0.0
0.0
0.0
0.0
0.0
0.971290879845677
6.8960953110525285
8.632566839272341
8.294111233263882
7.773624857734076
6.827773720185818
7.429576658749293
7.4668396447396015
7.006467894678165
7.56625360950284
8.556904867354874
9.539887106504613
10.070052705515167
10.384235520197539
10.887599635853476
11.029293115719003
11.169038173281342
9.286862762026413
9.217663092633371
9.339772366214499
9.151729463903903
8.81356836298737
8.523108484879819
8.135238044684312
7.84633094419616
7.454368306682854
7.4350589398572335
6.942626213198389
6.4651397433339435
5.51521510394147
5.346941129577073
4.601232617269836
3.6372407811526593
0.9416387723660259
0.6292459987277652
1.5301046924729353
2.7706784598202794
3.7113090794466324
4.208688151095396
5.313404555887257
6.3209842610329785
6.608524866912332
5.927692640102609
4.920143251519753
4.7196834719197645
11.584229303847883
13.773898314191218
16.207830390377673
17.93725514357136
19.594899057566437
20.728106487348263
22.17671316048122
23.7739736719026
26.58611866505871
29.031486618731773
31.061022216620028
32.266548523242726
33.4399469002574
33.95087810139353
34.80423154887873
34.661174729571925
34.71617425874836
34.210537080564606
32.797950763909114
31.261480645993895
30.214424057774185
28.46118782976938
26.261735840418986
23.205172130277145
17.805153278023003
15.719790272982513
14.683596378659486
13.25985561690346
11.475099028792785
9.071431263963667
6.242405753369095
4.354976536464001
2.758023800938109
1.8984612773307465
2.583401692446513
6.024723232865053
8.808532350235895
9.147581734325632
8.480786139029103
7.854479879293244
6.771507535243047
6.364241932886924
2.9080231603669042
0.38748675134262195
1.8551585378897628
7.6263844839634105
9.124758536558334
10.207384708108975
10.730609441658764
11.230759126008396
11.46419626051462
11.47809212207499
9.255889271987549
9.286862762026411
9.168322121016912
9.311510484286512
8.862923873643947
8.341403358016994
7.528461633143635
5.838581092641319
3.8329404490235737
4.647905312281419
7.059398986721617
6.6764960513109655
5.875718649018806
6.082527701328553
5.69601873482901
6.22787682561675
6.30417042214058
6.090624143773951
6.564609186136272
6.9651816462369665
4.731931167062448
3.3866159323313187
1.927341177870694
0.5505781946843815
0.0
0.0
0.3758345169824328
1.6377792438993495
12.101197202661668
15.988425159606477
17.13981010368537
18.11513647118313
18.260187049481054
17.54033458876287
16.753076089411934
20.721811399761954
25.84278194584981
27.381554823231017
28.531929009619034
30.160058713982178
30.725763190243843
31.585316702056478
32.13255819203765
31.95184552223347
32.07390005311907
31.636740227577587
30.709985945654093
29.704394289173738
28.578346352242825
27.31511555768343
25.651222895300393
23.849130362218386
21.682919898239952
20.12490676304474
18.840586569843076
17.803586685263713
16.952076293149283
16.23126536691663
14.828427255574846
13.44202276443329
12.115292660974426
11.035853160052516
10.212919080784681
9.6278505692997
9.327206914899238
9.264604997836845
8.671022910892324
7.757469544219824
4.2635946499859765
0.4072754332244647
0.0
0.0
0.156597715409347
6.570463790434388
9.339780285263107
10.517325982037079
11.018851017636914
11.402936371752583
11.570762763872652
11.540824405624868
9.27285893863112
9.362930892782568
9.006707740077099
8.92138820793835
8.3039472299005
7.263881789358882
2.1169615346649286
0.0
0.0
0.0
2.152241133733721
5.596125067286896
6.0649635820444505
6.537048326400236
7.08184204759647
7.4379342551875816
7.454382914860455
7.677355952594007
8.27151345826687
8.500249581833526
0.3445149739005634
0.0
0.0
0.0
0.2192368015730858
0.1879172584912164
1.7538944125846845
2.6946715222234636
8.814044699414397
15.77915107855526
16.960199335731467
9.715593222804596
6.602497767264986
8.215341578496838
8.768514220674671
12.539868501966602
24.282810376926143
25.951900313632123
26.850658786483578
28.288424684453705
29.066488739320285
29.82905444051763
30.075981772222654
30.06047251410904
30.33540179199275
30.0910280730806
29.335006580300206
28.304029642418282
27.892754513546507
26.67482685180803
25.12736075532206
23.750290636434247
22.567632521075883
20.874555448015624
19.494440720349978
18.526480826642224
17.635401205553148
16.970827586393167
16.292417504613116
15.366977834018385
14.405517337002701
13.448354411097263
12.605959784059895
11.701235249417792
10.606638029189734
9.554108517727219
8.406580249061877
3.957823684148598
0.0
0.0
0.0
0.0
0.0
6.075380636762416
9.753303861894215
10.62204867612769
11.149129763875825
11.341031564159866
11.601181336127429
11.690020888956477
9.543647712059482
9.329979833608734
9.184240878899228
8.94737024817677
7.918826837035757
4.267237702386379
0.0
0.0
0.2818758877368246
0.44572728887145485
0.9934282813500085
0.34011642526565755
2.7247079109523424
6.290731662681447
6.833520178007928
7.767157045437926
8.088576392806704
8.779004733156976
8.777047733563352
7.0828670557952265
0.0
0.0
0.0
0.0
0.0
0.4384736031461716
0.156597715409347
2.640556971204667
13.476392597479062
15.364607428936703
15.277341136478785
7.1240907881664635
5.744400171439032
6.893416706463368
7.981941497387459
11.258730255973564
22.718059292904652
24.299298009893082
25.528960931243752
26.92290066461199
27.257371379893833
27.797166053049835
28.199680084796753
28.809474031040445
28.87190304715252
28.223969288788748
27.896131691640424
27.30889555781792
26.66640387886056
25.73044338003681
24.97874344348991
23.776048960959443
22.691673994833263
21.37421371203227
20.003530797456257
19.012477082870376
17.970976376822474
17.344229438969396
16.856916661273253
15.939123990415528
15.032038913157118
13.820668241020021
13.401042613656807
12.430951353932706
11.323650750182473
10.029747827175875
8.165942508225362
4.280297941775688
0.0
0.0
0.0
0.5898701127401796
3.8365326133466167
8.608102063679125
10.22681093828254
10.8356673415193
11.468392072320514
11.7009920523665
11.566054400965728
11.646921298177228
9.562058897782855
9.319349491171348
9.072119573664557
8.748309875342073
7.05902876709683
1.9436174011567682
0.0
0.0
0.4384736031461716
0.5790411698325361
1.6431556121648048
1.6692419489743051
0.0313195430818694
0.3517480253537341
3.3738184595911815
7.30962374331205
8.06055652458275
8.815867519441245
8.816488915849591
5.4732987219847455
0.0
0.0
0.0
0.09395862924560819
0.1879172584912164
0.7071538449782784
2.5084847880383276
4.841540472662989
12.16465930495313
14.869796678986301
12.50787778030598
5.205926112602442
3.6466854957723758
3.5162499165463577
4.21105704048746
9.91168091358299
21.96505664270452
23.379841093175333
24.197243726787534
25.402752668645977
26.301936439514556
26.675622315242162
27.3892275616245
27.45370507424916
27.518770809610093
27.209533635626293
26.8624775743254
26.503935010749537
25.986968952309862
25.161307203866116
24.29845727701906
23.032011053944665
22.126078742190114
21.317223453102184
19.89555030254831
18.984963511824702
18.401824491909036
17.621730083930146
16.93864727077848
16.13760544461469
15.386052684492638
14.254164726182537
13.709846675611788
13.057759661769346
11.877537692269502
10.356634060558877
8.445091564478371
3.759194151090456
0.0
0.0
0.2192368015730858
4.335822457411612
7.36994297220763
9.415383150650502
10.549397981478553
11.32132395185841
11.482822136729078
11.750616328959984
11.822499156500653
11.773818937838916
9.483127404356779
9.417431560407326
9.225750413149823
8.283980658379008
5.59252532290793
0.4421107631448695
0.0
0.0
0.5011126893099104
0.0
0.0
0.39913898570281103
0.0
0.0
2.4153109973587954
6.646156892596231
8.036897281683263
8.520845374685967
8.030972440513162
4.900167500995765
1.7509880230344688
0.6139566043688782
2.8984000398077434
2.997950078235258
3.2807887566955873
3.955055840179119
6.353716204957619
8.930517655516876
11.70984026495542
14.78626958039835
12.045718429116727
5.856599578846166
3.3701424236940642
3.723908043258458
5.147740264938683
12.410198967432608
21.30843028797908
22.553808654884794
23.6880921491271
24.234927169009005
25.018016625991116
25.48739386285389
26.15636522444848
26.483920226217105
26.41178452947906
26.110612977255254
25.67124915167794
25.136528073320697
24.974740152495578
23.973250792277433
23.470948344187022
22.711412630193998
21.770564964877117
20.894954108049127
19.97405626409789
19.220603102453147
18.277698861634935
17.579008348926177
17.036303225027744
16.191208117851808
15.315898666861003
14.338120509091214
13.842054884114432
13.1463884504623
12.287420835652904
10.73149014662442
8.987401015355388
3.8710296036361305
0.0
0.0
0.0
5.36837057374078
8.031183786618902
9.829667867815894
10.646579238665689
11.31732510421646
11.70525106900823
11.805484801634908
11.806002581303682
11.85718098756278
9.630541961856776
9.487513552371679
9.23652239565341
8.251457381390411
5.0706088422706275
0.0
0.0
0.1252781723274776
0.1879172584912164
0.0
0.0
0.0
0.0
0.0
3.6358282949534146
6.6629288938162095
7.646101743345673
8.395432162555139
7.7550502034683335
6.1073379624501
5.407755059368586
3.781637503472427
4.227772539202968
4.789370295190671
5.3276344066722015
6.57677888405144
8.409210921473642
11.823008868848966
14.531642195862359
14.912280884808771
13.151911789701266
10.12487785960973
9.817100426300138
10.447979081074523
12.287480298413573
17.87546483926154
20.689365571029754
21.652793095827484
22.51083654506888
23.22999101315051
23.75670928120358
24.38632938292767
24.67662355593651
25.28055995179603
24.94037067153939
24.971851035402636
24.85468805804223
24.25283447138885
23.80917824722857
23.466354265508482
22.908412958541195
21.894198140382212
21.008999632682745
20.244171027383864
19.76478701058707
18.83149415201089
18.070236282397648
17.515359205024804
16.80492087907416
16.351790142162187
15.43624695311235
14.578372245757386
13.667206754138995
13.072810270417733
12.311155534231581
10.891878469853197
9.38337614218775
4.850330748261371
0.0
0.0
0.0
4.970642163515169
8.36702563652907
10.125474811581247
10.844135591883665
11.382104779126408
11.552840483993252
11.834499494361463
11.853700868147634
11.924192396278075
9.70887248676873
9.46607044075257
9.314376391930322
8.541957984068986
5.269458324320677
0.777828639775621
0.0
0.3758345169824328
0.4384736031461716
0.7006821821613156
0.5477216267506667
0.0
0.0
0.0
4.033760537238812
6.656590173855126
7.461574488545553
8.21682510541475
7.664655877096452
7.0098302488073205
7.202406008250102
7.216926994838558
7.130084617936376
7.334647139675636
7.930655007196915
8.930559194016869
10.888143142119867
13.757185791571189
14.748949233818774
15.369084722613445
14.656100307371682
14.279163610109787
15.015229695521294
15.539009456974668
17.01608837258693
18.875398953748146
19.93229269424387
21.187685194504137
21.8128139802711
22.300283135386056
22.980235017330774
23.308874610391143
23.772815645146647
23.97756638616911
24.34263641840772
24.060224287150103
24.053267251308135
23.224738539936933
22.742588522828996
22.47534356487318
21.857583647005548
21.429112883265258
20.54331857936176
19.76304788519743
19.212497590820767
18.750985598821337
17.97989442217906
17.344893320889497
16.940780414121175
16.425821766718528
15.617980534298749
14.503690028912382
14.05394218183045
13.319412549899932
12.539869784588154
11.32581627045715
9.578299544568859
6.069837615027482
0.0
0.0
0.0
4.040250195155635
8.409907672271087
10.202153343281912
10.934212534212618
11.517371626191151
11.643234426835415
12.011249075933781
11.888695291983879
11.77931827519712
9.590177546226311
9.713731131241854
9.67631926871061
8.871411046737006
5.811079023856021
0.7573380396013951
0.0
0.09395862924560819
0.3758345169824328
0.09395862924560819
0.5127649236700995
0.313195430818694
0.0
0.0313195430818694
4.53755300115475
6.899436509088632
7.745371652390735
8.246613868333979
7.980852468420456
7.938102503615219
8.348824760970173
8.544920897952554
9.03416223100076
9.667979089670377
10.274036491266129
11.503218969539978
12.722602840512803
14.05243199285731
14.763789851821786
15.103268930812895
16.055355595908985
16.24868551538927
16.692106862154805
17.163278609089303
17.836334232367246
18.78871458220272
19.429120017398127
20.51849500928433
20.790927438891842
21.639178774338923
21.741065885392512
22.205657502810208
22.7671728515902
23.04230779451998
23.094977594283492
23.158638312476736
23.017240938411764
22.460962498189225
22.17651078041393
21.705036749807384
20.92591675198115
20.341195381623923
19.8167917930597
19.24269000918116
19.0052481064549
18.25431705055343
17.73013402690434
17.07278268544863
16.585408365863678
16.11309448382291
15.420510224361033
14.606656793118074
14.094992468279848
13.270598214290915
12.743856448138642
11.429523351329598
9.966278176525835
6.75832010736145
0.0626390861637388
0.0
0.0
3.339457282892705
8.228268522301043
9.933732573229653
10.922980802580032
11.582265691732681
11.554562221471885
11.6908905978192
11.79523585013385
11.866654076534942
9.673319267555451
9.748918350828733
9.830190801663798
9.146786390348502
7.464088114487222
2.9201441690185197
1.2205398146586954
0.675793033352184
1.1143079050425804
0.8645542175680581
0.5637517754736491
0.0
0.0
0.7516690339648652
5.011699231759349
7.216510856569108
8.239239280248174
8.78656737165339
9.006453167866662
9.301187300692545
9.893625490036488
10.333999638582867
10.751891450475533
11.409814247003139
12.014473957722469
12.679616516644597
13.633209411099754
14.235846337906862
14.824321199208832
15.530422397671492
16.074577620967254
16.48413862744341
16.940176821130517
17.43509319203297
17.989110438656528
18.67396195940587
19.100270189715992
19.514288254485784
20.12425364069835
20.40517265461996
20.904742354575088
21.29396780436744
21.827687814856255
21.857430025265597
22.14084923488197
22.045589229219612
22.031106293080544
21.318320786456216
20.96297045294577
20.482891692107188
20.00418525915132
19.523568040902006
19.306699799718512
18.512898263055362
17.992519031344944
17.778990043399087
17.197528510841586
16.87635446067135
16.4284615516879
15.938712319063109
15.156541276685543
14.487118795095526
13.799833291884221
13.248776683085106
12.556466029793198
11.677964399707124
10.112651239614303
7.4275293852789845
0.664140798991995
0.0
0.0
2.5270514248757188
7.986599222884341
10.089817756027081
10.726623017038882
11.46897340466277
11.58462145211401
11.649063647460213
12.147169918145803
12.03255157975914
9.84608753057409
9.857755780333271
9.879513472295022
9.972817284108423
8.512009714412207
6.136761396919251
4.537203716421346
4.281494699647688
3.603256719997707
2.6088685909308786
1.6151588028776358
0.0
0.0
0.49673477494711704
4.059530691033682
7.852336852112811
8.493430712189873
9.193128599101083
9.64128194812577
10.247039322827161
10.439842164118364
10.687334831874608
11.219592459603717
11.790378944696169
12.466700459359398
12.975220282457418
13.639299940030803
14.143409465802977
14.671905737907233
15.204746479292742
15.759539604016625
16.24688800902746
16.861844985853338
17.256585906018167
17.482889399693793
17.93881766226925
18.501047864419444
18.800663359894713
19.436271604148338
19.443841408728098
19.942191209900983
20.19898184026394
20.421129581773435
20.863247350166464
20.62805792037966
20.558739910316376
20.61310973783565
20.405277858531015
20.074377656823874
19.896467996400467
18.892297165054988
19.230835858092505
18.39245145862313
18.07594267897806
17.742254036400855
17.46583448966733
17.150682118145976
16.836464753156566
16.03281265616976
15.436238474136516
14.656154257208689
14.155821106397175
13.703151484750943
13.104268470271997
12.615704364996573
11.583073795430991
10.166344238298546
7.677821606561288
0.9517860752048946
0.0
0.0
2.126200066667758
7.92961890440602
10.101863860317545
10.922470021375938
11.32082934488488
11.476705184882427
11.694274555497872
11.784922558228086
11.815544112107144
9.818010475188228
9.75390232035798
10.171770796226665
10.084219459892635
9.189798417477766
7.630798887925356
6.638812581923695
6.3125743819780835
6.007530178700531
5.126550504276429
4.153635627017682
2.893840772960821
3.4719134830260057
5.48103281529742
7.538829405929763
8.36527776581141
8.883679115819746
9.478200783767535
9.898475792387709
10.297679320039846
10.729840565739185
11.043512672337735
11.466909501997934
11.940120793569672
12.553311329832427
13.118383766922783
13.612297512848793
13.976182488880765
14.426166364797773
14.764682454115452
15.29727719943381
16.00832611147847
16.352469862193278
16.999343953379636
17.361720642230893
17.616291454362123
17.871137510357723
18.1693815506756
18.71614990958037
18.774150948256192
19.203863488798397
19.313438934423562
19.9813557450261
19.88821891935511
19.763373102524994
19.71665510895852
19.420117801421206
19.358633232575926
19.243215551423315
18.90639809278337
18.441145387895418
18.461611656862697
18.010416718551696
17.614212280836377
17.350739649696756
16.940840137503606
16.632900054040338
16.194930461031362
15.613367162849974
15.239111995134339
14.727319628074646
14.030210646656919
13.301568726477106
13.299144596690232
12.760792573898255
11.822193599430628
10.491355451399292
7.843513750394938
1.0331850228509896
0.0
0.0
1.4938866637223922
7.949288203782861
10.085886107675192
10.732880904434877
11.403388124902516
11.468634637481168
11.658517785416363
11.789157013756064
11.66695106231356
9.800878417240282
9.810847082590822
10.155490282247202
9.920812155729825
9.68718045949211
8.929232121668576
8.295170224553466
7.751402205832977
7.559951022896446
7.227250683909138
6.206476632734037
4.408777296434098
6.538484882237812
7.496598333838654
8.059477412329354
8.68973267779583
9.29622709923011
9.755576753844458
10.057195994272059
10.447985139674019
10.707302591208162
10.909154885247608
11.417162071332056
11.984160578832658
12.532336207329415
12.978778752960624
13.38599660357892
13.736157799596647
14.275486879884841
14.639540366814863
15.021772155193473
15.603655125366394
16.089502824447724
16.549292061971624
16.966261908014122
17.26218301187964
17.203334387794605
17.500545745401897
17.96856052923599
18.17884487733033
18.34272849073686
18.51460688085576
19.016007560381613
19.30685912010874
18.816040168698848
18.734581950341834
18.86374108040266
18.668876689696628
18.289249111105327
18.145333448741038
18.082952517248838
17.51232976858149
17.48577593534963
17.392295093543645
16.888188380336658
16.59158844188449
16.14611813525194
15.796118528941788
15.406606151120279
14.71590457499995
14.180808368467073
13.85250229029761
13.37918589076721
13.10299506131359
12.610706561140997
12.00611933152528
10.709249983622724
8.693871308103821
1.9439685428908178
0.0
0.0
1.7977124672675466
8.568219177686975
10.509634408851642
10.786353793658616
11.325613781165025
11.407621335724558
11.605561140239452
11.636419834437454
11.579913086871516
9.716619828768582
9.714424649818012
9.968945899278221
9.949498271401254
9.658354345702712
9.501125386485754
9.35850169724263
9.289636632291456
8.936747503011377
8.520781561417659
8.096372217780111
6.7244936311258705
7.547021044572213
8.21485478686497
8.515765979089732
8.694000524274058
9.388180398215644
9.60683403537414
9.90390906235548
10.400698708173127
10.761127093191993
11.024812345946815
11.35015211889664
11.69131515967043
12.197515622309057
12.606258466694518
13.160518944021002
13.64089907778382
13.86333665084697
14.262715654702854
14.882296198046674
15.020561102336963
15.612188720688364
16.211728310483153
16.382018171607076
16.704490632488383
17.011051970107463
17.206987671323606
17.29334573398462
17.449689521737472
17.799172242655874
17.650098301097284
17.79555272569713
17.75630466659234
18.196180584999667
18.089722857607935
18.258321503030544
18.08488366505916
17.651350874738252
17.541071928380678
17.592899669709247
17.133157793053048
16.88920241527767
16.787213518486997
16.60804185407445
16.124838851573433
15.785334882812393
15.425419068211879
14.556775144325535
14.132965117662344
13.88547913909956
13.506590796750347
13.11786793918978
12.81603624114988
12.623482649567284
11.973415963146115
10.927467025471866
10.07043523782816
7.601908678189762
3.709138835210665
2.6820976597549513
6.690969159114485
9.55131786752824
10.465163436214942
10.814432080085377
11.039803286714625
11.338731471719607
11.618718646754886
11.639731898997276
11.601267141526273
9.668705418196224
9.735880048410074
9.858251374875202
10.07397368793239
10.14503309568636
9.755589767109457
9.753895813725475
9.754215091587994
9.544998787178866
9.349415973362069
8.811621577141192
7.697234287322998
8.265073264152058
8.464838108848946
8.66619435676268
8.833811892002329
9.233957866512567
9.466714050526011
9.857315447274035
10.370167736360605
10.63000675487713
10.79136057692624
11.092293907139036
11.564734417749795
11.953442202133207
12.448198856742046
12.970818899245469
13.464007878980865
13.472747262312032
13.8528892446638
14.469440117006695
14.792845697752721
15.290295256208342
15.6901645029882
16.03914895780129
16.31920756628517
16.49615800058707
16.637020931481267
16.852842488030745
17.060516236100547
17.25584432822962
17.375565935665996
17.33023865819331
17.399853161885954
17.605135097271152
17.55351938238666
17.632903452199873
17.48833463733543
17.17833053292103
17.139244421598722
16.898938666487176
16.73178397996911
16.657659276838658
16.262943002339203
15.850237847722635
15.529443617804047
15.311379478849936
14.637579575964516
14.068852978227966
13.876076140209678
13.699608995157353
13.330936949623105
12.985152788373563
12.620745501572712
12.38255558340091
11.913458472780784
11.44336490031293
10.444021797887231
9.804998123437576
8.076182493201621
6.2240555688745625
9.13559031589992
10.09598730450253
10.598175076270032
10.908147599337068
11.220548581837132
11.30807917244499
11.381665448659216
11.335970530184994
11.431181432528254
9.59567814067603
9.671034088632258
9.805365281746552
9.96116428438734
9.802178610013124
9.922073066876065
9.949498271401257
9.543416863715375
9.484715108160723
9.333543092105637
8.881076356089887
7.951557144039136
8.491334931609597
8.520265636970775
8.540774225216936
8.911578591318598
9.128847685843521
9.492145469044308
9.69947945507552
9.862612188033296
10.381578327056673
10.650004351932457
10.694655144570513
11.157739078078349
11.655518311295092
11.85231719540973
12.254490041677697
12.906742164833238
13.214341857290512
13.484160655964267
14.051768273866266
14.453552626763292
14.682350630849562
14.866746319738935
15.507185108254479
15.801562048711729
15.894931017630872
16.095478986038586
16.362083082380515
16.486877972021038
16.75981064412215
16.93248953784781
16.885716768170816
16.878684100683266
16.95857690938561
17.02816365142721
17.11625213813358
16.828160330435004
16.67116158046126
16.539739283988762
16.414234052116544
16.32552546425186
15.93469746874632
15.52495521920174
15.198571125522413
14.872433082055082
14.595896240831628
14.14849391792597
13.654385740362981
13.564705183238845
13.335267425521169
12.816036241149876
12.587702355967425
12.39491303784863
12.061546783461162
11.617565885565424
11.330477629280697
10.839510123542697
10.56601514191604
9.646418861641312
8.76288169433974
10.21157299850547
10.38989077433097
10.638456242529509
10.749965341021525
11.020570385443095
11.000550175804872
11.129358746444476
11.374498145296164
11.143563007578393
9.472420919373933
9.645188332139044
9.527055078484153
9.639444602372258
9.510028469166302
9.787955538993677
9.877287104465141
9.474973081268043
9.40680982741124
9.207286437902322
8.51389768739977
7.655401786622774
8.625662684588997
8.634964687757469
8.477387962251749
8.577339781165833
8.738494889478696
8.890378703383345
9.192033725031207
9.657416032012659
10.018171167737963
10.11802376287083
10.622849523476347
10.70658843414167
10.921488808548897
11.405939656752587
11.813513126859823
12.548837316285269
13.085658911636118
13.135296323737117
13.568624935046428
13.879314937162729
14.035498217393988
14.508976794556476
14.666669163021355
15.098942973271148
15.520465985516873
15.494074511894807
15.618034680256036
15.881291197684643
16.14013429783051
16.17401055483388
16.375853008443194
16.453651084760622
16.387248235197163
16.36304506923447
16.266977396985393
16.223721668203535
15.980190396494992
16.038379462225095
15.765649535995632
15.480255895780806
15.187257664879914
15.09763164630286
14.665435342022084
14.264285182334133
13.79708740666045
13.735863731020332
13.408546339983017
13.089226512276799
13.04863696381457
12.705974453615296
12.421793334523983
12.16155725757104
11.764253090803066
11.602823230718307
11.24354344753274
10.774567455834012
10.597642240900289
10.17725373135085
9.249156266264233
10.610273300931162
10.4621751109165
10.524998439986396
10.549533912379848
10.688411433493561
10.895533674518129
10.772093419737578
11.032685700590658
11.151580444646868
9.335188871141638
9.533742902281444
9.6810601029228
9.492376317388414
9.488731136005606
9.606834035374137
9.527972177861017
9.517308334137487
9.230728602338615
9.165345529619174
8.576333846215746
7.455922736665711
7.940294186975924
8.321399563516758
8.304466480915021
8.235049838380775
8.330848915555643
8.3611057346449
8.524268285816998
7.813232706465665
9.174149266101812
9.47353536580876
9.647389291430065
10.179437713237549
10.453681013012682
10.80106006512515
11.26286131788013
12.057249991837331
12.410160399378682
12.76017702670021
13.204109927532928
13.723450766232254
13.570036590902337
13.874058180194607
14.31754030913076
14.617610385918383
14.940448692789914
15.010402194518546
15.098481014329831
15.253876606178236
15.360715576620315
15.462260238777883
15.712651840178806
15.67703961661432
15.695261105435423
15.718927815697036
15.951205722520408
15.644758241839781
15.310676439190972
15.29523373697696
15.169193337653772
14.90873549672592
14.573938777985044
14.17154378987899
13.896812697114397
13.804766903819429
13.433053113087412
13.152639220668854
12.761268636646555
12.608557970289045
12.363822934628697
12.048199502610691
11.921400285217056
11.652117060788378
11.627133126535304
11.231065688257392
11.139913608799638
10.787841119906124
10.65664832221734
10.230382855507699
9.126057400641823
10.356090730869495
10.423785813850959
10.468453146354232
10.488287684537172
10.962578270892237
10.632552447805415
10.816443634796373
11.00541943447066
10.918538468860758
9.235230174525563
9.211780091040671
9.337778053815438
9.154717732155667
9.350087676574967
9.341581991022323
9.258434489352725
9.209285490719498
8.98357360645271
8.927684865893006
8.36052124681587
5.24860410241396
1.6408090324655598
4.283944143584707
5.984935241654401
5.20182105804716
5.034487802278421
7.4243648580431385
7.884334574773948
6.130643327733217
4.516191499333193
6.498755164168755
7.611182617025557
6.4613717775207515
8.940310164929226
9.770308248736194
10.637088645773805
11.345559778491356
12.039026850758486
12.349048896721257
12.85276171395152
13.062484240492529
13.391731353968424
13.494608062147442
13.660996588376252
14.019342729435781
14.321327158303882
14.317258054919876
14.585444192181136
14.639526395931385
14.956892363001229
15.119110808479645
15.043021777535182
15.107789715831347
15.150588972447204
15.136623505856468
14.933085356809906
14.850098680024667
14.699876055900242
14.573731733791458
14.345821331805581
14.295862359951277
14.008704954833266
13.890677571634173
13.40783216363811
13.184347873387429
12.820943831705344
12.515925340622228
12.056341883885548
11.819105999716982
11.834118802464497
11.696549979900302
11.316008446787663
11.369296322251396
11.091927115160612
10.919424486698134
10.694839757720924
10.485527775379008
10.480537274911566
9.849582163421331
8.742968430146632
10.125248588232381
10.148630336972014
10.220421114173003
10.18748550277499
10.601773336202761
10.645131574654288
10.739675163509391
10.622048676127692
10.708216440464787
9.100077881071789
9.117009590138077
9.146855338477526
9.048029757635597
9.011729260917903
8.989910134069719
9.022113834697558
8.852912165484813
8.826551284406214
8.723327838057074
6.937665617079157
1.5187034400449113
4.2776767131341416
2.683962225854471
0.0
0.8091481828574902
1.7279218148674582
5.506980551093909
6.5968016599200405
7.431593226164283
7.570121911040158
3.1055253225504
0.6890299478011265
1.8884927947705732
7.20804489277036
8.962178610029547
9.844192001287627
10.75406143640125
11.388387991062507
12.133997392485918
12.285578536531153
12.574494584206326
13.00810733347439
13.214125740787422
13.355531255180292
13.638483253952495
13.622894220422719
13.961958880777708
14.046873773580465
14.149073882171889
14.2314687308869
14.403587425651942
14.226955678526096
14.165832904391424
14.221227995727999
14.307024139955162
14.235681531145282
14.299967143267418
14.23151219386672
14.321602602198542
14.052171747556052
13.714849842929743
13.579914656134841
13.326080916119176
12.760098242072639
12.578208319580526
11.929827594288213
11.371264383015808
10.232355232350585
10.839364367581451
11.015052889839708
11.152355204701864
10.85587150419611
10.23926308060618
10.573291629199343
10.589664871240378
10.493220804670418
10.367398091508313
9.903217929868209
9.487844390915107
8.757709026491783
9.909390937857637
9.793999678359636
9.94893246397011
10.045223716688461
10.226293022990681
10.232956938279298
10.283959429489464
10.45038054381268
10.48393145982858
9.075543387539499
9.111754675979288
8.936633033504739
8.804014248818241
8.970407243359407
8.860536133674378
8.754170736058263
8.682068507553169
8.501038235927812
8.512045825478696
4.301450584170091
3.066623106096419
4.421784297262708
1.2041727877215809
0.0
0.0
0.7203494908829958
1.025229164432687
4.869384803926996
6.989601126699635
6.275206792945684
0.7028074200982319
0.313195430818694
0.4384736031461716
2.308331745174613
4.097258993418888
8.078829033697374
10.047674735312388
10.843536068505474
11.49240547449918
11.891887540046065
12.203985651730942
12.663797141228985
12.691699209240515
13.06850439434273
13.236997426409758
13.482493028183143
13.52706556955677
13.568691042799493
13.697488977214675
13.954741167497836
13.976250333946176
13.895699562149082
13.826512574033321
13.647080645770062
13.72983076690004
13.993822937654944
13.736338475863782
13.787854004911
13.728971954212634
13.48845134160806
13.276997041434313
13.058485488303614
12.874551705477996
12.250273609229188
11.881763403979516
10.72574562070616
9.70217490548992
5.506880397026447
2.8730982929610365
4.241616891797894
4.035227378807709
4.373145181775018
7.407582233926734
10.146920692968031
9.96639543511937
10.001074196215109
10.000695183323701
9.721221391154849
9.239665028267206
8.472367569495892
9.557491950631977
9.420121335306348
9.459331048355725
9.574089250598506
10.039233457353046
10.153117126820385
10.263820543944794
10.193095014764273
10.23874627026993
9.02780677462429
8.787396261082986
8.875574143229604
8.649580749374225
8.554739413751415
8.567552273678723
8.52077735013162
8.346343593691797
8.213864130762412
7.032208560822971
3.6303262609080487
4.392380243290143
4.912800761248571
2.7808191842625507
0.0
0.0
0.0313195430818694
1.7102757840518992
4.89278012953678
5.937578524918089
3.2852209406208672
0.0
0.0
0.0
1.1704753283893559
4.143556450776844
8.672098226351043
9.906272154998321
10.547314815525123
10.972378725870959
11.306583947989548
11.759557454872581
12.019229292945285
12.299824753497541
12.631920840703627
12.65716310936177
12.901086623584197
13.07104732538278
13.170201743025544
13.182112123238916
13.508698085382557
13.622184121023608
13.439769351965221
13.540931189020675
13.683490538495606
13.574962809105125
13.359382279973
13.35094175032576
13.136846377968816
13.092629832368527
12.909310185696619
12.742969321687278
12.621976458255089
12.300522463204919
11.631940477664928
10.81828711535144
8.128766201195118
6.528401510095083
1.191312293079698
0.0
1.6912277036025154
5.329765729090413
9.489146251743364
9.292239164824686
8.821001959617396
8.396028816654587
6.983844388094956
9.116174592496144
9.44917986789405
8.735900660238492
6.351842149946933
8.961169266973723
9.117842310021949
9.117673723832008
9.277842501894643
9.780145082398118
9.800055527722286
9.766312619569822
9.873710007499348
10.058578259246595
8.939989748234419
8.63496468775747
8.71556251500294
8.881466582031626
8.420829140536307
8.38148773226541
8.246174560074278
8.220616593676269
7.992782561274823
7.823038106643451
7.218128817282263
6.6967640257942636
7.2857293929399285
6.497469336459686
1.6992342080758218
0.0
0.156597715409347
0.2505563446549552
0.8619970469312974
1.5164913832341225
1.2314096392158802
0.4384736031461716
0.0
0.0
1.3712917025176201
6.682394661327376
8.382043056217194
9.275505063979203
10.220156456436152
10.560462531932162
10.924716147107846
11.316499022193332
11.424661387792323
11.921126116805326
11.967957365609225
12.28547566967228
12.372750365221945
12.486878677071793
12.591958994465797
12.789499700867395
12.824280063979446
12.922967682057687
13.223555471766486
12.896304023903678
13.017106872203295
13.147640844417317
13.019640132362673
12.98478533428993
12.74942595475715
12.433628907211533
12.344117055704126
12.309399847165084
12.104687396625446
11.638522113881619
10.985567639565959
10.116775779989009
5.256891596720386
0.8099095714936981
0.4071540600643022
0.313195430818694
0.6963042677985223
3.97609760672444
8.694582864360811
8.121921181411823
7.505712921411318
5.540725087368642
2.2790173443752746
1.486228626996975
1.8517785476312445
2.912846089608462
1.7114612400667486
7.182515513830679
8.805770758797284
8.702252579897534
9.065398532708102
9.336353665251448
9.320559505286313
9.572722741506386
9.772109652390887
9.90785234400709
8.762645431712311
8.609537692331912
8.723533752998794
8.651256318312251
8.384525520861255
8.275780506081265
8.235650135057316
7.924580105440208
8.021042708640726
7.471676428756034
7.041788533774103
6.098568987280394
7.1306181023529005
6.504554874428594
5.794962637931209
1.3604823614067347
0.09395862924560819
0.0
0.0
0.0
0.1879172584912164
0.6577104047192571
0.8645542175680584
1.5977438627244178
4.428433386421751
7.396237698705991
8.101533560093436
9.105467270783258
9.96513610911207
10.331477789848055
10.521480313706835
10.716961536873018
10.981758572738851
11.21005809655658
11.36420219656287
11.679475663880117
11.579453796826805
11.943526736566014
12.231150892708444
12.24818179304206
12.305817822799673
12.44104517771946
12.515166694190613
12.312553969455697
12.539936675291354
12.649611818333183
12.520461052710106
12.497249592889935
12.294853220696835
12.248851129144168
12.1824588116945
11.852907226156306
11.421826547401984
11.245026371949201
10.602907547994787
9.785469912457136
7.541074366109125
2.069240310824125
0.1252781723274776
0.1879172584912164
0.6509358850591813
5.734553635832232
7.765445937419392
7.176468877271954
3.0624522148336175
1.0350607104277874
0.48368128940631067
0.0
0.4457066545993423
3.9738536387659216
3.268616760045285
2.4198817203672935
8.264648423287248
8.376015025185007
8.779355457900978
8.969846223326886
8.979546751065566
9.279993025143888
9.573986113399412
9.727092105774602
8.586531372323206
8.642535894137644
8.590098726466378
8.409526847573542
8.475357288222918
8.13747609939122
8.296463722290696
7.700053091158715
7.557051453422734
7.180584231691812
6.848287041653814
5.812516361637345
6.7794260254764325
6.837303898295827
4.283938946085751
0.313195430818694
0.0
0.0
0.0
0.0
0.09395862924560819
0.8492648232091711
1.763200578219913
3.5977425636643314
6.012659663919167
7.252984450668071
8.14689538778584
8.910106751918633
9.397749651996264
9.937649584419049
10.05183713239502
10.374164321066493
10.633755051253965
10.685914260033023
10.885136312052909
11.14880489824501
11.316930287441217
11.640012432065006
11.532399784827973
11.660377187022474
11.54141371825242
11.87918696094287
11.91438918559579
11.800294584209409
11.795957612608658
11.736855948639107
11.889403037938337
11.763070158245455
11.570598132477285
11.777039655720682
11.801269899828798
11.610614532669686
11.316224728281194
10.926548678889283
10.315939390583665
9.537030782821795
8.154991821887627
4.103241032921756
0.38310883697982856
0.21122172721159457
3.5875384724227226
6.50379908497671
5.584791249799465
5.871485078597368
3.273866891526617
0.48508254058692796
0.0
0.0
0.372811180484687
2.866755264968435
4.041554630041072
1.9016563437165466
7.941847010095546
8.355402540104787
8.635372371387307
8.759075882625998
8.989559721706822
9.114777144002916
9.393866052750372
9.618244626070208
8.45143795390363
8.651260698659046
8.609816012174772
8.495440207755816
8.335928311151877
8.236133100307832
8.024932002169855
7.7958949694487085
7.45382086087933
6.793760452917836
6.498325486119054
5.8943234659787676
7.012082794082386
7.078400651010975
2.7170733856222045
0.2505563446549552
0.4384736031461716
0.0
0.1252781723274776
0.1879172584912164
0.0626390861637388
0.0
1.8748473052785126
4.261831110730283
6.134889054977836
6.99836451671885
7.840795210412555
8.50621313445466
9.104195223165299
9.373245830649259
10.058587151967982
10.262507499806857
10.441357123256532
10.539182188252179
10.619107445272782
10.790197185271186
10.78439961928182
10.917976079112615
11.020450443071708
11.115958440734833
11.163273384680394
11.278101651360258
11.422273011939833
11.56412806850773
11.218960537915352
11.168821670092553
11.373172809705682
11.281992927146375
11.297429013523038
11.388924261993433
11.330989612160057
11.16367215989617
10.99952690813393
10.775649554050181
10.193606202069743
9.391048850833316
8.364223728614082
5.646214255405778
3.8401954195952435
3.634258528936523
3.9402191690722903
4.9199284547275814
1.338110071476691
0.1879172584912164
1.2841012663566442
0.0
0.1252781723274776
0.45608776799288925
5.8036626172950125
7.631922684682858
6.178347653917669
4.838596821990745
5.821559076134825
8.009703192699218
8.291040521365375
8.455492653644116
8.647220907999053
8.93411403203371
9.191602984655253
9.306417155052644
8.420428038669973
8.311314446759493
8.410547567320364
8.315910877105212
8.375890936179752
8.085726750413693
8.062267632601287
7.722554838065991
7.511919577266241
7.2780526682955955
6.977778468318065
6.2708093024273115
6.908676213967002
7.260501934642612
2.222577835019375
0.0
0.0
0.0
0.0
0.0
0.0
0.5324322323917797
1.5674516742753413
2.3677837919513265
4.068869509807509
6.572357544070348
7.4654334510207185
8.256385197206544
8.910353405848271
9.152367316874573
9.40936230720428
9.82425789126838
9.897610226991551
10.14475609814704
10.169138097966224
10.201009727892618
10.383861279483902
10.426301281133714
10.473995948776242
10.542067797533324
10.771212564101184
10.64336715482082
10.807011427902056
10.695286457808482
10.668897268407482
10.538016489254833
10.534021860542545
10.779526842003655
10.655357346397375
10.890009089331075
10.84944530566226
10.859831354150701
10.518797030203919
10.439216482685232
9.855809591698106
9.29232071521682
8.476638796016394
6.275650963466175
3.573871226672304
3.492944185560763
3.2619841601671085
1.91026476944872
1.5659771540934684
1.1034583278628238
2.0044507572396393
0.7829885770467345
1.264433957634964
4.0445926354799
7.184292165987037
7.233345932511271
7.139215114045001
7.615293169565472
7.925506510625508
7.890536415167352
8.03703693487982
8.440641929175317
8.549916509502635
8.860486826802703
8.880263569181693
9.240011016656393
8.242877527356237
8.275543053006755
8.38251222883775
8.475870270917829
8.253838759012504
8.067194645576462
7.9054496356165025
7.906765674905408
7.614715392707987
7.131749464888586
7.150929279813802
6.344963723314965
6.911288023991148
7.177139994278402
2.6970251900769764
0.3758345169824328
0.5324322323917797
0.0626390861637388
0.0
0.0
0.4384736031461716
0.4071540600643022
0.8456276632104732
1.9794514485236294
4.566901569922615
6.144118793339592
6.840591399217093
7.755023449345112
8.410458946356949
8.875242048340887
9.2306466794527
9.161580183646192
9.346757527269078
9.572027563133389
9.482379086930031
9.618406175095776
9.845589699259062
10.024593016727014
10.16708834094554
10.351507700242127
10.45458680866443
10.281972261492436
10.050157495544363
10.005373539889588
9.920359311723953
9.821630396372127
9.910269516518799
10.200265345180595
10.265096079937313
10.541996916525962
10.650334203658403
10.620117129704438
10.241982626832394
10.120446173159221
9.547136617189436
8.809951344889846
7.887387170092932
6.168154961082851
3.8617199961735826
3.2481232582551955
1.8616196589167644
1.1588230940291668
2.0044507572396393
1.00222537861982
2.0044507572396393
2.0277552259600173
1.2527817232747749
2.753221351219467
7.1566027191958534
6.578715819598822
6.738116515888984
7.353366890093721
7.580436907637405
7.906105956107797
7.943945608762877
8.200760148046445
8.359835238011078
8.591310619581172
8.890227208259331
8.870615221616006
8.206022360554924
8.21384754790999
8.285505234657016
8.241212495904065
8.126522903600408
8.000452052055914
7.95927106333333
7.795855975561623
7.662847483424284
7.582350443080012
7.211403470957572
6.300060970176039
7.267651265523324
7.041396946654772
4.443624397881873
0.0
0.156597715409347
0.2505563446549552
0.0
0.0
0.2505563446549552
0.5011126893099104
0.5324322323917797
2.0218958028690333
2.6815225209481093
4.532887596482059
6.410334661640718
7.40365608438813
8.245579509040725
8.550705272972278
8.745450624264762
8.907894218130512
8.713675110144592
8.593040362099082
8.63581755791721
8.83385870108924
9.068421935801519
9.383135206454561
9.556546141602151
9.577419366105667
9.770494953933305
9.54159988811289
9.438513479196644
9.054793804138955
8.67767270905846
7.484081057412455
8.356317978971763
9.30506200637015
9.86915762762374
10.177390810211623
10.42878630227414
10.103974092462245
10.075415687935823
9.568160460746709
8.926805067666933
8.08020580986443
7.335288762677118
5.284378912559274
1.6226536458056606
1.4480259364925305
2.0430446203189048
1.4720185248478603
2.0044507572396393
1.628616240257207
2.0044507572396393
2.0044507572396393
0.7516690339648652
1.661314270676155
7.058525230414838
6.226636391703206
6.403832644968542
6.86476056882811
7.18232281282455
7.544145338264326
7.868762044327628
8.142689409265904
8.198321377840921
8.510195429293999
8.708149486873738
8.895947951901139
8.095402576355648
8.068269347907616
7.976567152975532
8.215886249052108
8.191316041650543
8.19357362251587
8.133286611323946
7.744062522518039
7.623058699745838
7.546985278892233
7.161931810530217
6.763591350595892
7.027435188540312
7.155611538795484
6.0117626040866945
0.7139371454782221
0.0
0.0
0.0
0.4071540600643022
0.5011126893099104
0.0
0.156597715409347
1.2513002145465844
0.5637517754736491
2.079949213844251
5.75529396637138
7.123367195844771
7.735744174872217
8.433799408257238
8.599518061060875
8.188990984800107
7.729020375341212
6.436584236783455
5.0401658781119
7.701439169873613
7.964419869616419
8.289301968561523
8.762525905343146
8.865028268652004
9.02237821741304
8.873316682916608
8.426744753050558
8.143454779834475
7.390148382978292
2.687139155621674
4.915592501415167
8.044760552863947
9.297598698269983
9.851646200255866
9.880823640609824
10.024720727872019
9.709312969143756
9.304855201440084
8.444451774104625
7.636340285018216
6.481933082116679
4.933888409940626
2.9711941579651944
1.2749829072681533
0.469793146228041
0.6263908616373878
0.8769472062923426
0.0
0.5637517754736491
0.156597715409347
0.6890299478011265
2.175082566340898
7.5292066140374185
5.87012928174407
6.195759725112581
6.568150951906497
7.072258529912099
7.52999227005683
7.674588455907619
8.108157850545163
8.20425673361268
8.3795032168478
8.570977723877872
8.883409676241746
7.974025960424475
7.953383411699991
7.962847432899802
8.045200681920985
8.011961933732328
7.92228475267606
7.945065064054174
7.582877836843634
7.4448971831859065
7.422847424592271
7.247606625772151
6.564243325486413
6.511539809298383
7.041077905969453
6.024881066913633
0.7059014368446181
0.0
0.313195430818694
0.0
0.0
0.1879172584912164
0.0
0.0
0.0
0.1252781723274776
1.5018565592015392
2.861588177056262
6.517077448489601
7.902008256142857
8.05898506976077
8.036875946462981
7.898389047307731
6.037707155155123
2.296300237031337
1.5176359714287038
4.6891923656484735
7.144285591902721
7.466224541666152
8.029720951192921
8.207073256500722
8.123245197757376
8.127134445086625
7.836589128655388
6.756971346400818
2.4172385534753844
0.469793146228041
0.3445149739005634
2.594957367837604
7.902105930434332
9.61138402916086
9.583629720546979
9.765191706541538
9.421028320190368
8.9393803467393
7.983670847962646
6.903596277213087
3.8083712251071473
2.7501659018449254
3.145668159286342
1.461574844672958
0.1252781723274776
0.2505563446549552
0.2505563446549552
0.2505563446549552
0.0
0.825960354488793
0.469793146228041
3.317033969613238
7.450329018235889
6.269897992714003
6.863777312660829
7.015373841722223
7.238638250917919
7.596637265291381
7.710942247924604
8.150307007907315
8.155915969050877
8.472109166890842
8.51045192064145
8.595666737193989
7.765570206970078
7.76339840927168
8.053948188986146
8.061833569984572
8.055247387330414
8.001304736606128
8.151431624488199
7.63631025919598
7.61560603221331
7.312623901010026
7.175629344347497
6.758765102499265
6.474207046472414
6.0027589808088315
2.3205892047797008
0.0
0.0
0.0
0.0
0.0
0.0
0.9807870194485973
0.27386081337533336
0.0
0.0
0.0
2.1654311201192518
5.7980964417246
7.674324759025806
7.94192542216325
7.761876953052837
6.89369849385745
1.1953126126961304
0.4071540600643022
0.8448662745742652
1.7274618522310254
3.3382550795078987
6.61538940337638
7.1504018860501795
7.1833060689918335
7.499623193519364
7.496178956105954
7.105196416455255
2.1035822810023737
0.1252781723274776
0.3758345169824328
0.0
0.1252781723274776
4.535623347731237
9.301682503383338
9.5881797143337
9.219508763701212
8.989506591432812
8.58258402514182
7.32807025360568
5.104510983086495
1.2259406805121127
0.2738608133753334
2.0464131532280665
1.5313710521956618
1.00222537861982
0.8143081201286039
0.3758345169824328
0.3758345169824328
0.0
0.0313195430818694
0.5127649236700995
5.938171081438424
7.6061744855222715
6.328586231702803
7.172676735017731
7.172185106934086
7.1019134817901115
7.372076867485966
7.71061089377286
7.902316381537771
8.120586673780304
8.323827553834239
8.317851726779844
8.4109486691867
7.91982268667765
7.81522147888429
7.9296624905423165
7.87645667755704
7.961328966186824
7.886049081098802
7.947689679005417
7.743535128754411
7.525342279900324
7.39503835088693
7.345566690459574
5.289968355715798
2.1755286323878402
3.1598179860961446
2.6420443530629467
0.47644823795313995
0.0
0.0
1.3620064515142072
2.175495220460351
3.7640215522694236
5.414761984085479
3.468822904749457
0.2112217272115946
0.0
1.1330600638283679
5.929489917339447
7.180936671145565
7.62210733516851
7.741228016516149
6.44092102826844
0.9684966890573501
0.0
0.0
0.2818758877368246
0.4384736031461716
2.224298022332355
6.400137901946511
6.664766988497884
6.670814631869985
6.036836826728447
6.295369622796057
6.572410703145932
3.6780913809094744
0.5629903868374411
0.5011126893099104
0.313195430818694
0.09395862924560819
1.2627114943827211
5.775884038907838
9.314873850751574
9.069624339686785
9.19127599159733
8.487660846692647
4.883610309474026
1.190656488602258
1.2556781289093777
0.0
0.1252781723274776
0.8601144003889273
0.0
0.156597715409347
0.7516690339648652
0.2192368015730858
0.0
0.6577104047192571
1.534018401987279
7.401570845989864
7.234128091675879
6.415668552472632
7.171201850766805
7.256266606583771
7.25328107240194
7.450628480797677
7.574110558992076
8.01184378458414
8.295980757040178
8.14031214843768
8.260020942694217
8.541037635979304
7.6211451643032335
7.720769684965327
7.823700814946943
8.017803756591148
8.068198570578524
7.876511752083515
7.842004598544445
7.6450937779615025
7.497901823598609
7.459759004390931
7.241623785099749
6.8585319295287395
1.6959631003800646
3.1490029527940906
3.983955568156084
2.6505521413090207
1.0813800720228524
4.58399362359999
5.455445561297484
5.521219133337276
6.163463847687717
6.1703502424337
6.18305457862525
1.8281670125767757
1.891174310956306
6.003090021133516
7.292196086031293
7.974354325070345
7.849604311382494
7.799543104982061
1.7055931672021816
2.852516809039928
1.1528032269554525
0.0
0.0
1.0275616929780305
4.5984372004350575
6.1011713603213
5.831548653729488
5.434332660025944
2.267660055869051
4.7119515765503985
5.250203289677051
4.213505972908906
3.2571111155163255
0.388566740704559
0.1252781723274776
4.145367625554467
7.9199773405829115
4.634992178952392
7.790214522966754
8.89354535644705
8.718709579215945
8.425879987505622
5.937463642898057
1.789454595704544
0.0
0.0
0.0
0.5463203755700494
0.44932318032592766
0.5324322323917797
0.3445149739005634
0.4071540600643022
0.2505563446549552
0.0
0.156597715409347
5.177156449253486
7.009991365253983
6.4816678163689945
7.312695432369983
7.345866153021366
7.394283025921475
7.450080001732049
7.511092720940831
7.9204177377112055
8.07619838589686
8.214374170151324
8.22990725963531
8.353014346305
7.586047639689307
7.882282735285601
7.8014917184957335
7.888426295727141
7.87740236880712
7.93269942396827
7.7251310818120835
7.639750685483455
7.619306256861577
7.4624121511589125
7.109362275232614
6.8826844992234095
5.02702906380072
1.0892241617341187
1.6775549897894126
1.9672601696934247
5.554527463876068
6.4073281397617015
6.425796857316229
6.174967149387354
6.566503480257247
6.852273694964573
4.4360863765357665
0.8822518393131817
6.231078531018869
7.330452292931813
7.844685904203104
8.149426099177223
8.319047074489937
5.239766287915219
4.7659271098450375
6.767487421838537
5.518689795416315
1.4792687510269855
1.2045783286779304
4.33198730397719
5.013054433872254
4.894117415049967
3.662164322227045
2.5141664636427845
1.9355071805335617
3.0711746193085636
4.313089967686034
3.60090030460214
3.8046958516279243
3.5498960507767308
3.892906270738167
6.731690419616904
7.913196160985592
8.45707748570381
6.33312254497591
8.858925134352978
8.646826526264233
8.515583162177485
7.614311689733398
5.421158414530212
0.37537793041452355
0.0
1.4462362504987307
5.561918434979716
5.091941860076356
2.07529242155208
0.787228505567348
0.8401739340074743
0.156597715409347
0.0
0.4846053197469062
2.9982186978453234
3.804070094833091
4.769035484650427
7.040858604891365
7.322569441378635
7.248326185057624
7.416292425754129
7.461868579445415
7.888590273649857
8.168342878594522
8.274060838466827
8.058711995560893
8.280147519217923
7.696753414037125
7.906964704023166
7.777115139841534
7.770365059083726
7.867800587947285
7.964143641738203
7.74070062275253
7.753570972230952
7.360428511664601
7.283427652363593
7.389591835458975
6.82705569556345
5.52092993006052
5.757812593324738
2.7244827660324393
5.251748263297392
6.665913373167297
6.734126078154729
6.702597265915063
6.81419615237297
6.693110468534719
5.497820161493523
3.1258220102053818
6.090843476312253
6.982460727299747
7.69737879612464
8.050638505807356
8.430922446242548
8.261370717444219
7.253871626192436
7.448937504894976
6.748141464910818
5.900733852949699
4.845048616444928
3.9247214906147683
4.710428773023508
2.9460366124374757
0.34011642526565755
0.0
0.0
0.649695330357766
1.3700448212407612
1.268071117633662
1.500930096388431
3.3937851818971376
4.210272205084118
5.298866513782207
6.7361711594605636
8.10197964910143
8.696032426553588
8.840849556726246
8.91960705929803
8.882350848431884
8.750592931469305
8.009560225549745
7.100420734577539
5.059510135268708
0.6284860409348948
5.6277462960430436
6.63333188306187
6.424531513890116
6.461084892703745
5.933911821925933
6.073860460602449
4.019784929934714
0.732007896892849
3.3794709617274803
4.494386584396994
2.606488994974549
2.543276813140701
5.916801720118598
7.285501461738098
7.2977978454849755
7.5967975392232825
7.614585449830049
7.820725559779176
7.791366196372924
7.922641922269604
8.17481702166552
8.201103953375528
7.611513766874385
7.753797342896797
7.850287894995218
7.639886000023323
7.792627115315052
7.892054881880328
7.856197375123972
7.646283880028609
7.662847483424283
7.73760241986883
7.102707413263459
6.888362793928851
5.690684281862283
5.707476284186188
6.223771923272849
6.520781326550382
6.580509408117141
6.774611500766205
6.749024680113791
6.695284279116849
7.0213119852338215
6.074995570905123
7.1660681188688065
7.088434947693837
7.457498073143059
7.997315808471306
8.271205904230955
8.39044826988951
8.356158579555181
8.289999441940608
7.609758685416257
6.870479712618702
6.233499532939285
5.1496000062985585
4.092372186026376
2.448007294033319
0.0
0.0
0.0
0.0
0.0
0.0
0.0
0.0
0.6613269304458426
2.9618468022940108
5.0246753811448945
6.387638807414749
7.7282027647677545
8.606551345437996
8.973202969800436
8.83913448659048
9.026901962220382
8.945837348338946
8.329175848238018
7.387538078124368
7.230091657799151
3.711458328113236
2.9905683556652147
7.147067148497274
7.2452551443865305
6.607875966147351
6.620234422357995
6.756789189117834
6.55995474990531
4.7244992451511045
3.5715329694584046
2.761692390975232
1.095778359645389
5.786886351323119
6.997817017416334
7.243552328933771
7.171163244258906
7.52890715147563
7.775937404598363
7.987318005695679
7.919227635644096
8.021637759674281
8.016880340911724
8.060217686649489
7.206166970270802
7.347200815380292
7.727470255739513
7.835651147052263
8.037874178746817
7.8350123819905395
7.756695802177798
7.616587727844603
7.486150044827333
7.313414991655455
6.853156910167549
6.448224790625015
5.455060564585631
4.613313192745434
5.792377454774495
6.190760689935789
6.860350938209064
6.924038067321124
7.124718565349204
7.0213020465052605
7.35136564534128
7.590859395711682
7.546457885128605
7.549695276642194
7.773484108568198
8.232304000422067
8.306576470507753
8.480372430419267
8.153604239908761
8.083024569445802
7.501547072072014
6.890097526985932
6.185177605857166
4.546761721135971
3.1400834327874847
0.4376709459657385
0.0
0.0
0.2505563446549552
0.4384736031461716
0.0
0.1252781723274776
0.3758345169824328
0.0
0.0
0.9133165267384451
5.311301864654512
6.483843723232369
7.5303371991240695
8.526910189493929
8.595666737193985
8.869717694604091
8.928115606268953
8.966373102580267
8.713742319782419
7.805112543511794
7.318689393601462
7.411421166721011
3.6227338007789505
4.633238834270325
7.565063406308836
6.995542111039154
6.985097836859941
7.032959333807453
6.73402603719042
6.724163445747594
3.2283626142094564
2.4862169789490487
4.500805749135251
6.486552364795704
6.955103628165732
7.0950278477912105
7.207813968003678
7.521447551745181
7.69682650593308
7.640082039635193
7.774679645261326
7.9398859494988425
8.138688029953737
7.9651873213121736
7.220663532708916
7.360920139748242
7.583731150132978
7.7418627759217316
7.884266917504016
7.822987614765201
7.829845328574658
7.570210459174999
7.53642747627809
7.307740545025668
6.802901595669167
6.01684292747244
4.64963279656768
3.570050556445461
4.470242010639485
5.9057086987334335
6.487554538755376
6.818004655047871
7.12822760546231
7.27839009935793
7.442279802097904
7.5720617090096045
7.445844673673208
7.4856941824236705
8.06249219281286
8.256368972392114
8.24824363669878
8.326618119034421
8.331031732467892
7.863061923820867
7.344129055718217
7.101567119246953
6.68022946361752
2.755851978604744
0.37447453434604056
0.0
0.0
0.0
0.2505563446549552
0.313195430818694
0.1252781723274776
0.0
0.0
0.0
0.0
0.156597715409347
3.7413831196448535
6.241913071393785
7.277556624964246
8.352446487528276
8.867236334265943
8.801972183782093
9.060998773670939
8.81268409658711
8.756164094293013
7.913914931257358
7.408776694032672
7.790108437035886
7.808131381141615
5.74334596659423
7.64067709066875
7.1825865097063595
7.124828065209704
7.049489212032988
6.7240192350378525
6.6651650210130375
5.817293210375187
3.9926692088943683
4.445854721716675
5.784777691042456
6.51303570762294
7.178309325314634
7.365875027092559
7.464150732291645
7.705930509598299
7.838276293432158
7.6920146183445866
8.010610843248385
7.812519297916393
8.061628970776798
7.1865223752034115
7.347796899675953
7.435411379310986
7.589176951075996
7.807340183361064
7.5596199875218755
7.701378507765692
7.5399923478533974
7.254604600459477
6.952855028572335
6.430078349726509
4.7955189941199965
2.7469119064812464
2.2357342167291607
5.199335739589705
6.271307267405731
6.250445848049112
6.4653524088942955
6.974120314588816
6.458737694425616
7.235611907407628
7.359145792935529
7.305018707725648
7.270636799705153
7.718996898688613
8.325886851385432
8.285409731726405
8.496639730858238
8.18915471723954
7.719837845154014
7.526831781565128
7.2480155881944475
6.550727586155272
0.8919153388325497
0.0
0.0
0.0
0.0
0.0
0.0
0.0
0.0
0.0
0.0
0.0
0.0
0.8614646059579842
5.702849603437985
7.57169038707441
8.388966208433116
8.807188515601386
8.897817358718354
8.753806750702598
8.77245695309849
8.529803572525356
8.011857091811253
7.75026436291144
7.889619387300125
7.727297444884462
7.635319952221741
7.3669699186996
7.417999834287892
6.769973075162215
5.98328152296078
4.947389642841269
4.390789300337508
3.8775714793557556
2.6977548799902555
2.6111138435249557
4.210975798102155
5.536211977042026
6.743872724341228
7.235875604289438
7.455403042170196
7.673111365237773
7.734235085477308
7.888156211033137
7.811756870653813
7.783648334386682
7.8545435938711305
7.02774175682906
7.392772375990572
7.473481169586801
7.393000307192403
7.460550095036363
7.370530451875084
7.5874974959461765
7.167230219589773
6.80133660918249
6.3399989294213706
4.740433519868645
3.311460659346888
3.5215610895265668
5.922995790794019
6.914281482406066
7.361731282433576
7.562694008462567
7.5430179723727
7.162395597166972
6.95092410365592
7.142326818141631
6.817995196151678
6.547274296482772
6.788038453569509
7.43657463343662
8.133029348454205
8.102698198163383
8.10435582479779
8.025174195003297
7.555550754492447
7.224837307893042
7.3003275172631445
5.065629811660207
0.0
0.0
0.0
0.0
0.0
0.0
0.0
0.0
0.0
0.0
0.0
0.0
0.0
0.0
4.993593323877801
7.3776110922237566
8.312101645823478
8.485185913632735
8.922160512156214
8.775715698856663
8.671140242318343
8.420719998059262
7.801073124891123
7.369572803049372
6.914527181439601
6.432980444612003
5.92868609348975
5.5764659598018556
5.085896166452836
5.168811932330779
5.967131250623317
6.543566420039068
6.5355547267728875
6.4163608432861
6.1474542674731945
4.1401274990571935
2.50756766936895
3.3887952701366504
5.446646355758367
6.598806946971466
7.317005109267815
7.622137666222463
7.626040279761703
7.553915924323066
7.668190575902326
7.76820639833915
7.683956156454652
6.849442885219422
7.1222218184230925
7.222148395445084
7.218143839415992
7.536235310756237
7.429085030665657
7.199909312157515
6.540142886413036
5.610265296213978
4.468274431512747
2.8612784458809926
4.69660398278842
6.797085875972277
7.4478877610162195
7.739872205891122
7.988480158864879
8.188905643318776
8.020147833715946
7.967368553365983
8.118643475568799
7.819390074150911
7.37836673146034
7.519839151055104
7.830784337357488
7.947909831983386
7.996238407487242
8.02482131476894
7.445780246870103
7.131757389121675
6.932133702964933
6.591744661000221
5.696857790368042
1.5231792045448633
0.5950713185555184
0.0
0.0
0.0
0.0
0.0
0.09395862924560819
0.1252781723274776
0.0
0.0
0.0
0.0
0.0
0.0
2.7383221889049154
6.73301014858134
6.920735107775252
7.263114368685561
6.967011209298072
6.86063848047754
7.075355356688408
6.565898170611997
5.71481721105781
5.431235472885067
6.338864764620144
7.359476882780444
7.845042551252998
8.074346684101402
8.184862280787732
8.113259399083844
7.978793692199851
8.002911871362272
7.810543476865782
7.472067474717681
7.546011268476904
7.171554297059371
5.269365129246754
3.020828419448363
3.3855167806825497
4.963897964686637
6.661816206181276
7.297797845484978
7.383126298183753
7.671288778786019
7.655625060647619
7.666375028783612
7.615702460001204
6.574342805988341
7.072853567203338
6.988508370671849
7.134098105446292
7.293142420702453
6.972594642524183
6.557515110223751
5.443548600364701
4.0867911323360815
2.885315367584093
5.47578552950065
7.339867391371092
7.984741761949583
8.044815521938075
7.976375283192258
8.02584296667193
8.289831534108854
8.30028915790565
8.314606386918076
8.405488730685478
8.14944187217976
7.986239989411605
8.315000768652899
8.464412440135675
8.897940384726807
9.1727541456577
9.080547792622438
8.829756522798057
8.559518939778398
8.182610200366152
7.3810598972992105
2.026307735414664
2.0096150721493538
1.3459995981562878
1.00222537861982
1.1966349342001121
2.0254504257792814
1.215437682925022
0.3445149739005634
0.0626390861637388
0.0
0.0
0.0
0.7742327483211483
0.39112391134131974
0.1252781723274776
1.1572590482125262
1.7906067002047559
6.089803681305349
8.112088148762442
8.68648843622772
9.199068944501029
9.743296902583824
9.980586952858756
9.653608599426725
8.754290577797173
8.110132979892551
7.866648526581095
8.422457894976633
8.624613662453074
8.711319961497324
8.535185106448532
8.6037647650989
8.471198896602845
8.56166101658337
8.546147011572206
8.198953166450375
8.242245539463381
8.334633152082931
7.79143587446947
6.566857680585716
3.947375174222354
2.782751371358184
4.675980325132387
6.115361722714632
7.244120532025855
7.746902463145942
7.691246343636368
7.504491869125747
7.3776998347956955
6.665860515448792
6.528544896422341
6.7752353945783925
6.896853555585433
6.615188952945564
6.1800233636814434
4.959600926055185
3.1264922829451725
2.872331972150549
6.132749869325273
7.8133650675032325
8.223296899948876
8.454987859898191
8.133286657523824
8.188242981215168
8.245803634406919
8.520728043259941
8.327379404127802
8.231580326952933
8.435636208014287
8.788886474040638
8.626164560332027
8.729971433427275
8.930152933875625
9.12739416391773
9.488139094831714
9.493530045449843
9.2798368142937
9.114817930681058
8.790562323615893
8.30859172171146
6.83071059934846
0.5230365411217838
2.2698650745279214
1.185764722748243
2.4730145837523616
3.4768333475529003
3.811868848068329
3.1104795670902283
2.278233411165123
2.198018485192998
2.0382493115084204
2.5511586750833044
2.6602828930551246
0.6220129472745946
1.1311407109459954
2.2583094045340513
2.8081744361677625
3.365968153637232
9.184474370253175
9.835110915620541
10.097871521335716
10.170018411082113
10.21504889630552
9.845717410404069
9.771433267623356
9.224853519794522
9.005855747480085
8.721651356238098
8.780077466350342
9.222336429640754
9.103232223624856
8.794505061173984
9.076149334096902
8.827346967290778
8.705072017396006
8.763611899148172
8.903209204269102
8.677243064236269
8.61009433201764
8.619170859719363
7.504119477282529
5.126159124016488
3.0105066305271273
4.152015050266181
5.579577587776944
6.791334172254623
7.229217901492365
7.348552224641402
7.399693775669454
6.309374514667271
6.185595982322536
6.487698749465118
6.545018893162679
5.493898507129559
4.285375593456165
3.0230268304742576
3.9787830076474235
6.793039732964084
8.096671212894911
8.33321618062704
8.287340917963535
8.30124296954866
8.470013212330256
8.511622695833552
8.565907991719145
8.663583673920913
8.485603393397025
8.695938193157035
8.619090265869232
8.732180502738196
8.813708135936771
8.867011821212818
9.16258082431952
9.479400300088058
9.488719133159629
9.668079965078825
9.392615251957283
9.443312388640887
8.982762742744827
8.475279600231067
7.10828353409082
5.078662573140438
1.3634980253890523
0.6139772386409907
4.446021810080548
5.484373169266745
4.81491342850216
4.456804805884371
4.21907767035009
4.482588675507805
4.144840171626314
4.633387105960974
4.673111649326446
1.3365832726141795
1.3757757296936293
0.5770825931959596
1.5358607851025226
6.781725562493979
9.079347932329531
9.73032376481718
10.129793993569603
10.291459539763986
10.409118155287139
10.122445087872402
9.966584615747994
9.706328416646068
9.93272708437342
9.571714791903377
9.438795294114401
9.36384799215943
9.316370704329382
9.345496611983142
9.193448655723094
9.139472938333155
9.127553553398409
9.410133628122736
9.104820765625332
9.091906474736865
8.929349640260263
8.823064258276093
8.884392730365663
8.090011783644714
5.976769495791066
3.317070454995204
3.3775861629051285
5.092055694075073
6.2426981328404265
7.156603726443592
7.310237291951777
6.006237115549109
5.958871286294422
5.348270034637955
4.753763166925862
3.874308160473767
2.6117153789777925
4.622533708688825
7.244829435195412
8.10291746653209
8.559657820930811
8.630344888284535
8.485003096720485
8.55539155636775
8.701691559865017
8.708243720270291
8.891312276655276
8.799154028775375
8.650092462535072
8.686218710224269
8.785471540430557
8.860930827790304
9.045301098595965
9.2005517859236
9.44581141148124
9.593355250580451
9.56685202688664
9.397395809961138
9.443770938329312
9.294104703192266
8.97680195811295
8.139788684583106
7.016857647187648
6.0124507108018
5.726976187429849
3.011919081919563
6.734267695103965
7.520934838359527
7.605037032333679
7.359597013204925
7.2223537941266756
7.163342560238903
7.321759014478653
7.624284504528824
6.8777613618905775
1.7472421878888706
2.524206802803405
3.633084162413107
6.312348242352364
8.087678525051547
9.65682504958554
9.833804867849356
10.242731108259662
10.28088638877429
10.49169782332158
10.414194317866722
10.510628396480948
10.068546849939237
10.12855816099462
9.995715334338067
9.481607766011583
9.459133701297754
9.646323992887064
9.765134357601541
9.618059565985195
9.664301202867918
9.662017683741567
9.351259099456032
9.290887717211533
9.324032976443538
9.34240904392475
9.145858772821839
9.39477086515428
8.8873243001912
8.20815449190405
6.802283884790248
3.9370051011689435
2.910992764258908
4.622344979402012
5.7185770906370665
6.670887346512961
5.220275000476248
4.33222034909785
3.613646555602134
3.335738204838247
3.145845165462853
5.189353617520796
7.411699614593051
8.011668069969023
8.209652860399604
8.44029812384623
8.390770246723193
8.836689204256224
8.525785610360769
8.693255105414126
8.565322604123095
8.660301830133273
8.916972665398818
8.869717694604095
8.848553852928857
9.02276248001816
9.182902781145497
9.34623757861522
9.152571949324528
9.385209180892636
9.54051264896465
9.551574333803885
9.479547981083996
9.544075306411484
9.331848891469877
9.187414183698321
9.008395296029418
8.519928023251573
7.721709113510735
6.983518223958318
6.3994028321902885
8.145032240984266
8.12890420370395
8.232194820497302
8.31961735372209
8.25383351336952
8.266726877229816
8.242347961808916
8.360310014312617
7.858930512318553
5.174551138630193
5.430005321314513
5.940948337974146
7.389071261674116
8.325217676373637
9.648137012922287
10.301417628460946
10.236683499984244
10.561516605351509
10.406237997877707
10.572775076629771
10.655206980936573
10.261759018379582
10.317518322439057
10.12439290991721
9.972072848566876
10.09951193741459
9.798732997776638
9.79224275969573
9.7671379698346
9.53293650962265
9.62841063847871
9.591261638374773
9.715741250107417
9.629036180938744
9.373163907763356
9.212174785156602
9.262085044810268
9.246996177710965
9.029296342810097
8.495945163337424
7.343986724836329
4.948120715233708
3.290727746143673
3.9185478324599017
4.923714635040769
3.6330084775865723
3.0718534749334934
2.680280350130605
3.152208431537822
5.5900542743282555
6.854854795229285
8.014735170276472
8.186348731837342
8.151275927914224
8.385617176691753
8.550516806179175
8.63515415298689
8.600492180510889
8.849671512647099
8.881906202672434
9.012196047553873
9.11654280350211
9.01946614844282
9.039440237879774
9.338244556324435
9.312927959952281
9.330326106124899
9.304291929913953
9.44337624421339
9.636591956221086
9.582575982684867
9.677059509050645
9.666579875158607
9.476931631534061
9.476224166188118
9.49990509801712
9.368941605520273
8.955118167783866
8.722144155917784
8.412002470990771
8.910121298010692
8.929583033578249
8.874295827485268
8.922555206272143
8.811491534182965
8.7561172852061
8.777047733563352
8.799095841638845
8.55123201960158
8.32093275396569
8.535944692667666
8.746218965245976
9.028908268685681
9.549761561996288
9.863611971206964
10.47044382706868
10.481712034041065
10.52894642855336
10.664962600119809
10.52711130810639
10.385913444421842
10.356282297587006
10.573149317343407
10.473329436349818
10.193588073901521
10.262763851677223
9.740985963428619
9.90321735289194
9.89198531564838
9.728936891665404
9.718434260373018
9.668195389250874
9.638882915484725
9.65772880324268
9.472103430689938
9.344555753319206
9.353614888811851
8.96791200938163
8.788141367561815
8.623189892134597
8.377175309971015
7.220384722305594
5.07123827988427
3.711643050923314
3.1385376945247923
2.598590903976608
2.5636548351681534
3.5588534688455558
5.5528289072446775
6.760609420981965
7.361695516753596
8.061033919743247
8.154682256192835
8.164470167917822
8.400181187414248
8.599795111369676
8.826223657691676
8.727773808719643
9.030347885227965
8.845035805657362
8.991937018282549
9.044182488776705
9.050255552035377
9.041285275290997
9.128022251351643
9.35373354835048
9.311338774060928
9.321743587634097
9.635283522361012
9.700109118079165
9.920684444584817
9.817209848185144
9.943699578783354
9.608160536547617
9.562110466382405
9.747603410336161
9.62845651608044
9.38112823458878
9.362153791523665
9.399897979801272
9.38473510886467
9.085971292971172
8.958352870093853
9.200803476087122
9.204266514852572
9.253382012199653
9.12559974355051
9.53357590950984
9.216872142040334
9.07009112632275
9.262558072776201
9.789315466795411
9.760943856808723
10.108652449028133
10.273550839067543
10.450026869721622
10.724414887531749
10.699080018000668
10.53578002640147
10.53197585138583
10.466353526645777
10.473303088922734
10.384411827481463
10.431990530695135
10.3432028644005
10.331297969846696
10.218417062728232
10.26812875851229
10.092253116625043
10.108716304600632
9.992512708102858
9.880013038064783
9.589379478881842
9.672566013950407
9.544410955891225
9.48754233620384
9.562672153269938
9.354870779552702
9.101172755141675
8.901230063798963
8.80581025999502
8.358613641726908
7.314805244847707
5.780307165279004
3.9986602072121835
2.3059869651518268
3.228856731299191
5.479125613951243
6.325755363492205
7.329526606737496
7.633947856511729
7.793751835133165
7.912044099619397
8.200991867592492
8.545254593670691
8.631024780374887
8.820735350214903
8.885590575860517
9.107414404590283
9.15388536122787
9.140690205522674
9.08800263569747
9.360705359545626
9.305758111306472
9.360031395485828
9.67103408863226
9.68830549306401
9.538356751640666
9.739256676367763
9.675886952764927
9.875641597730567
9.724086324278982
9.643062789101428
9.764878935311524
9.741546909339355
9.749722446741275
9.884238550624797
9.846591868521617
9.755459669875563
9.725650180429065
9.766883273836633
9.45741356889482
9.28415843930753
9.294696744366162
9.2180577867493
9.427224093013088
9.594490911328469
9.764693875226516
9.8463364462316
10.040490397271451
9.943950154237704
10.259823959238902
10.196717358756523
10.097497280622076
10.534309410974013
10.53325709631509
10.594442981302688
10.774464289374102
10.818391464019802
10.815022823987803
10.712549609199964
10.597961107582247
10.476921225763757
10.425601066912575
10.475608876059624
10.462289573649961
10.371522387359207
10.351567420531143
10.057893633391828
10.108342063887001
10.194409303622683
10.012671581450913
9.904162173214493
9.941625529687387
9.544834941407043
9.584470677378384
9.641020745495299
9.160281310782967
9.154799655041579
9.010203646472078
8.81445700973443
8.391277946327392
7.959940159449007
7.222776958504535
5.981322291952877
3.3086265898199616
4.58078880380925
6.2338630785454825
6.528689107132084
6.918272511207849
7.110558440468
7.594754123866825
7.822012935685233
8.260473890500343
8.541609184745518
8.579843162809237
8.837104444375809
9.160682656634274
9.179836981469856
9.020910821847623
9.117368237993984
9.307867847877583
9.263120803725762
9.465728378122655
9.584701525722487
9.589800919423784
9.800113528296441
9.835742238421032
9.943824903839472
9.960783537041205
9.970316417536598
9.764757730799017
10.023457281321106
9.953857350104622
9.759518338979758
10.011793654423908
10.178694597074367
10.098373473194348
10.103727562893617
9.692649973363421
9.994962732367181
9.806297088804103
9.83411525299049
9.842695723710253
9.736435228665105
9.739070889990703
9.731700174793373
10.070426946228798
10.104108185059316
10.235998874129479
10.361181165227219
10.610192012211785
10.52868463955115
10.536569055166213
10.720149730035944
10.594220788139108
10.882944135988485
10.808263235903256
10.947085081945525
10.762597708619449
10.793844596258888
10.7629769637459
10.693524445495912
10.55164678049984
10.668781303978628
10.703006709354645
10.317260046154273
10.273981946075425
10.190426074907244
10.243671156404442
10.139333380697492
10.084453123205067
10.087328230490535
10.039860734267807
9.90283899163469
9.531615788789622
9.287432313367717
9.251231139420767
9.156055829909407
8.955790536970802
8.653935638736336
8.425242753969775
8.118036959960952
7.788004296607416
6.932100288431886
