5.35219915007757
5.654842646740736
5.4691757643754
4.631078973788519
3.726088086266204
2.4635408642904357
2.4478361519078664
3.2992449258278347
3.9134800970013233
4.96368550862234
4.8413834881667555
4.896502987709966
4.889149376371608
4.6916759243136354
4.690658452280219
4.523213836823862
4.514185010780398
4.791608693862522
4.644004800942557
4.979221681923582
4.948936609448893
4.545013060308029
4.432208319550432
4.724285369363943
4.922137968913566
4.921406808312928
5.444315286141686
5.420258227543982
5.843791203041474
5.894456931806852
5.80413155309285
4.820087179900077
3.5452962697514425
5.504912007334715
7.887425862309507
9.764906264185957
14.584744698549416
21.352872731080726
25.78845894979995
28.788673794147915
31.679481302373972
34.57032626616521
37.19620278395604
38.978200392433344
39.95502028067136
40.18022368876568
39.854405072264115
39.1468095482409
38.29957640275417
36.81931677189253
34.59388885066693
31.618260585617307
28.14872817628737
23.611426112097394
19.953679667987952
19.186316135599455
20.961881207394022
22.966267304782622
24.281678103082847
25.221282707982308
25.581574455474904
24.359219384384943
22.41115053382501
20.472976754123195
18.18171860521553
16.58702186633562
14.878676995430705
13.751156808682577
13.090872702990263
12.267533548220976
11.87320041852218
11.613525333271136
11.464180174443614
10.641967275718013
9.200349308841341
6.797726828556282
5.664848656786159
8.154596373163114
9.971578921507737
11.404926324505556
5.827018948703228
6.350747000557374
6.148768437753279
5.884565384365887
5.324388797823858
4.40276361368406
2.997730090273141
2.0510596946803963
2.5842830868097697
4.261791848278279
4.563443633607425
4.836751288863291
4.577692907151439
4.644945829856916
4.309518751755245
4.538292060992405
4.385753694143478
4.340783074703824
4.157416658327265
3.9816294397052014
4.109743888519743
3.5001171820011647
3.6302012160346644
2.5534608141710944
1.3751152328771068
1.632122606076912
2.1570005251968403
2.1290905788974572
2.6426859099944866
2.479723953339273
2.434083180547188
2.0837528661244518
2.957777786012981
3.5137438754909534
5.1710733201094765
7.673072339327984
10.601593380211623
21.475565036758486
26.918158346752747
30.488852569658956
33.36953513111309
36.04874961186646
38.62889982230044
40.574354780672294
40.95104604263199
40.69803007657717
39.794493453126506
38.68435333150027
37.60253067342561
36.04033641009637
33.21815201383834
29.493458255889177
17.333389635241716
4.283291861442886
4.990343087660638
4.8228459037834
3.8994153258588233
5.403592412151678
7.544050914298892
10.62299959931228
14.219699627725575
17.09349276232151
18.11679906594982
18.111202288195727
17.1822924187668
15.75073786453953
14.155896651972439
13.230937813547975
12.468894846150143
11.832304560800141
11.53227752083517
11.224370775990643
10.552130855252123
8.725866423321545
6.432618604691795
6.917220715455525
9.497006779572512
11.302232848400969
12.534337520060303
12.642318363058786
6.438800611216451
6.506393270467348
6.425176811579694
6.2053396704083275
5.9712476875744835
5.732800259128685
4.676505895924429
3.0323465916500476
1.126721528038977
2.6366111347811714
3.710934601325487
4.383436893670453
3.8883937963154276
4.230493971943876
4.037774534392736
3.7546743743979976
3.5432711433246724
3.0610537439618684
3.1474682687402646
3.0060476896852006
3.100553944562267
1.1717251511188675
0.9512385268162704
0.1879172584912164
0.1252781723274776
0.0
0.1252781723274776
0.9344057209128553
1.0130955900716887
1.4247281504551987
1.656951129981408
1.3926473716687569
1.8291235621066384
2.145112074267737
2.865419066356895
3.550636237385505
10.144678505240162
22.552664215116753
28.946168704216504
32.69926661194285
36.39160616517191
39.35118701817869
42.080656974284054
43.72080279542161
44.253444352081395
44.10217886115979
43.972296799280294
42.88457711173577
41.43033478829195
39.2607064246939
36.05967481161644
25.55500979265178
2.083698114810326
0.2192368015730858
0.0
0.0
0.0
0.0
0.2505563446549552
0.5164020836687974
0.5244171580302885
1.0619246707263026
3.8674486621540165
11.186526781346585
14.970989734356026
14.415864557278349
13.362660575541081
12.588975665733185
12.09426815759012
11.349263969819527
11.08956817797759
10.249861929697209
8.407908997166617
6.281989532582904
8.53652736422327
10.75841924093476
12.602278513951742
13.105559180536778
13.230418263477894
13.241332500878332
6.506962812297793
6.573459590785368
6.406312827914677
6.383422197466454
6.1209260446962785
6.247259956958032
5.903763628338616
5.25760973964781
3.5668119027487357
1.2198775001041526
1.403416844232575
3.5658556433306723
3.5173852025997983
4.034182467042695
3.8227919985585803
2.7789423015679056
0.4653945975931352
0.3758345169824328
0.3758345169824328
0.0313195430818694
0.5011126893099104
0.0
0.0
0.5011126893099104
0.0
0.0313195430818694
1.4202909186802153
1.5788998454552823
0.594330564191423
1.6683427274275535
2.8102447547887723
1.8297362310467808
1.841887253317641
3.787245950463876
5.2249210400205985
4.775366955384959
9.36956893930235
28.92927771915354
39.145848181191845
45.416929140268316
51.342716599490764
56.329900963747534
60.15622638090118
61.62618856948694
61.07579025937531
58.18071996181478
54.7920954897963
50.817625075486276
46.923892163065894
43.290662900586085
37.18282437050299
16.54394408792254
2.90828091251251
0.1879172584912164
0.0
0.0
0.0
0.0
0.0
0.0
0.0
0.0
0.0
4.963475762947514
14.035702047094379
13.789571480306936
12.926164978826497
12.02809961031558
11.355232817396768
10.896606516544416
9.6309265949945
7.398325477804093
6.811254354263128
9.412270897976716
11.879743997667175
12.909848661741876
13.572898923856313
13.708825421751754
13.779366843953259
14.078708950526515
6.527780639976065
6.656442480078969
6.758216610678828
6.532732402584843
6.405480116617792
6.2130814991094425
6.393564199085656
6.0618029429064135
4.886952892959124
3.5619171828705074
1.5905520798154713
0.7043193421600135
2.6072342932544395
3.4773906730088586
3.1455237193815577
0.8995109206486255
0.0
0.0
0.0
0.0
0.0
0.0
0.7006821821613156
0.9512385268162704
0.0
0.0
0.2505563446549552
1.3482148727022558
0.7384527537880353
2.339932973943706
3.140045293075455
2.7975414448382443
4.4487787660316584
5.762436332489121
7.1895472436130605
5.495905364900019
10.067161887097525
36.232353541513
47.60337548614356
55.78004801809625
62.469640621903224
69.64051166794647
75.05040088942496
78.3027562706702
79.2666067290905
77.75240927220246
75.144071174598
72.37540459305859
69.088166297395
65.74439938580288
61.81344928100556
20.37126146846688
3.843922543810185
0.156597715409347
0.0
0.0
0.0
0.0
0.0
0.0
0.0
0.0
0.0
6.264933822500597
14.858994704940669
13.670046917067998
12.680060875670462
11.713320487082644
10.766906123203412
9.031151490792976
6.855317960261787
7.465076811173266
10.303047585173092
12.260421036659269
13.567862672892366
13.73522943152649
13.9455792011251
14.247999927268452
14.531197717197502
14.499804057171376
6.925084411026228
6.88056763794319
6.763140107834188
6.521996166070403
6.547715252451363
6.4126488927062635
6.5132988770893805
6.167939073226427
5.47571396385543
5.190416056599769
4.091342012026384
2.344713720507809
0.8769472062923426
2.3407602393242577
2.866241511635044
0.5011126893099104
0.0
0.0
0.0
0.5637517754736491
0.5637517754736491
0.0
0.0
0.0
0.0626390861637388
0.0
0.0
0.0
0.0
2.3607918204580636
3.9202898729165643
3.479628649057161
5.040447492898421
6.555496621687178
7.381787996414045
5.139615058683004
8.122121815972895
37.51454117535645
47.54621941697161
56.05678222620887
62.97801916201614
69.81125601102391
75.7379786980592
79.86280550386398
82.05318444168714
81.19297825663777
78.8098156211676
75.66724643567409
72.60697240097248
70.4250664281305
64.58545803548286
28.231200868487292
5.348168924991251
0.9576276525447831
2.340979808287801
0.2971652820957115
0.0
0.0
0.0
0.0
0.0
0.0
0.0
3.1273591462927754
15.764100124544433
14.428984134818196
12.958790641108834
11.223287508529149
8.794363120994527
6.603687080100131
8.641501186995379
10.983745408566458
12.60675807474868
13.51860585638779
13.917339206791205
14.415533842306447
14.791930574988676
14.960125146604765
14.912271663260544
14.858006692207804
7.004465788732581
6.983826111690167
6.950912997267692
6.712848319741682
6.515303225008723
6.4183396598082725
6.846398638990798
6.301182102892409
5.771003103035531
5.300559282593751
4.680601649681518
3.892732723228904
2.554899006442565
0.5987084785542163
1.8150107214760072
0.0
0.0
0.0
0.0
0.4384736031461716
0.4421107631448695
0.0
0.0
0.2818758877368246
0.5127649236700995
0.5324322323917797
1.0335449217016894
1.4050015243213283
0.5011126893099104
0.5637517754736491
0.6337659205228334
2.651088832492867
3.862096938735264
4.486939048653728
5.4445840777512275
5.154818395807948
10.27020533622269
39.60659787293521
46.841161826174016
54.49582555499098
61.62272003356832
68.58383577527202
75.03567068659221
79.43261510360861
81.93353751180997
82.12216769509295
80.51486442899319
77.52782162683353
74.8258451954722
71.86771467408154
67.05176494344562
35.30202470390467
6.124706438893569
2.66938216736059
6.168265100177395
2.9044219740525814
0.3445149739005634
0.0
2.1627176349922776
0.48508254058692796
0.0
0.0
0.0
1.3803036250264131
24.168359891138536
18.68229644147818
14.1083226376855
9.171741777320552
7.208785111986825
10.329966768934709
11.952941243451681
13.378285812686185
13.869215716736939
13.997956086341366
14.579306465414685
15.232351131445206
15.428996072086436
15.335368462740336
15.610936617511095
15.497515663336605
7.149181767200244
6.905904596101012
6.868691350919994
6.65835312119466
6.742203321399219
6.399381969339601
6.384161201959684
6.342864471928715
5.547005024208084
5.134898834002059
4.467692163813914
4.017790015023216
2.8548781570844275
2.912891717620025
1.8556776987373298
0.0
0.0
0.4071540600643022
0.0
0.1252781723274776
0.5011126893099104
0.313195430818694
0.3758345169824328
0.30518035645720276
0.3758345169824328
0.0
0.09395862924560819
0.0
0.4384736031461716
0.5754040098338382
1.0000833730751078
1.5744806625482646
2.413356516735681
3.899838839628999
5.510500221234414
8.744857523769218
17.332017658506896
38.15016738066967
44.90957891983119
51.77079242043816
60.01458274721125
66.81458561454014
73.31188554346289
78.50060522335343
81.69193563651906
82.69205566110173
82.1065028155623
79.73612016412504
76.70319966439247
74.15223058434971
69.37072557452868
42.49069016598664
6.968722691723707
4.014279208722386
5.509260587191501
1.3199338956189002
0.2818758877368246
0.0
3.8455581000736943
0.7669584283237522
0.0
0.0
0.0
0.4734303062267389
21.10171009192473
22.05543055822423
17.69974840180223
14.176992640874014
12.16089948072642
13.243425905091211
13.673676214387703
13.696968658132455
13.955071706263162
14.481932084238679
14.923999935442163
15.450690779427427
15.840814531812798
16.094809064027388
15.977794847148482
15.947814373248411
7.134326036648122
7.15387904831565
7.098960872460341
6.7756175228015305
6.555028239249577
6.4844385170158585
6.723797221816473
6.1370799722970055
5.78256952396537
5.576512577577047
4.703794721348761
3.853920921069126
3.803581200716007
3.789162973348134
1.8555538931046558
0.0
0.0
0.0
0.0
0.0
0.0
0.0
0.0
0.0
0.4071540600643022
0.76060130305227
1.542123631717761
2.6324242730757925
3.708726431225587
5.797013609222675
8.142335979130532
9.360528789941492
10.949054530419472
13.521346169091295
16.57891963773348
21.210917047101574
28.682781134407783
35.886538280631555
42.157029074531195
48.529344780191565
56.95459858761109
63.8037293657808
70.8544809286445
75.50831521513501
79.80007779723722
82.33505539026974
82.86660511721475
81.3658610477794
79.33779952769672
76.4907820202552
72.97927738338998
63.093474499300505
34.03418644697076
19.01610870078114
11.659949938317624
6.057411208498295
3.3965299121356156
2.2146216465983857
1.6950871285810625
1.4767676746655267
0.7107084678885262
0.1879172584912164
0.09395862924560819
3.304652694775761
21.531730147196555
22.297896144935812
18.167790332370302
15.800851186420433
13.13153050708173
14.176906774573308
14.062571109560363
13.28202410162263
13.594456401897341
13.773481661978217
14.965647395966462
15.712641947822616
16.173230895382446
16.208952800831327
16.04953776141415
15.818999925992294
7.199873546477532
7.189244212503432
6.84825565146486
6.7699520076525666
6.828202080232864
6.479884675687069
6.3762786733310275
6.088976857548102
5.529003266835814
5.403876239916516
4.932655745835079
4.278556948226029
3.3479271303822826
3.4615919044212826
3.1107733590221134
2.9059196915296135
0.27386081337533336
0.32848482517758093
1.3423738043425086
1.962331610614208
2.650954665123913
2.6438843310639326
3.4047488930283225
4.143942002173738
4.051216693731113
3.5938516605470117
2.98307844835597
2.6812930638588477
7.599631985917018
9.138103688321745
10.493178210948614
12.232704048033886
13.808759694249613
16.002653423132383
18.1918873122559
22.501083341697246
28.2241052468513
33.79517402343014
39.50331384042292
45.35537740545276
52.58322983022933
60.55910489648601
66.68453394264371
72.54392601619489
77.02492852904153
80.20220757724358
81.86848013149223
81.77340154628179
80.37916372546037
78.26663748957859
75.4920053854153
71.24880769261648
66.17968017701284
64.04841105904814
63.84152179681786
62.08863352030482
55.69250552181967
46.4101210661971
36.19533455857069
25.354096498632753
16.01676505606091
9.758265267232552
10.416940362108932
12.538819392664447
26.28427313070675
22.279210283350096
18.48618021531273
16.057728728289923
13.205517493532767
12.77929696170694
5.8711049793162084
0.7412386414731094
3.7301137217034848
11.290478460666144
14.197276355010226
15.723780663977633
16.182298021530823
16.43360000290857
16.340285357546936
16.083444991881485
7.367121980141658
7.063956723709069
6.901604465342469
6.678788820649793
6.439276446243241
6.2809120758737365
5.831083424063251
4.360477164669427
2.8033023571824787
2.829851071084014
4.976616710434218
4.502066213745272
4.064045614499459
4.335886822334389
4.194556484119164
4.1505267051877865
4.031239859041249
4.8068710771842555
4.651255492393051
4.759518107618338
3.2452538649131504
2.1352786952610425
0.966979493363948
0.0626390861637388
0.0
0.0
0.0
0.20320665285010336
7.19139614055261
10.010232761338969
11.480433724726078
12.653544044650044
13.048873055889281
13.255335540952817
13.677609385325145
19.431149243593012
26.68457654778899
31.118852299576865
36.84042948960306
42.18587005289891
48.131163281722
55.61478408447084
62.27148613849365
68.73784869493747
73.7922112350954
77.44602021284787
79.94064448917214
80.64983807391685
80.6745428253773
79.7578940987102
77.56461972158206
76.13425212490445
74.16008212054068
73.37687100510387
72.02192611120842
70.64346285497503
68.53976651237788
65.39036971116687
60.99609915826055
54.966664573179784
47.98218854423991
41.15867345158183
35.78259106044745
29.555573954465167
26.001059108208274
21.910976579824155
18.307855088212
15.66806098631403
8.569430885361234
1.3611061715383221
0.0
0.0
0.34013705953777007
9.113674941346469
13.947431620209517
15.837807349991072
16.213802836630656
16.368344466969386
16.335684349451967
16.221535105575196
7.440205992723402
7.161783704161815
7.219690255026874
6.845634382544521
6.414229050436837
4.50142159857136
1.1761816286421036
0.0
0.0
0.0
0.9804961689693648
3.783192036960654
4.343720826125486
4.400744970671143
4.736818519314405
4.932071859893692
5.458012844923618
5.842627432190894
6.019571054211491
5.751401471217877
0.0
0.0
0.0
0.0
0.0
0.0
0.0
0.40423686722595104
5.444734179767654
9.994837257995277
11.254155975319165
6.33704173908054
4.1414928869885115
5.871498510878601
7.0779266216304855
12.48662026588386
24.811945471347713
29.27601183593363
33.957582526885275
38.72343909532166
44.042486854786205
50.00364469101115
57.22572870165325
63.10609494668437
68.46948433094863
73.04479840521617
76.15743162644944
78.10267643966259
78.69797952806846
78.85432622545224
78.46043813086797
77.22490915889482
76.35879151557495
75.3724969310407
73.66272705588452
71.58568239845633
68.67412656406053
65.74464421826507
61.161860774956324
55.856791551608566
49.36121843017628
42.843000172028354
37.04543443822483
30.56814570459032
25.733835368532805
21.29491336845355
17.065394785190833
8.729519010160987
0.0
0.0
0.0
0.0
0.09395862924560819
8.56195362778238
14.558494029234236
15.836123356404103
16.329194515969952
16.40951965598501
16.60320865066566
16.28302764732723
7.6161334259769236
7.452381742308388
7.037980031099201
6.818133542266804
5.703770332569695
2.5997317496830847
0.0
0.0
0.0
0.0
0.4384736031461716
0.0313195430818694
0.887076663380116
3.922167919750066
4.224349503067021
5.0565235900348595
5.50773683563543
6.0021932612081
6.217914582405648
4.290462206538482
0.0
0.0
0.0
0.0
0.0
0.0
0.0
0.908534380177183
8.118953532612204
9.876859719582221
9.295644077913124
3.7793222334170844
3.3235261592418843
4.8940090346698195
5.98656710492796
11.141097960692697
22.764102871462104
26.861362438754384
30.292664851317806
35.31651035896562
40.01889751930002
45.02121099925907
50.84286947054294
57.41868996525059
62.598592228421865
67.23382297521424
70.85334363856879
72.94203736343712
74.65700016661305
75.7977499544549
75.85768703081602
75.89515564531307
75.07803857889895
74.08752859770844
72.15055004520131
69.77348884391567
66.31461816566518
62.58258035484598
58.79198665289775
52.78829726348789
46.88837909696594
40.90438907883792
36.16925403926497
30.62588179462098
25.445643557298848
20.50013463428977
15.983683716480542
8.935224355290863
0.0
0.0
0.0
1.2005823768875388
6.275332982266696
12.958755086597835
15.455494918810272
16.27481651429995
16.498402691641548
16.548503709961768
16.618497861886585
16.313548303768535
7.593181188327921
7.262363990765159
7.0570503461639165
6.597938585693261
5.094460521516454
1.1135052478621472
0.0
0.0
0.0
0.1252781723274776
0.2818758877368246
0.9395862924560813
0.0
0.0
1.9508597864666672
4.877977584999798
5.548124740406986
6.122097122430483
6.12750002700126
3.200444080689603
0.0
0.0
0.0
0.0
0.0
0.6569490160830493
1.3733151690911325
2.915843644846758
7.479226619273003
9.373681660972965
7.9035869310259015
3.0096866913570524
2.5212003477069094
2.2406197756741553
3.3083960672045176
9.92482763961715
21.06969373756591
24.63805506545692
28.05712500681478
31.868407633512923
36.21638178744761
40.43424590835418
45.468764379815745
50.8623975974176
56.60353044639202
60.94915835892806
64.36970536038847
67.0986800649773
69.02591555411618
70.81054158434573
71.5893540279675
71.54331897667815
71.41607160151833
70.62530526869189
68.33123969341291
65.38783555991775
62.21383472589639
58.814077944634924
53.74194146210671
48.4911581175092
43.39366745001672
38.443234620564766
34.08525033373284
29.212579867747895
24.285607478254732
19.790894260591728
15.621406639872847
7.272570811216777
0.3758345169824328
0.0
0.0
5.884373184214425
11.266173046992606
14.238005080779947
15.874346866929503
16.506517737760312
16.547399167754918
16.506636628792172
16.481048219980227
16.182423576278794
7.55312870776766
7.261748887691707
7.154370676399295
6.496503162581275
3.8047308048207573
0.4384736031461716
0.0
0.0
0.0
0.0
0.0
0.0
0.0
0.0
0.8950917377416073
4.330497922804886
5.439856412662665
6.184763271025652
6.001937678069414
3.6237818066056553
1.0853730381369466
0.5440844667519689
1.6183169999870928
1.474091639029918
2.554568858088766
3.39933405940019
4.077907359843499
5.5451243318992
7.7327015065025035
9.500530640477145
8.047004586644599
4.32648821753884
2.970587822195254
3.778300446001998
5.393853450809455
12.206319675709352
19.645813622263667
22.28694766273355
25.684900223187032
28.832745247466182
32.57505172129317
36.534355597108096
40.54075501177543
45.07236350958472
49.36379213052824
53.98899721447249
58.00240816656161
60.7898003536658
62.79062890724189
64.53478636939259
65.92419183679843
66.06095369788662
65.86035599749695
64.66896817939765
62.83432037938244
60.06037155949953
56.75369554454779
52.58391182413604
47.98965533661366
43.968680820236784
39.70059974263192
35.81690083768255
31.38820692611435
27.178227552542253
22.916943607262077
18.882324404440148
15.633288551945936
7.168065667379529
0.0
0.0
0.0626390861637388
7.431872621715314
12.096426591177698
14.773885181765404
15.976892371990047
16.549368092121366
16.59986842399374
16.51927059521153
16.389299128493157
16.157280874756996
7.752475868981868
7.465205519818888
7.3088361418813745
6.669001487784274
2.68501494102084
0.0
0.0
0.0
0.0
0.0
0.0
0.0
0.0
0.0
2.2444119932685873
4.193577233645278
5.380638128701243
5.9822116556089115
5.668227627535368
4.713194548884052
4.393652969863696
3.3076996180267133
3.4247783302980093
3.860913789840773
4.9703275173279335
5.399130865893803
6.649275783437666
8.286774044092132
9.583539030181662
9.812665634738874
9.752130379121565
9.366380076731723
9.491033568475975
10.639973937967671
12.594586615604129
16.301322257292263
18.379581486984517
20.320714786699096
22.869924584272464
25.78258034656362
28.834681274169604
32.34111670760891
36.122026861693215
39.91635086336366
43.76031659205963
47.249963839824545
50.74678220562752
53.36143959712724
56.07324869467139
58.05019644591201
59.08538873158725
59.62111365189116
59.28298246022164
58.522923828051574
56.62731981492039
53.47726769143919
50.238689070224886
46.90685381577995
42.939869853868586
39.60785263607603
36.469942153422124
32.49663538372313
28.71846672759846
25.37148881775768
21.585231302481482
18.266099132852734
15.159649192851095
8.50610461706033
0.5011126893099104
0.0
0.0
6.559609024851143
11.842109999288047
14.520015088522856
15.71120007470737
16.289327485088656
16.39296199242504
16.354822630577186
16.345377962436043
16.10135077657223
7.683789733411793
7.375346150589506
7.250592159953984
6.808424150863875
3.5966821795966952
0.2192368015730858
0.0
0.0
0.0
0.3445149739005634
0.5637517754736491
0.0
0.0
0.0
2.1294766092963258
3.7207588246076546
5.119470946192257
6.068422199336269
6.013934292009956
5.835954047859051
5.943859487694791
6.02058053505479
6.350054989188032
6.4097865815369905
6.966378787244784
7.487706829928318
8.355129905572182
9.43337535552648
10.151677512905843
10.509074053292206
10.636036249724192
10.718557550519758
11.575728017286764
12.550009144419661
14.461143694774588
16.459006508782085
17.439025181047896
18.95507904470645
20.86846774198277
23.183532178750514
26.065773029285022
28.578715422148772
32.06161276974191
35.98754315138158
39.06277029487497
41.846408368719395
44.70873198229832
46.98611376966222
48.43630069038941
50.15180559081749
50.35730926189339
51.12180198907419
50.74750932202907
49.97190697863173
48.63422916110801
46.540590963511995
44.10600011301966
41.44736520960328
38.63154253010355
35.7494891080937
32.61977413269571
29.269052681811278
26.233508844453976
23.06797360288884
20.003822341947632
17.501290230043338
14.645072068024175
9.61446074144759
0.0
0.0
0.0
5.359899108414801
11.60950003004012
14.194975416534437
15.295044211102152
16.048096184880865
16.330054433701743
16.473360194756005
16.0503974523815
15.816950563766538
7.909502907068346
7.540528272884025
7.452573907830237
6.694238404977787
4.062502745539134
0.6846520334383333
0.0
0.0
0.0
0.156597715409347
0.2192368015730858
0.0
0.0
0.0
2.5906055505312713
4.599803234856146
5.34384495041476
6.08425001772039
6.122072149921565
6.309042890350221
6.758589280005772
6.817494109171842
7.085508125558808
7.239206768281135
7.9583634127841645
8.613753421772593
9.189329402312323
9.829048559625392
10.546450369668998
10.761656637108075
11.406704032523775
11.9265088380649
12.6489242005248
13.587264091901375
14.590081442484149
15.924715741863908
16.974435973563725
17.846184602853118
19.113243474064316
21.00089389102412
23.270373021793315
25.54583664082832
28.641578342548794
31.238149202669913
34.65748594880115
37.259220628678655
39.19292852218818
40.65536369543791
41.80939169721943
42.735748401442144
43.51480489806754
43.63444855358792
43.4678253837044
43.22297748993679
41.84115642501978
40.38478897458634
38.72213169440909
36.67509606865871
34.243024304491115
31.729178406800784
28.94430403340618
26.36935136570102
23.632620892749674
21.14709062347105
18.647452984365742
16.84349851490271
14.234701727814684
10.150999277949635
0.6613475647179552
0.6020368625566082
0.0
4.538900502940558
10.866071338037626
13.597325060990617
15.041122717124706
15.836772303754046
15.955619770676051
16.067558943366286
15.96512132381843
15.570385682576209
7.890694414078319
7.668190575902332
7.4837752753191324
7.1343015556181975
5.034590611752585
2.6795876714139006
1.1932957406550306
0.3947404370679051
0.3445149739005634
0.0
0.1252781723274776
0.0
0.0
0.0
2.6818582417819643
4.690491681245437
5.894082389911466
6.240923892166442
6.651381106374523
6.68574161051763
7.021421485094325
7.461097540839882
7.693851250765302
7.951213281672703
8.57010435300146
9.05062938370325
9.519075317685992
10.046793427836887
10.660555768250255
11.025884307675154
11.65753271456704
12.43190650694399
13.20308784122384
13.765747956872028
14.535599320355058
15.447131158449782
16.383368545625753
16.975091101840572
18.131917455670862
19.53948962680355
21.03688730284303
22.757797315857086
25.15212721128475
27.573377445122414
29.577669136326083
31.75126551405497
33.701292396414345
35.587895960389766
36.22974643344064
37.00896621167597
37.37158650892357
37.47489381889352
37.65547943083287
37.26405415095382
36.51391209290237
35.1579940827527
33.51232380129892
31.79373304302525
29.992481751952447
27.57792078113565
25.619381269048333
23.47867172515543
21.27228394804196
19.387535302907303
17.658333720565114
16.15138289817571
13.83988563154515
10.607332023077536
1.0245535510576977
0.0
0.0
3.4640225166644854
10.41811383837785
13.081870257486706
14.508726020274366
15.539440572398176
15.61915247243002
15.611989354976162
15.384207877515179
15.09240740248049
7.994938593842965
7.955651530051165
7.6508708700921675
7.163142997899334
6.281328481932562
4.586118397180407
3.8789178882633064
3.2691158880632862
2.488478320375341
1.913773796361376
0.4814453805882301
0.0
0.0
0.3248476651788831
2.2995595444433548
5.718125390682759
6.374869119195173
6.834631851828104
6.854303294836961
7.25728562843103
7.501589705853933
7.705200144024884
8.07083269340112
8.241095164478045
8.61529105903989
9.279959523857745
9.862992935379435
10.447985139674019
10.67420788490675
10.938759490066282
11.568584923045531
12.600487316572968
12.762336436400819
13.481016589684172
14.036014522285495
14.905992821150035
15.768591680082976
16.63898744261955
17.120424603508635
17.92320209568684
19.144397142277914
20.361304542725097
21.854830848422733
23.85503804011175
25.380376336565604
27.44700903161003
28.539003780891605
29.798447012725482
30.82960493174814
31.45766313845663
31.61036417730936
32.04946703795386
32.07207236962839
31.94057345015128
31.37248791046231
30.40024774243177
29.125887457762758
27.727688591138772
25.912353312098475
24.533745762753938
22.73605273213038
20.76056830087873
19.541518319681515
18.0173785443944
16.99536182497683
15.642403387685027
13.519434471672566
10.401351622872383
1.6989835433449356
0.0
0.0
2.507752770787838
9.773644810104603
12.759215685809234
14.101240863085378
14.819849181185097
14.852858331259485
15.12627704040954
14.962037427827688
14.847525986245675
7.97560270708932
8.038114951163893
7.7659015611218205
7.663038088410138
6.962118978156018
6.175437296565446
5.484227508862641
4.51208655873281
4.441467339059595
4.028926080305482
3.297265205939003
2.5390500070868427
2.5300282123646713
3.866135142424833
5.344562064256506
5.833235252730748
6.453019204636695
6.698829612325311
7.009758107139232
7.239547772904679
7.701506890107636
7.810291602422184
8.303703721333118
8.555391556367754
8.829273936482315
9.533263138279823
9.828871740627612
10.302690310458697
10.752293300199074
11.105043151057254
11.736923084681708
12.454701769897436
12.699418253547718
13.205513371689241
13.65061470184369
14.343981054650659
14.97415817601776
15.76358733877589
16.570404855473242
17.018195269367858
17.75490758141728
18.660232869015804
19.956730006874604
20.74515676001255
22.071773520742493
23.260445540953143
24.36348380497902
25.360757819022176
26.357021750278747
26.835112203768677
27.136022189620736
27.277692951646205
27.481482775008455
27.422314888616828
26.81040699553806
26.123799483330473
25.070606785444337
24.045758732720678
22.915035074956414
21.651744194905888
20.316714588067263
19.003965719093085
17.833297200902138
17.13071149182809
16.490802598902157
14.934301059584948
13.400482364700892
10.398233317509101
2.090354471334335
0.0
0.0
2.026250212802432
9.530586625224716
12.695032479258549
13.704146548676611
14.398447654962412
14.650928501403916
14.567625800502624
14.545338553389872
14.377327149558472
7.96305923764194
7.8903754267505155
7.858606242641036
7.880377623974885
7.37646859538668
7.182814440908192
6.888384725221612
6.526208924185949
6.2501165802786
5.688339025219998
4.988115063716884
3.691994604358978
4.8447575130093625
5.356209229096491
5.897322194870072
6.295062214443374
6.588467692604933
6.797090107065575
7.144499508218564
7.44689946120045
7.68038734782523
7.821558633817562
8.061173079664671
8.471100649649644
9.055743859512152
9.454665630396953
9.665739007669837
10.318255057150173
10.506321950112904
11.067807756755395
11.421417163990178
12.121784269987602
12.843970416232018
13.264384012796038
13.606652652304588
14.073319978052263
14.40424293547312
15.032475185126561
15.806301755824162
16.461227728948405
16.883541420060798
17.260729918162177
18.057099981011664
18.90574495546456
19.52463497094893
20.49092747776801
20.858934010500654
21.628969743197054
22.040632572581565
22.63452612962434
23.1890037983731
23.32025257416425
23.413667851480668
23.226086604644333
22.99025559950557
22.57251805573175
21.659584404056094
21.093356009372613
19.9116456610842
19.117105004746875
18.32053670470709
17.46705144031026
16.858239533971812
16.23077681650094
15.68268717092615
14.421917211132296
13.46675593601445
10.939354198490262
2.3906068745872036
0.0
0.0
2.2419735072708145
9.955624970625797
12.782119421917034
13.525975909523883
14.030031707702122
13.986950741677067
14.26783887543465
14.256737025830486
14.05219113186045
7.995099582259799
7.927883725253845
7.838343950702092
7.660307005358177
7.411270600130857
7.421269117391432
6.9352037265396715
6.793071756405947
6.5667413977706435
6.432464546424864
6.217661878376739
4.717572178186956
5.771860321399344
6.320496669631173
6.116287396571778
6.417719614071738
6.515303225008723
6.773870010187972
7.204674236800542
7.288583622968275
7.632757754444615
7.865430475616083
8.106022504303224
8.32636981663595
8.566790988585343
9.031837453413768
9.48013476008764
9.880015424153664
10.269027199796403
10.67473417317044
11.307585090939341
11.919030082636198
12.497727189643623
12.91629793663946
13.204303461839656
13.789991108738286
14.019632762279958
14.26322375042451
14.795847521310638
15.659238640297705
16.270404251490312
16.645235162642983
16.999386137261972
17.38774215656988
17.873792084886716
18.341698932451088
18.895245188151556
19.188697905021
19.441623101097118
19.726443106633695
20.143313590885143
20.28720825306476
20.50243768467641
20.22840131007155
19.780564838177717
19.517179750149506
19.271594390187495
18.61464006889209
18.169766517029743
17.438978491855472
17.38139404737389
16.786195447845248
16.300596517366227
15.570980512260276
14.74828618981635
14.329480122309747
13.413970303358402
12.049806343404715
9.072598873922656
4.185277379266146
3.0301702759207436
7.451543012459431
10.85283881636379
12.653464978093364
13.261184444869125
13.495243510851177
13.67567719924772
13.735936104837343
13.831859351810513
13.586633000428941
7.797046077628731
7.849030135658182
7.775538393176689
7.536954870041708
7.463167476124363
7.209288852254603
7.37627642986483
7.1954460528968385
6.840679495200206
6.66810225346616
6.2295777959088765
5.360240627443326
6.280530227094723
6.467025132496588
6.467263050009985
6.488055625735211
6.6761139230878275
6.971840324806467
7.015101213359588
7.437061217871779
7.575289854771243
7.8380125965503495
8.134430113094242
8.20044341685575
8.530704017540161
8.877467842740662
9.255362149272628
10.024154920440878
10.213623883101905
10.676139431330006
11.086844041058646
11.583178032666503
11.985803941491042
12.471558798763649
12.952790306396915
13.537323195423054
13.644497982978274
13.723781304997582
14.38312771979172
14.707329069340116
15.219359098892973
15.826125009042599
16.304387865921964
16.51965413160133
16.88536782659723
17.125902756128994
17.49077750605363
17.67496672201438
17.866072965161486
18.146892425759603
18.25543225327845
18.238397313558874
18.18421071759167
17.984173987505613
17.909159733840305
17.93392622757943
17.480227266207915
17.214802434995526
16.899399854489054
16.741970080226164
16.319491491095846
15.933264440947081
15.310395109449612
14.793106159772636
14.507989679569778
13.876005675225311
13.159869466463892
12.609295600504066
11.266534269490133
9.095097348832974
6.964197288484837
10.158130154751465
11.272913840542772
12.632791006136705
13.01009006220221
13.255750527472223
13.400124959384335
13.271674176713132
13.566116839094752
13.133033037506529
7.761906569621852
7.6845512074882025
7.665086938392618
7.844349751483622
7.812449195526317
7.35647977335539
7.047522699698422
6.947527471901078
7.112078021879729
7.000876285778687
6.457686336052314
5.937532349464484
6.520280239570545
6.472953817111994
6.363321912554695
6.493890603546963
6.44682735055485
6.778674548586634
7.069527761131256
7.286221021023571
7.58584765738538
7.735289873004544
7.7572325732594845
7.9226369534285785
8.455192505305845
8.886309441753268
9.105915639695207
9.722301362759707
10.163779236089189
10.312091484445903
10.842801335377374
11.234601445705115
11.666059588660154
12.236378689871188
12.510548433489417
12.939984066925794
13.148733123712027
13.380104397907065
13.724840739363968
13.992425206208788
14.612155253787371
15.092893277592731
15.351466440620795
15.69819906705791
15.978616248883121
16.25193721027504
16.651025208888527
16.862552445222192
16.849279278398512
16.859484355603136
17.07246075230275
17.000754211438693
17.24868579691226
17.166268063763514
17.00393887090054
17.05275222845424
16.64509419952861
16.481065077000153
16.196391486233075
15.694775016695946
15.41686887197817
14.84110409129101
14.645294891488819
14.019533392359286
13.874528889305928
13.480554357037391
13.193097257344899
12.782387267722497
11.948160394471406
10.770241953857822
9.016620612427815
11.089795045244419
11.693774172603677
12.367467635916714
12.944927371013202
13.01306944708092
13.092380247940495
13.056258876793533
13.08525238526368
12.91682098899441
7.6312409554027525
7.744853613163467
7.802720524258518
7.497487098536853
7.620617770539609
7.425448627730396
7.150399045222261
6.959472409699629
6.969873812471901
6.930640426314689
6.194137784860502
5.570246221193094
6.302587866801938
6.458017960369363
6.3351441049543205
6.384254908763339
6.349532161037353
6.44608834606162
6.683690079352481
7.145168279690327
7.220181883110515
7.322042047615012
7.638763555226152
7.969541615861797
8.31485468931655
8.611051003319039
8.809363396373582
9.553868812561076
9.737994964271573
10.030267993563085
10.68184233010351
11.116112687964987
11.55442304636497
11.77121310591855
12.241252963035418
12.67920942845801
12.932109132526122
13.273951491797082
13.713581243942057
13.74564834935551
13.933600891841479
14.349828565051233
14.638894130000917
15.021700799903398
15.322507936454885
15.49185518075172
15.598320465896682
15.757857228222296
15.959254321224298
15.992358247069712
16.263963849660147
16.273470502704892
16.02630896096626
16.150628854575103
16.204433256864455
15.842107690332837
15.602389361793191
15.394095877537486
15.067904042914725
14.75968967838049
14.480468412677945
14.203156007150247
13.992425206208788
13.884694217484777
13.583134546156371
13.068342150107902
12.899391138476352
12.59751193253456
12.2322634553946
11.415316764672562
9.828765641245026
11.25933044634892
11.621084953594314
11.961066453408954
12.343512667984282
12.705763776936415
12.74731274296235
12.732512720065197
12.792544762519386
12.782054631348343
7.458672325273735
7.386896127109445
7.457265098292743
7.372076867485968
7.318334113319789
7.227103282789399
7.257777256514674
7.0539524712936625
7.1065928999438714
6.767659238313739
6.259499733856103
5.640111670841193
6.010335364023394
6.185595982322536
5.884487624188511
6.254428733046501
6.201641696048223
6.005296441784716
6.321672983021697
5.950212124513411
6.729449651588385
6.86191084129057
7.0140084573318
7.219162861263253
7.686336360588864
8.19094516218306
8.546278019992378
9.051532917678697
9.297863136267024
9.761410570887417
10.062946230671349
10.519429290137305
10.87552810052911
11.197509269756148
11.823110847388048
12.276834729699509
12.462564257430552
12.956315822492465
13.120214799019463
13.267108975575514
13.479274916687618
13.714291343341163
13.981843847207141
14.197538314230004
14.361142839473667
14.414483708243365
14.770763760421959
14.791868819719912
14.9599115792212
15.014871690278843
15.088551620808602
15.20927564756949
15.01993106857516
14.798098682691242
15.021037755900974
14.817549304268802
14.291554799042586
14.100582822055834
14.035611048595719
13.869731850108163
13.606527830530872
13.416473114181672
13.394042973395598
13.295486740488368
13.056529357583559
12.765687145378902
12.362225877500723
12.253878670591693
11.86152370321849
11.172464925910566
9.730402578398616
11.04420384733791
11.316902484339655
11.559714359579012
11.788988686191791
12.177442936521201
12.148910495714485
12.267768887502616
12.164229226121227
12.087282039830997
7.388045419848089
7.42980458995113
7.535408454430823
7.344775599814142
7.2834963428956385
7.1454827643858465
7.006977557792415
6.819642667800927
6.908034236937709
6.4736675696521795
6.130250406853336
3.64771065541334
1.1778503872748018
2.8211511419369075
4.230000097248636
3.254987316270051
3.3237016198057865
5.322774519954972
5.625835581504426
4.415214378150799
3.070629835654439
4.2718325924054215
5.0510993416580865
4.262212248687376
6.708400825822074
7.316911158956409
8.151026309781809
8.637623136839107
9.084599693931294
9.477672598166142
10.101920214897946
10.51920087399703
10.625476680798354
11.105576350686912
11.42204282889552
11.767220128175149
12.226534292231786
12.479109117004024
12.609061065746415
12.86731051543353
13.029940540222283
13.426359722356484
13.464189116355444
13.890139605559892
13.809721049268925
14.046367160841152
14.148612255568898
14.225403981408578
14.370618307993979
14.26883483986923
14.31140745584263
14.404500986705727
14.019416792028709
13.976876411996884
13.868980362181285
13.79929302739016
13.579151244770888
13.374807850684657
13.012942964873284
13.147541898291763
13.070646435187236
12.904207960356137
12.845287585374214
12.717610451174991
12.530829532858773
12.348887674378487
12.08082511510228
11.721318131419181
11.646369384565826
11.185968378577476
9.62851833400624
10.568377502125543
11.039284347432213
11.183492093080174
11.331586587182791
11.632114266255497
11.669800282163472
11.78189713751404
11.739106323959037
11.728955112006933
7.301615279640705
7.346286249745049
7.461376951361776
7.367772848895087
6.945466481839735
6.797199606926078
6.881319114832989
6.67408432321544
6.842590136315896
6.4676199262800775
5.226302747206843
0.9019096241027299
2.902979889672319
1.613482651988026
0.0
0.4384736031461716
0.9229575497329147
3.4694686368920915
4.558072886257514
5.399802896845651
5.63464606341367
1.7003935485528425
0.0
1.2607941365433155
4.963711536759424
6.460003580618234
7.5470264162341385
8.331741370904885
8.920767405896434
9.269531618426075
9.713799107357975
10.148566481399508
10.51735601785594
10.66615364204949
10.938364673291037
11.292993201062977
11.601856454153824
12.062243883807302
12.238392529570467
12.661553520224421
12.924283923714842
12.989795316473812
13.174556001015846
13.288086981579541
13.371433741590774
13.462670873820331
13.69663811936713
13.728971954212636
13.537274173554605
13.67189820588858
13.654831408749827
13.611207852815907
13.670544114843425
13.639422463384738
13.412363582057202
13.125466202963427
12.528236975449502
12.285794611086551
11.335075074433183
11.848692707545071
12.183829678469793
12.225917551625175
11.953939219140635
11.578666959860916
11.739397860459578
11.559265846142674
11.441211700288106
11.398364393748938
11.167876418445394
10.689033710190731
9.284445956722323
10.300354004454643
10.471540201782503
10.613567826635414
10.915052808427616
11.163902786331002
11.321709047218663
11.435785393769246
11.393044708542401
11.277862402263642
7.20532006190549
7.215339336454624
7.250364228752153
7.072750157995739
6.6738211537489995
6.695785366096685
6.5750818104815725
6.542550824282235
6.528808065888781
6.0808221335703605
3.0480421081504185
1.6554999877500416
3.0991151002982837
0.9701444469017428
0.0
0.0
0.0
0.4770674662254368
3.194980893047102
4.590553707170214
3.847812045185487
0.19956949285140552
0.0
0.0
0.9434801503641709
1.9811794448025366
5.729119310278069
7.769059082889365
8.285917468778324
9.012160001293852
9.53275301999184
9.753770488669355
9.943186348114438
10.052028699112537
10.670286243766867
10.917402948750919
11.172392346855395
11.460259923317178
11.687240113273441
11.953176485712586
12.298221611813977
12.4302376534972
12.75089535050596
12.878827428457408
12.920513149539499
13.168663795343994
13.225775792383084
13.194819830674964
13.056559709786132
13.290251835022508
13.228361074436686
13.197558300683125
13.140572785851647
12.907930067271742
12.498822105130458
12.14588103132675
11.292644464062718
10.162953083710237
6.06274117668265
3.347826823431703
4.787155427578216
4.2687182614615296
4.922906970734868
8.523486025619547
10.976678703832063
10.733814044601973
10.839850039895556
10.884685445684019
10.7353893104815
10.547991135513406
9.166576431368654
10.129045512142339
10.026076988144924
10.26677000879844
10.307937328450494
10.818703702205024
10.850698268729666
10.62187709012507
10.982163619200884
10.84274528578373
7.1763846693129505
7.089690832223755
7.1075052627585515
7.140036248957888
6.8644320692465985
6.606228494498101
6.507013316203883
6.4941537730134025
6.2606458390813895
4.944566986912094
1.8714541913937313
2.0777271255654908
3.1238521087264726
1.5663035473876037
0.0
0.0
0.156597715409347
1.6234975715303186
3.0781740908514257
3.575965128058109
1.963487530070351
0.0
0.0
0.0
0.0
3.3637703418736167
6.615947513006186
7.698666949479729
8.233828198180879
8.55711389310933
8.914885999176596
9.320954199402236
9.636355327536522
9.9988795942408
10.37287352564039
10.402603907169297
10.5400726526026
10.970029005659269
11.273798267698528
11.438939664827364
11.65457760682379
12.017421073228466
12.120872092236537
12.398983563004203
12.448534349810325
12.527667943190789
12.880554269115262
12.749830516584352
12.654288236657868
12.737795675714045
12.52372095287787
12.647367962493874
12.677917666341294
12.371726393051045
11.885756381722913
11.18908162991632
8.524876150069558
7.243525745251185
1.6558006078663512
0.0
1.9772956443214857
5.953753097395107
10.036720903076414
10.266373519372966
9.87391566908347
9.562293141059474
7.965305441708541
10.09789705381595
10.363502211797693
9.587422078222772
6.847371239805266
9.253152017246162
9.722601847016762
9.93333961356845
9.960406910238685
10.365321306509522
10.229581123855676
10.403210076740631
10.362035109087664
10.481285756338837
6.753324810872335
6.806448179633114
6.998051039271068
6.842208008092758
6.847491395018584
6.425771605363184
6.645859801935302
6.315973748925297
5.989715566796632
5.99901639599966
4.770559374271526
3.8813492377551113
5.016577079493967
4.841174605769945
1.188472325549544
0.0
0.0
0.2505563446549552
0.4734303062267389
0.8360898115765664
0.3794716769811307
0.3445149739005634
0.0
0.0
0.8528813489357567
5.224751678623022
6.839968867395556
7.323439309853074
7.990020186663572
8.239012806345107
8.684975571414379
9.213736794818526
9.365798972906477
9.503945948035524
10.022767883288564
10.096803762045921
10.281856297063584
10.478202213627991
10.605031684502151
10.962907582611429
11.12857121638252
11.455078144783931
11.711649114358538
11.898410489661384
11.951205609686433
12.032859874010809
12.050091114940658
12.108451462713518
12.31709464469657
12.407452587861467
12.27605331509678
12.05912795812672
12.044379547746754
11.868913484997963
11.106165241113754
10.427195940239818
5.292464489682898
0.6577104047192571
0.469793146228041
0.2192368015730858
1.4660971989405391
4.064206864021593
9.70098935653716
8.976094179311243
8.407331299815958
6.053089201299732
3.1819162181243725
1.9748793068582302
2.1971582189502397
2.988759984493257
2.098117920504034
7.378096733232066
9.082241993258206
9.133205072990398
9.558990235234411
9.732012946023385
9.937013414782902
10.208937432457603
10.03606746299559
10.285082151630366
7.0816766765170875
6.981095342909325
7.135081361613572
6.897946311613221
6.721886580700783
6.50017616443246
6.522115124827101
6.085482522865706
5.693516260353005
5.4094193044180905
5.13927715181097
4.257521403437267
5.365608639668316
5.325441427484957
3.908005188068687
0.6372610730892564
0.0
0.0
0.0
0.0
0.156597715409347
1.2214621801929055
0.91190390937291
1.1420521909420893
2.9723777030592338
5.566651494708022
6.800224935362315
7.079520201481234
7.821511215798586
8.305978559815806
8.516276422716516
8.676358797836011
8.953966697387013
9.14161178472837
9.576052890812278
9.840790789814827
9.869294231490134
10.37870036577644
10.168342872946695
10.396248767747517
10.539732736249748
10.85068695475289
11.182999300363681
11.192087428472584
11.326088366694547
11.54621470706161
11.762810113079771
11.598480138019799
11.72146864190407
11.70716734064131
11.785292664661474
11.60668071873312
11.589417470201221
11.359676990128396
10.750154968584749
9.85219075333478
7.423437899787844
1.533339020270323
0.0
0.1879172584912164
0.39553768947699347
6.235417892066116
8.618418833825608
7.8571656295336005
3.6340400072704298
2.0712277255434954
1.1846268521600636
0.0
0.5108269813056355
4.117063701917
3.468967399215784
2.6470571267077903
8.601287436591063
8.767816865761958
9.049824811659427
9.439451792886693
9.583316949316954
9.584509959004974
9.864869488101645
9.770807725163321
6.985896033232333
6.793531994300635
6.883611884171815
6.819370039438292
6.859968809985927
6.423385129220702
6.447065268068246
6.133046862837653
5.846472775814646
5.6247296850826425
4.934079086922813
4.3459845338215395
5.741795342640955
5.85392653532457
2.8648932632240025
0.0
0.0
0.0
0.0
0.0
0.0
0.0
1.0961840078654281
2.8484015536336402
4.37400104202039
5.763077354346987
6.430698116018918
7.079502338519587
7.492599868462468
7.843628763228273
8.250154064691154
8.566157563651673
8.70568077411927
8.991696339572568
9.06055979780198
9.398300906492018
9.526898802231297
9.795135413765541
9.95566296364556
10.098994243476612
10.272110742507246
10.394587244325205
10.711345246990989
10.767771063476877
10.927036404119962
10.893391731092464
11.119659520066792
11.322143794725946
11.245058576881812
11.488459986443978
11.365105259472216
11.100573392534892
11.04512507184732
10.598077072011097
10.336971337408484
9.410410637219702
7.7974545045097265
3.266379206505823
0.644452855998202
0.719588102246788
3.856414965210662
6.793505656466886
5.887138469325643
6.235950259930607
3.220270621251847
0.2935281220970137
0.0
0.2505563446549552
0.47105433520156875
3.1674888740818234
4.065514014263134
1.6691818204415678
8.029706497011876
8.375897693758985
8.597698680756874
8.98491581096795
9.10811458454423
9.328798296234833
9.506480644642135
9.472056579544363
6.55932837000812
6.669192523408946
6.730226993411712
6.807155793937391
6.5758460669278485
6.5419307785457015
6.507013316203883
6.439251194290197
6.0585483175205965
5.591808469143678
5.109764486686556
4.19816125343578
5.515938778497424
5.744518113993448
2.081835533794239
0.0
0.0
0.0
0.0
0.0
0.0
0.0
1.099039144955806
3.2679393343350314
4.140028960994433
5.4478480378444
6.307683840120457
6.776632169157767
7.114918290521076
7.745780018348757
7.96414024343188
8.340085433237894
8.406344249175413
8.588133266826027
8.809421583510115
9.047437716461705
9.192787067003044
9.335814413601673
9.522535438983784
9.645188332139044
9.972321838882284
10.13952904613026
10.350350982673225
10.36935539936083
10.3322227585579
10.555040965416861
10.68169204131388
10.625284266388599
10.616205553191465
10.736312340432274
10.849567569655061
10.722883373157714
10.57520184260833
10.388850021190919
9.789761804168773
9.35051813282394
8.161498556539659
5.37263816023494
3.5466435823534708
3.521151080353481
5.146410698888125
5.828732338533784
1.8476000999139626
0.6890299478011265
0.7203494908829958
0.5637517754736491
0.0
0.4205186651945836
5.939344156026163
7.816027330324392
6.185601078819728
4.781411721483459
6.014366789727697
8.010018781720701
8.590749599548651
8.764949691572733
8.798444968556566
9.184902467619285
9.070680622522765
9.283325435296684
6.700304496576235
6.7820472943967705
6.7820472943967705
6.693254679244461
6.535144130680368
6.514538968562447
6.62668944590628
6.282390084860199
6.182590019331772
5.854017885581686
5.517821026464916
4.48859985207335
5.642328620428593
5.75307678014934
1.3267875993562486
0.0
0.0
0.0
0.0
0.0
0.0
0.0
0.7866257370454326
1.4571556617659394
2.840497795005275
4.9849485639878
6.197954717977305
6.438656400506708
7.24439031956057
7.482756253471869
7.8110684884733494
7.908749857123826
8.170242419815212
8.299916650866114
8.556042429450024
8.8855545296005
8.935910680930398
8.930175106496016
9.057588896923379
9.239418975482502
9.537782777780183
9.557329624251581
9.881002194062333
9.966901507521632
10.028386287999238
9.702630925686915
10.036912878688456
9.836285131703113
10.158866096670828
10.461997301937183
10.528946428553363
10.373883796069869
10.217242231730978
10.022768534922724
9.346514303585218
9.060334639977006
8.206731021706343
6.203277463928723
3.599124646339527
4.423766066777271
5.003506082354545
2.6289833106464537
0.469793146228041
2.0044507572396393
1.9418116710759006
1.9454488310745985
1.459625536123576
3.924019748082706
7.616133425976932
7.31917321070948
7.02028803299554
7.613696370860727
7.625825548477786
7.8727998750962485
8.21920232004309
8.15717155660421
8.440757786112812
8.639883094936867
8.835315365571638
9.074987392625628
6.518973851134538
6.599942933612604
6.778226012165391
6.654293921449884
6.399500928096299
6.465878747827175
6.465997706583872
6.3163306251953895
6.102901514448419
5.870612316958619
5.713528330524132
4.272378925963348
5.478294243497195
5.590425436180811
1.4824266228750194
0.0
0.0
0.0
0.0
0.0
0.0
0.0
0.2505563446549552
0.8762064519282475
3.2929364136953994
4.301275524912797
5.400537082636401
6.368821755267197
6.767430779696538
7.102440875553733
7.383126298183751
7.736841660277364
7.852005390825948
7.738329795936384
7.9327866917500245
8.101861232543545
8.370618898398078
8.459758918207177
8.910412550137758
9.179639634411888
9.20790660628763
9.149114000506835
9.222767170016695
9.04573183897191
9.119733192315197
8.885123789224552
9.33303297381766
9.401789527495001
9.611441378100857
9.823009192437205
9.911353360613377
10.11383275745266
9.736991060554288
9.535534459775857
9.02866096998419
8.423607855597798
7.676767185803934
5.30035903749794
3.748209827555419
3.991979269900032
2.5283307367796564
0.1252781723274776
1.5033380679297297
0.5011126893099104
0.7203494908829958
1.2527817232747749
0.9395862924560813
3.4175350956452157
7.944097219861646
6.669897680286173
6.582144206106052
7.483511578437325
7.4649418229370745
7.7689321067355905
7.602806436645809
7.92263396392271
7.968946564828241
8.2022308722934
8.555309488029105
8.669811017777528
6.4583278435155655
6.412410975192867
6.8792581247716456
6.867848984802169
6.419222875011246
6.521758248557008
6.452900245879997
6.289201984678577
6.081871021209798
5.607677413322951
5.714451327788959
4.193034256592338
5.309157867487958
5.731948079549048
3.000191716144647
0.0
0.0
0.0
0.0
0.0
0.0
0.0
0.0626390861637388
2.1894049982744743
2.3896853431306693
3.1836672468386538
4.941253992868097
5.972966845412415
6.719975939585093
7.054553599237806
7.29533970506677
7.369283498825989
7.161783704161816
7.013845328829669
7.1442268798559265
7.501625471533909
7.677030882685742
7.814400771669843
8.320111656182043
8.429852618907452
8.377448137807718
8.390800264167577
8.451260786872238
8.11463915295064
7.846083965630782
6.944943071829637
7.866551528670564
8.482600451506057
9.058445320812748
9.432317706373931
9.542197709627239
9.608103187607613
9.436752275988594
9.158076707158688
8.686518858562536
8.021336747413962
7.103263844046803
4.665273583172965
0.9345064598009052
1.720430202865152
1.7057214293272873
0.7516690339648652
1.5033380679297297
0.4814453805882301
1.0961840078654281
0.5011126893099104
2.120973100841531
2.6944006568422134
7.573640016210445
6.620649652084591
6.30326832299384
6.981586970992966
7.178614878529328
7.387714065696346
7.582877836843637
7.694581616338734
7.905839269720118
8.200830879175651
8.445260188016444
8.45159202290555
6.701450881245649
6.587941353672052
6.7609915492051025
6.7141914656794315
6.602711537978223
6.628693793825622
6.419341833767944
6.357057813395915
6.121499097308923
5.883113544324118
5.61394078325853
4.508639355450147
5.120335102240468
5.467195605824405
4.120374376346238
0.21122172721159457
0.0
0.0
0.0
0.0
0.0
0.0
0.0
0.6890299478011265
0.0
1.4250881726567883
4.404686363801253
5.851544766400062
6.554263982803302
6.8197427087652365
6.982952355383388
6.8864521528131615
6.265046569692495
5.175426386992313
4.0301682974117465
6.568829968543511
7.065337130233216
7.294089911189758
7.495423631140498
7.866924590286846
8.00487729894456
7.785498155251407
7.614783049977922
7.310449509513528
6.711484008436748
2.1617792702967202
4.570610312841466
7.527230635663903
8.572309276058776
9.064225240487913
9.177424304034597
9.101100662621633
9.017881702088609
8.722761168143697
8.086108920890737
7.171674568884381
6.212663122644073
4.555833324705712
2.807175203003866
1.447120107951535
0.7749735026852435
0.9709058355379506
0.5950713185555184
0.4384736031461716
0.5011126893099104
0.9082667493742119
0.9082667493742119
2.0549897016892755
7.535636385632657
6.300510184065754
6.62433134645238
7.039727543712761
6.866671209943799
7.264402034459684
7.3101299949118355
7.584657555318273
7.7228185349478045
7.879081823936935
8.275572917367617
8.132642703856469
6.70840699177377
6.7670486514734
6.528162768199204
6.606134787694447
6.337717994704107
6.282033208590105
6.378683100418027
6.191358994501477
5.9902886194092755
5.991943045713857
5.4436910920754285
4.292513745182227
4.591694332710384
5.203445447290466
4.00844330182464
0.19956949285140552
0.0
0.0
0.0
0.0
0.0
0.0
0.0
0.0
0.0
0.5011126893099104
1.473749742939125
5.033280633993454
6.581800003496297
6.6738211537489995
6.821390180414486
6.472979069065039
4.629132241846168
1.6711165704178272
0.7735928857767388
3.666554126569638
5.963862735143462
6.5427138415492
7.02686800052228
7.2013484307284585
7.1249107308710515
7.189016281301598
6.892499796185263
5.997151625221136
1.8674355373752984
0.0626390861637388
0.0
2.3901508446813935
7.41168247968401
8.69120387242395
8.904653877673907
8.995820333401461
8.712089394256322
8.221432826770023
7.430754921266352
6.742607380915117
3.5534358402446755
2.7078273799530344
2.6488782699602877
1.3748492668805208
0.5011126893099104
0.3445149739005634
0.2505563446549552
0.6890299478011265
0.6577104047192571
0.5637517754736491
0.4071540600643022
3.35412715213919
7.291056771777894
5.960508238485556
6.540427517606194
6.777678512862874
6.839314110809784
7.0030059266153835
6.9965761550201435
7.556948030472823
7.787112942617163
7.867082589197811
7.96295313087065
8.289596871256808
6.4386058966006185
6.322688431157822
6.602711537978222
6.50634276656126
6.440372327006566
6.497464012086925
6.485647687866011
6.13062494874872
5.980708674113531
6.035820407614887
5.4458702856114
4.875462313057225
4.157647402801272
4.8570811615519425
1.7208529355268476
0.0
0.0
0.0
0.0
0.0
0.0
0.5155994264883643
0.1879172584912164
0.0
0.0
0.0
1.6782557535209848
4.796834272670277
6.350007996064143
6.533828283348168
6.6607614173947365
5.638049425136534
0.9482304198192927
0.0
0.156597715409347
1.276086191995153
2.229358744063468
5.582784914122625
6.231657340799104
6.512657369626128
6.5574493150061315
6.397572336036091
6.412446413139318
1.317422243736898
0.0
0.0
0.0
0.09395862924560819
4.253840213020591
8.485673054275582
8.606105117763375
8.630234747371182
8.426034056507545
7.914231662448053
6.981471877681345
4.88200152193377
0.818087287559577
0.1995694928514055
1.9531290480768488
1.132390533675507
0.6890299478011265
0.0
0.0626390861637388
0.3758345169824328
1.1275035509472975
0.7203494908829958
0.46177807186654984
5.874160494793837
7.372816478811341
5.986949500583572
6.649893749727032
6.8800223812179215
6.838330854642503
6.9174166178627186
7.316139669783394
7.461341185681791
7.512751805253584
7.490768206357979
7.7523435439478785
7.806214749058017
6.29444216870684
6.432082418201725
6.5860559645094074
6.487673497512073
6.438249020330525
6.3300481316358
6.58567383628627
6.3637760064106415
6.088563962271477
5.983930813446844
5.380638128701242
3.590517362193752
1.2781593061772103
1.8776818080967774
2.2277925186326155
0.156597715409347
0.0
0.0
1.311652855260823
1.7317752026845303
2.63700080065608
3.509786799862495
3.144093397238951
0.156597715409347
0.0
0.7620620245767122
4.740178077439223
5.994116297407736
6.28908302592188
6.566766649723688
5.259012826916874
0.7784142019966939
0.0
0.0
0.0
0.0
2.450000456531075
5.0712398009820365
4.961923346276355
4.942901069842667
4.230347570169265
5.4473897895922425
5.398540688936024
3.0147980687968188
0.4770468319533242
0.09395862924560819
0.0
0.1252781723274776
1.3500066733445442
5.264281248291277
8.253017234075886
8.294425021148573
8.230936373285578
7.946108743628148
4.75334092952295
1.6107847518306917
1.2628905460904356
0.0
0.156597715409347
0.8601350346610397
0.09395862924560819
0.0313195430818694
0.7516690339648652
0.0626390861637388
0.0
0.4384736031461716
1.4371338166838974
7.246353808128442
6.964176599974071
5.830080930700522
6.5743175540352965
6.835778236497518
6.745958195432493
6.892662924687394
7.195937680980481
7.378506639081207
7.371022079958723
7.401959750565808
7.798926944032351
7.687581753101967
6.348458021444872
6.616466768768244
6.697696007212375
6.518557012062161
6.335695695840245
6.363894965167338
6.519490731171225
6.322904607500374
5.982211655608912
5.944573140913615
5.338520232763013
4.484707213218477
1.2002350001763158
1.7598613846748319
2.9371792552875187
1.9270932478987681
0.6331673265226494
3.1828787563560805
4.1365338841168136
4.213934400943067
4.616662854547367
4.89030328973553
4.2515105001559155
1.145631622646181
1.0344663666381366
4.984593328989133
5.88980061805706
6.279935433311234
6.399025093069508
6.4171339083587124
1.0060692901162167
1.81548658998096
0.6525091989039183
0.0
0.0
0.9262940821850454
3.8966050802822045
4.068519941850967
4.189354502187026
3.9467029208976747
1.4865372624833453
3.1486904184661135
3.8672244975250814
3.2458939564313583
2.236396918907096
0.23810145311433306
0.0
3.33940063394935
7.311539966356243
3.852672237952582
6.967924111727772
8.270449864780563
7.874770834615032
7.654529135778468
5.603811953436307
1.6219923190510201
0.0
0.0
0.0
0.5588760059987214
0.64029963908777
0.313195430818694
0.156597715409347
0.0
0.0
0.0
0.1252781723274776
5.140231503713357
6.728525672142156
5.971341934087555
6.758335569435527
6.487078703728585
6.727051008869911
6.832392711130904
7.1689627100696045
7.1855362782082075
7.353207649423929
7.566381890717892
7.467279329193393
7.802096809842118
6.505832690251273
6.575344979948013
6.426510609856415
6.586293882022803
6.426629568613112
6.348028900097844
6.431462372465193
6.55378814777651
6.3023499492885415
6.05578027204323
5.396687762788459
4.22288305564608
3.319155058112673
0.6018477834407799
1.4025935527800297
1.8313388366526073
4.085677067191369
5.111628222800555
4.99852018596105
5.1910703443342605
5.437427722139847
5.649622222602499
3.562313804246855
1.1724705356771328
4.8183077325120065
6.098636354804406
6.472452730132157
6.561865391020999
6.481933361560805
3.9088636922467965
3.609121833337223
4.976046683011684
3.8350820743196907
1.6741880459978349
0.883398234837193
3.7161004852330994
4.153197137012356
3.3043494915880527
2.3696555040460843
1.6099916739433342
0.36781944262094163
1.8261376308372688
3.2174685394432165
3.2580416134311707
3.3622099573121242
3.330174697280442
3.3719194882604144
6.19462853127494
7.312099348074324
7.643069383710287
5.5197425361087955
7.926526246957707
7.843963106885886
7.66228276344469
6.590735847765718
4.447169272817195
0.3284641909054684
0.0
1.2901791098710476
4.533836238496464
4.407230960640648
2.028744957319761
0.4368270202410804
0.480642723407797
0.09395862924560819
0.0
0.8391091741463049
3.089768380398487
3.4851694033280074
4.159188017066271
6.368367661411251
6.508989757000685
6.867848984802169
7.1988874494823305
7.258760512681954
7.431949930685593
7.485042280408131
7.0974859882094155
7.351960696374838
7.6146119697580765
6.26814623948691
6.288845108408483
6.337717994704107
6.49374639283722
6.440372327006567
6.649893749727031
6.426034774829623
6.4793835887072335
6.143772913358687
5.834371415081747
5.4247632516685975
4.733037958749363
3.7360209020113846
3.9017035464742884
1.9754623041609212
3.8146037721128483
5.593279865915286
5.759525936368886
5.525927465061403
5.855814803596995
5.8373655797759545
4.827631531739825
2.0278565453156983
4.789181058389331
6.190472547960431
6.591348810331427
6.842590136315896
6.6554403061192975
6.639032109060073
5.6259882944149116
5.832611058664494
5.903900252720606
4.694269724613064
3.669336171885914
3.3295444588717316
3.4524761307369403
1.9320714226221627
0.1682499497695361
0.0
0.0
0.0
0.5011126893099104
0.09395862924560819
0.6533324903564639
2.7081187394124053
3.8994680709475444
5.278920231825029
6.137140662196502
7.427342561700577
7.764380104902971
8.1142569824736
8.130723636477363
7.965218259715951
7.7953962390679346
7.036458387608998
6.354577909893909
4.33244113319671
0.4997320724014056
5.227677433423128
6.294154026731479
6.220358237665423
5.985092728875159
5.857390189883193
5.554322553179827
3.689716449619566
0.7255293984612042
2.998632619150008
4.379025779665326
2.564101994250889
2.144152916147613
5.369247144612401
6.811565424556436
6.7189926834178095
6.917836754343085
6.897182055166946
7.18852465321796
7.364820239565316
7.447091626722304
7.23402468246828
7.561079935581756
6.321902433540702
6.290034695975462
6.289320943435275
6.21379525164963
6.206864393074554
6.363487584991154
6.425083104776042
6.32864236772627
6.364132882680734
6.0423943899198695
5.552281686175956
4.95125829469559
3.9077557182998657
3.9166453287651564
4.608785254538903
5.16139352084163
5.473801172853159
5.734528359190815
5.794468298435456
6.01340589163758
6.23894507564427
4.784055006141986
5.5786582551413915
6.219474743018325
6.3311440123991245
6.528927024645479
6.686452238322278
6.764383212807629
6.571041528529186
6.302230990531843
6.190666983132136
6.201708711343942
5.0413157334700465
4.261304651331228
3.720894225045687
2.114842771120134
0.0
0.0
0.0
0.0
0.0
0.0
0.0
0.2505563446549552
0.19956949285140552
3.457203856942651
4.71815607318261
5.77255315043897
7.318934194259519
7.837748899668533
7.998183933704735
8.087508914008483
8.169393820740202
8.010948585212319
7.289587636424121
6.535738924463857
6.500320375142203
3.4719270573066163
2.596461002895263
6.50017616443246
6.688973466278307
6.481243725916834
6.210338426140994
6.239875004527009
6.095375862089853
4.510348152163215
3.133378020494742
2.8378476452085484
0.8097240900966856
5.44266402884955
6.344054059495693
6.587177097225776
6.8751211225152336
6.986488229695654
6.821772308637624
7.180356300489985
7.388644344971669
7.5657868396843355
7.476590178758442
7.477785652487478
6.0957327383599464
6.219154394434589
6.405718034131188
6.342720261218974
6.247140998201331
6.483690053626433
6.513060959575985
6.27402821042255
6.157180536652891
5.775486230805277
5.405835411261764
5.084486977262852
4.178450556679581
3.6667886269388825
4.6071707047133605
5.114922349586904
5.283132313754648
5.582921524993091
5.8358567309518365
5.9227534187197985
6.396927317790637
6.1981926354907
6.1426268081333975
6.321902433540702
6.793522535404441
6.944974853756094
6.787712809545734
6.7910107663446055
6.357202024105659
6.391975275737734
6.266214416088626
5.942043012949644
5.216424375979297
4.103024535640565
2.9301069220463636
0.0
0.0
0.0
0.0
0.0
0.0
0.0
0.0
0.0
0.0
0.8039484078854888
5.224750109104647
6.002178754136713
7.232125813661335
7.812020567535623
8.121079016348887
8.117180345501692
7.9474388803761995
8.089037529561814
7.714513375745988
7.147925882670328
7.252330741086718
7.325248165479616
3.2936839616923823
4.679588583961921
7.108115322183521
6.881209614972485
6.773390854500895
6.832339082489276
6.456323495596224
6.281103279707368
3.064984689556384
2.152759104186513
4.230076724748656
5.870744865795057
6.1094754967534
6.398286088576277
6.610772876930696
6.6856879818760016
7.129744346046119
7.111695893656588
7.210648145992123
7.255774978500129
7.305510335809293
7.2956094788591725
6.157872548022231
6.1581104655356285
6.357915776645845
6.3311440123991245
6.4465641810884105
6.662490123451072
6.578887188420937
6.239518128256914
6.098556802843845
5.676789280139631
5.046452928917303
4.2885867286490225
3.7155443291150267
2.5011280070090205
3.6222591303147276
4.212788031487853
4.842433140433745
5.774482617290716
5.905931012703759
5.882649507593881
6.419341833767945
6.302944743072031
6.419222875011246
6.485168062612895
6.64836523683448
6.720001191538138
6.5411665220994255
6.630341265474871
6.777888053687686
6.459185806765495
6.205555846750878
6.120160348695112
5.590430158549708
2.654024920373577
0.3168325908173919
0.0
0.0
0.0
0.0
0.0
0.0
0.0
0.0
0.0
0.0
0.156597715409347
3.933400661791111
6.159074672254054
6.959960960630737
7.660007542796376
7.985976292529797
7.89621086179714
7.932200693587498
8.046375954552587
7.562300368702819
7.118398293614464
7.2157186238498445
7.305169016914618
7.213752111515277
5.597568799114044
7.182162525150337
6.994828642406586
6.978693073709993
6.657588864748384
6.508253407676949
6.240685974653047
5.53574172017438
3.566515623482604
3.968973839320042
5.396219003689326
6.114568238733847
6.275221308771729
6.484310378807091
6.728698480519161
7.111165659065049
6.979957889720734
7.273062015271301
7.29934426109586
7.170674457003184
7.262468446977178
6.011081195134503
6.092391640269936
6.27462651498824
6.3015856928422656
6.254046604823362
6.349413202280653
6.680131966587542
6.147910474503349
5.91696866537001
5.588655136889267
4.178651229046736
3.4303275814727057
2.0600033299527185
1.6096001602648553
3.8060661460115686
4.318189579751547
4.59488750421971
5.2394407768793245
4.872802478691401
4.864290225373109
5.8128887936050795
5.863199756028016
6.2258578009338015
6.527474267612062
6.849019907911136
6.855067551283238
6.754680736366561
6.377086132674866
6.601709364018551
6.217078360326563
5.927337839620952
6.028413714013022
4.898670284135799
0.2505563446549552
0.0
0.0
0.0
0.0
0.0
0.0
0.0
0.0
0.0
0.0
0.0
0.0
0.8476622176033441
5.745211057336722
7.070511017298538
7.609176260618071
7.768533095313912
7.9336164518354995
7.9858517555694135
7.988787569774852
7.363309589634409
7.358307802308726
7.176156738111121
7.347041574710501
7.202823314979383
6.9693190968504375
7.045556187363854
6.662872251674209
6.5175522227739195
5.722622407060546
4.813478024075808
3.8431418375360824
3.593745642243953
2.893323226566647
2.7896311605356416
3.889399854764334
4.692573930611408
6.241197527070415
6.49970032940567
6.821772308637624
6.942845212919396
7.109853903316256
7.033898900061666
6.87277248195753
6.976303584067139
7.123205074590375
5.862938305560591
6.287915179525747
6.309280807863617
6.301109857815474
6.395852898754032
6.452161241386767
6.391023605684153
6.086963763190243
5.35088551064914
4.55552268217545
4.014716863163523
2.3574898738671117
2.3635505461137574
4.332011667017865
5.724451025465883
6.015055440389242
5.791558751023179
6.189334101847063
5.54071700116664
5.196439552070495
4.99045305628503
5.008113739431561
5.484306827176339
5.82704258097862
6.154699072323669
6.45916055481245
6.344291977009089
6.364370800194129
6.3844496233791705
6.198242859952666
6.226824257502896
5.811483347840019
3.5816985078921757
0.0
0.0
0.0
0.0
0.0
0.0
0.0
0.0
0.0
0.0
0.0
0.0
0.0
0.0
5.056208009415423
6.989654755341263
7.394939266336838
7.930380489291796
7.725063424542153
7.723940979744975
7.755411415777606
7.3618050166141
6.993409629374536
6.907648730204958
6.6117040292242635
5.957636249217586
5.401641333996346
5.214582210156213
4.440884613763965
4.475857637155984
5.392811612731561
6.030434018278194
6.270747147522191
6.6216883144482415
6.385567970262701
4.080418839719068
2.5350253549997617
3.2115564816230875
4.53729253270005
6.122057642850178
6.788367566131507
6.931786810984103
7.031713388006093
6.964536796904448
6.931241554258834
6.982078599076608
6.86127832315747
5.846513974393965
5.895745528742867
6.0804869984711125
5.997792530596995
5.874810461306914
5.870171813182414
5.956308672277948
5.662672969626611
4.28508429626878
3.2677208121396086
2.1260228782057635
3.1870504176829964
4.853773120039292
5.884777658997604
6.002647355064046
6.273267464758473
6.239853263356161
6.501679425371967
6.383923284446289
6.291291995006334
6.251184852542344
6.32821352582337
6.418483870518014
6.644970722137714
6.413832966883539
6.3481586037361994
6.027022810489633
5.953310542233823
5.4538752777124655
5.227253136173912
5.09093653233733
4.638023609246199
0.7669530235524075
0.0
0.0
0.0
0.0
0.0
0.0
0.0
0.0
0.0
0.0
0.0
0.0
0.0
0.0
2.908603760292921
6.2821183767302005
6.46731629237797
6.793074887743476
6.153273753359818
5.887278726109246
6.01906820073283
5.345477045875232
5.015278661330752
4.994043571288889
5.871578202443843
6.5929173372669645
6.759305528677016
7.183049346943513
6.894105827681835
7.035162708824674
7.305738267011123
7.190704074620632
7.132951720776877
6.936305941463654
6.688209209832031
6.565373637654852
4.9080125432152455
2.7888361058482127
2.8595104898157384
4.010965767053566
5.841615645634264
6.661487949491399
6.968836927662991
6.962134527705116
6.86365835390413
7.083643188851654
6.818659411633643
5.5994548720421236
5.821852522090958
5.909464754182291
5.759905355817194
5.965246757882145
5.803118314848464
4.9476984357730105
4.14028055688769
3.392867909928391
1.8203264648368276
3.9885993727366844
5.586714607011398
6.287342126913102
6.474193908585059
6.168274208325674
6.460213232678211
6.597046022829258
6.74989843642057
6.349532161037352
6.501441507858573
6.618947617205164
6.582420049232831
6.644951334779282
7.037369444258863
6.950693997546684
6.964646296764951
6.8452427954251895
6.959472409699629
6.665030157964324
6.247735791984819
5.716775662725983
1.0845704566453156
0.8492648232091713
1.3343473637960983
0.4384736031461716
1.1537044253022786
1.9942134197858614
0.5440844667519689
0.0
0.0
0.0
0.0
0.0
0.399138985702811
0.0
0.0
0.9221755268245944
1.3553754220324907
5.344756017354221
7.211058554752326
7.88121321105137
8.014028489680847
8.07920238796756
8.431863810354637
7.818326017833125
7.590746515367768
7.522042602778728
7.633978187565682
7.801598079461344
7.703022911700464
7.932039705170654
7.686594622844653
7.836040781155875
7.733647851225828
7.812977303774882
7.607220027297565
7.41109848664891
7.447918483047712
7.618243001031413
7.398696453782658
5.929493115275618
4.016673598346331
2.9183630639536817
4.016377927741791
5.234780904243124
6.579031678574805
6.83991523875393
6.7793723968348045
6.959472409699629
6.714846222265203
5.269854482545887
5.357370542689845
6.072312817084896
5.801399157010532
5.816980031998616
4.816068085990442
3.8540624952100635
2.4973166861893805
2.4513313044742873
4.5777209138608415
6.056825642382636
6.3913552300012
6.289201984678577
6.444419412685651
6.384305412669428
6.62881275258232
6.661487949491399
6.518319094548766
6.674848579661716
6.8757347228559444
6.742322280155916
6.906505724045157
6.852392653721272
7.206830711836397
7.106412506730764
7.136064617780857
7.2884512302399465
6.8823151505567495
6.9631714125140265
6.718601096298477
6.473790508757118
4.899555952377174
0.610340078642293
1.6897325491485302
1.628616240257207
2.288289599251641
2.900764694892326
3.294608390063277
3.036527634495779
2.190407209738637
1.7885162583060112
1.5351254108327907
2.6872038875020885
2.8199420882759734
0.8448869088463781
1.3379845237947963
2.2452971875374694
2.643156062522213
2.7736936475600915
8.352661779788056
8.651439135224502
9.074069953266676
8.967023330890695
8.828974457607831
8.374424026206032
8.101185301540433
8.004511711319946
7.890395666001468
7.829639911644711
8.263493898628253
8.130409894792546
8.261090770029307
7.920417737711202
7.97716220400908
8.02644408107064
8.1587325381388
8.049399501106452
8.104259179697973
7.805223676108657
8.030349139730019
7.714233955987821
6.968391702720498
4.341941290735337
2.7236487063050894
3.465588577641432
4.607310153125443
5.88562104066279
6.425915816072926
6.681779438236791
6.546976247958132
4.391694468915923
5.2740330949723475
5.234736838717168
4.791790165686789
4.0707809622181
3.639452390157038
2.5770700849597694
3.307529707416304
4.77602486411346
6.158679828742712
6.749779477663873
6.546738330444736
6.501679425371967
6.556174623918991
6.642436552219076
6.799043839843662
6.499675077452625
6.671945223482549
6.7812830379504945
6.805091483215764
6.8758853789615095
6.7137092964919844
7.183569765873645
7.231302845168265
7.437396446113549
7.17127842577525
7.038599022004995
6.909384599194404
6.8709184829838374
6.708143822307329
6.410287668516828
5.26161638556742
3.3832277624004603
0.7837237737078495
0.4384736031461716
3.5570767129371066
4.014852263601555
3.9719563405648994
3.820833497610806
3.553816578793874
3.6701325796746396
4.034349586024025
3.671804556042517
3.6130892301461754
0.7822478226826394
1.2279544772819813
0.6990768678004495
1.3902404891315834
6.081862303132684
8.294254611985949
8.526699894205413
8.883167402658904
9.113172151645054
9.157463475209298
9.003817780239517
8.926387619646517
8.630350850546499
8.299429267821079
8.122593008941163
8.291523486615894
8.3659722958845
8.336250287985557
8.366346118657978
8.34496542906946
8.534904796616997
8.534326328435867
8.341007706748114
8.420265780719076
8.500475946361233
8.350530733222207
8.375627562865105
8.047099405419509
7.517353789966243
5.677201127834559
3.2244203420913298
3.09730470838926
4.1647485939538695
5.407606593399189
6.300938578315569
6.377064670948148
4.682759176559999
4.679014150225568
3.746386727045676
3.305166607783659
3.188916837172601
2.1165859183915425
3.2845553684574784
5.2410144178164195
6.182907209361603
6.840569995339702
6.567887782440056
6.695403237873547
6.4126488927062635
6.687827081608893
6.6749675384184135
6.682161566459929
6.734627165134564
6.718720055055176
6.794524709364112
6.8823151505567495
7.214243739598917
6.994446514183447
6.964045168820806
7.295905067330936
7.605311926480969
7.57205633734768
7.424465371563111
7.36958296138778
7.268178659286949
6.785091540625396
6.239658828184456
5.76220750914206
4.943320797415844
4.048497012515834
2.240732980056722
5.037674622644626
5.873004830764786
5.742625855563103
5.651396940264021
5.166734227790317
5.39523432803249
5.663199485219597
5.612096411394307
4.796523333554764
1.3892693420519633
2.068850044810219
3.0563346968086327
6.082321471044597
7.626916884771971
8.258208715455156
8.576132268397837
8.808093316122253
9.203171640782696
9.398849331886915
9.09548710060693
9.107441254141037
9.093555115191148
9.023764703681312
8.697940119275536
8.582308764750966
8.729183048892404
8.860441900277822
8.756534764970391
8.875672788716832
8.89088153627933
8.61301815271158
8.809875109534424
8.75552178909449
8.648161400685908
8.814569960813653
8.556069907826295
8.39095306363544
8.404589113519139
7.767046379131625
6.367628851567897
4.149585047499955
3.051480073397699
4.084267381359216
4.470845477959794
5.766439129318673
3.6662313014829255
3.5992283282342616
3.558832507897506
2.744104644929337
2.7605043627467714
3.8184934794641308
5.822327978605474
6.192191705798362
6.515065307495328
6.506104849047864
6.425032600869952
6.453112911440348
6.586854931804922
6.7816651661736325
6.645962967635148
6.907592389420041
6.831901083047262
7.045064559280216
6.990255883285407
6.958708153253353
7.257395128291535
7.455403042170194
7.3122038042863435
7.390347160424423
7.3344457284018265
7.511655880384429
7.534813403397271
7.351960696374835
7.2508558568357895
7.102659875274737
6.698200107692583
6.221243234863765
5.574388725041561
5.2527093391729345
5.092883919319758
6.403310096261988
6.649903208623226
6.648747365057617
6.478644584214002
6.478857249774353
6.551642713882964
6.377374554094352
6.534999919970626
5.800326446351878
4.089865437801606
4.310313104352174
5.423745818376916
6.5286583574522545
7.722844663898291
8.525419976536272
8.84687578620607
9.073373203558504
9.251928490273869
9.608786079007649
9.415506511427443
9.42750336295696
9.279564829741823
9.33985428910041
8.8615367743477
8.757958222907758
9.019325393648527
8.931641551960416
9.058522470195308
9.13696850764611
9.187801592422254
9.099464332677993
9.017217568394681
8.890181356325378
8.901741776959808
8.883481768761781
8.981859525213782
8.637991309731722
8.516599669084254
8.36880142551604
7.5341611104042
6.801566869999052
4.46939150744955
3.286920599845767
3.527480226758027
4.092437457955498
2.989865909394244
3.110628919117328
2.412217057029918
2.5555365894460986
3.6551012977373754
5.317787352774737
6.35017394794473
6.398430299286019
6.261716467891669
6.426153733586322
6.63272129622153
6.6406701218131285
7.010036826154769
6.9818595993556
6.992316873346751
6.915651242287512
7.1731683631013725
7.076831289033277
6.996243807362977
7.052204958680103
6.9832653054158005
7.222906561238452
7.342386149927974
7.201612127610271
7.347989065197805
7.600097216344874
7.203842336826644
7.60802192423094
7.701047153613949
7.416752881238796
7.389777205079254
7.116615015320928
6.869095410435892
7.129960095942145
6.927145401087572
6.945247482118727
7.068763504684981
6.9935727578766675
6.842972264539034
6.860733066432202
7.024356231462445
7.069909889354394
6.912553367417259
6.929289526376303
6.626030874040246
6.809182542715537
7.209050263333236
7.586527742494022
8.14013248991219
8.856641152816671
9.2909288534193
9.50672641329986
9.378190518551909
9.608051619008062
9.462589105141578
9.511738103774805
9.50268653780113
9.461881639795632
9.05386688260241
9.196301903900169
9.39320798352387
9.526870992918818
9.182205146165426
8.965695063502833
9.053173322639966
9.324330225334023
9.165578922937158
8.959519836683768
9.063238505198095
9.082082599714228
8.893991597079362
8.886402717996864
8.637909067412762
8.573200878256456
8.129940522888573
7.665319080737314
6.924379350086222
5.045138293646569
3.559301875162565
3.2212295807633904
2.3773222567656904
2.065608334675187
2.8873579470758086
4.131972058116121
4.921273812865357
5.835571747530383
6.336528407137128
6.384806499649263
6.452806539076344
6.437535267790339
6.656705649545411
6.766785482006958
6.861497322878478
6.975320327899859
6.8409521235628405
6.895174693747229
7.059016858498479
7.360200580462772
7.236521429394387
7.185044650124566
7.317773794704113
7.221623842509383
7.525605976782135
7.379447333666943
7.5608100895889825
7.802788181528451
7.460022701272742
7.606532359602041
7.5285757973238825
7.6803982170772604
7.746375069382315
7.821785004483404
7.514729123876095
7.588552283473422
7.3030164297111035
7.685803532199219
7.38955606977899
7.528978682835585
7.580436907637406
7.51749060094612
7.587166141794432
7.5452001257915695
7.709389683202757
7.83310995450121
7.813272892246641
8.161611472653785
8.327628301295396
8.478168565467978
8.768934525480196
9.105020657657175
9.234325362121652
9.334696820167066
9.674819268133032
9.811542987255862
9.53534446351255
9.7482928083687
9.681430949384866
9.750804804435017
9.46183428108233
9.257380751490626
9.610758486700828
9.422130479652237
9.467403448558553
9.440687443834035
9.529930728127027
9.648800012235714
9.251579672783828
9.25319195053369
9.054415592124283
9.12940113578352
9.085066480567258
8.900529883845012
8.695516333045946
8.485611582346005
8.295025317825115
8.210603350217424
7.646656371522255
6.814776512762228
5.294400415915694
4.196486584137569
1.784473201302458
2.668504310137741
3.599785653690221
5.026521803802836
5.480341778651184
5.7770216983531615
6.219774440171122
6.535619965707159
6.321996140344354
6.740674808506667
6.659586767271904
6.735128252114401
6.917016626677933
7.0193454728992535
7.171311350627309
7.183569765873644
7.1887436529389666
7.2449177133241935
7.25728562843103
7.220901442395989
7.356776395089258
7.589343374118847
7.74360822065036
7.633420462748103
7.534916826347184
7.689956522610155
7.748387546334985
7.793909834044127
7.7437311683662955
8.083668523113158
7.8771386719253105
7.7962549869833
7.83543635280425
7.959813897780168
7.774415948379517
7.943115524230357
7.896049873380302
7.652520708652963
7.8883912445321025
7.938306213328124
7.955490541634328
7.95803812199757
8.31124077232429
8.047356714489128
8.302823431041785
8.435453391102039
8.555484520230243
8.7477478981566
9.058816279179297
9.55482167407099
9.567067441258013
9.771618327708364
9.66901168279374
10.007134016805583
9.800494275642581
9.733843785144394
9.835110915620545
9.788829997111225
9.868857869658724
9.709880436371739
9.611569089245867
9.364268618042535
9.619277149619128
9.635086175303044
9.422476752168388
9.47410933966924
9.483011980184726
9.449177322920177
9.155194349157501
9.088766987668325
9.19376397192699
8.996264979160909
8.790704313712833
8.768377885794479
8.556531044581405
8.305435354722054
7.6856682176593605
7.654368861846574
7.182094881622722
5.9917769602354065
2.7457972555693253
3.2608695092551914
4.182568230942283
5.048599951273967
5.52933939171088
5.892912751732149
5.960154015901699
6.119349378569073
6.453257122150092
6.748633092994459
6.6421986347056805
6.946571010176266
6.9589807816159865
7.068286898735066
7.114317162576929
7.275100058965826
7.338117897017072
7.332671381589119
7.180083672127349
7.586777936660708
7.539992347853394
7.685741309555314
7.684950218909888
7.775342353564816
7.847975348130932
7.810830465468517
7.87407008561063
7.909078221769698
8.01596331304449
8.2002358281421
7.88151284439645
8.006025703912224
8.288772403014198
8.295754283137116
8.106516760563304
8.104923801692953
8.360555610136228
8.239078291831337
8.166686394129323
8.070737858755571
8.193761685071102
8.342788800092245
8.500080295092348
8.62191251353358
8.90446169797102
8.93772790757462
9.023872842461369
9.324486785713848
9.63996122729274
9.478055005309121
9.926487909380493
9.794260955647998
9.725835240514074
9.99950860561029
9.970206959740247
10.103417177752487
10.024209883291991
10.127735321999163
9.930591565793842
9.858442941592713
9.742364018516904
9.846268470115485
9.77735381638792
9.62342016231696
9.560786758410428
9.46277416522659
9.588805256793734
9.285447831334523
9.170905929615989
9.106588970098406
9.252633410645938
8.924884146077204
8.938500180048607
8.876965009844673
8.516956043709119
8.324213784067808
7.943710575263911
7.577369035807669
7.157359051409042
6.775902623560731
