3.9004473214214324
4.201411237436373
4.282532719034468
3.813811625312268
3.46179589191273
2.0915682047590627
1.6539938231596427
3.055371218473578
4.217429477820688
4.312759022596269
4.787863667528089
4.153870657923542
4.343044095070957
4.477600864008012
4.016253439093369
4.320593026387362
4.209714879628161
4.31471752354404
3.87002684850871
4.082834487324106
3.815615520839204
4.104983036588339
4.199990856961753
4.518710261658009
4.5264105114475175
4.685325926489836
4.60558320525741
4.619226917148282
4.84355487356409
4.95759443400053
4.175896320310236
3.70357224744839
2.483471553604554
2.0121556030398815
3.444616059328833
4.263077231638592
5.990839298657912
8.78094028510043
9.749786302313776
10.191067484627048
10.823953682717702
11.530573834526713
12.123659289476233
12.791705504645385
13.316234654296528
14.307623690931786
15.056695115902823
15.673602500510292
16.47623742509665
17.279300989418456
18.10282726104533
18.846501495183254
18.63498285819138
18.193881496364767
17.36686182096473
17.868016998504608
19.78013260409894
21.322360508447392
22.388945399026575
23.128761157648324
23.98993153736133
24.234654854660263
24.66158046586901
24.722083215505062
24.5464211023884
23.746616944927034
22.775906227474053
21.70356469950168
20.35191606102108
19.071077526496257
18.059904143932897
17.811253038643535
16.5913311861492
14.544155814198154
11.932938267667083
7.866235649456551
6.473858011981236
9.834037521798804
12.512720869278127
14.369815703681803
4.7138027978661174
4.690898387099377
5.122621591117752
5.118562106565741
4.286047000894891
3.5391118268461046
2.1440642382944666
1.4086386843200265
3.06268680856923
3.9729355910387874
4.197862026889308
4.646533329312864
4.3238985691575085
4.396456967283771
3.829256545401158
3.9758733424604484
3.749793845732395
3.4098510085763483
3.4785259581928907
3.7044700544829094
3.8031592756980794
3.624163504778292
3.115448808101221
1.8571086708341007
1.255817628180338
1.0030666432515276
1.4383116444968047
0.9047234926488822
1.9976855056076601
2.1293528036636507
1.5885316003625567
0.5637517754736491
1.1070542193172968
1.373659380020554
2.181110526993621
2.3889160098646305
3.095395736798118
7.420683674994794
9.344164882126927
10.112461624279591
10.481056280675372
10.932190822278224
11.756596677512821
12.471043644476842
12.949108304717747
13.870583922577572
14.967735951935577
15.72980830783659
16.467598536946525
16.941801479726674
17.193172610947478
16.42958541858041
11.156287813945497
2.802036941299551
3.667681120304727
4.342709916285105
3.6859733965929196
4.722781338513139
7.445119422569487
10.182707858681052
14.24700106931717
18.04847308514975
19.991151417274903
21.54337265582124
21.879929661337194
21.512800866960994
20.952706584285224
19.905874227867947
18.536831400600494
17.852549710457755
18.319955170269203
16.882692617423533
14.835680893203994
11.767402077652061
7.589124804938838
8.727813417760826
12.118684451975998
14.272621864895326
15.566437076012768
16.033276355893822
4.989058111686745
5.379050629245294
5.599885432944042
5.401237071262131
5.438673024502622
4.8622626917802
4.162252825019335
3.2343602310215127
1.3853135813275357
2.137333216475161
3.6569644036567164
4.034182467042697
4.055487166271074
3.7827301450488524
3.542184978705798
3.882215774052745
3.4203054702672278
2.8438791993660604
2.8764476244599932
2.590493292526669
2.659480235874695
1.0355974016116338
0.0
0.0
0.0
0.0
0.0
0.3758345169824328
0.469793146228041
0.5360693923904777
0.644698187722676
0.2505563446549552
0.0626390861637388
0.0
0.313195430818694
0.1252781723274776
2.743333922190483
7.173457163778136
8.920403196800127
9.67578232933872
10.442315344258976
11.168604808107302
11.847514926019777
12.488244349158213
13.39380250535015
14.490972549458274
15.699885869898885
16.64065322426019
18.145339760952613
19.219651834495114
19.326061649851553
14.4666741367758
0.9082908144295022
0.0
0.0
0.0
0.0
0.0
0.0
0.313195430818694
0.7420899137867333
1.7993364718335916
4.712565605257813
14.643622652234706
19.621901851573515
19.469814253647666
18.79866485174598
18.45093995107299
17.70207613074904
18.267050108620044
16.9318519964098
14.881721483095744
11.06085797229318
7.9609708569048285
11.807432861087872
14.493630048772218
15.893374705249883
16.616687927508202
16.92243976728675
17.190240165538352
5.7250172209739745
5.742032270378535
6.032072281576989
5.717706942950591
5.522981585748449
5.248196062647933
5.105666101123279
4.39466393888088
3.1383107175315543
1.0946199620487875
1.6503566631609445
3.1463536178283467
3.6786910279030236
3.5290168026878748
3.397662083032314
2.7687488937513005
0.4653945975931352
0.0
0.0
0.0
0.0
0.0
0.0
0.0
0.0
0.0
0.5987084785542164
0.758943353962261
0.0
0.8492648232091713
1.4543830617640126
0.6139978729131035
0.5360693923904777
0.8805843662910406
0.5164020836687974
0.2505563446549552
2.7120012234958217
7.864880423783904
9.987251283574214
10.89643499578535
11.753736883092667
12.253354061121176
13.112942436966017
14.060932081005342
14.992365774658158
16.209950076982498
17.715002255052287
18.88898157170911
20.053528508857276
21.082236859674396
20.04268961783498
8.472690046511692
1.00222537861982
0.0
0.0
0.0
0.0
0.0
0.0
0.0
0.0
0.0
0.0
6.101077568525116
17.97060990775228
18.212905924829503
18.032049588500847
17.530362233388903
18.015571838209752
16.59717876274329
14.556357638267263
10.498492405853115
9.763878313875953
14.396913373911934
16.391627386356266
17.26567464605907
17.338872302634826
17.541676482139238
17.54824229826468
17.699556337412893
6.070809835589514
6.024823953527956
6.047454645847813
6.082108938723191
5.965917028080641
5.755656070015291
5.47847704333279
5.118817675770697
4.514248636273076
3.8527918095879996
1.3480314437941199
0.8295975144874909
2.686277424688983
3.3661112355038387
3.2131871894467405
1.1733717340239584
0.0
0.0
0.0
0.0
0.0
0.0
0.0
0.0
0.0
0.0
0.0
0.5950713185555184
0.1252781723274776
0.6577104047192571
1.5001480734801111
0.7553061939635631
1.6473126923910868
2.580843567259696
2.1174450736169694
1.1215409564957513
3.7187159118633444
9.941867130186452
12.350685140784712
13.624173878897572
14.362604354577083
15.442378164009659
16.56825672856977
17.567293276406232
18.920942799111298
20.618877302204115
22.743285223739967
24.969770279771577
27.79738467146932
31.09305441589795
32.452531441961966
10.401804523863671
1.7648058925807786
0.0626390861637388
0.0
0.0
0.0
0.0
0.0
0.0
0.0
0.0
0.0
8.084272937267386
19.611638172079193
18.809971832435753
17.95338215104908
18.055269452773842
16.318487570950257
14.229936721754246
10.233383344929061
12.338629535717672
16.32839804745771
17.29485950443041
17.88038165245748
17.930842354453386
17.927264049595554
18.181001904903464
18.113614335049817
18.171021414512555
6.294178999240399
6.191456212087331
6.0821089387231915
6.150130719321117
6.337123200920617
6.005923721620706
5.65275202190288
5.087738178643426
4.78786366752809
4.187399211382595
3.50159802881758
2.131052021297885
0.2818758877368246
1.995068711695438
2.7383145449383157
0.1252781723274776
0.0
0.0
0.0
0.0
0.0
0.0
0.0
0.0
0.0
0.0
0.0
0.0
0.0
0.9308098294583824
2.1974357662742503
1.3925672670528189
2.425652941093649
2.9523197820846825
3.173403479369558
1.327703638255918
3.245367830628249
11.141603236150113
13.347083838943457
14.264268074908092
15.60263194158227
16.75414922691544
17.682139601185458
18.536176179199916
20.128396481199758
21.81959443919129
24.020321601690544
25.77702937786158
28.221551210896003
30.475399927722048
30.50688536658073
13.253884459301682
1.8804843104580118
0.5360693923904776
1.3998415870502152
0.1879172584912164
0.0
0.0
0.0
0.0
0.0
0.0
0.0
4.41740836204431
20.504285830205827
20.392233447770938
19.271475367581836
17.367546816901694
14.675131396874168
11.706329486411438
15.756382690706083
18.10671810905761
18.885258696681465
18.818437788058898
18.305091245966643
18.543832527804888
18.486786309957626
18.883670508791095
18.949804596723997
18.702168843580566
6.253833939263012
6.155248433810483
6.384925458405961
6.142864725646794
5.984503866059488
5.865156831379345
5.915249507532079
5.562796437907361
5.028140475233696
4.311913526123967
3.9356286462655587
3.5891861674256127
1.7793545325755697
0.1252781723274776
0.7203494908829958
0.09395862924560819
0.0
0.0
0.0
0.0
0.3758345169824328
0.0
0.0
0.3758345169824328
0.2505563446549552
0.0
0.0
0.1879172584912164
0.0
0.0
0.5360693923904777
0.9628907611764596
1.6451967258898315
1.5517877194036138
1.7532062929497323
0.3678194426209416
3.1245836559076947
12.188908026669484
14.023028462973457
15.261597893256685
16.4017652802682
17.19407963532505
18.0977062688626
19.215213888736244
20.744487558325094
22.35666451829258
24.261922099042888
26.049408169955953
27.807898233818054
29.221461244218315
28.185473131460427
14.602254644425507
1.595773919902922
0.9825580698981398
3.617266192448497
1.6941517320555484
0.0
0.0
1.4254232331328995
0.41079122006300006
0.0
0.0
0.0
1.6283452555806164
33.969897792294404
29.840760100531096
24.29931515176706
16.632092517428525
14.662716461648083
19.161132245211085
19.675192137321652
20.119381174525216
19.200649315317307
18.527546225242045
18.489060000687655
18.596028731783388
18.93853145057527
19.058328957864834
19.27574118294647
19.090405548031196
6.363130708721062
6.466379834807012
6.275102350015031
6.230965049985633
6.218224465551852
5.878240064455959
5.641561934651611
5.396044011992367
5.26261999908198
4.7704011735126475
3.9748940919865605
3.5466435823534708
2.854857522812317
2.4471531258383736
1.946843093708898
0.0
0.0
0.0
0.0
0.0
0.0
0.0
0.0
0.0
0.0
0.0
0.0
0.0
0.0
0.0
0.4617780718665498
0.4384736031461716
1.1538465856661893
0.9232002960532404
1.357298027632496
3.0005230519591883
6.345447513934297
13.27076871153617
14.654595384129376
15.930287758037787
16.930666125362297
17.650183239635048
18.774510355050523
20.104921606401653
21.27025288566219
22.840402885383302
24.45085097621532
26.175128351403202
27.4875159722963
28.080899369499825
26.672991458632133
15.855601404438566
1.9657673685256065
0.5360693923904776
1.348574839542902
0.0
0.0
0.0
1.8360327314136264
0.4107912200630001
0.0
0.0
0.0
0.8878174177442114
27.814693512643924
33.207988696074324
30.659653717175047
27.00029539754207
23.11089814632578
22.476731547730747
21.221588865840257
19.671971215074848
18.974428495883025
18.605244102575753
18.367841063565447
18.883360983547902
18.890214995196033
19.19680455726769
19.243063783563546
18.995761743535137
6.534116704767652
6.559572621682171
6.370036315343093
6.2551424855866875
6.044805559127144
6.099657633944259
5.868242346330668
5.300742082429347
4.732056020946556
4.6645929011204394
4.174366435802704
3.880121872666941
3.1805629595505724
2.738335179210427
1.3605069696068541
0.0
0.0
0.0
0.0
0.0
0.0
0.0
0.0
0.0
0.0
0.313195430818694
0.9709791045392064
1.6222358196206623
2.331390818537622
3.53337235817933
5.214807437754892
6.1817829271219304
6.772075732940839
7.7473716719910675
8.442126022960306
10.213061580651033
12.373430397164523
13.9973746144663
15.381356245253395
16.268221745801686
17.120742597287073
17.963336318715772
18.941146306829804
20.66440880902585
22.10449515125011
23.640044805967932
24.86698796539916
25.943120210852786
27.28390744293212
27.607488830400744
26.314418361978593
20.838886922253614
9.887528322962414
5.617330199056139
3.6753447834469584
2.2201327116952436
1.0620892793774832
0.3678194426209416
0.0
0.0
0.0
0.0
0.156597715409347
3.6517561059956467
25.953825350644607
31.065779711640175
29.074762869110653
26.743984427441244
23.481402794033155
22.793439257146034
20.555774713369573
18.438509754336124
18.094411585696186
18.06922412468064
18.117109121166546
18.738661218494652
18.7335980927321
19.181089932691926
19.227068670525767
19.057703207872713
6.2951811732000715
6.52668475921274
6.350984918070769
6.095970655873343
6.121023262282132
5.850341652392426
5.268730043978088
4.89687398920179
4.592313182187282
4.802721190054168
4.314415004124682
3.8227919985585785
3.2968789604313384
3.134015924926153
2.68015654449793
2.6270666761530173
0.8251783315804726
0.156597715409347
0.4188062944244913
1.1376330080350712
2.0284384551463774
2.1457634559287007
2.7150507315817007
2.8089018620133794
3.1135077364291113
2.5451354881273343
1.8927161709066895
1.8157970422569503
6.11269090564959
7.309890224159952
7.656706305138792
8.595263741005626
9.244643192938524
10.153322225220908
10.898965094930974
12.142061118584653
13.30675231609949
14.480218606756877
15.722718571381211
16.483518429232664
17.236382058479236
18.132977386626223
19.493105929590946
20.816178270685256
22.47522860810316
23.640520386330778
25.09757996523275
26.23992840876728
26.938461179920587
27.722182548460243
26.8408858596891
24.555008741946406
22.586702073521177
23.808029561266526
24.506820096433383
23.857007354875037
21.71279683853638
18.429141798490747
13.712819731283982
10.422800787027803
7.119288571073557
4.976481365086458
7.6545495479918415
15.062961047279865
28.496203961433853
28.450192982797034
26.897657202880353
25.099768526310612
22.046991728583926
19.567294320126468
8.729821503643818
1.1305042064168163
5.458879216456955
15.74632529740116
17.227935988814057
18.165301399783274
18.867948438456853
18.959873527590485
19.05830736684214
19.008521099235608
6.724658198566774
6.440372327006567
6.303301619342124
6.351817629367654
6.170566418776252
5.340995243049182
4.658043877365931
3.235138202758993
2.3051182334527915
2.761798301710743
4.03040086558518
4.191618732697505
3.351631105319629
3.5421437101615716
3.6490986813223225
3.516229283143656
3.483699185141294
3.553259253337914
3.279570934423107
3.6922811289388746
2.553455364557126
1.7968124833222325
0.9298693393674053
0.1879172584912164
0.0
0.0
0.0
0.156597715409347
5.583754407592786
7.779563001245682
8.61469683246234
9.045583651275136
8.752751117658995
8.514692374144367
8.263684018454754
10.809127266073542
13.74847187314415
14.693515540201995
16.011364603586436
16.66131008877253
17.381092677510242
18.31496863973223
19.631203750804545
20.839798772552843
22.511348797868983
23.697229355042488
25.05623928663332
26.015272302394862
26.941289828068975
27.503782765799407
27.56778059229296
27.568506904861987
27.789196791423795
28.944004466315164
29.399790530527635
30.05920171365626
30.464727244049737
30.29427322602583
29.08473798416942
27.51030922943322
26.375409824682727
24.62370628492812
23.77576497107858
22.693107810356516
25.4886434139576
25.661991343651863
24.267936356392838
22.651919748593638
13.77791531187867
2.2525673783812104
0.0
0.0
0.6822561712333147
13.137445851095402
17.005125859674198
17.73797913236212
18.12679780046874
18.579521224195993
19.10397322967992
18.442296378524652
6.984317739773809
6.865415325413882
6.344648853279183
6.446708391798153
6.0692331694623105
4.025096898640042
1.0080984474365986
0.0
0.0
0.0
1.2522011024537527
3.265648853783794
3.568234806161747
3.889102245913253
4.172407934854931
4.03333861700684
4.15937515927504
4.607170704713358
4.585791208802369
4.213789869002172
0.0
0.0
0.0
0.0
0.0
0.0
0.0
0.32846419090546847
3.950423520811542
7.946889211041919
8.562295711051096
4.287972576318967
1.943244769781913
3.215488932446056
4.387352887048755
7.190166332252317
13.769048355504705
14.847302301192217
16.11346257799612
16.8658627704576
17.495472196025233
18.30350734162292
19.33723360592726
20.743775757128432
22.14762719890798
23.272902512407516
24.662909238370908
25.685621439849808
26.416453415274614
26.931513055062933
27.511275673441684
27.59991684313489
28.110306447599985
28.542302678462526
28.922371936678243
29.463862465712424
29.623684480676104
29.762560095826714
29.568726039694948
29.4099321287784
28.935951230737235
27.750469923391154
26.66088341109299
24.584408315446968
24.439171790010015
23.310950950960393
21.12483901704306
12.016492478735168
0.0
0.0
0.0
0.0
0.0626390861637388
11.442034309109703
17.09942985919995
17.858014909573697
17.943876047433307
18.41976012883481
18.531858809337326
17.989461859489605
6.788094937768872
6.644347193334766
6.6712126643851395
6.321949426664591
5.391024646095707
2.1240690607598625
0.0
0.0
0.0
0.0
0.156597715409347
0.0
1.3049424677136303
3.343418143034827
3.7913922751719715
4.301127422508191
4.836751288863293
5.166715542110193
4.777534083208542
3.624323826872044
0.0
0.0
0.0
0.0
0.0
0.0
0.0
0.656063821814166
6.460201398056647
7.24688422565876
6.991403045600523
2.4385508447422835
2.1842840500067107
3.4481844597696374
4.04404551779848
6.957940205222321
13.554614230776732
14.86731197971458
16.07966629701727
16.85885144864559
17.403641774379793
18.00799004964521
19.31443908949897
20.2753733028025
21.783994837286293
22.742484423463594
24.188997830783478
24.970574651116795
25.672881406866907
26.326189688837395
26.825185658629962
27.150794208209927
27.298102108115287
27.56823146385462
28.078314854519625
28.061191442446866
28.124777519218103
28.34339017536262
27.828177528542668
27.768521757300498
27.54481625463932
26.422115519993685
26.149358006652122
24.940499823826585
23.50990018624252
21.623275374232456
18.421122534473447
11.514254725079804
0.0
0.0
0.0
0.9121121772560303
5.5909885004171604
14.433376117404483
17.181032429130273
17.55043721448704
17.86486147546335
17.861717256757448
18.175510566765844
18.085667146184463
6.840679495200206
6.656442480078969
6.546594119734993
6.141145567808861
4.461034328300694
0.7778080055035083
0.0
0.0
0.0
0.0
0.5011126893099104
0.2192368015730858
0.0
0.1252781723274776
1.0816283793243189
4.013817284014236
4.430179690093748
4.867606388760516
4.500743012149152
2.609682256693694
0.0
0.0
0.0
0.0
0.1252781723274776
0.4734303062267389
1.2514191552342349
1.9451699158337132
5.546811742265277
7.145446998705865
5.820608221636866
1.1528604995776204
1.3917852441444987
1.8122701219311108
1.4811619154129783
6.320053153222857
13.590868699967261
14.95390200453715
16.009750870973907
16.800793261269764
17.33993602104267
17.88910352031607
19.03157514380409
19.94300279123219
20.967575048645138
22.039216186623435
23.258605039635817
24.188675958080342
24.8192680652552
25.645047927682132
26.48094315661906
26.422858053449026
26.725105097829864
26.795409621709116
27.087231606696342
27.146610751069986
27.269700332536313
26.961538050494745
26.83393335376458
26.51531422204915
26.07689950195098
25.364466150447036
24.78556416614809
23.707626893774737
22.441570527323247
20.2779262346373
17.725851110628987
9.39203639679064
1.0031013048015087
0.0
0.0
5.463856151483109
11.056635118309007
15.565754319905441
17.066397667538407
17.478486932510013
17.660384948500933
17.939958641806747
17.818792179262324
17.751808544078617
6.930859426035696
6.7852010404859
6.580246238650701
6.112492204625822
3.519209186442111
0.0626390861637388
0.0
0.0
0.0
0.0
0.0
0.0
0.0
0.0
0.8565391432065672
3.363283339679817
4.0988001577458695
4.392237445968863
4.3329490709127265
2.8407787305512073
1.131791939675323
0.4384736031461716
0.9512385268162704
1.7917475212998544
2.0523095174099075
2.826948162735907
3.88727914540351
4.639030124193883
6.096051620422067
7.469814044620043
6.060870468537823
3.558817108831268
2.3138137456601577
2.660001299686074
3.2884372473322294
8.91449352570601
14.058385559463776
14.8137123034957
15.773681006662665
16.66164721304924
17.317608905769983
18.141795628828927
19.04049718004695
19.755136822894443
20.483285686309713
21.50886145524788
22.61336704718696
23.15959849913782
24.116023057631036
24.48670742187014
25.17245850144089
25.328378217122065
25.766017195283734
26.21891191937618
25.848712963085887
25.90077059308465
25.906871889359536
26.04448773604986
25.737575678521743
24.955946054175314
24.800805948425406
24.243169475194822
23.69992739322255
22.71229995705031
21.429133192370152
19.674609051163323
17.54143267212784
9.169388807269083
0.0
0.0
0.0
8.197387858712958
12.943981312601641
15.77194847846831
16.92168193023723
17.67387331604209
17.57534704893718
17.46780900170533
17.578054990725303
17.675134121279953
6.931022554537826
7.02992117823173
6.808912765447144
6.387253386247114
2.937121414826723
0.0
0.0
0.0
0.0
0.0
0.0
0.0
0.0
0.0
1.353273918153684
3.27082913297539
4.059149362130025
4.776355806803943
4.502701513096929
3.689629902097109
3.722430800975533
3.330454030197151
3.297564418973341
3.3012034267756074
3.0834231722052325
4.2154321713481355
5.511668353977579
6.971898664055662
7.794993264244022
8.110978505108285
7.263281956574058
7.107749414545825
7.179758666668599
7.924347796892211
9.902086903004188
12.630047710871716
13.805410895465469
14.834480796148421
15.80738197602463
16.52436574144196
17.026583942330358
17.62259864533295
18.09900691372407
18.89883830170705
19.740060290642305
20.737999898580142
21.458087395339696
22.25666561057387
22.942956592774294
23.621746229278827
24.11918304031072
24.44563007741048
24.81286197121594
24.83312819919286
25.022405849143297
25.117610784661174
24.88684178129573
24.949971068402597
24.656270193153155
24.34288831422746
23.96037085554083
23.123729069944936
22.641208575957226
21.711552385558463
20.62001287756496
19.45807898330897
17.1981710490503
11.145575843147496
1.038961403950559
0.0
0.0
8.098987592870452
13.194490123171573
15.605410991726295
16.774045408116073
17.350051689197013
17.4054957369978
17.29696815437827
17.362668142703367
17.459514197091668
7.21201353038254
6.982460727299746
6.773706881685841
6.411935140166078
3.475013337835074
0.0
0.0
0.0
0.0
0.0
0.0
0.0
0.0
0.0
1.5761478797254667
3.5028158510900607
4.046538511568062
4.699774225964563
4.919364047053196
4.572758433222477
4.528481392163207
4.7858669450207865
4.670705651453996
4.47692517384596
5.446615304730893
6.54859581248484
7.160535704108303
8.053794444431267
8.394585741533364
8.536420646672244
8.920398373718834
9.356106872849658
9.942581393340761
10.878276064435425
12.048276620502472
13.216523175228026
13.89592103884153
14.71555201744704
15.678096986066521
16.32065049762464
16.90161083195785
17.514375157118398
18.125007511430354
18.88398673354003
19.497014915357525
20.1540578949489
20.84478285080106
21.466498252634505
21.987591594157763
22.770279205335026
22.838560491396986
23.344937001398026
23.418046477879287
23.751815525177847
24.00127046905271
24.032882041594068
24.127850547496156
23.86630107852944
23.58785336808291
23.160673363331448
22.81751874121862
22.481980931114478
21.798874447674063
21.029638378190974
20.299628465806187
19.055942111672053
17.152476163142353
12.252963305216525
0.0
0.0
0.0
6.871459557132373
12.796951738547188
15.297156469753043
16.583224508619338
16.99402729781959
17.127207109049557
17.15612094278176
17.172846076632187
17.10145163092637
7.211785599180711
7.03176925922497
6.973572815286299
6.6486284063009204
3.770084985863217
0.0
0.0
0.0
0.0
0.0
0.09395862924560819
0.0
0.0
0.0
2.0130368027828847
3.4499603043332066
4.307429184134804
4.824123374079055
5.113065422407144
5.419946625398762
5.88545003912375
5.9720628060302445
6.32361836004056
6.5125598725961495
6.9300706885595
7.420357392584104
7.96251607874806
8.578636923410935
8.907827150729117
9.335223672939401
9.788887346051228
10.498923703443927
11.161818263365499
11.87680275216137
12.5568380323597
13.217127707862488
13.896075087050729
14.5185470756308
15.265334389708721
15.847082760459346
16.639763863933446
17.073988848434297
17.817659385616714
18.343959030840885
19.157690626593332
19.902770695359266
20.388260168051985
20.946560952636162
21.327592619141157
21.54523464346549
22.22766384628982
22.278831231049875
22.700267703592754
23.053466932322525
22.949267851711557
22.995368402207834
22.980485517951703
22.953304474249695
22.77284655585042
22.3516462495899
22.249562345549496
21.428993882897775
20.985965185058983
20.491321982400763
19.849444366881322
18.38736197265133
17.187625770439073
13.30932805313434
0.9860712713325267
1.1463236397919605
0.0
5.715433018601409
12.455188262735904
14.730251322390739
15.974982843460793
16.661079682252197
16.801949022661905
16.96606785047099
16.995373893128782
16.77761936209946
7.412589084539914
7.211521902298902
7.162423438613862
6.946753756558609
5.054038487967644
2.241684836332616
1.2648604889119301
0.7501049881482245
0.0626390861637388
0.0
0.0
0.0
0.0
0.0
2.49975665818771
3.9900159123724706
4.946656929505848
5.813876851422
5.795132701305217
6.2366091034078766
6.604424809308584
6.703866371851716
7.029435640800992
6.851682025916623
7.4720435485877585
7.805100728392731
8.396792674074401
8.85683881225574
9.30194625505098
9.64252733693248
10.446488176819479
10.782559430924358
11.249012068289824
12.12207867229569
12.511733547943617
13.147640844417317
13.560216090480592
14.236180189044735
14.775600159698246
15.61837753740927
16.252757354748073
16.836147704833976
17.46508699787834
17.936246000418343
18.463390353611906
19.128678013319515
19.841731310375664
20.2077865192239
20.535147526090945
20.786332476667326
21.160218840303767
21.267781210087538
21.365019815993488
21.4514635901988
21.950989530404648
21.72692843219391
21.60242884555365
21.610001932100726
21.56625534778339
21.20751406517574
21.35693942877781
20.7786294539836
20.388995743000784
19.87180805142723
19.638492436221394
18.27655793837887
16.911238245009816
13.929339306333434
1.210066243473932
0.0
0.0
4.343237649645011
11.745866843102263
14.309610100143713
15.683503741783571
16.45238711174605
16.542094362733685
16.57767571770679
16.457636149284212
16.51681159172145
7.4012044256003575
7.420626461127842
7.602974420224655
7.217196348928689
6.556858373055391
4.844670885121144
3.7856012492405773
3.3964855293040577
2.72040607712633
1.8120866930229755
0.5637517754736491
0.0
0.0
0.0
1.7867411105775712
4.489030995630318
5.7317326617675635
6.0504713537202335
6.369704691026044
6.652120110867754
7.00865641963062
7.22622952648262
7.260501934642608
7.684194893944425
7.9871219660838
8.341190523660359
8.512711607641469
9.15538409437907
9.527020006743808
9.853331260918461
10.45297388138104
10.721810054417313
11.191827628069676
11.607219903032519
12.390753460999454
13.056841733259636
13.396864438372726
14.132577553652276
14.677664660596449
15.210179859276478
15.909407394937302
16.510356169325263
17.0449530827903
17.347002703233546
18.028314688871358
18.37376458727938
18.968441636649246
19.18472683664961
19.507280688231805
19.904232250309608
20.122890000223414
20.16290975976112
20.410141041109405
20.56240954534204
20.565990188000185
20.520526988700546
20.97489206392571
20.944928246251052
20.92337437124069
20.41909760235722
20.42794423956543
20.208683701884773
19.856502675455495
19.381302076549787
18.87887037647347
18.171944417066214
17.07112909237007
13.529802370315577
2.5895747121122645
0.0
0.0
3.235872066219371
11.124986299662185
13.866219167988698
15.094971388127814
15.97917374772228
15.932664726017833
16.127289711742975
16.05744429857158
15.85751823243019
7.505190343109214
7.265190284277196
7.245409341407833
7.365611330210747
6.769833048895868
6.032740381480025
5.067279692753283
4.530467826748659
4.154306931344489
3.8669536966490172
3.304547379511363
1.363728964513504
2.0048013584224007
3.2882017109353017
4.6920498326808
5.640751954301388
6.055802013214075
6.674635914101364
6.708644909287165
6.722650837147059
7.198926055990232
7.189507909385242
7.399202147585812
7.627347004696637
7.896379191212345
8.404159468696943
8.646897661631314
9.04852594178484
9.457321904009834
9.841218258924846
10.193090894220651
10.719019030961345
11.219709394289486
11.754804300611688
12.36757520522267
12.82318743585815
13.426871498496396
13.718779286889523
14.28486120099798
14.776501564395168
15.579645823967184
16.1966518950931
16.813039294334995
17.111263052573662
17.462762474232647
17.87797589035549
18.255668954361255
18.725028763777832
18.746381636304395
19.088851968562228
19.491330128441987
19.68518004515726
19.67753775968567
19.73980431122571
19.78615590732265
20.052574077757193
20.0121803741722
19.96645716067168
19.872272824408157
19.59002652365735
19.6834665145972
19.36613271346055
19.34431863286329
18.958719187208374
18.79571043589541
17.73695250546436
16.661724139416965
13.171612491049661
2.9338549347065146
0.0
0.0
2.5637982765949694
10.757704071520092
13.649429279984984
14.797795730422973
15.462699509853548
15.533363974913376
15.672803529543872
15.631128784828118
15.676500582055178
7.609336534549968
7.325583945338875
7.592644548812342
7.427574380734751
7.036996774931918
6.863448813079316
6.667679803573244
6.326922930444212
6.011262040226469
5.79832823278904
4.9190888977560885
3.499559856545206
4.038815575516772
4.8826941091922125
5.45535194903212
6.099776592700957
6.370468947472321
6.667917721086639
6.598950218549126
6.80689262447095
7.057651474108058
7.0947641509093975
7.415191785249941
7.890762071348249
8.165201389366933
8.341103209678725
8.933209219629797
9.295719810042971
9.645877730171584
9.794829149168027
10.325508637856064
10.617336252266066
11.268550939851902
11.715824659957645
12.06687482864047
12.632936885032082
13.14979307797218
13.221972579162284
14.047234538012292
14.382180046888791
14.81763060575618
15.698285132232048
16.330585444661168
16.813611965428414
16.946863461448544
17.277854351873614
17.587671407469635
17.9379081954114
18.01104722150053
18.477394508286565
18.657092994447996
18.555293851722837
18.860513988719344
19.352733145809975
19.168331853824093
19.307028605309437
19.35245894847667
19.459768700549944
19.151181876475313
19.07343942347118
19.091822659534383
18.798894065031828
18.73385364041855
18.613451974159553
18.0267948513946
17.561410771385425
16.70221571504306
14.126860082639391
3.630531024384403
0.0
0.0
2.5338577735594248
11.6071498216657
13.909507938301395
14.667233140773991
15.211509152684554
15.20555604336322
15.31100233107459
15.112639829262756
14.802604062275583
7.584062504284726
7.77678378568979
7.566841627211579
7.501853402735738
7.404313434771998
7.0618571271398265
6.8526652820839065
6.860733066432202
6.707880652840889
6.605107361781731
6.169476053113368
4.470883460030432
5.264791384479317
5.770183179811017
5.76937628523053
6.2516136944452425
6.366673476082236
6.690119850947721
6.654174962693187
6.909107595340744
7.068325505242969
7.463730635567964
7.593232667647979
7.919558989795844
8.24617456007428
8.37710393699292
8.612002024739583
9.232706147935893
9.38402509854485
9.789512888511263
10.265885839292466
10.657573110928537
10.981233861666285
11.343122130456754
11.877479717633642
12.617613949592798
12.761875786313604
13.08963641863644
13.572077771781483
13.928584995870219
14.476600893021978
14.890032149074074
15.467482379641272
16.08888095245154
16.456830434569234
16.71307703076071
17.197128621288503
17.29356805463336
17.502505093227285
17.867995399964606
17.78662009041407
18.199544523436195
18.318631926684844
18.550696035787652
18.3381764087299
18.498549687551634
18.543555389095747
18.716444543306604
18.499619735081062
18.41285427950769
18.364973456453356
18.241975822581935
17.834115934756035
17.68726029080863
17.69611625589888
17.347867437921277
16.701299531204885
15.136689572613971
11.150023431159271
5.037856288309627
3.567700530099958
8.878303032423233
12.662092498012584
13.724546670787662
14.241679544322055
14.503017126429148
14.491445530567177
14.70903388422121
14.64999398796274
14.47594648023512
7.439347244808036
7.57007514463514
7.4929150446643416
7.47242638205956
7.232549798217353
7.103915759804657
7.077441348458247
7.056013461355006
7.097213359846783
6.731604850198701
6.509481385084327
5.286990066938499
6.011805692556347
6.100609303997842
6.033355011184266
6.274983391258332
6.392094234494432
6.656824608302108
6.718610555194672
6.933371195095531
7.0519859589590945
6.937943954216708
7.635179095920736
7.890659362883283
8.183919625069326
8.39067474379258
8.551765057935093
9.093013975761792
9.354625010894964
9.549646137824237
10.070488290531985
10.53225487468706
10.77792488206785
11.175256521042577
11.800451459350311
12.106923239741299
12.602204902557236
12.695721726519754
13.241479947551339
13.659708605084164
14.062495309655098
14.176274804133397
15.133228109719797
15.553069756908961
15.958247739786017
16.403166775927584
16.634913244389764
16.877118920972443
16.875823514523702
17.14680197745934
17.408650108168647
17.35745793493538
17.546990972940847
17.586931126717854
17.808073022775087
17.800322047886002
17.980254556019357
17.912787436690934
17.726074181308405
17.733141965673045
17.594660828530866
17.512621863555385
17.419587451132134
17.35912887276224
17.24261920060237
17.136170791508604
16.779985874587542
15.67182059125568
14.242461927683822
10.14082610635301
7.3825519639958035
11.957030575752
13.16119933764738
13.596527241944438
14.062836861302824
14.30593607998759
14.480957124095191
14.283319214937267
14.224127747090327
14.235072490442755
7.591650486357112
7.489382064678989
7.482652830521962
7.512938599113507
7.487571952186296
7.274608430882182
7.208992230520731
7.129673452693517
6.9225726419663935
6.788094937768872
6.31832313849317
5.416112115103754
6.315973748925296
6.184309177169704
6.107518421402074
6.2470220394446345
6.371301658769205
6.64315710848596
6.694902150893712
6.750521495657476
7.264698656193556
7.045775187084863
7.266404312474233
7.502122471279479
8.002076216739736
8.311680080583988
8.631253793346074
8.97793287844285
9.448749127518102
9.724590662226511
10.029390191716521
10.435040077977991
10.781258696236772
11.052971772560849
11.378769102330029
11.881931625261688
12.213288921606807
12.577446810698817
12.94797881218857
13.267678316526185
13.83125755486153
14.11660651109006
14.285156029197042
14.682523436023637
15.263735418267816
15.669139569585585
16.00566349747237
16.27621891320878
16.468992087842285
16.66446057681314
16.911146097027704
17.026647642701533
17.11699624065812
17.216673176481585
17.151603667293767
17.235868155338302
17.241590959049173
17.29250433622552
17.233625679971368
17.181928309188017
17.26368389598176
17.1632154211998
17.15767017894384
17.11637319758614
16.87956026903304
16.68517409990479
16.366226892101626
15.71485566537843
15.02247333742398
13.347548536352738
10.467052038157103
12.991415407530576
13.328831118674879
13.537446867986876
13.697100873638592
13.857739662961318
13.734881245769106
13.891686856463643
13.885306834254433
13.746073484228063
7.520040324764184
7.44689946120045
7.484566365964568
7.558829674325477
7.355245693118455
7.439942295841586
7.505566708692894
7.122221818423091
7.13163996502808
6.732071226329297
6.336708335237448
5.585832963509915
5.964078911486012
6.060991972780374
6.239161251986821
6.292986180335348
6.292723010868908
6.302468908045239
6.4801225932004645
6.692644092404122
7.082123607439924
7.071275273744814
7.240229363689608
7.3089545732226995
7.477505777655793
7.797955452886356
8.393659373795783
8.795703048905276
9.139983056621132
9.621775357800635
9.84060908604296
10.291758178188955
10.569073617631433
10.831228538220682
11.341041728965388
11.617592738123477
11.755109134795775
12.253167225889037
12.592551684889198
12.904163528771441
13.427630619763953
13.527123134367528
13.9774314854972
14.21598890004429
14.574787581136444
15.133329007656048
15.44423908371488
15.575136391287058
15.935435564447237
16.122331296324113
16.3404157147189
16.451581150053073
16.377557700133977
16.756369160435245
16.594027158562902
16.6716612438849
16.60339423671271
16.82265894765959
16.689586003620967
16.609575408019264
16.73062360495949
16.676345375335025
16.522617825624174
16.58151569633966
16.355602516793052
16.190337694972666
15.892809087089432
15.540404493222018
14.845424230606948
14.125215370514724
11.903755893351342
13.099255089196598
13.205243454765911
13.271450613677722
13.521478273823321
13.421661464976937
13.39151926161122
13.538346747702876
13.277296416742926
13.379703674442872
7.37226223710625
7.354226671271193
7.488037060341913
7.684355167876321
7.2797554837483505
7.305738267011123
7.175282981804341
6.8807866376641975
6.828584208456001
6.681015181790516
6.318896470549939
4.976979894733143
5.7750186253324305
6.150249678077816
5.728051594471685
5.998419810432987
6.11389796853535
5.952769063470678
6.182543026207884
5.395649955306947
6.530688647869363
6.616592061685596
6.767659238313739
6.740029510817089
7.278653796239742
7.551640703674758
7.972079818906975
8.369770261875345
9.070880514554604
9.372274015673069
9.742115102859387
10.125617588862365
10.314977093727045
10.563055869500523
10.820319592009293
11.447183555762363
11.550672179662481
11.943055596824378
12.098385312715381
12.442096543111322
12.692583900022402
13.169265461329205
13.55469490250021
13.768357640410004
13.815345376298843
14.31870705083957
14.771117719729247
14.789819577727847
14.97513869543857
15.504850491575922
15.99469635886667
15.843873782618813
15.76118989860521
15.809006168865114
15.95412943230046
16.055578365607232
15.955318574260597
15.897146609930475
15.728096608195246
15.729406123565196
15.985159110154708
15.879702458789051
15.864280987205612
15.9090359810974
15.615206213072163
15.421476575345183
15.238668579045871
14.874887993329216
14.579057263629961
13.886819352281503
11.82577070585489
12.970488119882337
12.899695351456158
12.809181643759167
12.898978340114743
12.979607818300945
13.039336535087596
13.039811718865185
13.059583526249531
12.988718466711026
7.278016902615615
7.207250808560078
7.243934457156907
7.553450816167454
7.5111642523007935
7.265421056306947
7.078688301507339
6.893154552771035
6.741558023709641
6.64193546523924
6.21157851761406
3.4739446368355886
0.6593889880813785
2.6690671740006664
3.7340499381648558
3.0008029923307147
3.3167977669406428
4.586227482223312
4.866693506630956
3.7459789150957636
2.8342985434579084
3.9434833018258826
4.65585086069783
4.106362116196684
6.1529295998475
7.12712307712578
7.6802325085193495
8.074811919770834
8.718789594847891
9.053590157632408
9.656164947092593
10.114517383307424
10.11339990125017
10.619280790035827
10.804570561100192
10.983078524429803
11.244964559381085
11.54455617835934
11.790598597545326
12.31967748419134
12.576330321010515
12.824571846963522
13.248887735760812
13.622431466151255
13.618073439689242
13.798933412168227
14.328143077276112
14.38666405342713
14.491585663301816
14.649706441128567
14.661106374381765
14.846803478477801
15.120817310727722
15.222532797204142
15.027394711873875
14.944973193075182
15.170719790481817
14.833607777694702
14.677703005645903
14.698850721520818
14.97317646912888
15.071143674900501
14.950432470405104
14.85133678116633
14.80092228128143
14.634457906334223
14.61255186967163
14.30631174348445
14.149388094675357
13.49237109341564
11.599610861076664
12.461571007686382
12.541362000280504
12.4986254841309
12.471467033997808
12.612549547320503
12.674248259169227
12.58958769523031
12.591252564619287
12.429312401146367
7.429876121311087
7.074592148336073
7.268142893606968
7.177139994278404
7.118480959275812
6.898601068198992
7.1499074171386185
6.830876977794829
6.514538968562447
6.638928943360225
5.043252758184067
0.6513532794477749
2.9022752277015424
1.4838059310256428
0.0
0.4384736031461716
0.8645335832959458
3.209411611868557
4.0314118346023635
4.804273155279507
5.0601168002685695
1.1294801007630362
0.0
0.5457630501140902
4.5319314830916095
6.094983654569178
7.04424667419231
7.734065672928578
8.316576659267977
8.73709890991759
9.242646075956083
9.705866068323697
9.995332200903047
10.295662291898307
10.308031044167512
10.77163377389292
11.191822792571196
11.181892667645378
11.644191925375416
11.910036053626238
12.437387256225398
12.444873279800994
12.680136406976262
12.99475405009313
13.11899598051168
13.402798969705408
13.756739747184726
13.7507922751219
13.863790862176126
14.240913397367802
14.2947255848927
14.235932084294339
14.426047184450525
14.573893548706556
14.036024214437703
14.09534544939212
13.714602497802096
13.692426409802817
12.503868374568576
13.5392054476108
14.085063104300534
13.94043507320428
13.924916076496553
13.698350751970704
14.20945168287275
14.008533970718329
13.81554484876793
13.657983491280488
13.713779567201254
13.205096697068438
11.116514358668232
12.103928435299618
12.03745651414313
12.007985825131138
11.93040516843173
12.176124851491547
12.35811432959786
12.331054702287688
12.112750549194065
12.194519806446392
7.114808790660569
6.947417972040574
7.277066571300392
7.242420966398089
7.019072844536619
6.914241160736287
6.649893749727032
6.79490683758725
6.566503480257247
6.446470474284758
2.647518350969959
1.6898927583804062
2.4716699672172657
0.27386081337533336
0.0
0.0
0.0
0.3364998995390722
3.0549630936671104
4.062317858025692
3.925171975576203
0.3517480253537341
0.0
0.0
0.7832865435003512
2.036626993493677
5.915399150386069
7.473950616142239
8.073895216350644
8.63636508894873
8.911973285434525
9.359126955575688
9.68943298738268
10.034812909166059
10.22047573429867
10.635312356963585
10.922726592397973
11.054147207252322
11.182716582775724
11.56390263449013
12.020704228445602
12.073105792764679
12.408123931460258
12.67785198956801
12.917799779943925
13.161851681853747
13.529793067742798
13.451404850968885
13.391063580230151
13.895547962338545
13.761616943519064
13.768577126499617
13.805835052648423
13.853003225075422
13.645812676098497
13.34631242074375
12.475823889833693
11.549118293524005
6.97689678860903
3.8611423677930756
5.53488302454633
5.249654111997204
6.091235864549321
9.969570452497283
13.274717176698262
12.911202669480803
12.97469351626632
13.31618717396732
13.100263851897644
12.654034562740573
10.75517513032743
11.73063805653538
11.474650034932319
11.473924335065917
11.479107507533197
11.789813491326289
11.67257978095787
11.724960857374901
11.63185422108981
11.63652021659418
7.20138419640844
7.091056216614177
6.9654105532112265
6.855067551283238
6.885851024869018
6.835054829136391
6.621762935250547
6.443846080628881
6.281557373563315
5.314126338089225
2.3092498761795652
2.637755055210458
3.4577820408774316
1.6455084869237027
0.0
0.0
0.0
1.4516104617620846
3.110711456205775
3.572136084353461
1.8280591134513517
0.0
0.0
0.0
0.313195430818694
3.008723291480659
6.517493690135509
7.160376463438512
7.781998495825893
8.285339000597194
8.697473332639573
9.011860819002933
9.330177180666704
9.744419199349508
10.045725668547103
10.317570431295406
10.621646662962764
10.953884737863316
10.980392426194172
11.265472540405879
11.734268053179088
11.782027277142275
11.897559991812072
12.150027403385492
12.321062686096536
12.7779409252644
13.091802738050138
12.958914702419658
13.199240196418337
13.420371619303575
13.325060230488612
13.34293423470407
13.257762201247367
13.048838850681605
12.830946463113976
12.246351076603629
9.291410635377938
8.077038465212288
1.4226594196010438
0.0
1.9070081886808918
7.009573161036573
12.083611478746153
12.153241558000401
11.748975439381868
11.456117843986982
9.664217624508012
12.385103240376266
12.44901768768833
11.605752036247864
8.310479866892823
10.66447889342951
11.009423900651152
10.8911837949629
10.953884737863316
11.273186947734489
11.249819033277424
11.407767000987885
11.297701566305472
11.36005790535286
7.0723619391197
7.125701821516481
7.150401886050179
7.196923777975681
6.988890498894987
6.7767639074709445
6.796053222256663
6.315497913898507
6.203241895129456
5.822164124236177
5.1197403829703365
4.141658221825221
5.2312862825989646
4.736530261379312
0.8878422265380551
0.0
0.0
0.0
0.399138985702811
0.8164018685827735
0.555736701112158
0.3758345169824328
0.0
0.0
1.2379394944649669
4.996770433773513
6.2982412124855465
7.079392838659082
7.784433990406097
8.096133797804757
8.397589427209619
8.792006646989957
8.906354698301179
9.277060399054777
9.482896556012673
9.800928251385102
10.028705565861753
10.6001065413026
10.70117963770912
11.043828522334296
11.154066951019205
11.440057849387001
11.627664552244662
11.727167720565054
12.113198826338513
12.249963691830326
12.327261766408652
12.568053655656804
12.816335582809804
13.051780591141078
12.722606389677983
12.888765065749796
12.94024098149497
12.763275610099123
12.17953341812651
11.143409960904695
6.120087093108045
0.8012959031320228
0.3445149739005634
0.1995694928514055
1.1333972540361885
4.983779882053659
11.2130994510986
10.794766604018514
10.086919550752096
7.781518835429348
4.015744684562706
2.6921830984569297
2.6868117547382497
4.309120818970885
2.9082780272566198
8.55298536416268
10.533067211686834
10.475983116773262
10.517641814330412
10.675838853750744
10.608803036852402
10.856690431105658
11.01303601967612
10.950460368170667
7.0618571271398265
6.938216582579342
7.109853903316255
7.039126415768615
7.043526587491468
6.735892508560676
6.569560506042351
6.335551485130503
5.97784341105031
5.396897325657567
4.360973123020286
4.091155688062253
4.570339295813081
5.078451437656631
3.7310034607444047
0.5790205355604235
0.0
0.0
0.0
0.0
0.156597715409347
1.5033380679297297
0.91190390937291
1.2440258945491887
3.133882679420398
5.375627201585203
6.319206353696144
6.985977683819626
7.354018792109263
8.059403691694268
8.341673488910876
8.59174992784087
8.708454327939911
9.1534802361747
9.426847466210555
9.90952276954626
10.03020252871629
10.09949619533526
10.308775594877844
10.453344609377247
10.714682097163218
11.029059901710166
11.388811719415623
11.512360846044837
11.583398937686342
11.724918487636772
11.974235896708853
12.144374045587506
12.462007080016434
12.548913700629381
12.53407311616329
12.480017643171315
12.289535355967121
12.145287326059934
11.343704370430597
10.493898148025302
7.324279613872296
2.8477823145402925
0.41079122006300006
0.5637517754736491
0.5840558460820664
7.26250068110905
10.380863182334748
9.382979385822107
4.671676655120743
2.651774027491076
2.1894580622177817
0.0313195430818694
0.7769640547087773
5.831020642087527
4.722105779672685
3.0106288740071587
9.991484702640964
9.850816077813317
9.886197250206596
10.340769988684666
10.487191309823357
10.48591829889282
10.734369304357902
10.592972365875234
6.979128830574759
7.006977557792414
7.220291382971022
6.964154668681309
6.972331952890109
6.814578280596108
6.829608313708433
6.514037881582612
5.711443573015011
5.5528547387886
4.633912464113247
4.0148013400754525
4.960199405489898
5.111747350675005
2.703814349925112
0.0
0.0
0.0
0.0
0.0
0.0
0.156597715409347
0.5011126893099104
2.305741633427353
4.320045192754636
5.643189742232427
6.194137784860503
6.699975996994725
7.198887449482331
7.713917503092374
8.026714165764643
8.266653130876053
8.411206013685721
8.66461429075527
8.880264182209666
9.464819355832491
9.533691333681896
9.708993691281238
9.938649367592719
10.143705450837498
10.584365487327197
10.521098096059504
10.957555204824443
11.149246264894165
11.109024763456944
11.220004068230704
11.588640122572217
11.727537183366147
11.699561921000614
12.041990983660693
12.040737688750841
12.023412713736242
11.77852730308141
11.492968039218551
10.74458727956115
10.057744079215867
7.668980896460778
3.757242655461491
0.5346681412098603
0.5472237716385324
5.736078232551445
8.56874493760259
7.157964215570243
7.5228742648777756
3.826824603839017
1.18138680838545
0.5011126893099104
0.313195430818694
0.6284557562903986
4.504341063786333
4.847538722021993
2.2682172067321713
9.307086784223687
9.394376171038353
9.674263361585954
9.892062184485889
9.909146142743738
10.130417149940753
10.131975582278912
10.186481599057709
7.099327978549754
6.920893780128189
6.886834281036299
7.001367913862328
6.757474592685225
6.8823151505567495
6.677260307757241
6.542550824282235
6.081871021209794
5.8308652821027955
5.378121690138373
4.165100390462888
5.094591826491163
5.243475889336393
1.404771300012166
0.0
0.0
0.0
0.0
0.0
0.0
0.0
1.8951132080003767
3.3062606244234667
3.7934669715749694
5.455415790111016
6.108538367682904
6.718109468214837
7.18428323450621
7.432028003265935
7.705727537788506
8.246635696829388
8.349883836248855
8.371301263413269
8.591026649857453
9.057161335177915
9.341082654655747
9.460641271394309
9.819265029017755
10.040483890638956
10.085895123208495
10.332304727558752
10.357944808664763
10.611216482551658
10.656564671127239
10.827279218913162
11.172551923392588
11.177843805497561
11.24519518581592
11.493928662700968
11.643963937580555
11.626333897070223
11.24449819889964
11.249254263187298
10.674128003599105
9.76264532498788
8.187375205928456
5.340538221595299
4.275803874332057
4.357056121124737
6.39669573881111
7.381310095038156
3.200518236383592
1.6111045828060342
2.1893843640023616
1.1420521909420893
0.49669350640289206
0.8390177274617591
7.829788746735384
9.801942078863856
7.275048451644382
5.929591285382583
6.888252040532282
9.263494601427427
9.231041373568631
9.584063696289498
9.719536330492259
9.64593507911159
10.010728281223003
10.125745300007372
7.0261126755568295
6.995702398713364
6.850166292580549
6.939800966690771
6.73251976275054
6.796053222256663
6.749134179974295
6.6406701218131285
6.21191365271331
6.1765890896394335
5.856988517321864
4.616810467067808
5.363870840363005
5.653208971831183
1.1032171706600815
0.0
0.0
0.0
0.0
0.0
0.0
0.0
1.1143079050425801
1.677360194696358
2.636090137235607
4.991240001605902
5.649933824747719
6.4515629368210785
6.994337014322943
7.342122453046166
7.610391322077206
7.820793217049107
7.907878742384529
8.09794077940083
8.385734508117775
8.693607099692189
8.952514763282153
9.254481910814627
9.431576739741839
9.570959967844123
9.73333771274213
9.9263578121466
9.944144181701992
10.144517787837273
10.237133342986546
10.30521979245456
10.63583024027371
10.490425141323833
10.777716310223346
11.273868662233479
11.244559799495585
11.211380116083026
11.042753872853336
10.745067501467418
10.155849797069475
9.327842287725137
8.095649211991114
5.7401103413663845
4.2828449516134
4.200431986962487
5.645513318583672
3.7310050414727827
2.061230420312395
1.9141292879927292
1.7538944125846845
2.0161029915998285
2.143536815197814
5.313710598357301
9.584616615697628
9.335077124091749
8.331923728132956
8.925050440249917
8.808326709440236
8.860302740356392
8.979822197607108
9.230218484050633
9.111646537199233
9.355414399126817
9.817952474614067
9.896163491529823
6.797199606926078
6.712945040045708
7.053952471293661
6.951076125769822
6.9473084721800715
6.732616483054565
6.7183820965774705
6.70032974852928
6.376895208285361
5.944908276012864
5.630381790274631
4.770439395072175
5.387674256631916
5.518302728820444
1.7097254175615124
0.0
0.0
0.0
0.0
0.0
0.0
0.0
0.156597715409347
1.6468020402506967
3.373242963400016
4.392501743828691
5.505729608606309
6.417778584972218
6.915860783112325
7.124110695002483
7.525605976782134
7.541838226026065
7.556228471187351
7.647799901621443
7.831547059275129
8.181913289908465
8.4210557675229
8.618213610199774
8.95925670065287
8.841023805754741
9.066566459059745
9.371566550327122
9.231590083090508
9.284016133840845
9.15029617153736
9.55149601877832
9.652879984995732
9.792328750502088
10.34189158419703
10.65077087492033
10.666041014663717
10.724658331227387
10.279344928496082
10.16254179423991
9.801868299529882
8.985238383808609
7.585755919380824
5.442220529661545
3.4674516835607725
3.6820824228859093
3.5889036075501455
1.898099139269747
2.097668632121153
1.97313121415777
2.097668632121152
2.1908865070026664
2.2025387413628543
4.19293429000151
9.296342523402153
8.57412179441151
7.9956320246835135
8.624350829908884
8.577578824364673
8.621093732619544
8.903150372360717
8.890181356325378
9.031600881465296
9.133474512568396
9.474397536953356
9.653433505453927
6.701341381385146
6.950640368905057
7.203842336826645
7.231566542050071
7.08315156076801
6.7744711381321165
6.7831936790661835
6.588705610118328
6.177043183495381
5.971215201521981
5.7693251437769195
4.6524554445094
5.366991382565994
5.511430430451062
2.691286434819583
0.0
0.0
0.0
0.0
0.0
0.0
0.0
0.0
2.0765198146712813
2.0907861818507416
3.3299768093571314
4.880834430106538
6.293342777161315
6.754799695123259
6.821653349880926
7.317158691630653
7.287888070796347
7.119991609206715
7.200365174561176
7.1914683310669005
7.537327361535364
7.762107980895656
8.20876929448296
8.469712821589797
8.510176102418988
8.683745917769869
8.867478607848787
8.70910615817514
8.221421535760463
8.063147437489771
7.274331745557065
8.05522712774106
9.101902044919727
9.977495566016412
10.228248721568901
10.558965569077627
10.622256345251522
10.261527089521882
10.20275560640467
9.542552563907313
8.359730071642957
7.011007026684276
4.547877338188376
0.73483622806145
2.0137090193096863
2.356953182683264
2.0976686321211515
1.5033380679297297
0.8143081201286039
1.8478530418302925
2.0197401515985263
1.9651161397962786
3.4250993107858685
8.92135640362433
8.167713140143412
7.791675036252779
8.250249613821648
8.32165605486421
8.38636355270464
8.589981395040356
8.757374104845768
8.738216569635831
8.961140329297995
9.256278592028751
9.432284205087784
6.999510901388267
6.9525510100207475
7.085227572963083
7.024901488187713
7.179200456924376
6.720248567947728
6.748752051751157
6.5739354258121585
6.499055031716091
6.432846674648001
5.993424286038394
4.860922264884567
5.121642340643861
5.616039360544768
3.981276946361052
0.3437329509922429
0.0
0.0
0.0
0.0
0.0
0.0
0.0
0.9119039093729099
0.0313195430818694
1.373693347424377
4.249416598770108
5.74663535755507
6.573841719008506
7.015101213359587
6.984317739773809
6.626426276439839
6.521290880524608
4.559927380601326
3.9330054667217516
6.6978337725262955
6.955485756388868
7.516802933250603
7.834198062588286
7.989537221413057
8.335789151230445
8.121503701647532
7.912080818485551
7.286907655456981
6.977952610544571
1.9000640686995727
4.535972534331938
7.8735723863385205
9.391753771205385
10.085082786208723
9.959971200041434
10.223263975225066
9.97624282129951
9.784598554894975
8.797101030767665
7.813138616638761
6.268246515662579
4.282364310617505
3.6341231284984903
1.576211524591024
1.3226951294359095
1.482930004843954
1.9141292879927292
1.8478530418302925
1.8791725849121619
2.260799913163801
2.1209731008415313
3.556130003358911
8.849684773258755
7.813542103348254
7.632280029289913
8.06913747314105
8.042820477786774
8.193529965525054
8.3896267449529
8.485236285084005
8.673234861201593
8.717097654485476
8.817553196894831
9.001599271231736
6.798715340262151
6.882465499502401
6.9901463834249045
7.056176589857135
6.962297656207245
6.920893780128189
6.984427239634313
6.500677251412295
6.615333163655307
6.2881313558682965
5.957742846694425
5.142762904298595
4.621255574798853
5.195983142551467
4.554636201806691
0.4806633576799096
0.0
0.0
0.0
0.0
0.0
0.0
0.0
0.0
0.0
0.7203494908829958
1.7958236535552698
4.865470102216649
6.588204523138493
6.693492596757857
6.81975216766143
6.526948208123307
4.598569791960717
1.2658065843679758
0.6416596217241622
3.8149815083689163
6.156159257513038
6.75691627249586
6.97701421187179
6.974283443090946
7.445388811269545
7.185153102980652
6.947511922351977
6.149849016978138
1.4241653867488406
0.0
0.0
2.3399069891706925
8.131117097106893
9.86330570660945
9.852826922970928
9.835551397995568
9.453332622590972
9.082855225207602
8.219561259039171
7.015408740896556
3.4252808550515987
2.9508355093502407
3.4464177852084554
1.7462505736780665
1.5033380679297297
1.5033380679297297
2.0044507572396393
2.0044507572396393
1.8791725849121619
2.0044507572396393
1.6599357833390764
4.674121009655581
8.740021461077475
7.261007864338753
7.3445476686123135
7.59769742448055
7.826995057442516
7.993748491775857
8.09886419508025
8.406308581850165
8.41064852084843
8.592276171147434
8.887915071831031
8.947645694718306
6.76188422330427
7.212238620756453
7.209780480338244
6.798728119818629
6.752191205759398
7.042076184270465
6.55377235471966
6.6794866688979635
6.583669488366926
6.391856316981037
6.128721608641556
4.942125730073169
4.247014497092652
5.017442123862261
2.035691543051522
0.0
0.0
0.0
0.0
0.0
0.0
0.6236296278203783
0.0
0.0
0.0
0.0
1.5217435474989203
4.880785833098092
6.329691255365705
6.682543694683067
6.5984024178895275
5.421884971421444
0.9079315359664654
0.0
0.1369304066876667
1.0676989676018238
2.418832400925971
5.851852077447896
6.71483676336901
6.435769116828518
6.527950102638853
6.659433097665968
6.3251426246393
1.4534991454068313
0.0
0.0
0.0
0.1252781723274776
4.446686117888672
9.340141816347181
9.724823259710082
9.78852373251371
9.5540398553581
8.909983400571374
7.6239556182789485
5.248731382185893
0.8398484976670627
0.399138985702811
2.286090018343959
1.6352383352387108
1.346740352520383
1.7298491895002106
0.0
0.0
1.5033380679297297
1.5033380679297297
1.3387252781588919
7.047731699120075
8.556443730599767
7.022962478209763
7.487867540658057
7.769366169352292
7.84365837979729
7.831092757407462
8.076867157565497
8.501177395849242
8.302117967997132
8.541920632845503
8.706286720676667
8.590052530407439
6.626545235196537
6.75180907753626
6.829730593125416
6.8758853789615095
6.801718737405628
6.952059381937105
7.157850679492682
6.806619996108316
6.459686893745331
6.245017970969417
5.824896789974803
3.4470369749650263
1.6252356252362654
2.5662593438517267
1.678649006429219
0.0
0.0
0.0
1.3633664341505995
1.9478768738927843
2.8395256620598026
4.031235165620107
3.0513259336684118
0.0
0.0
0.981770642218475
4.942572497840941
6.5320403912155
6.512296703129708
6.571931077892816
5.213673310383557
0.7218273633473365
0.0
0.0
0.0
0.0
2.16877119126454
5.249514134380067
5.605447923799439
5.44279162776463
4.859178417892515
5.542603013755974
5.074301460885381
2.8207125635562247
0.3678194426209416
0.0
0.0
0.13693040668766668
1.6460769780773723
5.982819722198349
9.487398128199626
9.649660612926105
9.191441683857315
8.721881323373593
5.092134259885251
1.4763853218105498
1.196676202744337
0.0
0.0
1.5628490624601865
0.09395862924560819
0.469793146228041
0.0
0.0
0.2505563446549552
0.6577104047192571
2.1276717220142154
8.87076983138839
8.575990364453823
7.036286147127272
7.6736689829202405
7.5944904269850175
7.697948950730252
7.6462838800286095
7.989698209829891
8.160839668073136
8.215593020128756
8.381255409198081
8.42076365505008
8.521855161461225
6.614806824722425
6.792504568387918
6.963280912374529
7.008070313820204
6.979338371399573
6.789131822577782
6.868309222696856
6.733599739221849
6.37080057178937
6.245828941095456
6.2376800116622855
5.289674936484123
1.3048666133082263
2.444400469685267
3.1006682017480447
1.5725107197267691
0.8797210842059715
3.786371817444325
3.9913835344784596
4.3612374208801175
4.740912871428909
4.902790400933562
5.013988653852374
1.0384841831105374
1.3578756208443752
5.105492899422727
6.412529933949565
6.646433133992072
6.599426053575917
6.090380061775619
1.351926552549695
2.072973892775826
0.8133041085229612
0.0
0.0
0.7764067543228911
4.024636647628802
4.453614865831014
4.825876040161883
4.16810341381367
2.0406366487776064
3.9257346301147056
4.301697449930724
3.753559723486079
2.9236077893426047
0.42965587160424734
0.13693040668766668
4.488527885129158
8.137832241858817
3.8982602229083194
7.842174223784022
9.177691832295329
9.0607141857017
8.499467590955717
5.640711298190868
1.7765022051593906
0.0
0.0
0.0
0.8546883865090703
0.5159042285566631
0.2192368015730858
0.5324322323917797
0.1879172584912164
0.0
0.3445149739005634
0.1799021841297252
6.482897771078855
8.003592013508264
7.094849697155351
7.583120385459345
7.615998111437061
7.534818775059197
7.892045504562264
8.139927034654646
8.155760272476906
8.166492286207514
8.346094021759265
8.340385581576163
8.501081892918629
6.969491684248762
6.875398834283036
6.911733239752108
6.874356866068958
6.954884628444723
7.215448836315128
6.904266583347956
6.708153281203524
6.562366478000834
6.596043848869587
6.189877754176941
5.674209000497867
3.0769304894869074
0.38610613443411707
1.2725429352698236
1.908020559249265
4.456810644104529
5.494973168026694
5.619386325963518
5.353336157894638
5.672825967535
5.659774230735072
3.3441240909798102
0.9760395808339717
5.239839169675637
6.437034180810503
6.753916479920285
6.927639271748462
6.895415624760997
4.0248741410825355
3.677402224605236
5.033227936340939
3.8418255427499535
0.783864503228423
0.7195881022467882
3.3574350796568835
4.32157227686125
3.4612592007288847
2.400417721671994
1.5137035886547823
0.5637517754736491
2.5816592541659995
3.2579797106148316
3.474067354545216
3.6100160782864825
3.9468264573553515
4.242033304800736
7.228605074740259
8.385005742089186
8.619254715676204
6.075112604092577
9.060575318686984
8.923294618168539
8.555901999994537
7.315614444829803
5.1892780045207045
0.36128572405600506
0.0
1.1555940688505006
5.495877309704006
5.297214942096903
2.0460790088587206
1.3226647180964624
0.6078035422776448
0.0313195430818694
0.0
0.7246098987499431
4.074362096916853
4.679014645903355
5.217345661822447
7.318474422454883
7.654730547052277
7.638959594838026
7.8221793587280946
7.8752019077258755
7.990132272446606
8.238600572223802
8.221743512594145
8.298123508099886
8.426443347322852
6.839915238753931
6.735892508560676
6.765815005396154
6.855067551283238
6.861497322878478
6.978270096401707
6.99297162993252
6.741175895486503
6.702597265915063
6.425533687849788
6.207545408154708
5.44278191458772
4.123731853010928
4.180890813325676
2.1209746899591133
4.027583299570607
5.696147681448381
5.800469228127795
5.951503999488691
5.993208109695843
6.183282030701114
5.0249230976380765
2.3398292962349245
5.2612342472554605
6.2123894877401
6.745695025966053
7.035101155949956
7.111328787567181
6.778871309854969
5.887169605538109
6.042228438039283
5.642511420264187
4.634280778276152
3.989359761601563
3.848435624700433
4.225820807067742
2.523658521504838
0.0313195430818694
0.1252781723274776
0.1252781723274776
0.0
0.156597715409347
0.1879172584912164
0.7109537996129999
3.2581667293757572
4.318527821807596
5.853126310080189
7.428898236805731
8.4295224531248
8.927918259210989
9.053087324736422
9.322138281750021
9.069499085148854
8.82229701092075
7.71874804513891
7.111168499892968
4.786285955477601
0.6869974381982766
5.69702041326152
6.782689740992106
6.926982272585442
6.7203927786574695
6.389614051548297
6.249507592707034
4.251828406552159
1.1287915458426026
4.2214476513663
5.158274472921577
3.530814473800638
2.5912677790424277
6.302734860130962
7.72810090235383
7.666013343577916
7.645560446653105
7.8218014840985965
7.997492562018403
8.122349998385557
8.245852583240604
8.245626109337538
8.276328956818007
6.723797221816473
6.8181141549083755
6.90681920149294
6.763904364280465
6.970160455720529
7.045064559280216
7.208305596087322
6.849402036134274
6.4676199262800775
6.412173057679473
5.9205584258550745
5.796068497516691
4.43065904165401
4.510030761394609
4.547262419601063
5.27921532091337
5.646773635388754
5.640988882038968
5.8956030370321395
6.043540495145158
6.641553337016102
5.1905628424844155
6.128704557551076
6.5762281951509864
6.6813225210023885
6.749516308197433
6.969000056165122
7.079665467021718
6.870971340702343
6.581129453853674
6.121499097308922
5.796187456273389
5.038938513207764
4.181523708539273
3.6812068543067578
2.2338920269509743
0.0
0.0
0.09395862924560819
0.2505563446549552
0.0
0.0
0.0
0.0
0.38308820270771604
3.231627632836812
5.864144578122134
7.423424158951366
8.274819821223213
8.856071564900397
9.128686385045572
9.235348143671494
9.248795972152916
8.983632438361091
8.134188997520381
7.348815921523213
7.048354599672318
3.906850513675027
3.3382561722478004
7.36981089258961
7.359145792935526
6.974765612278394
6.956469012556152
6.7684234947600155
7.083643188851654
5.242570570659847
4.459940675444121
3.4736838177867044
1.1413777816271145
6.536811791002591
7.422779767322336
7.7815441939582195
7.681224295953647
7.735811832142151
7.80833125631042
8.050763042767736
8.099239977745098
8.1144781645338
8.041435107630072
8.241395312816314
6.534235663524349
6.614042568276151
6.986870357918792
7.012429156625541
7.169454338153244
7.107887390981687
6.968727427802486
6.813507455861081
6.703361522361339
6.643081849908654
6.233433957198456
5.401364753419925
4.49595346341171
3.8891022459132527
4.460944114128701
5.435180252117848
5.633966673206774
6.0132869328808845
5.983078644741483
6.129911196208534
6.532876613294586
6.634885647907467
6.136506919684362
6.559572621682172
7.057159846024418
7.020438228927042
6.763140107834189
7.058415730554335
6.97770981754271
6.403429055018686
6.171496347658988
5.967203833233473
4.724118523666809
4.1057567581152865
2.989244172960633
0.3598043682594504
0.0
0.0
0.0
0.0
0.0
0.0
0.0
0.0
0.0
1.1738367453241325
5.945651428835817
7.034240997705782
8.13539079795229
8.742995816893796
9.037555975578037
9.011029080963953
9.28822170159956
8.958303531478297
8.1577220867249
7.709680286484099
7.402136188705268
7.474174447048429
3.7505875243263667
5.344292546125298
7.862000204095702
7.431158840040161
7.5255398170841
7.163297194920639
7.296696157976367
7.373710992406681
3.9122533596021722
3.16998637077221
5.7216323589020615
7.248853578821245
7.265157359425135
7.583668927489062
7.525436066120747
7.685146258521758
7.891137854013104
7.997009596767886
8.161273730689851
8.11064076314435
8.025961115820122
7.98823503356291
6.4526370764135565
6.701833009468787
6.858985553818642
6.9320058107051095
6.937943954216708
7.031058631420319
6.9920978736257435
6.72177708084028
6.869605956311921
6.688591338055169
6.116745565973278
5.248835812411825
3.954769315599222
2.8259203763658096
3.733287870535346
5.0797695093887665
5.809549805442719
6.171853223929083
6.149438707951776
6.391856316981037
6.525037287563491
6.689008177127547
6.661725867004796
6.89882006792
6.917890382984713
7.059398986721619
7.003497554699026
7.007033429011291
6.920893780128189
6.507896531406856
6.465139743333944
6.011354830038474
5.429829374925278
2.762336901871889
0.37143596834752696
0.0
0.0
0.0
0.0
0.0
0.0
0.0
0.0
0.0
0.0
0.2505563446549552
4.406221883069136
7.069417860855157
8.022354072042903
8.820304609838956
8.986746911251801
8.976092897894143
9.025325097841737
9.177417018642597
8.246057427931664
7.668324329906199
7.9414051306967615
8.357599881126877
7.988025142512265
6.11355020082896
7.72918303142916
7.720837342235263
7.4763833328586164
7.436077961704496
7.157359051409039
7.045064559280212
6.692723994200483
5.012246999559138
5.666719246560637
6.3351910980782105
6.945907322109669
7.46648823854796
7.251839113003077
7.615470717673441
7.791664944449778
7.959224825758358
7.925448230673637
7.93217841801684
8.147424999533047
8.225695989272506
6.493652686033568
6.46750096752338
6.536331063077849
6.802100865628766
6.6768781795341035
6.737038893230091
6.828966336679139
6.859586681762788
6.426748527369811
6.41229201643617
5.533223923307666
3.9046633614573665
2.5921555690700453
1.7417787560419054
3.9769897338562714
5.276545388193275
5.35723963045257
5.691922918376324
5.640541645287574
5.4029184177843295
6.038668005052816
6.281557373563315
6.504363670594961
6.661989036471236
6.738075778039001
6.852392653721272
7.003497554699025
6.786948553099458
6.892280796464257
6.6425807629288185
6.780409281643715
6.44346423184987
5.600737457339655
0.7071125764340533
0.0
0.0
0.0
0.0
0.0
0.0
0.0
0.0
0.0
0.0
0.0
0.0
1.1533143901292238
6.776325296415707
8.07201418967245
8.773574612816734
8.948381920932276
8.812450703269128
9.035257102750032
8.767911099158512
8.18817143236379
8.01203384535835
8.070324585702283
8.326478959112992
8.284604789642207
8.002829266684255
7.63216270341106
7.470844200768689
7.409354344972649
6.400525378031187
5.6539905106178665
5.409490581019575
4.651994370809692
3.5381642836027405
3.2030364361750783
4.836809511207796
6.2121136029854584
7.222339513962519
7.592576891542412
7.661657381357181
7.782789586471323
7.8027881815284506
7.754655376327215
7.834386999903027
7.889082616218437
7.915669696266716
6.288607190895087
6.357915776645845
6.8804045094410595
6.809936870699576
6.85277478194441
6.754690195262755
6.6700662797157255
6.466787214983194
6.178866793018624
5.666756230763759
4.244287983684111
2.4441715220223745
2.672516905616614
4.703657263753038
5.942718348469509
6.226110504962709
6.472095853862064
6.442674723450548
6.546143536661247
5.904453862236539
5.628842371310562
5.186179789801488
5.707623800747359
6.196914856220514
6.620522843777481
6.745312897742915
6.744930769519778
6.667545051759697
6.5735785495420656
6.616335337614978
6.330430259858938
6.1431998607460425
4.2481338258484564
0.0
0.0
0.0
0.0
0.0
0.0
0.0
0.0
0.0
0.0
0.0
0.0
0.0
0.0
5.668211222721047
8.13307186327582
8.650588729680596
8.850241381200602
8.865360307457214
8.635103847678904
8.37566303090694
7.75982810307036
7.5451075091296085
7.752351360729947
7.613043950215075
6.8989666990013285
5.957560536243663
5.687352719548828
5.369778864083876
5.455531969015879
6.703255258856192
7.383835437314055
7.796420110973109
8.05055463633192
7.274005924239392
5.191960133632292
2.9648894643059873
4.253917154091586
5.987457634181744
7.0520400116072475
7.558442966763651
7.65941249176283
7.782402941873577
7.939226230701227
7.72696609073272
7.810180123988966
7.701574547377571
6.1852391060524425
6.518488557211553
6.7466034931220715
6.595398551180009
6.626664193953235
6.78711168160159
6.638302563463036
6.045337413160468
4.897563703417196
3.6427309587974848
1.5170634164719758
3.4623347374298024
5.549784964056809
6.460439595014168
6.567411947413266
6.310232477917198
6.615834250635142
6.65001270848373
6.532469233118403
6.459856356408118
6.385019165209614
6.626163106973399
6.965135375111434
6.965183046015922
6.921413942843053
6.7137409133553465
6.219454981111789
5.798021081455088
5.75791663836206
5.807643874532778
5.82963051973231
4.798036416332914
1.0277105360249872
0.0626390861637388
0.0
0.0
0.0
0.0
0.0
0.0
0.1252781723274776
0.0
0.0
0.0
0.0
0.0
0.0
3.3983451136225216
7.556014904843167
7.417477108033966
7.348361269124825
7.255186984332665
6.838825133028452
6.525234828775854
5.7048596218175565
5.508453585199851
5.546661584051588
6.852404744037566
7.693701612524644
8.19680208455384
8.289629958731936
8.751750053290989
8.815545876840766
9.029450358216051
8.984850021995019
8.299018707471708
8.232809937898313
8.762978528395886
8.575645317403822
6.491732124935848
3.6015100586070026
3.282522036615367
5.22184756990522
6.554672000754486
7.382029654323627
7.8803776239748915
7.897260214698365
7.74070062275253
7.769336552783277
7.734762479240928
6.093991839351171
6.274745473744937
6.450395090424945
6.4744318260984555
6.569297336575911
6.38777944573587
5.7080483470230154
4.79333565078482
3.7029602865280817
2.6972917199971342
4.151906307515889
5.968536650879464
6.799698596429435
6.860733066432202
6.854685423060099
6.7068973966736065
6.813431895926694
6.709052289463347
6.736274636783815
6.939036710244495
7.04703107161478
6.953847743635815
7.139544620874247
7.21473536768256
7.588288586591611
7.1714297819686355
7.0455561873638555
7.025775244494492
6.956052944406898
6.765783308047288
6.276164338461317
1.3829044348469357
1.4202909186802155
1.2636932032708688
0.313195430818694
0.8492648232091713
1.4989601535669363
0.8565391432065671
0.0
0.0
0.0
0.0
0.0
0.4734303062267389
0.27386081337533336
0.1879172584912164
1.9545425873055813
2.513790248044118
6.755687242065025
8.470736196362425
9.104818310253645
9.348381192956086
9.498570674479808
9.14258691975451
8.541056683004411
8.041698032989597
8.045683647171506
8.952031526288803
9.314643659028212
9.61515701103131
9.522796641614262
9.389119084399459
9.208301300403553
9.377170281975948
9.481991743608763
9.577429230270273
9.274668563438933
9.533680021228616
9.625059434720457
9.361015427763675
7.848114918041505
4.172149373999678
3.069821476364026
4.643321599505609
5.9694666163146906
7.4531235427120155
7.799549229478871
7.874703177345095
7.610722676228955
7.5593889596790484
5.878248776982777
5.931976487745451
6.087735326520145
6.232825187195234
6.086762480059072
5.318386048269058
4.258480872125432
2.6200837156149968
2.573059104102049
4.980278369469778
6.363711123948656
6.775394675004869
6.664018636343624
6.991239139452691
7.064845502149575
7.044682431057077
7.174871178554128
6.890533283850696
6.7809009097273565
6.963117783872399
7.318834659141942
7.402487144329433
7.322042047615011
7.366490130166013
7.546457885128615
7.465365793750786
7.353243415103906
7.401555831792002
7.503244916076654
7.54289301355331
7.0092480886785715
4.852742808496905
0.42242282015107663
1.107095487861522
1.3307102037974006
2.08574344321806
2.9584479069651994
2.946671866972337
2.800109705377395
2.162084964111056
1.858326493106584
2.4779564305653574
2.220580101451556
2.418564914214207
1.54476643382726
2.2610153425289665
3.0750426291634843
3.8928845278212956
4.042579993202922
9.959478791334226
10.280489899348819
10.291078792417839
10.224977124857972
10.06867044054063
9.521992793929337
9.170948628379197
9.029835221966104
9.544007334435062
9.973767884771432
10.12013739729238
10.040298830553942
9.863301586065834
10.023963353723362
9.880581231584815
10.13004052313823
9.829371958031528
10.191605678082267
10.137466275844567
10.389366573760487
10.276545423499277
9.741802420972002
8.627795341703445
5.4826870432172
3.4636904380545
4.309113244709653
5.96059997216936
6.6402228316838805
7.366516964365167
7.348060596557762
7.413044946943575
5.5808631565103575
5.648492793226687
5.898857662417956
5.816683850669875
4.723170445167828
3.759425676328475
2.3575930452276723
2.546905271849878
5.456038405746755
6.683612137889892
6.822427065223396
6.7756175228015305
6.873483109762177
7.011878816495104
7.078415673144705
7.282021458644707
7.287959602156309
7.1546282826282015
7.124555436847071
7.313187060453627
7.443790452028807
7.305059517054113
7.448182179929525
7.641266707076286
7.699133618171341
7.724904818281361
7.632230360680994
7.46648823854796
7.7762011014801695
7.17809640250422
6.270282963494431
5.785530212831259
4.16264200660451
0.7716343091401623
0.9082667493742119
4.147713377313205
4.396038308796961
4.214887670133724
4.081422503244582
3.466320055453254
3.194065102395522
3.853915270539287
4.483349449977871
4.321683342452495
1.9963667915154928
2.4898687928594514
0.8261824665370057
2.078707663658342
7.566399376575094
9.838571853318433
10.121696606445129
10.449284169098851
10.53430941097401
10.50296961487914
10.128849824881206
10.290381278478511
10.024465305582007
10.360163905519482
10.194783544336318
10.201141537752868
10.378124056349616
10.251803783677385
10.11658015359311
10.21917319215641
10.349321976249334
10.221781130435698
10.637889411731766
10.543680724816708
10.504390903577267
10.238490847979918
10.339086216550514
10.05109342314552
9.38236373490722
6.513329844351004
3.414682661799775
3.6338439897636676
4.969021050548566
6.260285687240457
7.184884362450357
7.294548614421338
5.2425941091337345
4.906527610075091
4.780049664521968
4.113944204851845
3.639452390157038
2.6916230704091086
3.3851728973830926
5.680867678547618
6.802395425284161
7.1561031668791255
7.053078714986882
6.795561594173023
7.096612231902637
7.264207028109916
6.98763461436507
7.07275015799574
7.084347726003398
7.151912535981086
7.308498710819043
7.455946613883689
7.304683479483882
7.2340246824682835
7.4889223281853035
7.68221370123189
7.794801188034383
7.713046388353071
7.970297655312189
7.783555003239774
7.542531265383509
7.134470255184186
6.577359424538552
5.691542509152201
4.85160881138937
4.542075308886368
2.397184636862953
6.0759271263814405
6.5674212950742925
6.529234700275272
6.672327821271728
6.5606574168341005
6.695241327947627
6.67434749268188
6.755858511224931
5.664523632482511
1.7601868210152434
2.5676377963820665
3.771123098904012
7.1144700031605925
8.940735811866197
9.930343301770488
10.050714410254116
10.201269248897875
10.705565722562225
10.539608794887194
10.472090749780063
10.484231708475052
10.505913884926107
10.654803466076247
10.52061586785071
10.318468872579517
10.656158117074856
10.544322977509252
10.33685537297963
10.392093588385515
10.561701218501918
10.712899590179727
10.682672451598851
10.463093676651003
10.814316115656526
10.682482824035626
10.361837175657952
10.398337299462467
10.047350342546649
9.566332796518779
7.604812463405161
4.805075384839668
3.0559582176684037
4.518725768465423
5.8602508018196025
6.636135556607604
4.138271132413815
3.461591904421283
3.2697144820634705
2.4885608574637925
2.3533160226845666
4.079960249228933
5.938967513656779
6.7092902069767435
6.73463662403076
6.872828353176406
7.118999421558609
6.855340179645872
7.052477587042736
6.971840324806467
7.000384657695045
7.054935727460945
7.021311985233821
7.067303642567784
7.320303466482277
7.283427652363592
7.802125473224964
7.725726132845633
7.5740747933120955
7.570737852938626
7.652817074573761
7.892045504562268
8.033968348565148
7.898051305343802
7.794206137000827
7.786550497658496
7.4738594099775995
7.081551280190889
6.568626942213454
6.086954512824626
5.712901512036904
7.123654846341135
7.530758401310227
7.4986203496219686
7.535144757549014
7.547021044572212
7.550765527634369
7.542174951839735
7.552312657730194
6.334638997318434
4.669044210458158
5.050193493293907
6.555849821045853
7.975921763443223
9.158563112160325
10.032754259423987
10.298815985026106
10.535098182673723
10.71618073738749
10.759189662991705
10.773173384671122
10.879812668405851
10.804172060652684
10.786360439851757
10.565997100355435
10.691063355156576
10.840902061422963
10.718071313256827
10.710103597900352
10.708997158559624
10.962578270892234
10.996068696689571
10.932265808571028
11.004722890944896
10.833807224769192
10.760186021680617
10.595465692882135
10.509455319440695
10.502101656305596
10.163047236854593
9.583762338259753
8.118957538044116
5.326673592545584
3.4479667085441132
3.758046745618925
4.857664351780565
3.2719437838873064
2.9378997314280046
2.552064503624303
2.738917466391865
4.298141899526073
5.7547027802840525
6.479383588707233
6.641553337016102
6.58832348189519
6.759726205778992
6.85902640290379
6.829348464902277
6.887489037622071
7.146957648636771
7.250364228752148
7.490855915667808
7.222607098676666
7.505418274311042
7.263451703144459
7.301733710982031
7.543617944500705
7.573241004788766
7.726479897275099
7.888760639384758
7.825804955375409
7.921261044943355
8.136741888436235
7.9961286959100715
8.002398193573416
8.027956159971422
7.839147408171458
7.8538077936716855
7.549953538897987
7.5731273028247905
7.490577538408025
8.021798748091118
7.899982006178081
7.844018397331878
7.805810303010317
8.052709184285241
8.148363855895688
8.047517702905967
8.286422262524251
7.821399074370603
7.726715385847574
8.041734965064173
8.644865068035907
9.308888368580517
9.604120661048876
10.316600523006116
10.493426715033824
10.757724931341283
10.800187988964515
10.986585530110164
10.784446588359925
10.952804691539082
10.888070896714678
10.876972322940068
10.742649514964626
10.977196602726735
10.888316573871547
10.895522360541355
10.841621232902268
10.8417715216919
11.015231203426156
10.996547587855284
11.068342697514753
11.211380116083024
10.881338184255698
10.894742891796382
10.721164464681692
10.719533495837702
10.543857032100641
10.340063114118061
10.143203498978854
9.646890375513623
8.467652373085421
5.976520952400202
3.766059176994909
3.4856989546332926
2.5752245324398935
1.5062138392922195
2.3686167832283704
3.9655329501003584
5.464609314544152
6.48088684964674
6.567794075636404
6.548980595877475
6.904212954706329
6.727442595989244
6.868309222696855
6.868309222696856
7.090564588530537
7.369810892589611
7.286976345989025
7.530753029648303
7.361798939703507
7.446340175846875
7.372976752743236
7.623555699491404
7.767126714383973
7.7171440883180145
7.702292546127047
7.965488344409957
7.926526246957707
7.971890167107287
8.029094369898859
8.091922527441954
8.128477346621588
8.355645596860276
8.157766607637763
8.19435149046167
8.078379236466285
7.975920209802302
8.164792144751498
7.945787777017987
8.056759466231206
8.004611430279041
8.194378564600065
8.300533530395079
8.38112316869157
8.290996864374561
8.35102733801915
8.692055244660285
8.80581057237613
9.044956356123553
9.300103128957018
9.56553708639407
9.704513333407474
10.354078789098647
10.581257684882475
10.65132467857028
10.760666243586885
10.886077383564285
11.053499945610413
11.058250680591037
11.092049379153417
11.04391880308975
11.051126448273921
10.997763070663462
11.1084102176744
11.177899855091203
11.096835079394276
11.216713924535595
11.264550129384995
11.192618632486685
11.211033653715637
11.111756991454872
11.00643326639573
10.860164624310416
10.817028380174618
10.72293565768841
10.6581863826059
10.425282704837752
10.197709515757646
9.971445646310004
9.468795659885705
8.415672379294012
6.45045585329708
4.118762398298765
1.718196955140022
2.873331970986996
3.8328870227168097
5.0022817671975215
5.902685340416415
6.45352029161653
6.315973748925297
6.459330017475238
6.575846066927849
6.82394279855947
6.969491684248762
6.890915412073834
7.2031904210687925
7.213861611375779
7.435286871059065
7.245865203811495
7.415242231307893
7.6276107015784484
7.620218759117931
7.723217546369477
7.709825237753451
7.805419715720544
7.824228208710562
8.17067648243193
8.238027349685659
8.168408364080747
8.250637076141551
8.185570863891543
8.167057273596802
8.145167418667718
8.241900106562241
8.27033253335454
8.42095339137725
8.18451467610288
8.13756635667885
8.41018738409332
8.354514260147882
8.19554159252878
8.454665883064512
8.475758589372667
8.772223559780508
8.747492363962104
9.103613340684714
9.317229640107392
9.237121722219294
9.602997287273817
9.908763009308718
9.955924892568083
10.246417307824421
10.651285339796688
10.547092622361541
10.744552955200367
10.995267749162315
11.110448906269818
11.168220293238772
11.164032967204857
11.154940658960161
11.178078168677656
11.115539557603292
11.05893568844476
11.182880773116137
11.144898485265095
11.187589360053886
11.253590507144327
11.34947851018336
11.317198660087866
11.306192243210514
11.041928519320237
11.244682063488389
10.963029137261126
10.971488307109952
10.728788845251549
10.515571504569927
10.391848082183486
10.30004837675142
9.963889796369775
9.461259244335372
9.259026214082214
8.260998164204809
6.872198229055263
2.4726522348326068
3.3183876471511637
4.493623960972114
5.436778874967731
5.759864157237871
6.148984614095829
6.533878787254256
6.528808065888781
6.593988997044155
7.108870647148974
7.0649550020100795
7.097743594438324
7.465013354297038
7.365119702127107
7.362062636585317
7.634448730347316
7.580700604519216
7.67741752728348
7.4876807467981354
7.616924516622361
7.963712568627355
7.889780375716962
8.085614664630663
8.12369089382927
8.235671963552726
8.319663954018903
8.33138372674596
8.290601213105674
8.381511900545531
8.374697100405907
8.500497774856642
8.57652791966672
8.53219423049782
8.625304491350622
8.431462907313723
8.516239685140617
8.668193364878288
8.556626547512016
8.779274485116082
8.85936916708446
8.969473670087474
9.220541375616921
9.481712473664883
9.416578316602966
9.724590662226511
9.931406288882503
10.192118599842473
10.363228676079325
10.540222941392228
10.825342658077089
10.882424756877922
10.918015417886211
11.063319631446957
11.196959984055491
11.153610755343275
11.181861390188763
11.268576780128504
11.359963887852137
11.340189839456258
11.33057069623791
11.465090552552475
11.317339227462504
11.269296684229833
11.473230903536374
11.341055187125642
11.321626270567366
11.264183337406575
11.425442989690582
11.26290346592299
11.120985465243152
11.124476469446572
10.927894550412125
10.660580027984128
10.601031330013798
10.203864123872782
10.033627991249485
9.439379099316596
9.075974127915446
8.755094645892692
7.947029142485641
