3.8742463698236183
4.073718713639762
4.132330357641369
4.132059556765307
2.9006408892596505
1.2672890947253417
1.9738237114313226
3.222548219166756
3.6706899051305992
3.860067224788511
3.489600232825007
3.7276246621960496
3.976987993372367
4.106801280518294
3.692838454394834
3.7698010513636944
3.414372778174986
3.6136465556021338
3.4934292765296546
3.4475956020713387
3.580981057161741
3.499002531089247
3.7000114508352353
3.893290048684864
3.859509899332552
3.4076217067525123
3.5089621548094447
3.6883798507471584
4.144383882747373
3.8128323748383806
3.4547054325607784
3.068615173208102
1.6667054126096563
1.6483235100306666
3.4901953548198694
3.8829534762616107
6.3491339740400505
9.067635140174085
10.246439534707887
11.127779587216466
12.223540573643355
13.342386791860461
14.644125139270747
16.397837461365977
17.716469576550452
19.83726335075164
22.223801429692802
24.71391686538918
27.01752800522051
28.290127959916084
28.801682344892132
28.82303785161422
27.036665647928146
23.793062890323483
20.72836984056564
19.85931888201586
21.040588498946263
22.44828979008951
23.506593043679707
24.6659739767546
25.696512896100227
26.71040435297577
27.71415677477536
28.57337734939273
29.627114531585697
29.774818028587976
30.036788827751792
29.683781543231248
28.85480171546149
27.10003727705362
24.994538370038445
23.946486857242075
21.20403343377245
17.74479152988048
14.837491286412881
10.153769135004609
8.223186495547363
11.43407953338103
13.353820031809757
14.633705096581165
4.380554922354683
4.83833878831924
4.482920687831821
4.5141850107803965
4.039548357812819
3.6725447241836378
2.4840981264716735
1.9104921279940312
2.727244597759567
3.7155443291150263
3.9087349687737536
3.6197990330244245
3.880257273104971
4.004032795006036
3.8157701262600408
3.4652223817369348
3.8126969744003496
3.671804556042516
3.723831976467348
3.0058619812361886
3.1899239892705884
2.7185853334002985
2.761474573753907
1.4142664214123313
0.9649432410864041
0.485082540586928
0.9729789497200078
0.8135467314923959
1.579640599819377
1.9895878941577183
1.389785398963697
0.3758345169824328
0.6263908616373878
0.9374030183671436
1.3307834477285831
2.315432140353148
3.1375980893204187
7.627265095749395
9.554833639981156
10.455567248315987
11.506336459894655
12.818787865642522
14.121411796616739
16.15226529253246
17.75403100196788
20.363198801770636
23.21811633902894
25.792932774081642
27.940655545812803
28.942681835769502
28.65969425481937
26.904874534220163
16.68868881470178
4.039756789913321
4.977430646620417
5.282443316289694
3.871665772759611
4.974705039516502
7.049085280558772
9.641431780023606
13.468262192631215
17.99967100239632
21.671370334894142
25.7111426235353
27.918379630235318
28.22676270837563
28.769735034933724
28.793846688281416
27.851848959867233
26.551586524531693
27.00893385608083
23.653471899509466
19.713242993608677
16.135936046823474
11.004018518435306
11.599341318460471
14.398366252565388
15.864755203284439
16.477813578618424
16.505075912451815
4.540250561940177
4.89919567444849
5.34558274972007
5.042533239692837
4.839478843164309
4.080689662412197
4.002074294058262
2.8279705767348746
1.2520409689106795
1.7659525439497272
3.187715321718864
3.968158744267921
3.633565803042533
3.7027980781150314
3.3061987216071294
3.224798155262705
2.504591006186775
2.171645729557952
2.0495162831358678
2.32997256496084
2.053194711678791
0.8842215262897384
0.0
0.0
0.0
0.0
0.0
0.2738608133753334
0.0
0.3874867513426219
0.5637517754736491
0.0
0.0
0.0
0.0626390861637388
0.0
2.720867052136527
7.325630797166864
8.978300317870175
10.340058537360273
11.506711937922656
12.743269793731763
14.659749250898626
17.02858600526553
19.29959308885246
22.868972876963895
26.92083765672623
30.29638607803895
33.286587659396574
35.06947058012732
34.64332447474281
25.258061248986213
1.9768033242447616
0.0
0.0
0.0
0.0
0.0
0.3758345169824328
0.5011126893099104
0.5039678264002877
1.7366425991871388
5.042361997231071
17.249719594443548
26.036372372578438
27.83851685852855
28.138773883771588
28.098465382782344
27.679266749740002
28.600029336249673
25.94502150992436
21.969401892856013
17.198640445427024
12.676129800275142
16.398854456546502
18.019198211058033
18.506763633235153
17.916167842620567
17.583392369258416
17.240065027676074
5.099247038571967
5.3561083347802185
5.2337721262138786
5.332326585168795
5.291048144376908
4.746640761751789
4.523843761517681
3.8263187939794965
3.077765532753622
1.2198981343762647
0.9601914301757878
3.0011167773198157
3.29237908823944
3.486813605545211
3.1760218188144496
2.5106475039116907
0.4107912200630001
0.0
0.0
0.0
0.0
0.0
0.0
0.0
0.0
0.0
0.0626390861637388
0.6577104047192571
0.0
0.4384736031461716
1.112287425589666
0.5754040098338382
0.156597715409347
0.3678194426209416
1.1347778709446934
0.3248476651788831
2.8887629368979053
8.094754018584144
9.956235178644878
11.46264238703416
12.87775196107458
14.811239541004127
17.364669289189255
20.580993129571155
24.60046181349953
29.049335077421414
33.800244025868494
37.47578527920302
39.95571502466861
41.7323597089533
38.62930759844295
15.913855657585893
2.6790578158447396
0.0
0.0
0.0
0.0
0.0
0.0
0.0
0.0
0.0
0.0626390861637388
8.661141062541848
25.63122103082281
27.21723242385334
28.258720639164434
28.71732712587459
29.933156565382998
27.24000483232088
23.783370399866836
18.343019072036114
17.03429248563263
22.39921445371812
23.20549598944234
22.4093656355215
20.735953695872446
19.444264491653627
18.713959762263848
18.08580666761281
5.446701932619111
5.4362816169145605
5.847802571329982
5.532113304516985
5.242297612931798
5.302566509622874
5.175793094235004
4.704948634712683
3.8802380681221673
3.3372335122238677
1.3080569638063497
0.4107912200630001
1.8644954302792538
2.750008047842729
2.2396098271697045
0.5440844667519689
0.0
0.0
0.0
0.0
0.0
0.0
0.0
0.0
0.0
0.0
0.09395862924560819
0.0
0.0
1.1384150309433914
0.9468606124534774
0.47343030622673893
0.8295975144874911
2.0853282781260116
2.2001101355494437
1.1383943966712788
3.5480371193320814
9.94673804029672
13.007809648780327
14.258802615454545
16.212507602535197
17.93694463891984
21.286081127317832
25.78627474011386
31.545615877256743
37.63296247218626
44.371772827044204
51.49032257733882
58.72141956965113
63.665035978248824
65.52368562653335
19.769909612635992
3.0566186741181665
0.0
0.0
0.0
0.0
0.0
0.0
0.0
0.0
0.0
0.0
11.327772035307095
28.181122969734126
29.41018397411988
30.457309134043875
30.911256143757964
28.957186000670408
25.64840653874173
19.0056461873805
23.01332383427596
28.474225391315045
28.214462215718548
26.92470376154489
24.51379120349742
22.090528408573643
20.791367351836787
19.677081780312648
19.01398905046723
5.804355770330868
5.51891907600633
5.7987559376185995
5.6508361451308735
5.352772202690213
5.274722250269333
5.30632236928605
4.7571450089613725
4.39108621993386
3.642410775850812
3.0275357421329128
1.082988361960711
0.0
1.7407606694963043
2.0852756433968684
0.0626390861637388
0.0
0.0
0.0
0.0
0.0
0.0
0.0
0.0
0.0
0.0
0.0
0.0
0.0
0.6263908616373878
1.227995745826206
0.5324322323917797
2.1293940722078766
2.571372464794903
2.868820363312037
1.4624394046697284
2.9381902496381156
10.84023695994657
13.395909529252519
15.099314783681264
16.841568648185916
18.692627541287568
22.095915869940566
26.582691570456916
31.943524572859793
38.26755369842501
45.27365564123791
52.53179275919372
59.74489138653374
64.15369996685077
65.9473088095887
27.21493557949439
3.9748546293879654
1.031402916156977
2.2929929499548454
0.4027761457015088
0.0
0.0
0.0
0.0
0.0
0.0
0.0
6.0468786401168515
30.45800426539748
32.82052014028104
33.40865715515468
32.304493033660926
28.20252472779035
22.728199600249496
30.075425891299968
33.864204351949155
33.50151278135552
31.2760994769999
27.942254771990072
25.75425678746418
23.31673525424949
21.228357674400563
19.966607511836393
19.593000062391184
6.068247221573041
5.679924946768752
5.754747882303398
5.820133364253026
5.557347809432637
5.427916583923007
5.113660141677273
4.7411335730713695
4.490991939113154
4.2157257829095105
3.692973854832865
3.178767177550021
1.538294771010297
0.5950713185555184
0.4071540600643022
0.0
0.0
0.0
0.0
0.0
0.0
0.0
0.0
0.0
0.0
0.0
0.0
0.0
0.0
0.0
0.2818758877368246
0.6263908616373878
1.3416216837934944
1.5760859769091293
1.6313267845111614
0.6729997990781441
2.985109317572839
12.117721384168815
13.990368191992054
15.723576749117633
16.907401004911417
18.988096961152433
21.968366234060376
26.490924380243758
31.356944653836326
37.49835952265979
43.77037970373524
50.86015037404551
58.67581251783056
63.68688246435115
65.59648484088075
33.68230294600018
5.077759469062385
2.3768255032922716
6.526692349086605
3.4925790907245684
0.837612588848982
0.0
1.7778403329670556
0.6810148734396354
0.0
0.0
0.0
2.615053400096535
48.76541995395378
47.07097516856073
42.68844837276601
30.87048831169825
28.282303763110384
37.91311694112692
38.36570051436889
37.83045844082663
34.704580557599016
31.23203336990918
28.764961318901317
26.11401578977774
23.826406943973314
21.734138035556764
20.308015557637482
19.569429269188454
5.785909632279565
5.965819810494789
5.940053451545814
5.838437010593602
5.543919738954139
5.528088017129997
5.338842668236976
4.757731582231678
4.666153350206791
4.506220463131055
3.860067224788512
3.431318426751949
2.337946370778105
2.3773222567656913
1.1275035509472975
0.0
0.0
0.0
0.0
0.0
0.0
0.0
0.0
0.0
0.0
0.0
0.0
0.0
0.0
0.0
0.0
0.09395862924560819
0.5950713185555184
0.8604604710014514
1.543463948142184
2.6871244602691315
6.268326122582333
12.678512912070426
14.3405389701048
16.07569155617201
17.1651829305399
19.043325157700217
21.812493851010547
26.058839887486283
30.355329461968868
36.00358110866029
42.10652681999293
48.706116985426206
56.3041178278317
62.28254047676429
63.874434283111945
39.36398821303636
6.0152740031377
4.398716327901015
5.808561147801057
1.1984763121982567
0.156597715409347
0.0
3.518953405138253
0.7196087365189003
0.0
0.0
0.0
2.1256364404746235
43.221664482313344
54.772682686205194
54.662907237878734
52.12985899921876
45.84667231848226
44.29641395908938
41.301740325456315
37.87228776858676
34.67439488175165
31.191170561120195
28.716589658400743
26.44871168200347
23.94674664806266
21.82828906037321
20.404046672678994
19.57727864611094
5.890845430150942
5.979108475032296
6.081297968597152
6.130624948748721
5.684550665570587
5.277791979825634
5.151707719734753
4.8892753131802955
4.566790608080437
4.260325400857341
3.815770126260041
3.067188528564697
2.5287394006318094
1.6540763602480921
1.4814484961157632
0.0
0.0
0.0
0.0
0.0
0.0
0.0
0.0
0.0
0.0
0.17990218412972517
1.0427891845205797
1.5589841878676731
3.0427435340052806
3.9119768648960647
5.264934140163813
5.723073438952691
6.42495088598144
7.425474792830875
8.186231842765444
9.64994185757222
11.629258650635617
13.352990073468687
14.578890793309055
16.04493823509854
17.491830052681625
18.779703742078038
21.281097997387135
25.007172477033908
29.508589231747116
34.28968838857938
40.09186779604321
46.3686112827433
53.39476988834468
59.78313807605365
62.63605902690849
58.376487560209206
34.33715391788287
19.55996924467316
11.809672126729183
6.09153701651643
3.249200626154691
1.9900553379304058
1.7794941075353337
1.363678427882085
0.881694890343316
0.0
0.3838854551168044
7.594130538233937
44.66892433941833
55.029133234038014
55.47916315907763
54.35343581352356
48.97333999938328
46.27641296076521
41.344460786641
36.383342978646915
33.472837401638785
29.463933062190378
27.75910164218739
25.725759682189775
23.68987021711054
21.68372646895522
20.65119744982468
19.630163786789726
6.06942581285083
6.09965763394426
6.045594788082338
5.92698503889641
5.465907008888387
5.215753463294756
4.788855101594051
4.258366899909567
4.059404168166623
4.1652506621183605
4.058424917692736
3.637467081234246
3.131621548925417
2.7266416763060124
2.7732712480188817
1.7320048407707183
0.5047498493086083
0.4384736031461716
0.8520993260274362
1.0705334704200888
1.8760444932788807
2.0618197462253858
2.5211941740040027
2.7204977008588216
2.6859720379517413
2.3106676051589137
2.0421263536176246
1.720388934320927
5.573175018800951
6.548761954487344
7.227617316082174
7.780085585556008
8.312105404833323
9.246894391087507
10.152501596621775
11.242841959367453
12.564228824718025
13.515955353921704
14.692279302042683
16.039137500190805
17.308392096344058
18.746494991746907
20.583468004861736
24.05117873391805
27.99872656179137
32.33175988898507
37.59242491074453
43.147741491081305
49.73751142436595
56.61346609081637
61.10447043429479
62.79333675439765
63.990567211253925
65.26087191538505
65.88969894891346
63.36607179917568
55.077494279860005
44.97855941483125
34.783296201080745
25.542195241338575
17.72215745119974
12.565319877331113
15.839727726099092
22.83428614345398
54.88387838568349
54.91730617632523
54.40046967412588
53.66651635081313
49.581234029554324
42.631555332549674
17.968097381014214
2.180628841243849
10.088951229044419
24.836902864540072
25.53034314628637
24.511468817136517
22.928622516794032
21.427572507947872
20.607963395704147
19.53042109689109
6.254071856776408
6.109021402897455
6.019039200178169
6.0959706558733435
5.480233653223229
4.691024597192259
4.220779604259348
3.2077366940480276
1.8538971013949221
2.479078610334717
4.0362763684285
3.8258651504182732
2.889690420260209
2.8896904202602087
2.8196944770106245
3.39877673394423
3.488485581913088
3.471755515632929
3.4360994024212945
3.513978083913078
2.4450584583404753
1.4251822288617926
0.7581200625097154
0.1252781723274776
0.0
0.0
0.0
0.1252781723274776
5.012809656266049
7.30528240460746
7.706751216812756
8.182823432024467
8.048400682339958
7.57187316633042
7.8437092997765605
10.003705906946905
12.742523731984445
13.816301671615694
14.899354455913802
15.972747721277981
16.929827999599457
18.117833236401314
19.89719442553255
22.747060179769242
26.332042118935767
30.287455304320698
35.032798269038466
39.8403742802054
45.66511900279816
52.02354068449929
58.6503130602332
62.62345421239629
66.44899034018515
69.68055560460823
71.2995428384218
71.47133044729243
69.51555458857212
66.83085737452312
63.54016782647277
59.70738323931443
56.70318915279547
54.34819819500825
53.347661415722946
52.27488607909542
54.63063545960099
54.28564730154272
52.70723430316046
51.307374876657875
32.8527139341196
4.72084442857384
0.0
0.0
2.076227623061873
19.979994669722345
23.736579057927887
23.74164468885639
22.511372263093893
20.996954165107724
20.209724126935583
19.615343233954206
6.13684205478361
6.068495883968094
5.871317918407701
5.897322194870073
5.462343774130887
3.22397384584988
0.6605449075375219
0.0
0.0
0.0
1.021965956342756
2.737091782032007
2.8269894312801322
3.1566805311021233
3.545528931441553
3.546086256897511
3.4990025310892454
3.83288702271681
4.00615841493514
3.6704522644037545
0.0
0.0
0.0
0.0
0.0
0.0
0.0
0.156597715409347
3.2821564590526364
6.899406173730418
7.588019455083784
3.6421542633662356
1.997829945512448
3.0012524007326724
3.7521438741612108
6.676442745784613
12.912600522299217
13.772686658624092
14.710025742170428
15.667598541554222
16.741423532071387
17.84847502128248
19.362580700854707
21.333888206730517
24.284532064502436
27.804466527921477
32.36837366893676
36.96157173449154
41.728922591360615
47.37906106438043
53.21605860009419
59.05556425927478
63.44186588233877
67.76850362118157
69.6248234214524
71.03106924719665
71.22423864634723
70.39061246042826
68.2739298326952
65.78665347081221
62.92025364426971
61.07156067845479
59.42390608210908
56.55327171909601
55.21108760687359
52.40578421577104
48.893135322539756
28.664445565593645
0.0
0.0
0.0
0.3445149739005634
1.0247684587039907
16.965145567627594
23.501670213905637
23.07151683490211
22.061087261696958
20.62865105081305
19.61470805965328
19.15892053555488
6.1852391060524425
6.127381068244563
6.047011296873525
5.642941981166104
4.541249624792958
1.6642654406113269
0.0
0.0
0.0
0.0
0.156597715409347
0.0
1.1098887221355622
3.1437551786473605
3.4541481071048183
3.553259253337915
3.714429678203108
4.234936580752085
3.8092018975227298
2.9584607363936666
0.0
0.0
0.0
0.0
0.0
0.0
0.0
0.5083870093073062
5.928511711517619
6.702597265915063
6.135099876414522
1.9328610677960347
1.7399373780437601
2.420140326215768
3.6512827563027295
6.214228862855583
12.558331183527597
13.650378198078137
14.552406084934134
15.832595613961356
16.51722879225955
17.361733716549317
18.637732577936713
20.476873510885202
22.94182178910525
25.67841190935079
29.29567853571293
33.37826865233265
37.87553609790509
42.62318421011274
48.16714756518124
54.10825493255795
59.16071797052396
63.255293470568674
66.06275236221306
68.3763517221043
69.38257124934309
68.94921103454209
67.95435680160357
66.5341058238338
64.93359121734318
62.81620409293861
60.90960575710537
58.347618217652524
54.73316642040786
50.51469396428221
44.60890051857264
29.86469187431921
0.0
0.0
0.1252781723274776
4.4650766226457925
13.649651340506965
22.666791084058353
23.7481148415409
22.697849548107325
21.559462128072987
20.535087535079548
20.114984188757454
19.22155315365356
6.2944169167537956
6.080032904615166
6.424722717723748
5.46141468438906
3.6164152410337524
0.5440844667519689
0.0
0.0
0.0
0.0
0.0
0.0
0.0
0.0
0.938042880911553
2.9259749240769874
3.681764179762716
3.8913315477370887
4.286390952017124
2.3137171056050363
0.0
0.0
0.0
0.0
0.0
0.4734303062267389
0.8539819725698065
1.7620501868860048
5.097969642004595
6.409573915976641
5.242402091664871
1.4374883530442595
1.5928981485404319
0.9745429955366485
0.8446842765094664
5.5216568262091155
12.479848648602788
13.810128537149417
14.605759482161044
15.553074980635207
16.543693126945957
17.099846252739482
18.095932150948133
19.315284428566777
21.33369770457703
23.777441342835694
27.01868690446117
30.18354325656626
34.21002572373513
38.44550329115534
43.0556089080635
47.57753745374686
52.88691256402159
58.06166984266515
61.21162873848438
63.698443092172106
65.22177858774945
65.56320336393256
65.25412436653374
64.92322691663273
63.53665336358756
61.839456865300875
59.967582772559304
57.081935510738994
53.149239684214486
48.13475465406174
42.63709540114466
24.455851470352336
3.3323013200734435
0.0
2.108678277872925
15.46660967753545
20.077147887844607
23.75066418301438
23.39624580350396
22.431582080889115
21.206076912592273
20.20007146855916
19.73852995881699
18.650000154882676
6.418364911761317
6.28693825751912
6.143913613286229
5.659932377464803
2.596523706365502
0.0
0.0
0.0
0.0
0.0
0.0
0.0
0.0
0.0
0.5637517754736491
3.108420251565602
3.412080310400185
3.4980232806153593
3.6275074575140476
2.6224064889748924
0.945275932364724
0.0
1.2527817232747749
1.534657611011599
2.1712191982809834
2.461639863016828
2.984217309409387
3.762561052079025
5.518850221020665
6.7983770804273655
5.806767130097865
3.033371360878693
1.6616530498412756
1.978719209461465
3.745715205730466
8.213142717300489
12.67341593372537
13.603902758222988
14.3337836623224
15.325433023598883
16.232508261903593
16.970417800090576
17.679919946569594
18.55083309906683
20.171887137808326
21.994869990460685
24.667651267421263
27.20772579248226
30.880587456793762
34.2357219354238
38.3313973391249
42.42944542271256
46.4727018031391
51.06197813218066
55.5495207216271
58.09023311701328
59.876309754095566
60.879562274762854
61.031765596428336
60.875118537029934
60.158247846687765
58.903407431952786
57.07294708287456
53.238489400411154
49.84146001906274
45.298830107328314
40.39349565954775
23.0066974399514
1.9011985082384415
0.2505563446549552
0.9390814217334132
15.320318577196723
20.30868767648528
22.9973373254947
22.909440641359126
21.894276698601864
20.92675751853171
19.608448542739872
19.149908785468362
18.59061029523211
6.385639210946148
6.2534770629929195
6.190548024375437
5.584370965042021
2.3098189202435795
0.0
0.0
0.0
0.0
0.0
0.0
0.0
0.0
0.0
0.5011126893099104
3.0292902555892405
3.419191404024251
3.9219031447916777
3.7985652716123726
3.4774113072809714
3.495101252897533
2.812763719464438
2.657849528051039
2.5449024416315096
3.0136129374046607
3.5708708755991743
4.587380073194665
6.368809861376532
7.100802862800679
7.3914896572615
7.260245976334275
7.084525723832832
7.480949938362796
7.777457764005553
8.949345934119194
11.364712667930556
12.913722952610431
13.51206965906989
14.177190342537179
15.004241947281717
16.02349986176438
16.679864869104204
17.245810868307597
17.910370696423108
19.38947991378074
20.92257656853476
22.641609774619187
25.114751514528017
27.59233689274173
30.751843248500617
34.06448305370871
37.477968381587594
40.70701412880464
44.53477600536602
47.59649083468308
50.55440402942566
52.83329111660371
54.71207666215838
55.3526975281713
55.64882461838991
55.17022044162109
53.92975288829581
51.93925947189017
49.34596316871211
46.16103640459565
41.8649518339775
37.5889989501264
25.069097010497945
2.45996133641796
0.2192368015730858
0.0
13.298003602033763
19.258624172391976
21.704813111593975
21.74804529477113
21.01357002527037
20.12844431907427
19.235620282139106
18.61431168081542
17.80850139768618
6.39623502697717
6.206150640534368
6.281557373563314
5.718986672175765
3.0147792823282775
0.0
0.0
0.0
0.0
0.0
0.0
0.0
0.0
0.0
0.8456276632104732
3.1096174395659704
3.230434575773261
4.245756049347605
3.998157292162714
4.18966023174973
4.206675281154292
4.679797062097664
4.5442981076939715
4.498348237780434
5.359237013928765
5.848055309270587
6.6521548217169935
7.191059368644611
7.57526333484321
7.913358902819353
8.088472866619565
8.665975323445746
8.991553984080332
9.728564478831396
10.83785858453204
11.864034004323136
12.577269420243026
13.398824272348879
14.23643709133931
14.716246854927084
15.90993973611969
16.44820121758588
16.90189422134089
17.832144266866287
18.58432944964439
19.749027657145753
21.296917647022443
22.868373095349433
25.065814244440034
27.48807839158526
29.831477575285103
32.39781440399191
35.90297101899593
38.65106903880266
41.13921521860351
43.84561272671012
46.03005741152312
47.78615015096234
48.25984978516265
49.17504824838042
49.23837520172098
48.31275315037673
46.95508825271741
44.81412556681781
42.00726794871689
38.80441062682144
34.66024284506931
26.050537615511466
0.399138985702811
0.1682499497695361
0.0
10.28943838640671
17.483785541783735
20.450314187107246
20.457561275785658
19.896420810548193
19.468595872954797
18.712816992640914
18.33276267272553
17.700602084207937
6.324213153824048
6.248211627011612
6.350628041800676
5.822136615057958
2.9153097901732745
0.0
0.0
0.0
0.0
0.0
0.0
0.0
0.0
0.0
1.2993906607155312
3.3550369608717205
3.812696974400349
4.2005289774349075
4.273120928946996
4.5060484875699425
5.138482727158391
4.965843364307746
5.485199459190591
6.009372782178228
6.28660312241987
6.446445222331713
6.9833344836065265
7.353376135845674
8.00889334741765
8.379377696472798
8.792920614819776
9.364822352109504
9.94696571143695
10.537474310097124
10.979718317244382
11.913047177148194
12.485881385276057
13.076102651844645
13.816000209306976
14.69371497037348
15.36501220830928
16.177008449615737
16.73401010445548
17.28428058720908
18.058408894218093
19.008647180067072
20.191689604331877
21.35401880077488
22.638897907657554
24.41667123627175
26.45166793112089
28.28310513808692
31.093141203699687
33.43476541393635
35.87145317865134
38.10831488129902
40.08049911852502
41.4478407939697
42.301570107837264
43.119837663696586
42.98211154447932
42.642119394341286
41.81669619373935
40.180272800572375
38.26352912046065
35.13541685146458
31.43991083118087
25.519641559249013
2.218088040692894
2.2424496328654078
0.0
7.753589537063925
15.912657245140231
18.682471756790193
19.306245536830517
19.339918148009556
19.097151604565834
18.53924550738105
17.876204163866728
17.542459963264548
6.510251310200472
6.226132246133555
6.341811794062955
6.266010496966792
4.214012954040963
2.0076911570627587
0.6649847247166529
0.2818758877368246
0.0
0.0
0.0
0.0
0.0
0.0
1.8295387271986865
3.456934734384614
3.98610376705671
4.883617824650517
4.853902779598361
5.254846660170448
5.960159883230435
5.91163800587617
6.265262746035044
6.554909280492879
6.647983108611343
6.865252196911752
7.412857825070207
7.940159023698716
8.305817571398967
8.737633721107905
9.218057786749299
9.653290038426498
10.188352802625873
10.748136938770429
11.13031834303294
11.577827091404565
12.330718287575976
12.832681880577045
13.499936328924433
14.01389560404832
14.889331179167165
15.612171203162802
16.577974020917836
16.938210176800254
17.319468302046374
17.925037483639386
18.84552647651544
19.785227894483867
20.584870114605746
22.022580552478097
23.32916265846469
25.279967484297202
26.928888552061068
29.258663534194376
30.866745704759637
32.63269114465872
34.34523930398167
35.94901250122998
37.168623211002064
37.64818778795336
37.903076667900166
37.92966006239473
37.1638504419613
35.75016627067809
34.00827791281765
31.42339114013038
28.09836798646237
23.454682105535948
1.9932826250379374
0.5745807183812927
0.0
5.547824577389214
14.252036638129264
17.43635503359187
18.427875767944283
18.37348067933263
17.84452654203253
18.022046839868874
17.62031025276329
17.22362241074944
6.47254643693581
6.419341833767944
6.379065228641164
6.383541156223152
5.433245870579638
3.615501374655174
3.3350454789442567
2.9112197412521468
1.9752868654282776
1.4006236099585354
0.399138985702811
0.0
0.0
0.0
1.9365871698955002
4.046371392586732
4.5292171961965115
5.077566952016522
5.03877435483955
5.72190419684443
6.107994256428864
6.1157143439591355
6.573697508298763
6.714692552659267
6.844378498014604
7.3175100978223
7.493210633136105
7.99443380009704
8.435248745694384
8.619235346769273
9.208578025373555
9.734032891115126
10.32102516367693
10.741825611642556
11.039190108236225
11.559624754030656
12.028991898303248
12.5862596657871
13.387769276500007
13.6978109730377
14.33308980745177
15.173765062592741
16.13568476871433
16.53925679353633
16.936616333948482
17.26846153138159
17.80409021371025
18.403216859151843
19.313934722735986
19.980628503577393
20.867278346985206
21.810647320935082
23.52800922069688
25.142408754451516
26.60054547445221
28.07645831971026
29.481831722227803
30.558582265541393
31.70775802904427
32.547197196939614
32.95833551827446
32.85130422668172
32.36789313565825
31.44633766569843
29.934308700186943
27.982299911405565
24.897130202684494
20.511295753602592
4.284973431761802
0.156597715409347
0.0
3.7953583373570012
12.755230188528428
16.50446998192237
17.617738590912374
17.69689973702419
17.50023062095678
17.319958586024033
17.192534851012084
16.937272604456876
6.734508206377867
6.717877884862097
6.698460263658651
6.567649864926661
6.149568411590131
5.023858840080463
4.331662444439694
4.200984455838659
3.8543428460870537
3.38324385566444
2.4401608972131585
1.627093462984792
1.8280343046575083
2.970579257146267
3.8794291467729494
4.371068147178517
4.88736285098495
5.6208205003799945
5.511988217431253
6.342313160486918
6.416980609578507
6.565654975903512
6.811903383034142
6.812940267843052
7.181221125315939
7.323253234984128
7.6821102782819795
8.037815127272664
8.491713134729864
8.735628984823535
9.336011760659636
9.656790489552627
10.191423471992028
10.548179261381241
10.9049786514952
11.470043445780588
11.968087388192066
12.33664770645401
12.852940300411532
13.440714176603866
13.890899636429074
14.731786662609546
15.5549877620861
16.22137259766588
16.463676649106368
16.85689002425856
17.082429646843774
17.239198480758034
18.044789879656573
18.436639497066157
19.056842058997482
20.082700309217778
20.75984103326887
21.99459583817632
22.836635341866167
24.289040781545364
25.24484547400412
26.674917631587682
27.304939084315365
27.631903835867263
28.47593134328639
28.357329378300754
28.57400034282971
27.56726670137548
26.628356382922384
24.91448718409552
22.05643878397221
17.939588064036943
4.643279108725316
0.0
0.0
2.8275098974591346
11.766113392428005
15.71372631646825
16.97225656881811
17.265495106178577
17.06337537562835
16.917153039767246
16.770285343804822
16.480085161060828
6.834249723604966
6.554646111026439
6.885305768143748
6.705970011725199
6.700567666042676
6.188853839046426
5.860714902188918
5.717216372884221
5.299479874519717
4.978884539735588
4.2817647065737
3.31348648421345
3.8379186755242767
4.037980063339676
4.492579438569104
4.727443822428068
5.137584382999424
5.524493290644924
5.5099809904021315
6.044805559127144
6.377518764804094
6.521401372286914
6.84182587986962
6.816629811761255
7.195063924673703
7.212733089668013
7.594759495528753
7.78740625606799
8.533823632072469
8.937925254632585
9.102903002037452
9.819769366965286
10.009199197315505
10.292814190762591
10.752061371341375
11.345142954379627
11.779680096453568
12.134936084417944
12.647075922000754
13.00174000103041
13.536877527036207
14.19899256226089
14.589870626260968
15.27948501483275
15.975857665194296
16.2698082582879
16.56957632063722
17.041917958841687
17.036451100814823
17.762448555721996
17.90584352974606
18.25463657343794
19.044622426558586
19.98180676754283
20.360784769439476
21.32320530580059
21.957003884643132
22.785138848071508
23.437203428777075
24.191336675225468
24.624266545585833
24.75790226414189
24.350870556253895
23.992383518580898
23.206701151202147
21.70100420351873
20.060733334873042
17.097249392448074
4.4548683200445875
0.0
0.0
2.624284163557963
11.858059350222
14.924905975435694
16.229784660305512
16.52723062441199
16.642095226999665
16.496508408321677
16.178700094715005
15.713072758940285
6.514708431225234
6.594515335977035
6.521495079090568
6.650776964930005
6.614424696499288
6.206150640534366
6.322785648743674
6.246903080687936
5.730371413421842
5.73682056964139
5.427657989527939
3.8601324967176347
4.168861934451207
4.817938542882137
4.914637082915955
4.933659359349641
5.248098601430967
5.69849103335257
5.9188904094707535
6.0007120208835625
6.485550190836033
6.357439941619054
6.413124727733054
6.682806864149508
6.879912881357417
7.138069736623323
7.4307029776365
7.950382482655246
8.269778836974815
8.530425697697302
8.949207355424152
9.51280990895032
9.834989711108035
10.18711126206136
10.769110762415862
11.173187531408189
11.589122813887446
11.824415176591343
12.295877931448848
12.830899505150837
13.236854570324192
13.713664437579743
13.944140424191787
14.41983475481313
14.873058166946093
15.533047045365521
16.03378416311847
16.254736458564434
16.439461221306324
16.732009336160054
17.05357431943743
17.387471988893452
17.7054972042789
18.011701880805347
18.378875542924714
18.96345917304342
19.237591448736737
20.00226019258546
20.289599068812272
20.76508819621627
21.155065349826934
21.10954826048839
21.00740914788577
21.03470400536083
20.608892294766875
19.637953929509212
18.251878901479028
16.959483379461954
12.578356694516891
5.273958206464399
3.7658553902130354
8.992559629233767
12.71416064369031
14.401605111919952
15.5211255953179
15.945105927107063
16.01168663434567
15.782896617197013
15.423229279714967
15.116008140585175
6.700567666042676
6.453996126643322
6.568295162616239
6.535738924463857
6.417719614071739
6.572704793235285
6.486577616748749
6.288509973309235
5.768555372230201
5.953439333669174
5.612312975677714
4.38312167228452
4.39426121884576
5.059873251836794
5.0406763125130745
5.1567708178013225
5.628754972469632
5.906545263895723
5.925045629170375
6.167964045735346
6.282271126103502
6.525801544009767
6.309518725377013
6.646573554475488
6.983224983746021
7.105920878647119
7.578662560824689
8.07259270405346
8.260929781612466
8.480267506453337
9.134997582040347
9.46054863198965
9.753464224071841
10.148313445198381
10.664462330350418
10.849255678099032
11.149099934545056
11.621583162089609
11.991473022848472
12.362668427551814
12.720584043698961
13.154546601742698
13.718770743947218
14.213925997258887
14.458589460829598
14.797860741141708
15.144745783625638
15.444229632603776
15.819113765809298
15.983459176888447
16.428911861768654
16.59444007210839
16.670594157353193
17.112844613489877
17.224770817054864
17.48260473148783
17.677758500166522
18.080582173979685
18.240383083518836
18.45167041319773
18.84524148367079
18.7520039597791
18.75198453444282
18.769819030871115
18.34315997543885
17.660283876359593
17.263792635980455
16.468432152436765
14.795632471152713
11.535442953291378
8.804468810404606
11.889184641715262
13.269928982868652
14.156069413573876
14.595990328006964
14.933870458136473
14.938334196549512
14.682208804375207
14.539916782819466
14.437523379384176
6.5883234818951895
6.432201376958424
6.631947580879061
6.702979394138201
6.525394163833584
6.466379834807011
6.497577302173754
6.473454904091828
6.128646132226549
6.070907053175368
5.689892158393173
4.156859332871306
4.853483052025187
5.5128351300714185
5.102655940031336
5.220082375570576
5.314832919178441
5.6350852692538425
5.742032270378535
6.074031974922828
6.19981457574278
6.2826280023735945
6.542550824282235
6.606228494498101
6.938708210662984
7.025775244494494
7.339246418724839
7.644210070654107
8.13084625974625
8.642374905720805
8.721692815297134
9.053787504690373
9.533794470880993
9.904213015522002
9.949625982546266
10.721014175892062
10.933135268839967
11.296174054840064
11.637333569305298
11.854347170183111
12.520484083571517
12.76190513719299
13.314635197432398
13.523133197861076
13.793696039504512
14.188268838844598
14.482178197346729
14.76487863520969
15.15793145777637
15.591814853530325
15.421263000336118
15.794382304323017
16.21575472032069
16.231976650515385
16.494768314342846
16.726871782684512
16.80509659629846
17.040151867816245
16.894282962999146
17.152276041785818
17.45012299125508
17.32906612024292
17.407801534281795
17.167580796873498
17.009660572437667
16.83633604587601
16.3834575164988
15.513443080706923
14.64999012837643
12.923508780222743
10.393251131669745
12.768358805946198
13.34634620346229
13.793961619726668
14.073077379743061
14.4589686840518
14.067727175877623
14.03597749098904
13.997709302321171
13.820442578616571
6.647244104118111
6.419078664301503
6.819861667521934
6.571931077892816
6.34429197700909
6.268647326466747
6.336409448380432
6.205912723020972
6.149319749195079
6.085363564109008
5.430345274445825
4.054789583797299
4.893502651688104
5.536321391739567
4.95359048446411
5.184150319087926
5.187790076066764
5.319333797961112
5.463027826726689
5.875383513919557
6.009759058731087
6.225224058421661
6.247497874471426
6.370324736762578
6.653410706246911
6.879148624911142
7.104673925598029
7.5424013854696685
7.856554403152688
8.304810286244109
8.597020329298331
9.092393173719875
9.338636705466484
9.739307444017367
10.010608811165229
10.311032617877501
10.722086290872012
10.7833375331275
11.245194964120657
11.503618167663651
11.739204406216453
12.25418424300571
12.588229612185273
13.164923823227006
13.37902328081649
13.548299463630748
13.890845669226875
14.090550319026994
14.084051199552103
14.629161614866543
14.73724050148305
15.004570296997263
15.213663148235531
15.373975669991324
15.53149257377282
15.774229975330787
15.863953408760914
15.788878336443524
16.034183526965286
16.358961459813106
16.31882219660893
16.243613813873594
16.329965495572196
16.08173559622479
16.15497497701891
15.678872410356933
15.197634291681295
14.52432025481609
14.23052347318568
13.22852683174405
10.901836845629951
12.550708709092994
13.119011467049045
13.51589952103218
13.607230536197566
13.675346660482393
13.558177528863258
13.558358766237838
13.48454021659805
13.606983191069919
6.459686893745331
6.377850389121142
6.5468320372483895
6.562748606223973
6.476759195051357
6.34476781203588
6.21320045786614
5.9850769186721315
6.098511528718972
5.763970951329049
5.215652297435945
3.862724625333183
4.418176712027753
4.883208601599162
4.479917664481037
4.719023245366664
4.742958320017557
4.645592300398506
4.773433444677778
4.650198781571244
5.501712129357951
5.757233725918312
5.790622954811704
6.155630562033621
6.452568621562949
6.62429362210277
6.876909484213941
7.296065341262834
7.609439957499881
8.067625394240261
8.226318114444453
8.741533814911646
9.190508744241988
9.440441073150401
9.816456594580101
10.30492115402958
10.373427586355385
10.78001704714614
10.767810402250474
11.269489121062328
11.274046975819928
11.939675233828835
12.256868032020801
12.568290125379516
12.909597446168341
13.148131457726812
13.35460759337206
13.719670623663216
13.653989093844585
14.030146276216191
14.05291651856356
14.036319042636762
14.246725227836242
14.246198590514506
14.5458594774297
14.540978600677107
14.504027347359802
14.368041580971651
14.553031882435095
14.681286014627142
15.049361211277315
14.944913269492886
15.14415616111238
15.130367353548225
14.966106605409415
14.590588527214539
14.43151500058023
14.100817465525177
13.746739158598292
12.966209722883951
10.564834460832786
12.049930833909944
12.641089842045876
12.982252074130562
13.153944935757485
13.342142788401972
13.28122616917681
13.08527986434028
13.1562251174907
12.939279593114312
6.487817708221816
6.376707794678054
6.358272652915938
6.316211666438693
6.439896491979775
6.301228816572173
6.37267412633045
6.226132246133553
5.768775624118305
5.755463426626769
5.172639761980596
2.8312610814521086
0.3168325908173919
2.110847788694744
3.0213299359658126
2.3462198850982063
1.9460907917167327
3.834288198208624
4.048329893534505
2.9695350110257843
1.540220350903278
2.749304117805743
3.626504194431685
2.900040010072978
5.309286356370081
6.232803446024391
6.438071233828374
6.9764689551465215
7.281161677467237
7.857679837455739
7.984114020487734
8.56205265429561
8.837038971847278
9.162934065783269
9.506714126326914
9.891866497224763
10.342462030974145
10.399508617742296
10.628410110393919
10.874514268604038
11.05841882937197
11.465076429306437
11.772442219093016
12.027113472341322
12.266381457961065
12.74979490019251
13.078975259662165
13.190589245248482
13.418791345961194
13.666310910155127
13.62269589716352
13.632829850465974
14.047919550140378
14.078590612883588
13.92262330290359
13.912829580518663
13.570784870807797
13.68302548580436
13.651060370230537
13.735562268711611
14.101505465617945
13.977451580887923
14.051977610007864
14.042979708676265
13.769038273765364
13.713267791061341
13.464073986733931
13.301568726477099
13.181037252784805
12.615704364996573
10.313098339879911
11.503082898148161
12.061413215940213
12.298743902894447
12.471245758972266
12.559446168051117
12.663687579885949
12.827361451525338
12.765928972942735
12.517562221280038
6.357320982862356
6.280267057628284
6.404333731948379
6.368461088770778
6.260526880324694
6.1083293915281125
6.315519655069352
6.09000987134543
5.632963059692214
5.41644459902002
4.035123994064262
0.156597715409347
1.887634824822733
1.0014639899836124
0.0
0.0
0.3678194426209416
2.6391317960643796
2.9944573581413483
3.430884906928664
3.622184369558405
0.7384321195159227
0.0
0.5979058213737833
3.269071093397466
5.000163549239506
5.998971121874786
6.617484735784765
7.188033025134315
7.48816700321985
8.101556998730079
8.325130811935038
8.641341815961606
8.784062300257798
9.247506295998946
9.520756168462336
9.966709940804117
10.152304789820613
10.394239351038653
10.676528751083366
11.163948892814387
11.03977340340344
11.235697895990464
11.709734117278524
11.909908925193553
12.303027365912822
12.493098917384698
12.766942581601718
13.039510885872577
13.065824376485896
13.213764429730013
13.304973299388958
13.539741317674165
13.380652576027316
13.282128668154623
13.084187585045578
12.81806740232175
12.692277728702669
11.923102290585327
12.634446279245962
13.056330844460286
13.181268598037125
13.000929428915164
12.681209290338602
13.2013924299732
13.136390011997078
12.909669445459539
12.655695270292652
12.632289786138987
12.098008848757866
9.849842749827573
10.929911255515822
11.221215729699557
11.531503086574633
11.91544498972071
11.987804574545125
12.044454074005918
12.027152605220815
11.862367719366398
11.800416507829329
6.322212596131031
6.36217552788528
6.335739178181934
6.24725995695803
6.176708048396131
5.987639532688607
5.829786994180595
5.571015893418452
5.0990750720651175
5.212264006165281
2.137068362417176
0.9845899155359717
1.8958562419053482
0.0313195430818694
0.0
0.0
0.0
0.3911239113413198
2.206868398635106
3.0055316327734647
3.034005125409001
0.1252781723274776
0.0
0.0
0.426039345877662
1.754705850545887
4.873022569406611
6.759244036591544
6.996398004384285
7.193935402965935
7.807600890737
8.142667580770489
8.270496465077374
8.460550220744942
9.151034309068594
9.289951948495352
9.55399878455299
9.965772278748222
10.142224230062295
10.491495168610573
10.817873580709685
10.92791126123217
11.09238814633502
11.302819093264514
11.513660341358719
11.801777143802768
12.035151049240524
12.290566386195104
12.385883871429806
12.774317795677904
12.713179535748854
12.640594414402894
12.663461473675163
12.843615449149596
12.574249751198131
12.271709093820082
11.538528113334118
10.555650252560353
6.123929481422817
3.7728318789540576
5.159024947248006
5.070743485066259
5.734815670394549
9.085246640662747
12.100804356334734
12.177982826758406
12.227792682040898
11.966137166494804
12.027285387456827
11.42958900117975
9.679560734313178
10.619457097319756
10.743127978110468
10.956434670555359
11.119820195357203
11.401742103816995
11.445539150306137
11.477463553922497
11.331257984806706
11.355415754509524
6.1156926027882905
6.281676332320012
6.327236324372618
6.21219828390647
6.173655092281481
6.065144040996426
5.637835549784557
5.3993831692724825
5.131084085326266
4.034135665411413
1.9502155980229223
1.6080883931288525
2.4703698532926834
1.315885667807052
0.0
0.0
0.0
1.00222537861982
2.380959416764389
2.9478896892448163
1.1370344140348867
0.0
0.0
0.0
0.0
1.9701150412964987
5.29689959487795
6.327483700782207
6.773979510048475
6.988890498894987
7.526961724443068
7.832839869807205
8.104322362847206
8.240339125027651
8.76820267961303
9.140569407275892
9.235011985648184
9.584012127689945
9.76669170711912
10.172208892512812
10.338041950693043
10.51947719184242
10.623555374676359
10.79948594841687
11.077479180031519
11.249388336920468
11.454971966862121
11.74710893668197
11.911964343718653
12.023522014769831
12.12039805834474
12.18295824017778
12.203650916096274
12.035958961156098
11.890788566499841
11.232491674421457
8.344364706928914
7.2228101308542305
1.6161613694324468
0.0
2.0398588003910176
6.489991440804948
10.973908248514554
11.053065790061577
10.908586410861272
10.684505414957322
8.931233477224879
11.1856794787339
11.28837283586087
10.270639846031067
7.245355389060883
9.882913010234526
10.13497542153417
10.32495457714108
10.583438773704163
10.904326843586315
10.631794230684026
10.85065892995607
10.868880365181276
10.934788445525896
5.956207379146541
6.19149969442902
6.102901514448419
6.102901514448419
6.134311926819639
5.953342116083323
5.644427297036194
4.879837264085474
4.307824548667301
3.8763402712094237
3.848013699682508
3.3378321062240524
3.760398753099455
4.135900704255451
1.0242706035918565
0.0
0.0
0.0
0.156597715409347
0.6103607129144054
0.0
0.0
0.0
0.0
0.7778080055035084
3.723410051449421
5.034562122275025
6.112748689093238
6.6613437387816585
6.863025835771029
7.226347957823943
7.542096488281858
7.809981094871223
8.002507289850579
8.157149728108802
8.710384806310222
8.741411370539586
9.156565948197377
9.651563384706321
9.737679806952672
10.10216674446657
10.19858570832993
10.444875249536091
10.43373753583573
10.663155076449792
10.755671202315913
11.01427996710926
11.17869921005669
11.278346401041139
11.539587767951158
11.468394635194766
11.746721316428609
11.506386077202107
11.436143129418454
11.007792491979005
10.113858813819837
4.965563362010296
0.6810148734396354
0.1252781723274776
0.4071540600643022
1.2403887345504903
4.450776891049301
10.33260051198896
10.052524069680782
9.337940416662718
7.051150005829132
3.791900985110148
2.3014040101374142
2.649239348119063
3.694249269133124
2.0260351825035627
7.7392053976205135
9.605339055201949
9.64649676599912
9.891922037052138
10.13129095642414
9.978129424221576
10.422585221424452
10.417184144860558
10.384643756339166
6.102544638178326
6.268087970629708
6.061316362997966
6.010032307495068
5.996646425371708
5.961354348350334
5.325872667838615
4.978204209890169
4.474784164621361
4.315139448561968
3.815770126260041
3.306281258695579
4.021707016918763
4.2066100092251695
3.2427492019308284
0.4107912200630001
0.0
0.0
0.0
0.0
0.0
0.156597715409347
0.4384736031461716
0.4188062944244913
2.095599895577696
3.607364851444716
4.949576030405864
5.955355210441181
6.561339052088118
6.774765697787511
7.279035924462879
7.364100680279844
7.601219661142048
7.813812108448474
8.138800115736773
8.531361810037357
8.642215186838024
8.75175989805922
9.187604245364293
9.427029290928994
9.399436283113054
9.617995710412687
10.1103959414513
10.566487305497922
10.432876602697034
10.399512130459717
10.548837796873958
10.603450119058659
10.819862079447264
10.909453609351283
11.033415598220282
11.094587997868691
10.827240782860246
10.943245761899135
10.187816870079116
9.387121942899551
7.033808758022792
1.5659981571528199
0.0
0.0626390861637388
0.5691335330939092
6.588761481362532
9.136723088518012
8.382584192832029
4.323914328739724
2.1032743168367416
1.528402593050437
0.313195430818694
0.8519173279626374
4.920160915546528
3.958143757075441
2.6527630901815984
8.963498665399335
9.2789753335418
9.42460423815399
9.72677355420413
9.583004178086941
9.948934850058999
9.994401045479654
10.182692111360607
6.150703771933761
5.9376422823385395
6.4187470399844555
5.983930813446843
5.963051765017421
5.632050796434768
5.524988812777571
4.932491587466866
4.48372796274459
3.9196037144589293
3.656407078200757
3.1661447321827003
4.360973123020285
4.530392785272188
2.2517731778078005
0.0
0.0
0.0
0.0
0.0
0.0
0.0
0.313195430818694
2.4777112802840353
3.5543739042498332
4.1356391105548544
5.151449125339684
5.53583968938404
6.2949432556866745
6.767430779696538
7.02774175682906
7.195937680980483
7.454911414086554
7.393264004074212
7.778428189624567
8.129929231879018
8.21556427221843
8.415479614046191
8.705488540007341
8.929291453123732
9.069857733004763
9.277639780761943
9.505599679892082
9.948173355366722
9.920239841666179
10.092627357338682
10.347645193393435
10.357016507236137
10.277079219843575
10.61125564565091
10.5656228596418
10.58858979373955
10.553474875511963
10.387031459647385
9.78503903727
9.218727644928567
7.246556360224174
3.2820691250091087
0.4304585287846804
0.7271259557682574
4.607196812657865
7.610971708504384
6.464216098825833
6.873236717584118
4.194349513120118
0.5397065523891755
0.313195430818694
0.0
0.6589715936927851
3.360253957028578
4.129571785902599
1.7889453881152113
8.62465939639394
8.87627873527423
8.844569019021396
9.361971364779322
9.394227245580161
9.332951050931747
9.498582806729887
9.862995321468317
6.280605703509733
5.970977284008585
6.099441457601709
6.000236185856772
5.9741346918085485
5.8528717803563985
5.5942883011201054
5.4037307230156815
5.273823906110367
4.408076906297747
3.923575121159554
3.358980770742288
4.21994530422442
4.002626762934436
1.5639606962306503
0.0
0.0
0.0
0.0
0.0
0.0
0.0
0.8456276632104732
2.5243614862690182
3.612157421919419
4.18641996090871
4.40956771675936
5.404489600654028
6.5205181570839414
6.43158133122189
6.864651068967607
7.122588924512504
7.106376741050784
7.2137521115152765
7.340120175031616
7.825447927346688
8.110910847838351
7.989859198246731
8.385177868432054
8.530476274103039
8.733540436039279
8.829023764479501
9.090160093928105
9.373558601879283
9.696523582382609
9.776672659442616
9.948813645546494
9.97849715830271
10.071970652675597
10.166152391516006
10.130789004565502
10.41939972899786
10.182241338777956
9.967463194409158
9.545408915267531
8.837415993260876
7.5419906030999595
4.651576762906952
3.5765224535140683
3.9189653933700157
6.016436763498182
6.509166535938116
2.7043075658787896
1.486567164842652
1.6468020402506969
1.346740352520383
0.1879172584912164
0.8090262735938729
6.368749842514122
8.779163313481876
6.548649576096091
5.152344055751597
6.184922718214802
8.455910133408407
8.500826671105234
8.782989567064432
8.872002320912252
8.916923326783266
9.277488594456848
9.371681974499179
6.045832705595733
6.356628971493015
6.24104285092314
6.1845470946831
5.981501978614278
5.808183448329328
5.683052650075213
5.146525493793731
4.593297807319006
4.679993400699456
4.542446310378193
3.481511151861682
3.9919792699000327
4.328423820035117
1.1876587354755312
0.0
0.0
0.0
0.0
0.0
0.0
0.0
0.4384736031461716
1.3219543750718141
1.7385361268631425
3.7805008432250147
4.318007071474721
5.535161367415798
5.957959023036976
6.31559162070216
6.573578549542065
6.912553367417259
6.713928296212991
6.742322280155917
7.19404490282644
7.46020302724454
7.721696090150631
7.705004104413011
8.10110773552378
8.395066528730638
8.343877749347882
8.68150621798659
8.775962352786305
8.972166895895066
8.960722849533703
9.191098240442006
9.304386512266591
9.432284205087788
9.625570279300486
9.790980114094753
10.023144510091091
9.979061106098689
9.727660299294627
9.578338760128164
9.086868819983085
8.536715511919805
7.29563527979622
5.563070612808076
3.683010749833693
4.749595059021224
5.63770277125074
2.8964963638332106
1.3154208094385136
1.5972966971753377
0.7516690339648652
2.0044507572396393
1.6519207089775851
4.660127095533522
7.960585702360818
7.665993743915928
7.161340809639728
7.786585548853544
7.8308290605256445
8.175551232620508
8.028502308371174
8.239877942072665
8.306256879658669
8.779135325194648
8.835526618013109
8.930080841355586
6.1209260446962785
6.157515671752138
6.308686014080127
5.908318648957004
5.761675655108737
5.953915168695965
5.5894218226662495
5.61733104325052
5.031151315777377
4.793804442300533
4.214746532435625
3.013055611948703
4.1611281312758726
4.599707702414087
1.5215875127887764
0.0
0.0
0.0
0.0
0.0
0.0
0.0
0.0
0.33649989953907217
2.636299572786989
3.3749562083121187
4.008518206628728
4.944786463559889
5.9800166627441875
6.404193311464961
6.323142525013768
6.532970320098238
6.541786567835959
6.595899638159844
6.682305777169672
7.084626445018937
7.236521429394387
7.362471599007612
7.623395425559504
7.617710172641774
7.875134250455944
7.984940791067338
8.236389591655284
8.095789220953385
8.06255238645622
8.193161388394563
8.608347356614773
8.76634567113384
8.880533008759693
9.27936748268386
9.618059565985195
9.586960560245558
9.40648844673992
9.258670427644583
8.876965009844675
8.220721427725067
6.8493797976816015
4.6915873867901325
4.464689140463132
4.619289501748484
2.9077036768733757
0.5011126893099104
1.90247705363254
0.7516690339648652
1.5615992397306753
0.4071540600643022
2.12097310084153
3.8642206630792653
8.390792075218602
6.729173981559464
6.644899425752789
7.568632151974169
7.4990811193777684
7.726087818051339
7.93354879456557
8.10708998310145
8.00704352655293
8.330027390619023
8.455910133408404
8.630373907292613
5.932549540358094
6.295657008226862
5.9989386358222845
6.01720108358354
5.9192933618730885
5.540190268317346
5.65662089848066
5.345373560858088
4.8139562690574635
4.802721190054169
4.197559507469948
3.4973305547213696
4.125881534502624
4.319729971368702
2.151218342511976
0.0
0.0
0.0
0.0
0.0
0.0
0.0
0.0
1.0568493904220675
0.8485240688450758
2.5765752469890906
3.690744553009029
4.845807165276352
5.504583503381019
6.306427522576988
6.0952569033331585
6.217986548038458
6.0188337687172755
6.439182739439589
6.453520291616531
6.620760761290875
6.639761654657111
6.992426373207254
7.415470162509726
7.473481169586803
7.697685253848451
7.5223739569304735
7.616924516622363
7.239657272765181
7.051698308462731
6.130891434873673
6.882472264687023
7.78025233661231
8.495609385121632
8.805400703342634
9.17784775901855
9.184320256811265
9.106661062618446
8.944894894802154
8.320668295867764
7.607027916635417
6.537223737177017
4.299238444179696
1.371519341422634
2.173637107983331
1.4282853587695938
1.8791725849121619
1.2877384263553422
0.0
1.3154208094385136
0.5127649236700995
2.159566963920795
2.8399861423632378
8.120204503303263
6.740607048749255
6.231213432936561
7.009839757726522
7.233041426300997
7.3754853392193995
7.669313020699504
7.725198739082012
7.94598209192141
8.158044927480624
8.371192120936227
8.37155775476072
5.927910892233594
6.051379541432127
5.915768332921375
6.09549482084655
6.120688127182882
5.709721329407342
5.741231013429407
5.570873401707724
4.986316370059949
4.675839151313671
4.18864257131023
3.840060019157214
3.5875967281461847
4.080875986376331
3.4031121347361113
0.3758345169824328
0.0
0.0
0.0
0.0
0.0
0.0
0.0
0.0
0.0
0.8798436119269453
3.347151867399843
4.518788235553706
5.5646334343501564
5.928538172069586
5.964338570170252
5.955785771343098
4.908115109531041
3.607352733340628
3.230676097686067
5.623136929561499
6.258569804973365
6.583065346922409
6.6753496666415515
7.256794000347388
6.985122845305233
6.839859367535053
6.633977180751448
6.451779113163629
5.943783073398553
1.4854462869904324
3.98967238161804
7.07223266888312
8.148437797740586
8.550319042738714
8.735964222268867
8.906589017028242
8.852956779628581
8.400506107553916
7.647320033011918
6.894184992184124
5.641885656291737
3.8370012157005386
2.8920478551700883
1.1957357126533603
0.0
2.0044507572396393
1.5149903022899187
0.3445149739005634
0.4384736031461716
0.3758345169824328
1.262869911818323
2.2876789424704262
8.102264135546669
6.699182390731549
7.023209846793032
7.047581411745218
7.071275273744816
7.212730248840097
7.175665110027481
7.818023378811281
7.639492360263577
7.899042378293156
7.967112509093778
8.226178954523023
5.871657129052504
5.97136664633118
5.857456201257551
6.048157402098814
5.765117056554337
5.396897325657568
5.710918576086243
5.165873061773736
4.838887140030019
4.756141395446811
4.314160198088083
3.667903277850802
3.3342016289084007
4.019326590953062
3.042542863676469
0.3364998995390722
0.0
0.0
0.0
0.0
0.0
0.0
0.0
0.0
0.0
0.0
0.921950829372233
2.9808310849462014
5.183352860190968
5.3693675245216035
5.7114435730150115
5.131528175940113
3.283665405078654
1.0311575844325032
0.3911032770692073
2.878248130727865
4.595702680041999
5.794112411941179
6.2595716994889115
6.47312327977478
6.411909888213033
6.438775359263406
5.9999069180862605
4.826102374701018
1.0788835050541232
0.0
0.0
1.7707099736221288
6.788418769040651
8.37011524682136
8.40137526559028
8.622607043606669
8.500686036695274
8.085485977996619
7.184072500774049
6.1612348564314345
2.906933774574927
2.123798335572601
2.161578175286516
0.9111631550088147
0.0
1.5033380679297297
1.2841012663566442
0.3758345169824328
0.3445149739005634
0.2505563446549552
0.9745429955366485
3.4301301887316984
7.897031569011595
6.407075120352296
6.658831969721822
6.900348580812551
6.936797569547294
7.1161591529172625
7.256903500207893
7.245666947636741
7.4817729973045894
7.645296749771303
7.785169790605532
7.934153222917185
5.947661814418844
5.933919056025391
6.0804869984711125
5.751828392016831
5.984486200434196
5.827256866216623
5.594982347903741
5.266225558895798
5.0994947996382916
4.55352058501031
4.428291317654883
3.69386514711585
3.4736454295272887
3.6403345672844676
1.424189026798839
0.0
0.0
0.0
0.0
0.0
0.0
0.09395862924560819
0.0
0.0
0.0
0.0
1.4321585824055718
3.486720349117947
4.993736340688369
5.4753778389803625
5.433843828983521
4.147731258763767
0.29714464782359906
0.0
0.0
0.3758345169824328
1.8212935057708672
4.682638124524989
5.1986859831669925
5.17379670053463
5.6292010890691895
5.8171048580840505
5.365312143466377
0.8682714821826936
0.0
0.0
0.0
0.0
3.7798368669911984
7.8400845859774355
8.293985712888876
8.079457252750355
8.041360291025663
7.671158121423142
6.526728817723008
4.326819848476473
0.5710054611989324
0.27386081337533336
1.47053701611967
0.7939000570428284
0.5950713185555184
0.0626390861637388
0.2818758877368246
0.1879172584912164
0.4071540600643022
0.0
0.7633212683250543
6.035209581359853
7.430667211956518
6.141206537152483
6.6617258670047965
6.687852333561938
6.761993723164775
6.9291024545259425
7.023808732159931
7.2448819476442115
7.267387568641515
7.495692699684235
7.906294286072725
7.807126342299227
5.911638005876169
5.904826106057793
5.933122592970737
6.068247221573039
5.915391999242805
5.933749872806729
5.6245468852470495
5.51174045636493
5.236782966757562
4.643161991799178
4.442104317777951
2.3051240715154737
0.9147177779190623
1.825037007203218
1.8069956471145163
0.1879172584912164
0.0
0.0
1.0821650705081656
1.5831859546424314
2.4885146482857396
3.2574223851588724
2.5095832081880376
0.0626390861637388
0.0
0.6489133074494455
3.9369578584059357
4.599260257803207
5.27112752378426
5.245290491459843
4.2686890668650275
0.37749246607244163
0.0
0.0
0.0
0.0
1.90235043397528
3.968190462811216
3.8334443481727694
3.8338662731906976
3.8039785383608846
4.40174861237959
4.401668441039141
2.4272860813898123
0.37947167698113066
0.0
0.0
0.156597715409347
1.2233674525720637
4.855168603608171
7.979378430220585
8.038882281623843
8.008230639114169
7.59407182783324
4.283652694411019
0.883398234837193
0.9701650811738555
0.0
0.0
0.7786106626839413
0.2192368015730858
0.5011126893099104
0.2505563446549552
0.0
0.1252781723274776
0.3445149739005634
1.769526754904552
7.566091673908051
7.255857630419162
5.640036409978016
6.419460792524641
6.732597565262177
6.808148509000868
6.755181823346397
6.907269980491434
7.1889776747937
7.326505306875685
7.4613411856817935
7.529170848357435
7.558334172151809
5.858446224692372
5.752974497242118
5.911183912020222
5.9902886194092755
6.017774136196182
6.016509072214197
5.9282324372531034
5.724729151782784
5.08018923696194
4.853483052025188
4.290809499262744
3.3899317611359505
0.5346681412098604
1.744592624588057
1.9919063400642503
0.8412291145755675
0.5801211591944733
2.8402596564980187
3.669737462631728
3.4076217067525123
3.7127577018352307
3.711913851799375
3.567677480705788
1.0239245329793323
0.9133165267384451
3.8781383286736766
4.780512743518651
5.305340422428978
5.719714169979713
5.188043790145418
0.7728142151508862
1.5158363261123011
0.5629903868374411
0.0
0.0
0.7894602398636975
3.4479125079251345
3.1456681592863434
3.644640077674649
3.4386152288250273
1.3291048894365352
2.6467339848746967
3.476296656369052
2.8779556488115703
1.9845311282471672
0.27386081337533336
0.0
3.746493100195082
7.099692077308787
3.191720759659915
6.780931461605684
7.866077028751415
7.800944748475923
7.54002811353337
4.958545400315343
1.2869508765902204
0.0
0.0
0.0
0.5433024438436483
0.23450556165986025
0.2505563446549552
0.5011126893099104
0.09395862924560819
0.0
0.0
0.156597715409347
5.412219612602783
7.047797577821447
5.903694821259713
6.338193829730898
6.6730568973027236
6.493389516567127
6.686298568716341
7.045884686945367
6.931295182900461
7.076721789172771
7.453364998475672
7.424956999646754
7.534286009633652
5.910610859407579
6.034793261146297
6.05011447745014
5.907118316508368
5.739451990736768
5.682859016910874
5.764452653684578
5.520401306106683
5.346271905017054
4.710848500596681
4.513748737359449
3.716101654570986
2.5815583623463105
0.45737952323164394
1.2636725689987562
1.622999716418185
3.5006565207663227
4.260325400857342
4.188680981275844
4.103562656113718
4.182112752538532
4.65406160354126
2.911505540485396
0.571026095471045
4.134558962630074
5.008838608144929
5.644960041523969
5.755175357435579
5.865349474767865
3.029868539637276
2.527830755543085
3.8041385261719665
3.413058391536187
1.0740880933303365
0.8085289545851935
3.2053208824434054
3.45972136166441
2.9780557925203435
1.6613094117012637
1.122384882220409
0.1879172584912164
1.3168953296203865
2.9803901135083124
2.9013013860761725
2.971194157965193
2.5454457398095993
3.27179506566485
6.170961145270655
7.154900910990835
7.409573202709291
5.088257657986337
7.630388356598346
7.779563001245678
7.092525010212196
6.245845273861726
3.8466676786412006
0.1252781723274776
0.0
1.0512198348039339
4.415454371902072
4.162364937877906
1.6086896958840757
0.7095319141602702
0.5593532268387433
0.09395862924560819
0.0
0.6794728927384445
2.8436689521541756
3.4995963851553085
4.114174165615265
6.66979168946244
6.767167610230097
6.823682949753314
6.699183363859866
6.866398581581166
6.973845443648934
6.863025835771029
7.131376268146271
7.199035555850732
7.333498237914526
5.713162730852944
5.7002603428682965
6.000117227100074
5.788774895342785
5.862507744658675
5.83138719326183
5.713878275176314
5.397233450532632
5.311571292378324
4.923014637360777
4.4763716640773135
3.8117177239264617
3.39877673394423
3.3283679051434754
1.4220496066582748
2.762278897294755
4.345744599002381
4.408510492389774
4.805448744355183
4.470021666253514
5.016216582523962
4.153337805218634
2.198116296045206
4.064288601579907
5.415883726270094
5.4963129064163185
5.808721169691388
5.634183839325144
5.650405584228958
4.690296066729914
4.599497505293446
4.538728334413354
3.899889995965472
3.679534877938879
3.2852473603432606
3.4546847982886644
1.2628905460904358
0.1879172584912164
0.0
0.0
0.0
0.0
0.1252781723274776
0.27386081337533336
2.4127444801265723
3.8413100705071628
5.21165733341457
6.444056649907988
7.275929118111802
7.487504294916362
7.79804014008396
7.574007136042165
7.5640443844615755
7.275069336934334
6.725691958640147
6.0440163301719485
4.053699720171518
0.2688636707402432
4.973092421693988
5.793125474276095
5.891377284184265
5.471535351428971
5.350506381266025
5.114336878583936
3.7006692693829053
0.691171289380821
3.3197785141273073
4.571514373407594
2.485037455161098
2.099722828474609
5.252063546943148
6.54709520671483
6.3311440123991245
6.594634294733733
6.642317593462378
6.777405884500237
7.083643188851653
7.026758500661776
7.04947418989926
7.184061393957285
5.7482711175842685
5.928062337042795
6.137373908816932
6.106037181077536
5.8522987277437535
5.978416463662954
5.945632773434708
5.409897921003885
4.821893766337213
4.956590820485973
4.5420753088863695
3.8558794220169004
3.4822930990812
3.7217174408094302
3.697610390597421
4.22990492794462
4.001582240531425
4.412255518724208
4.751056621668485
4.824051293215697
4.72411852366681
4.158604137076088
4.788605583592988
5.391400641498969
5.87309130346898
5.997219477984351
6.034816794100326
5.7127321699510265
5.756700981430534
5.5594591856655216
5.1181637168431315
4.895870375687228
3.812526645275678
3.541185093959798
3.0060889582294235
1.5411200057413679
0.0
0.0
0.0
0.0
0.0
0.0
0.0
0.0
0.3911239113413198
2.9918876219162365
4.1916187326975045
5.840813838326108
7.155010410851339
7.5052829597711765
7.546058873706934
7.505190343109211
7.618843423726896
7.59470264454677
6.928923776474712
6.622026104716987
6.3818725022913085
3.236376913998588
2.716268168166795
6.363750754457596
6.338193829730898
6.080389780885259
6.153338351583043
6.2439278847506605
6.066052228708316
4.659390976897626
3.0967949354898585
2.6962318324883223
0.8501743909273184
5.2265053599721485
6.383566408176197
6.390616225507969
6.643200808665352
6.555172449959319
6.673583236235604
6.991825245263107
7.041092928103181
6.755181823346397
6.854575923199596
7.187014003287054
5.752740655274276
5.869846620957456
5.818790540093664
5.992851233425751
5.817410592900533
6.031300718247087
5.923474830371906
5.459460839117217
5.1504346784963815
5.289460644920959
4.183392875995333
3.8474563742265473
3.4652223817369348
3.293493739151358
3.177177738270593
3.926512872581215
4.171428684381044
4.242823182699617
4.601506929767323
4.820510177585648
5.260340638891595
5.343680792046544
4.940471090050265
5.727081456785443
5.849456997634563
5.7870557375048515
5.790073435153089
5.8203260076415475
5.857652920191624
5.692370155127716
5.070374473856267
4.90437790038951
3.871303707833678
3.255750408790995
2.315747284882452
0.1879172584912164
0.0
0.0
0.0
0.0
0.0
0.0
0.0
0.0
0.0
1.1717045168467548
4.87985893979723
5.727206430168402
7.047507677564694
7.455666739052005
7.444757994556008
7.442124899827935
7.646087840416729
7.6550315701500535
6.853843056942275
7.008126185039079
6.756359598204766
6.967333089242742
3.621399921654624
4.536072106347161
7.039618043852259
6.805931299596429
6.721078925432198
6.812558139619915
6.402210704716464
6.466999880543545
3.403138314232626
2.426873740743098
4.5340301177328755
6.127856903271354
6.350245913577538
6.602736789931267
6.322641438033933
6.554646111026439
6.607994924904048
6.722268708923921
6.967098346530255
6.92382852649631
6.9893821269786285
6.937834454356205
5.688786261971389
5.588655136889266
5.750967270212995
5.99721947798435
6.026543111365888
5.941199556771102
5.711586064725738
5.639554707622489
5.2076656661656475
5.092141188299931
4.462294366094411
4.0515701643755255
3.238597154358281
1.9198601964455968
3.0216456288968105
3.5826530335296196
3.9339883884409783
4.5200605136237195
4.674488899347959
4.407321044795244
5.073444203412569
5.049453264939166
5.659343669833155
5.8164020133859635
6.008788984683926
6.118586841121813
5.886142050493093
5.8927377739689195
5.695432137125012
5.466297261665439
5.223827401905009
4.862843890392669
4.3792046703889715
2.054224164409309
0.156597715409347
0.0
0.0
0.0
0.0
0.0
0.0
0.0
0.0
0.0
0.0
0.0
3.679845507748022
6.162799338122091
7.0243467725662505
7.335956378332738
7.277522433704055
7.460022701272742
7.558861565915423
7.380265272253842
7.10805560288899
6.960114386728924
7.0201656005644075
7.33418203152002
6.893699809496305
5.566871670937838
7.203842336826647
7.134817664731764
6.972263302114754
6.579889362380608
6.451779113163629
6.370706864985716
6.077791825633953
4.006566667164402
4.183652480434023
5.075052041514683
6.128884049739943
6.377756682317489
6.3300481316358
6.816106793488659
6.807146335041196
6.655678223632694
6.701833009468787
6.534116704767651
6.722650837147059
7.071275273744816
5.6707264004729465
5.722725010523396
5.850579569905822
5.687209595844185
5.880022162044057
5.865014339668617
5.851152622518465
5.571141709279702
5.352783036018958
4.833565118761458
4.050300908042772
3.042763233675463
1.752412903856494
1.4771095707563193
3.182318274338672
3.69180468694968
3.669017928762721
4.131351107167482
4.359014622072509
3.9746620907048253
4.784887694546898
4.797958691686319
5.392040391262866
5.622017747058895
5.701647451376716
5.829094982811252
5.994808308777077
5.687572339443014
6.0307276656344415
5.652178969290237
5.35620277080707
4.662978351294894
3.9391554416864767
0.399138985702811
0.0
0.0
0.0
0.0
0.0
0.0
0.0
0.0
0.0
0.0
0.0
0.0
0.8104475405892463
5.54423864616866
6.735654591047282
7.218671233179611
7.519404136388724
7.557614612866336
7.445549085201445
7.361183836630055
7.19593159032758
6.976030955704506
6.943227341142535
7.398817816542111
7.077705045340055
6.948946484933124
6.996576155020143
6.834631851828103
6.566843458379704
5.626714658404259
4.903935074524007
4.3900215974977135
4.104502688472462
2.9545476679460467
2.8453558716607406
4.005983175242189
5.000793145126397
6.282833182426959
6.4659039997802195
6.466617752320406
6.748369923528019
6.528162768199203
6.571345743005521
6.854303294836962
7.092531100865101
6.906123595822019
5.379623681857936
5.2948070292302
5.543201108861031
5.4969803950558145
5.783044369216343
5.628181919856988
5.693997962708534
5.256283859777034
4.804469493881296
3.7095334258336736
3.509328350713943
1.933727705351754
1.5646904404583328
3.762608683785806
4.123617303992147
4.786846195494676
4.508006988517715
4.86284389039267
4.694640726104891
4.2684043853592755
4.416780769601819
4.3828286446883915
4.5915112819323465
4.830529915177099
5.415881029886907
5.593914893310287
5.587794015085433
5.690129086130753
5.721575819528371
5.701593224153368
5.53249272396529
4.541717009361118
2.7918439269202984
0.0
0.0
0.0
0.0
0.0
0.0
0.0
0.0
0.0
0.0
0.0
0.0
0.0
0.0
4.663821742943553
6.703361522361338
7.212768855347993
7.24639259757512
7.557578847186358
7.531544120293733
7.152404164064726
7.020165600564406
6.659467808515206
6.469167525173979
6.605369205345764
5.790033928996703
5.250584149478417
4.797682332488404
4.565198923786093
4.587907273046253
5.469126899627235
5.953895431539524
6.5394663694775845
7.053901683479955
6.439016205954137
4.494038425293487
2.5854755156194646
3.0325645291765317
4.869762898326068
5.820824557952082
6.298795906194053
6.30963768413371
6.580534660070185
6.747605667081744
6.580628366873839
6.723032965370197
6.742203321399219
4.926466881189387
5.2793205902689655
5.411762656322279
5.268805838537564
5.37538920560897
5.517915462491768
5.828783380666034
4.720095914554474
4.1216270845010765
3.2683934884304304
1.2905522949014945
2.2334519001334465
4.084858260201001
4.811343480375203
4.899045374599128
5.00531428345296
5.160106949891327
5.423423513278973
5.413223219765143
5.175384199990577
5.017625723502292
5.658261405686763
5.68533134323022
5.797425912405884
5.480973101404334
5.14546130355615
4.9781761422076425
4.678687841366315
4.75302977693728
4.608012112214154
4.438982957914961
3.5028511245627922
0.7392347766963556
0.0626390861637388
0.0
0.0
0.0
0.0
0.0
0.0
0.0
0.0
0.0
0.0
0.0
0.0
0.0
2.449402673612619
6.158360407512905
6.178838151956712
5.951780382459352
5.748948086769898
5.637437887313575
5.416678569086709
4.830688163783165
4.897406888733843
4.853376234482887
5.330476893181514
6.1151193429362465
6.400189914666125
6.986894075208734
6.99084015307564
7.041373480698907
7.341180006207347
7.274536899522229
7.012370444578744
7.058525230414839
7.209783321166166
7.079057645710507
5.489557210817559
3.2697617120803684
2.8732081653543253
4.039414680051129
5.587628736565383
6.206150640534367
6.5758460669278485
6.330787136129031
6.406312827914676
6.694256853204133
6.720740196031369
4.773939356723468
4.703969384238796
5.299719827447407
5.353213596920875
5.296650097891105
5.109939149576592
4.554938796234062
3.724946627379266
2.8912495254430253
1.6802955893343094
3.131728463070404
4.2009286757327695
5.31123819269337
5.399533469121841
5.35161526413618
5.509942418197788
5.531682743615067
5.473465047978095
5.389156486732268
5.471793945824038
5.304843164375809
5.703583775333015
5.996073372759064
6.162846331245981
6.1228613788767605
6.003004231334138
6.0583104000072
5.748868692926756
5.752974497242118
5.764357227881909
4.8298054989337
0.8428870636655763
0.5324322323917797
0.5324322323917797
0.0
0.5637517754736491
1.1500466310314679
0.7902628970441306
0.0
0.0
0.0
0.0
0.0
0.5011126893099104
0.156597715409347
0.1879172584912164
1.1179450650412786
1.913836753534957
5.200757165146981
6.672418084599437
7.165226864027868
7.427116313319042
7.634179715943824
7.377486224875422
7.334341272189812
7.296654301643485
7.193971168645918
7.541310832262446
7.74670642353406
7.657235259438405
7.816903923519977
7.672147526701382
7.6619887355089205
7.825418310777673
7.673533668380367
7.657197218737493
7.3629424698026895
7.564536012545212
7.886484811386627
7.687766736250753
6.23481783936805
3.4012983740591682
2.434241800661481
3.8026192082162105
4.826498897162549
6.245183922850004
6.3504838310909335
6.363368626234458
6.446946309311548
6.405718034131188
4.223862306119969
4.373026648126292
4.596792394312464
4.9091403987573585
4.856941337179752
4.6079779796261295
3.6949385294835446
2.4412088861180665
1.8759619561904313
3.9132654658598662
4.91249173962955
5.682859016910874
5.481305084040878
5.626554112276171
5.453439158029849
5.818437739369124
5.57971705128507
5.690077944677141
5.577187913096913
5.953915168695965
5.785449754753326
6.191002118231385
6.299106068784384
6.490502232888936
6.288726149651786
6.445756721744572
6.164803406597307
6.08880187978487
6.028294755256322
6.150130719321116
5.3412075176809
3.883848246805928
0.399138985702811
1.103458327862824
0.5324322323917797
1.7691561841251418
2.936299357700963
2.854795619995978
2.75532151166267
1.3829468783304621
1.6487926173443042
1.7536214580417817
2.1797846095521174
1.9555782881623722
0.0
1.1114734022243151
2.8362746065947446
3.1084137952649455
2.771916235801263
7.809294023639966
8.005583664238861
8.22505728124813
8.158200670254478
8.163038151264434
7.831092757407458
7.682042621012044
7.663111180306097
7.840455879204167
7.864776430145718
8.208819998253555
8.280903558668316
8.249103168745357
8.211101756151159
8.109562746860277
8.278893605436524
8.17988510825362
8.117416682125675
8.132901497540914
8.153009188875208
8.064650139072494
8.016614369008979
7.046923287742441
4.508893207056483
2.980885536147931
3.3161438847581213
4.552255934565617
5.842033702696576
6.34750284060909
6.748586379314696
6.310827271700688
4.005717284934404
4.067707810358408
4.621818030118794
4.582046182467935
3.6550834170629254
3.63742707582465
1.6925464176946825
2.2252147137237426
4.075657432801815
5.163588261020977
5.984503866059487
5.684537965945303
5.669909563018168
5.886379968006487
5.981638602996267
5.784526599316696
5.679326265208159
5.90024168515664
5.69758185586486
5.992007777247207
6.232490052095986
6.275459226285124
6.233636157321272
6.301037892182666
6.302587866801937
6.553881854580164
6.260025793344856
6.595542761889751
6.481005808403438
6.087201680703638
5.216344149116113
3.984009865670905
2.693542044861876
0.32042848227186466
0.0
3.0367176703981595
3.1683533997344244
3.659058305042522
3.6667729032350502
3.074165313845781
3.1090601141100107
3.4826258027735992
3.5905187558640126
3.0245221378598806
0.48506190631481544
1.095443253501333
0.8287742230349453
1.3974339922143917
5.561567371706965
7.572263377684597
8.083728716756521
8.334945797798422
8.38653945020197
8.330532184364952
8.096537796777204
8.203437511013055
8.22055110819005
8.246018817300426
8.356289550527631
8.410948669186698
8.606622480805077
8.411387977446399
8.255790146172991
8.26333176804221
8.460124347077201
8.52691710890885
8.523978790600381
8.506608785723543
8.449469156042259
8.340851963974258
8.446686185021935
8.305334559948573
7.416388758221588
5.350231212667444
3.098385619614394
2.713152391401047
3.7351735706965568
5.214227662573472
6.22932572355239
6.199695616986084
3.408179032208471
3.8191615212429273
3.980212269373922
3.4376359783511403
2.6334031671523888
1.8543659731914806
2.781063010928725
4.210215020429958
5.794521306185608
5.973012119537289
5.959126869433109
5.64705861881021
5.665155041906709
6.1830658543585635
5.918742050431289
5.8539531540483365
5.995597537732272
5.856227698873619
5.942565913884493
6.052428429071561
6.273458668592106
6.158957153052245
6.437034180810503
6.562986523737369
6.525739037273153
6.350339620381191
6.261478550378275
6.419341833767944
6.33031130110224
5.6297437764312575
4.878421740190641
4.447873116989282
4.262960632859642
3.672273923307576
1.8009092470302954
4.503916392818494
5.026017815917705
5.0172408634916135
4.953804323658604
4.832378687302771
4.8751140746380965
4.897919608020008
5.00937594734119
4.139345726923676
1.071377396144747
1.9155981299401972
2.895126379697237
5.905140490710893
7.23901649130872
7.986999018367876
8.215747089130677
8.395966973745448
8.656312615879017
8.801293832323552
8.657153225288456
8.75618592278842
8.568659675761017
8.600396677580278
8.580027249255545
8.446167552446171
8.691019785977643
8.6130541989716
8.606383437606242
8.65801439365925
8.621466285858961
8.819186950120715
8.831178111131093
8.91055078465011
8.84181821910524
8.867573153626445
8.87351307987356
8.80480428182195
8.430429817554527
7.610370798983837
6.253489836852664
4.051988332050606
3.280685585335026
3.7867825473824315
4.274463391913693
5.615040568720467
2.7965963510113725
3.3703737990317717
3.4535495131046345
2.4354596229339633
2.1828095298248353
3.1277615392779277
4.851535384406158
5.4578269593182895
5.923923056899115
5.937404364825144
5.865014339668617
5.866733497506549
6.086747586847691
6.171258430145594
6.032446823472374
6.152909509680141
5.995262402633024
6.170901553875499
6.013859985493529
6.473599114801572
6.312823295780667
6.32173676110424
6.44523038281169
6.316687501465483
6.357915776645845
6.397283914616605
6.452135989433722
6.233755116077971
6.3389967554616975
6.176351172126038
5.896652826000304
5.583644587389906
5.0363785541036314
4.505112833313422
4.423167931836254
5.770952951357737
5.88743472297466
6.107834099092845
6.145398929156316
6.315162778799257
6.274983391258332
6.2027625493204654
6.158008118989325
4.466291558470033
3.879429034606762
4.040600424124535
5.018700817116629
6.3713823708405295
7.333364092933121
8.275685003150652
8.37378531818166
8.470987331780272
8.86308517444189
8.848320459610873
8.876942868968163
8.874681028308366
8.887641808850692
8.955467935374914
8.859508327005889
8.73435794741925
8.81338427654106
8.923986587321416
9.112329601395311
9.069157553050811
9.274355792208922
9.054954471280292
9.034499689823862
9.017729281555523
9.307245824911094
9.180034328527817
8.954206735388441
8.88731353736431
8.762992691979115
8.436542302909954
8.085589297709308
6.999910635533436
4.515371654747206
3.073030028661751
2.901177580443497
3.519885305299697
2.887729564082757
2.749987413570616
2.3773222567656926
2.0298696086862997
3.5173232997834614
4.34857564679205
5.057376903700061
5.39340786852809
5.363870840363003
5.865014339668616
5.723586132327232
5.794702140403299
6.074605027535472
6.233279281051181
6.198408811833252
6.240210139626257
6.2521867470578885
6.370681613032672
6.301517237991658
5.952769063470677
6.588085564381795
6.370443695519276
6.389733010304996
6.731373378081126
6.5796261929141675
6.417337485848601
6.610331752753144
6.799425968066801
6.642317593462377
6.424221630743912
6.459712145698376
6.480292055863251
6.534116704767651
6.277095142756934
6.253282627821213
6.130505989992024
6.126950507342646
6.3705626542759735
6.10278255569172
6.275459226285124
6.683307951129343
6.509816520183574
6.626473459685644
6.249345016948696
6.0668148728514435
6.478050931362444
7.099929106493899
7.500839752550403
7.986365926633407
8.474857740119983
8.595617430322312
8.793387401455742
8.966278224411868
9.219475262415068
8.957330088544008
9.043475023430755
9.097137969590685
9.09794854859804
9.024604043556687
9.169674791009161
9.173613081435724
9.172751600683831
9.311984556314474
9.28481500348249
9.271490168692091
9.366309091194463
9.452319955533975
9.354278738378806
9.456052751776356
9.305673359319703
9.022831130409378
9.102859670385442
9.123636103336743
8.867460847319064
8.784318791605253
8.290494444884182
6.925317732069919
4.988835542644487
3.2358105270784847
2.900785329164439
2.1981608270000623
1.5375540166462023
2.3685251594958787
3.0974078797498215
4.323028709644534
5.2323860680609
5.6716287208561
5.220771530867561
5.526186059456471
5.841498992590897
5.8516067163744125
5.827948877585965
5.9833577608342
6.315973748925297
6.076691806525156
6.054385504422888
6.0404048285160385
6.2670756106766285
6.287010223151927
6.295274880003723
6.520348694421154
6.4497589721874355
6.5068438535410955
6.615452122412004
6.481005808403437
6.6416722957728
6.688591338055169
6.795179465949885
6.853539038390686
6.771339323335749
6.6704484079388635
6.846508138851301
6.8344253245036635
6.425439981046134
6.438631148553663
6.653291747490213
6.683699427013509
6.620090211648253
6.39109206053476
6.713308250476457
6.720248567947728
6.945670459427016
7.084601963989016
7.027408881756524
7.399631162048005
7.44000315720995
7.702789545872614
7.81080323105555
8.05914605817761
8.554600253829987
8.698092539808624
8.9426241738775
9.155589043273435
9.174912587955555
9.121511162325028
9.488898128777207
9.37278413396105
9.335386218199599
9.333148397989717
9.343302123425262
9.489326324179277
9.554508902840972
9.473748146839455
9.542396627139409
9.578338760128167
9.540430726078732
9.431905317438362
9.428244329589054
9.606590900057078
9.374781275460956
9.25334342096576
9.24318969553021
8.95662990859006
8.825223017018352
8.719741885802499
8.819577772916432
7.899506011279009
7.185396028831585
5.374586955629416
3.949019749564588
1.2760861919951532
2.349536702321956
2.913036157524811
3.5665628297938694
4.475392413603426
4.751798624652132
5.326256848397553
5.641467498624761
5.5548619658177225
6.026456638661692
5.9902886194092755
5.921704531080364
5.987877450202002
6.199933534499476
6.144010830872081
6.350007996064142
6.226845998673741
6.772626905214532
6.477833614087962
6.328069035669501
6.379065228641164
6.438512189796966
6.513918922825914
6.889759568508228
6.790005578884562
6.960540684697493
6.970305721261011
6.891679668520111
6.87953075313428
6.774734307598557
7.023645603657799
7.0638622459822935
6.909659470134286
6.862261579324753
6.643200808665352
7.089089704279608
6.827437823786587
6.751426949313122
6.617243804770997
6.744001141994122
7.140036248957887
7.107887390981688
7.403401709964677
7.583503218931146
7.834123303021218
7.814855073537509
8.047153211250677
8.401068197837091
8.565367530647972
9.121277769007046
9.148091218957
9.12325123958669
9.133277165510432
9.509779553508789
9.606521264144122
9.463683695084486
9.69128419056335
9.67026927434631
9.733136319798453
9.851831260340877
9.528057247746704
9.550520595941776
9.5490205953642
9.74399100394744
9.870003281975027
9.566162628854103
9.713614047272966
9.646375561486611
9.44659323019413
9.545906746582554
9.29571698094212
9.123089938788741
9.085853323825239
8.995389593025513
8.806505102449218
8.435592551023474
8.198674846607512
7.753236628573335
7.128272302623117
5.73322675710682
2.4006267254860676
3.167775440006354
3.700282251711298
3.892764441772202
4.030822790603107
4.618444005276184
5.333855195612124
5.452723613706477
5.383896730311248
5.904592264089949
5.871826239486995
6.150941689447156
6.075178080148116
6.19878742927419
6.4454683003250866
6.44932067138834
6.412147805726428
6.4672377980569395
6.764865381995075
6.619733335378159
6.63438456092763
6.870207084256068
6.513536794602776
6.681779438236791
6.762375851387913
7.060873870972544
6.903884455124819
7.044901430778084
6.98393561155067
6.897727311892212
6.891789168380615
7.081990153964874
6.891898668241119
6.976303584067142
7.045541165230129
7.1568674233254015
7.049373621519579
7.118016165391325
7.056449218219769
6.952059381937106
7.284591939751342
7.3638369833980315
7.842471267236054
7.858274888489293
7.951440259688364
8.059573732982134
8.4303003210706
8.661487514405863
8.831097138346196
9.143895132608067
9.081498481652238
9.259067666734389
9.27424036803687
9.648090976435567
9.532045554645897
9.677902851970945
9.749039555341234
9.626207382441432
9.628723409708725
9.67577564913649
9.845774759344069
9.560425405719812
9.801434323787362
9.756474126111069
9.661966025799382
9.628787265281229
9.777113141817642
9.759878483607821
9.621669511627138
9.341276854713938
9.304291929913953
9.213161520446421
9.214195368044646
8.973196318065051
8.63115955994952
8.31135810375031
8.15463335355903
7.703359700478229
7.473744866468613
6.705926612902889
